-113649.274   120.780     0.00    3.31
-113281.679   121.632     2.32    4.16
-112914.001   124.989     9.13    7.45
-112546.241   128.520     9.60    9.22
-112178.397   132.411    10.58   10.32
-111810.471   132.723     0.85   10.93
-111442.463   131.639    -2.95   11.21
-111074.371   128.935    -7.35   10.05
-110706.196   125.100   -10.41    8.81
-110337.939   122.204    -7.86    7.61
-109969.598   119.236    -8.06    7.57
-109601.174   116.935    -6.25    7.60
-109232.668   115.945    -2.69    8.23
-108864.078   116.730     2.13    9.50
-108495.404   117.353     1.69   11.16
-108126.648   117.702     0.95   12.63
-107757.808   116.115    -4.30   12.77
-107388.884   112.190   -10.64   12.49
-107019.877   107.896   -11.64   10.21
-106650.787   103.906   -10.81    7.59
-106281.613   102.116    -4.85    5.76
-105912.355   101.223    -2.42    6.56
-105543.014    99.957    -3.43    8.49
-105173.589    96.262   -10.00    9.76
-104804.080    92.025   -11.46   10.15
-104434.487    86.983   -13.64    8.48
-104064.810    83.275   -10.03    5.93
-103695.049    80.877    -6.48    4.18
-103325.204    77.550    -8.99    5.72
-102955.275    72.250   -14.33    8.80
-102585.262    68.311   -10.65    8.28
-102215.165    67.546    -2.07    8.33
-101844.984    73.151    15.14   11.82
-101474.718    79.886    18.19   10.07
-101104.367    85.090    14.05    5.39
-100733.933    86.763     4.51    3.16
-100363.413    86.282    -1.30    3.76
 -99992.810    85.058    -3.30    5.18
 -99622.121    83.401    -4.47    5.93
 -99251.348    81.277    -5.73    6.08
 -98880.490    78.381    -7.81    4.80
 -98509.548    76.387    -5.38    2.74
 -98138.520    75.925    -1.24    2.10
 -97767.408    76.197     0.73    2.45
 -97396.211    76.439     0.65    3.36
 -97024.928    76.331    -0.29    4.31
 -96653.561    76.188    -0.39    4.31
 -96282.108    75.743    -1.20    3.33
 -95910.571    73.906    -4.94    3.81
 -95538.948    67.896   -16.17   10.96
 -95167.239    57.974   -26.69   15.38
 -94795.446    49.188   -23.63   13.25
 -94423.567    42.197   -18.80    6.15
 -94051.602    40.115    -5.60    0.90
 -93679.552    39.896    -0.59    0.00
 -93307.416    40.011     0.31    0.51
 -92935.195    42.836     7.59    6.93
 -92562.888    50.321    20.10   13.40
 -92190.495    60.175    26.46   15.93
 -91818.016    71.964    31.65   13.96
 -91445.452    82.178    27.41    9.53
 -91072.801    87.649    14.68    8.66
 -90700.065    88.781     3.04   10.30
 -90327.242    86.488    -6.15   12.77
 -89954.333    82.624   -10.36   12.86
 -89581.339    80.815    -4.85   13.95
 -89208.257    87.831    18.81   17.92
 -88835.090    96.540    23.34   15.37
 -88461.836   102.763    16.67    6.70
 -88088.496   100.683    -5.57    8.27
 -87715.069    93.319   -19.72   11.06
 -87341.556    86.069   -19.41   10.29
 -86967.956    78.806   -19.44    7.91
 -86594.269    71.277   -20.15   11.02
 -86220.496    64.060   -19.31   13.15
 -85846.636    54.668   -25.12   13.19
 -85472.689    47.708   -18.61    8.59
 -85098.655    54.434    17.98   16.35
 -84724.535    66.013    30.95   20.99
 -84350.327    79.896    37.10   16.85
 -83976.032    87.792    21.10    6.72
 -83601.650    89.156     3.64    4.43
 -83227.181    86.714    -6.52    4.87
 -82852.625    83.956    -7.36    5.18
 -82477.981    81.653    -6.15    5.37
 -82103.250    78.926    -7.28    4.57
 -81728.431    76.774    -5.74    3.32
 -81353.525    75.520    -3.34    3.00
 -80978.531    75.255    -0.71    3.29
 -80603.450    74.723    -1.42    3.68
 -80228.281    74.085    -1.70    4.74
 -79853.025    72.877    -3.22    7.20
 -79477.680    69.537    -8.90   10.41
 -79102.248    63.944   -14.90   13.01
 -78726.727    57.279   -17.75   13.17
 -78351.119    54.858    -6.44   10.78
 -77975.423    57.706     7.58   11.34
 -77599.638    65.046    19.53   13.88
 -77223.766    72.957    21.05   10.80
 -76847.805    77.264    11.46    6.81
 -76471.756    77.217    -0.13    5.74
 -76095.618    73.611    -9.59    7.21
 -75719.393    69.714   -10.36    7.06
 -75343.078    66.745    -7.89    5.61
 -74966.675    65.896    -2.26    6.08
 -74590.184    66.348     1.20    6.86
 -74213.604    67.532     3.14    6.18
 -73836.935    66.779    -2.00    5.09
 -73460.177    65.500    -3.39    4.18
 -73083.331    64.253    -3.31    3.89
 -72706.395    62.934    -3.50    3.57
 -72329.371    61.765    -3.10    3.30
 -71952.257    62.123     0.95    3.83
 -71575.055    62.336     0.57    3.84
 -71197.763    63.123     2.08    4.81
 -70820.382    64.110     2.62    6.03
 -70442.912    67.040     7.76    7.54
 -70065.352    68.772     4.59    7.17
 -69687.703    70.359     4.20    7.45
 -69309.965    72.575     5.87    8.18
 -68932.137    73.608     2.73    8.72
 -68554.220    75.651     5.41    9.24
 -68176.212    80.886    13.85   10.41
 -67798.115    84.720    10.14   10.50
 -67419.929    90.634    15.64    7.02
 -67041.652    91.653     2.70    7.44
 -66663.286    89.866    -4.72    9.35
 -66284.829    86.047   -10.09   10.95
 -65906.283    82.916    -8.27    9.66
 -65527.646    79.255    -9.67    8.87
 -65148.919    77.294    -5.18    8.12
 -64770.102    74.811    -6.55    9.08
 -64391.195    73.406    -3.71   10.58
 -64012.198    71.019    -6.30   13.39
 -63633.109    66.172   -12.78   14.65
 -63253.931    59.349   -17.99   13.58
 -62874.662    55.009   -11.44   10.14
 -62495.302    53.972    -2.74    8.82
 -62115.852    57.217     8.55    9.99
 -61736.311    62.304    13.40    9.72
 -61356.679    66.635    11.41    9.92
 -60976.956    67.688     2.77   10.18
 -60597.142    66.711    -2.57   12.18
 -60217.238    63.566    -8.28   13.71
 -59837.242    57.149   -16.89   12.99
 -59457.155    53.611    -9.31   12.93
 -59076.977    51.560    -5.39   11.76
 -58696.708    51.774     0.56   11.06
 -58316.347    53.377     4.22   11.49
 -57935.895    56.256     7.57   11.66
 -57555.352    59.330     8.08   10.11
 -57174.717    63.945    12.12    8.46
 -56793.990    66.604     6.98    6.63
 -56413.172    67.617     2.66    7.35
 -56032.262    69.449     4.81    7.33
 -55651.260    69.857     1.07    7.25
 -55270.167    69.009    -2.22    7.30
 -54888.981    68.454    -1.46    7.47
 -54507.704    67.477    -2.56    9.07
 -54126.335    65.226    -5.90   10.17
 -53744.873    61.594    -9.52   10.35
 -53363.319    56.292   -13.90    9.38
 -52981.673    50.906   -14.11    6.86
 -52599.935    49.189    -4.50    5.39
 -52227.574    47.515    -4.49    4.38
 -51863.159    48.720     3.31    4.77
 -51498.661    50.753     5.58    4.97
 -51134.081    54.433    10.09    6.61
 -50769.418    58.245    10.45    7.15
 -50404.673    62.153    10.71    6.13
 -50039.845    63.616     4.01    5.05
 -49674.934    61.886    -4.74    5.36
 -49309.941    58.462    -9.38    5.30
 -48944.864    54.752   -10.16    4.96
 -48579.705    47.887   -18.80    9.88
 -48214.463    39.658   -22.53   14.28
 -47849.138    29.857   -26.83   15.20
 -47483.730    21.613   -22.56   10.18
 -47118.239    16.848   -13.04    3.73
 -46752.664    15.249    -4.38    3.45
 -46387.007    13.915    -3.65    5.69
 -46021.266    10.857    -8.36    7.93
 -45655.442    10.257    -1.64    7.80
 -45289.535    11.334     2.94    7.30
 -44923.544    12.481     3.13    6.46
 -44557.469    13.728     3.41    5.01
 -44191.312    16.060     6.37    2.96
 -43825.070    16.452     1.07    3.29
 -43458.745    17.377     2.52    3.33
 -43092.336    17.915     1.47    3.46
 -42725.843    18.764     2.32    4.39
 -42359.267    20.165     3.82    4.80
 -41992.607    21.425     3.43    5.30
 -41625.862    22.611     3.23    5.99
 -41259.034    23.410     2.18    5.63
 -40892.122    23.992     1.59    5.11
 -40525.125    24.217     0.61    4.74
 -40158.045    25.294     2.93    5.37
 -39790.880    23.906    -3.78    5.86
 -39423.631    23.160    -2.03    5.92
 -39056.297    23.014    -0.40    5.93
 -38688.880    21.719    -3.53    4.66
 -38321.377    20.195    -4.15    3.53
 -37953.790    18.706    -4.05    2.93
 -37586.119    18.740     0.09    3.31
 -37218.363    19.223     1.31    4.20
 -36850.522    19.694     1.28    4.36
 -36482.597    19.547    -0.40    4.42
 -36114.587    18.279    -3.44    3.64
 -35746.492    17.784    -1.35    2.94
 -35378.311    17.401    -1.04    2.77
 -35010.046    18.104     1.91    3.23
 -34641.696    18.808     1.91    3.75
 -34273.261    18.709    -0.27    3.61
 -33904.741    17.623    -2.95    3.07
 -33536.135    17.774     0.41    4.10
 -33167.445    18.248     1.29    4.38
 -32798.669    18.315     0.18    4.38
 -32429.807    17.709    -1.64    3.51
 -32060.860    17.425    -0.77    2.33
 -31691.828    17.009    -1.13    1.91
 -31322.710    17.151     0.38    2.06
 -30953.506    17.540     1.05    2.09
 -30584.217    16.804    -2.00    3.63
 -30214.842    12.876   -10.63    8.31
 -29845.381     7.461   -14.66    9.65
 -29475.834     2.396   -13.71    7.93
 -29106.201    -1.758   -11.24    1.75
 -28736.483    -2.104    -0.94    0.00
 -28366.678    -2.104     0.00    0.00
 -27996.787    -2.104     0.00    0.00
 -27626.810    -2.104     0.00    0.00
 -27256.747    -2.104     0.00    0.00
 -26886.598     0.430     6.84    6.30
 -26516.362     5.972    14.97    9.70
 -26146.040    11.139    13.95    9.28
 -25775.631    15.314    11.27    6.31
 -25405.136    13.878    -3.88    7.86
 -25034.554     9.776   -11.07    9.59
 -24663.886     5.494   -11.55    9.64
 -24293.131     1.572   -10.58    7.45
 -23922.289     0.774    -2.15    6.63
 -23551.361     3.896     8.42    9.02
 -23180.345     7.916    10.83    9.71
 -22809.243    11.646    10.05    9.05
 -22438.053    14.694     8.21    6.74
 -22066.777    17.211     6.78    2.65
 -21695.413    17.632     1.13    1.89
 -21323.962    17.547    -0.23    1.88
 -20952.424    17.532    -0.04    1.96
 -20580.799    17.502    -0.08    2.02
 -20209.086    17.821     0.86    2.12
 -19837.286    17.937     0.31    2.08
 -19465.399    17.831    -0.29    2.07
 -19093.423    17.925     0.25    2.17
 -18721.361    17.924    -0.00    2.09
 -18349.210    18.289     0.98    2.23
 -17976.972    18.896     1.63    2.65
 -17604.646    19.557     1.77    2.74
 -17232.232    19.600     0.12    2.68
 -16859.731    19.326    -0.74    2.62
 -16487.141    18.886    -1.18    2.37
 -16114.463    19.025     0.37    2.22
 -15741.697    18.513    -1.37    1.99
 -15368.843    18.158    -0.95    1.77
 -14995.901    18.242     0.23    1.78
 -14622.871    18.315     0.20    1.74
 -14249.752    18.685     0.99    1.72
 -13876.544    18.937     0.67    1.73
 -13503.249    19.064     0.34    1.93
 -13129.864    19.013    -0.14    2.05
 -12756.392    18.840    -0.46    2.18
 -12382.830    18.859     0.05    2.11
 -12009.180    18.679    -0.48    2.47
 -11635.441    19.061     1.02    2.32
 -11261.613    19.353     0.78    2.05
 -10887.696    19.731     1.01    1.86
 -10513.690    19.406    -0.87    1.68
 -10139.595    19.116    -0.77    2.09
  -9765.412    18.563    -1.48    2.38
  -9391.138    17.756    -2.16    2.46
  -9016.776    16.205    -4.14    4.58
  -8642.325    14.104    -5.61    7.06
  -8267.784    12.489    -4.31    8.68
  -7893.153    10.434    -5.48    9.63
  -7518.434     8.522    -5.10    9.97
  -7143.624     6.271    -6.01    9.93
  -6768.725     3.952    -6.19    8.92
  -6393.737     1.715    -5.96    7.29
  -6018.658     0.174    -4.11    5.68
  -5643.490    -1.272    -3.85    2.94
  -5268.232    -1.823    -1.47    1.58
  -4892.884    -2.085    -0.70    0.14
  -4517.446    -2.104    -0.05    0.00
  -4141.918    -2.104     0.00    0.00
  -3766.300    -2.104     0.00    0.00
  -3390.592    -2.104     0.00    0.00
  -3014.793    -2.104     0.00    0.00
  -2638.905    -2.104     0.00    0.00
  -2262.925    -2.104     0.00    0.00
  -1886.856    -2.104     0.00    0.00
  -1510.696    -2.104     0.00    0.00
  -1134.445    -2.104     0.00    0.00
   -758.104    -2.104     0.00    0.00
   -381.672    -2.056     0.13    0.29
     -5.149    -1.223     2.21    3.74
    371.465     0.466     4.49    6.34
    748.169     3.933     9.20    9.09
   1124.964     6.553     6.95   10.04
   1501.851     7.795     3.30   10.34
   1878.828     7.943     0.39   10.21
   2255.897     8.035     0.24    9.74
   2633.057     6.569    -3.89    9.30
   3010.308     5.489    -2.86    8.62
   3387.651     3.096    -6.34    7.81
   3765.084     0.840    -5.98    6.24
   4142.610    -1.384    -5.89    3.07
   4520.227    -2.104    -1.91    0.00
   4897.935    -2.104     0.00    0.00
   5275.736    -2.104     0.00    0.00
   5653.627    -1.407     1.85    3.37
   6031.611     1.372     7.35    7.51
   6409.687     4.869     9.25    9.83
   6787.854     8.113     8.58   10.57
   7166.114    11.821     9.80   10.26
   7544.466    14.841     7.98    9.12
   7922.909    17.507     7.05    6.98
   8301.445    19.382     4.95    3.81
   8680.073    20.094     1.88    1.96
   9058.794    20.043    -0.14    1.99
   9437.607    20.087     0.12    2.10
   9816.512    20.016    -0.19    2.21
  10195.510    20.560     1.44    2.03
  10574.601    20.251    -0.81    2.13
  10953.784    19.839    -1.09    2.20
  11333.060    19.313    -1.39    2.16
  11712.429    19.028    -0.75    1.92
  12091.891    19.165     0.36    1.91
  12471.445    19.255     0.24    1.95
  12851.093    19.322     0.18    2.11
  13230.833    19.307    -0.04    2.04
  13610.667    19.517     0.55    2.08
  13990.594    19.313    -0.54    2.01
  14370.614    19.420     0.28    1.91
  14750.728    19.438     0.05    2.07
  15130.935    19.601     0.43    2.54
  15511.236    19.185    -1.10    3.73
  15891.630    18.749    -1.14    4.34
  16272.117    17.456    -3.40    5.99
  16652.699    16.387    -2.81    7.23
  17033.374    14.614    -4.66    8.61
  17414.143    13.204    -3.70    9.26
  17795.005    11.239    -5.16    9.96
  18175.962     9.364    -4.92   10.37
  18557.013     6.850    -6.60   10.40
  18938.158     4.485    -6.20    9.84
  19319.397     1.603    -7.56    7.58
  19700.730    -0.252    -4.86    5.30
  20082.158    -1.856    -4.21    1.21
  20463.680    -2.104    -0.65    0.00
  20845.296    -2.104     0.00    0.00
  21227.007    -2.104     0.00    0.00
  21608.812    -2.104     0.00    0.00
  21990.712    -2.104     0.00    0.00
  22369.983    -2.104     0.00    0.00
  22734.153    -2.104     0.00    0.00
  23098.407    -2.028     0.21    0.60
  23462.745    -2.058    -0.08    0.31
  23827.167    -1.861     0.54    1.56
  24191.674    -0.675     3.25    4.40
  24556.265     2.914     9.85   10.04
  24920.940     5.821     7.97   11.88
  25285.700    10.346    12.41   12.42
  25650.545    15.607    14.42   12.83
  26015.474    21.347    15.73   10.40
  26380.488    23.051     4.67    6.75
  26745.587    22.569    -1.32    5.86
  27110.771    20.878    -4.63    4.26
  27476.039    20.778    -0.27    3.85
  27841.393    20.694    -0.23    3.92
  28206.831    22.596     5.20    4.81
  28572.355    23.849     3.43    4.93
  28937.963    24.581     2.00    5.00
  29303.657    24.233    -0.95    4.77
  29669.436    23.450    -2.14    4.85
  30035.300    22.554    -2.45    4.58
  30401.250    21.840    -1.95    4.83
  30767.285    20.860    -2.68    4.48
  31133.406    18.704    -5.89    4.89
  31499.612    16.430    -6.21    8.69
  31865.903    12.915    -9.60   10.60
  32232.281    12.745    -0.46   10.65
  32598.744    13.924     3.22    9.38
  32965.292    16.653     7.45    6.38
  33331.927    18.098     3.94    2.64
  33698.647    17.557    -1.48    2.25
  34065.454    17.812     0.70    2.32
  34432.346    17.980     0.46    2.32
  34799.325    18.307     0.89    2.31
  35166.389    18.439     0.36    2.30
  35533.540    18.714     0.75    3.22
  35900.777    20.547     4.99    5.57
  36268.101    22.365     4.95    6.08
  36635.511    25.374     8.19    7.22
  37003.007    27.840     6.71    7.53
  37370.589    26.905    -2.54    8.27
  37738.259    24.753    -5.85    8.93
  38106.015    21.061   -10.04    6.79
  38473.857    18.915    -5.84    3.50
  38841.786    18.616    -0.81    3.16
  39209.803    18.302    -0.85    2.16
  39577.905    18.262    -0.11    2.03
  39946.095    19.942     4.56    5.38
  40314.372    22.162     6.03    8.79
  40682.736    23.202     2.82    8.84
  41051.187    25.678     6.72    9.98
  41419.725    31.137    14.81   13.96
  41788.350    41.671    28.58   15.67
  42157.063    52.193    28.54   12.93
  42525.863    63.007    29.33    8.32
  42894.750    68.526    14.96    8.00
  43263.725    72.849    11.72    6.94
  43632.788    75.360     6.80    5.98
  44001.938    75.774     1.12    6.12
  44371.175    75.725    -0.13    6.99
  44740.501    73.355    -6.42    9.24
  45109.914    67.373   -16.19   11.26
  45479.415    60.878   -17.58   10.06
  45849.004    55.796   -13.75    7.43
  46218.681    52.049   -10.14    5.95
  46588.446    51.776    -0.74    6.30
  46958.299    51.841     0.18    6.65
  47328.240    50.584    -3.40    6.93
  47698.269    47.830    -7.44    8.14
  48068.387    44.012   -10.32    9.67
  48438.593    40.849    -8.55    9.31
  48808.887    41.733     2.39   11.10
  49179.270    43.639     5.15   13.13
  49549.742    47.554    10.57   14.99
  49920.302    51.986    11.96   13.98
  50290.950    56.964    13.43    8.54
  50661.688    58.824     5.02    6.48
  51032.514    58.349    -1.28    5.81
  51403.429    56.365    -5.35    5.89
  51774.433    54.121    -6.05    6.26
  52145.526    51.061    -8.25    5.39
  52516.707    48.361    -7.28    4.81
  52887.979    45.828    -6.82    4.45
  53259.339    46.716     2.39    5.22
  53630.788    47.342     1.68    5.32
  54002.327    47.841     1.34    5.49
  54373.955    48.536     1.87    6.49
  54745.672    48.509    -0.07    6.88
  55117.479    48.487    -0.06    5.98
  55489.376    47.425    -2.86    6.12
  55861.362    44.401    -8.13    8.59
  56233.438    42.071    -6.26    9.35
  56605.603    38.924    -8.46    8.86
  56977.859    38.191    -1.97    8.17
  57350.204    39.236     2.81    7.83
  57722.639    43.137    10.48    7.45
  58095.164    46.089     7.92    6.93
  58467.780    46.968     2.36    7.79
  58840.485    46.768    -0.54    7.55
  59213.280    45.502    -3.40    6.33
  59586.166    43.914    -4.26    5.53
  59959.142    42.217    -4.55    5.05
  60332.209    42.486     0.72    6.21
  60705.366    42.781     0.79    8.51
  61078.613    43.527     2.00   10.08
  61451.951    44.520     2.66   10.55
  61825.380    45.680     3.11    9.71
  62198.900    45.979     0.80    7.98
  62572.510    47.302     3.54    5.70
  62946.211    47.155    -0.39    4.32
  63320.003    46.733    -1.13    3.86
  63693.886    45.727    -2.69    4.19
  64067.860    43.805    -5.14    6.43
  64441.925    40.205    -9.62    8.16
  64816.081    39.024    -3.16    7.56
  65190.329    39.742     1.92    6.42
  65564.667    41.816     5.54    4.76
  65939.098    44.646     7.56    2.68
  66313.619    46.191     4.12    1.81
  66688.232    47.008     2.18    2.23
  67062.937    48.135     3.01    3.43
  67437.733    49.311     3.14    4.90
  67812.621    50.224     2.44    5.36
  68187.601    51.680     3.88    5.76
  68562.673    53.292     4.30    7.08
  68937.836    54.298     2.68    8.33
  69313.092    55.867     4.18    9.23
  69688.440    56.653     2.09    9.34
  70063.879    57.410     2.02    9.33
  70439.411    58.414     2.67    9.11
  70815.035    58.428     0.04    7.86
  71190.752    56.548    -5.00    7.84
  71566.560    53.599    -7.85    8.43
  71942.462    49.534   -10.81    8.24
  72318.455    46.825    -7.20    9.26
  72694.542    45.653    -3.12   10.02
  73070.720    44.167    -3.95   10.07
  73446.992    42.860    -3.47    9.25
  73823.357    42.082    -2.07    7.93
  74199.814    42.128     0.12    7.12
  74576.364    42.369     0.64    6.91
  74953.007    43.209     2.23    7.16
  75329.743    42.500    -1.88    7.52
  75706.573    40.923    -4.18    7.44
  76083.495    39.146    -4.71    6.29
  76460.511    36.374    -7.35    4.00
  76837.620    34.438    -5.13    3.20
  77214.823    33.560    -2.33    3.41
  77592.119    33.473    -0.23    3.41
  77969.508    32.551    -2.44    4.24
  78346.991    30.102    -6.49    5.17
  78724.568    28.980    -2.97    5.23
  79102.239    29.772     2.10    6.50
  79480.003    32.108     6.18    6.98
  79857.861    31.825    -0.75    5.75
  80235.813    30.406    -3.76    5.23
  80613.859    30.212    -0.51    6.01
  80992.000    30.924     1.88    6.88
  81370.234    32.021     2.90    6.36
  81748.563    31.977    -0.12    5.99
  82126.986    31.224    -1.99    6.22
  82505.503    30.869    -0.94    5.89
  82884.115    31.878     2.66    5.23
  83262.821    34.941     8.09    5.46
  83641.622    39.089    10.95    4.81
  84020.517    41.968     7.60    3.97
  84399.507    42.952     2.60    3.07
  84778.592    40.798    -5.68    4.30
  85157.772    37.369    -9.04    5.07
  85537.046    32.100   -13.89    6.56
  85916.416    28.887    -8.47    6.22
  86295.881    28.707    -0.47    6.97
  86675.441    29.833     2.97    8.54
  87055.096    34.318    11.81   11.96
  87434.846    41.521    18.97   14.44
  87814.692    48.242    17.70   12.29
  88194.633    52.432    11.03    7.96
  88574.670    51.685    -1.97    7.80
  88954.802    41.126   -27.78   15.66
  89335.030    28.905   -32.14   17.72
  89715.353    20.584   -21.88   12.80
  90095.772    22.142     4.10   14.27
  90476.287    33.218    29.11   18.57
  90856.898    45.178    31.43   14.82
  91237.605    54.751    25.15    8.17
  91618.409    59.646    12.86    6.08
  91999.308    63.630    10.46    5.47
  92380.303    67.671    10.61    5.17
  92761.395    71.790    10.81    4.74
  93142.583    75.967    10.96    6.18
  93523.867    79.410     9.03    7.81
  93905.248    83.869    11.69    9.97
  94286.726    88.104    11.10    9.94
  94668.300    90.405     6.03    8.87
  95049.971    90.208    -0.52    9.15
  95431.738    85.987   -11.06   12.33
  95813.603    77.602   -21.96   16.04
  96195.564    67.744   -25.81   14.97
  96577.623    62.012   -15.00   10.66
  96959.778    60.680    -3.49    9.17
  97328.199    61.949     3.45   10.15
  97692.207    64.257     6.34   10.47
  98056.301    66.111     5.09   12.44
  98420.481    72.887    18.61   16.63
  98784.747    84.850    32.84   19.48
  99149.099    97.781    35.49   15.90
  99513.538   106.995    25.28   12.33
  99878.062   112.039    13.84   11.24
 100242.673   117.265    14.33   11.43
 100607.371   124.223    19.08   14.60
 100972.155   136.985    34.99   18.79
 101337.025   151.149    38.82   19.21
 101701.982   165.905    40.44   15.56
 102067.026   175.896    27.37   12.69
 102432.156   180.877    13.64    9.07
 102797.373   177.575    -9.04   11.10
 103162.677   170.843   -18.43   14.40
 103528.068   159.806   -30.21   13.88
 103893.546   149.958   -26.95   11.56
 104259.111   141.962   -21.87   11.27
 104624.763   134.119   -21.45   12.84
 104990.502   125.049   -24.80   13.11
 105356.328   114.538   -28.73   12.27
 105722.242   106.405   -22.23    9.95
 106088.242    99.980   -17.56    7.11
 106454.331    95.155   -13.18    5.56
 106820.506    91.369   -10.34    5.13
 107186.770    87.924    -9.41    5.33
 107553.120    84.870    -8.34    4.69
 107919.559    83.260    -4.39    3.28
 108286.085    83.587     0.89    2.32
 108652.699    83.613     0.07    3.51
 109019.401    83.581    -0.09    4.43
 109386.190    80.887    -7.35    6.36
 109753.068    79.067    -4.96    6.21
 110120.033    76.503    -6.99    5.44
 110487.087    74.109    -6.52    4.98
 110854.229    70.274   -10.45    5.94
 111221.459    68.489    -4.86    6.56
 111588.777    69.860     3.73    8.03
 111956.184    73.734    10.54    8.86
 112323.679    78.259    12.31    6.53
 112691.262    79.449     3.24    3.18
 113058.934    78.966    -1.31    2.09
 113426.695    77.959    -2.74    2.38
 113794.544    75.004    -8.03    5.36
 114162.482    73.738    -3.44    6.25
 114530.509    73.525    -0.58    6.78
 114898.624    75.335     4.92    7.66
 115266.829    78.593     8.85    7.38
 115635.122    81.539     8.00    5.83
 116003.505    83.177     4.45    5.13
 116371.976    84.819     4.46    5.69
 116740.537    87.124     6.25    6.55
 117109.187    89.578     6.66    6.53
 117477.926    91.387     4.91    4.91
 117846.755    90.677    -1.93    4.02
 118215.673    88.723    -5.30    3.66
 118584.681    86.765    -5.31    3.14
 118953.778    85.764    -2.71    3.21
 119322.964    85.932     0.46    3.97
 119692.241    86.808     2.37    4.34
 120061.607    87.906     2.97    3.53
 120431.063    89.089     3.20    3.96
 120800.609    89.548     1.24    5.28
 121170.244    89.387    -0.43    7.07
 121539.970    85.423   -10.72   11.65
 121909.786    78.906   -17.62   16.24
 122279.692    71.737   -19.38   16.81
 122649.688    65.031   -18.12   15.75
 123019.775    57.011   -21.67   15.48
 123389.952    53.186   -10.34   12.95
 123760.219    54.103     2.48   14.09
 124130.576    59.361    14.20   18.75
 124501.025    69.742    28.02   18.76
 124871.563    77.949    22.15   13.47
 125242.193    81.197     8.76    8.23
 125612.913    84.977    10.20    9.72
 125983.724    91.577    17.80   11.93
 126354.626    99.550    21.50    9.36
 126725.619   104.019    12.05    4.26
 127096.702   102.809    -3.26    5.93
 127467.877   100.067    -7.39    7.08
 127839.143    98.151    -5.16    7.47
 128210.500    97.867    -0.76    7.78
 128581.949   100.098     6.01    7.40
 128953.489   103.182     8.30    6.48
 129325.120   105.294     5.68    4.42
 129696.842   104.958    -0.91    4.48
 130068.657   103.734    -3.29    4.91
 130440.562   102.035    -4.57    4.61
 130812.560   100.600    -3.86    3.08
 131184.649   100.502    -0.26    3.26
 131556.830   100.817     0.85    3.25
 131929.103   100.029    -2.12    3.89
 132301.467    98.791    -3.32    3.82
 132673.924    98.685    -0.29    4.20
 133046.473   102.175     9.37    7.22
 133419.114   107.471    14.22    8.38
 133791.847   113.348    15.77    5.55
 134164.673   116.045     7.24    3.43
 134537.590   116.572     1.41    3.20
 134910.601   115.091    -3.97    3.67
 135283.703   113.448    -4.40    3.39
 135656.898   112.037    -3.78    3.38
 136030.186   109.861    -5.83    3.69
 136403.567   107.135    -7.30    4.48
 136777.040   103.827    -8.86    4.57
 137150.606   101.512    -6.20    4.56
 137524.265    98.748    -7.40    6.18
 137898.017    97.374    -3.68    8.13
 138271.862    96.348    -2.74   10.28
 138645.800    95.405    -2.52   11.28
 139019.831    94.779    -1.67   11.35
 139393.956    95.300     1.39    9.88
 139768.174    96.981     4.49    8.13
 140142.485   101.475    12.01    6.35
 140516.889   105.619    11.07    5.09
 140891.388   109.710    10.92    4.46
 141265.979   112.466     7.36    3.15
 141640.665   115.860     9.06    5.38
 142015.444   119.905    10.79    7.64
 142390.317   124.401    11.99    7.44
 142765.283   128.037     9.70    6.85
 143140.344   130.305     6.05    5.99
 143515.499   130.622     0.84    6.44
 143890.747   129.230    -3.71    6.71
 144266.090   126.651    -6.87    7.45
 144641.527   122.326   -11.52    8.18
 145017.058   116.051   -16.71    9.47
 145392.684   109.345   -17.86    8.88
 145768.404   103.660   -15.13    7.51
 146144.219    98.966   -12.49    6.24
 146520.128    95.194   -10.03    5.16
 146896.132    92.710    -6.61    4.00
 147272.230    92.221    -1.30    3.64
 147648.424    93.242     2.71    2.93
 148024.712    94.948     4.53    3.62
 148401.095    97.294     6.23    4.04
 148777.573   100.896     9.57    4.65
 149154.146   104.392     9.28    5.39
 149530.814   108.514    10.94    6.04
 149907.578   111.870     8.91    4.86
 150284.436   114.244     6.30    4.44
 150661.391   114.879     1.68    5.28
 151038.440   115.517     1.69    8.01
 151415.585   116.595     2.86   11.22
 151792.826   119.197     6.90   13.42
 152170.162   120.983     4.73   14.52
 152547.594   122.502     4.02   15.67
 152925.121   123.719     3.23   16.94
 153302.745   125.618     5.03   16.67
 153680.464   124.414    -3.19   15.51
 154058.280   123.035    -3.65   13.39
 154436.191   117.107   -15.69   12.83
 154814.199   106.653   -27.66   15.74
 155192.303    94.648   -31.75   16.98
 155570.503    80.027   -38.66   16.34
 155948.799    69.948   -26.64   12.42
 156327.192    65.119   -12.76    9.68
 156705.682    67.624     6.62   13.18
 157084.268    72.162    11.99   14.08
 157462.950    77.264    13.47   12.77
 157841.730    79.504     5.91   10.28
 158220.606    73.827   -14.98   12.07
 158599.579    65.064   -23.12   14.65
 158978.649    52.370   -33.49   15.92
 159357.816    45.738   -17.49   11.75
 159737.080    47.012     3.36   12.39
 160116.441    52.189    13.65   13.51
 160495.900    59.126    18.28    9.33
 160875.456    61.540     6.36    6.09
 161255.109    60.169    -3.61    4.40
 161634.860    59.583    -1.54    4.21
 162014.708    60.056     1.24    6.20
 162394.654    61.646     4.19    8.39
 162774.697    62.575     2.44    8.50
 163154.838    62.126    -1.18    8.06
 163535.078    58.096   -10.60    8.62
 163915.415    52.241   -15.40    8.25
 164295.850    48.366   -10.19    6.36
 164676.383    47.785    -1.53    5.91
 165057.014    53.939    16.17   10.30
 165437.743    59.996    15.91    8.53
 165818.571    63.319     8.73    6.34
 166199.497    65.082     4.63    7.76
 166580.521    66.586     3.95   10.22
 166961.644    68.542     5.13   11.24
 167342.866    72.309     9.88   12.27
 167724.186    73.396     2.85   12.46
 168105.605    72.753    -1.69   12.61
 168487.123    66.595   -16.14   14.71
 168868.740    58.178   -22.06   15.05
 169250.455    48.279   -25.94   12.93
 169632.270    39.588   -22.76    9.76
 170014.184    37.551    -5.33    6.80
 170396.197    39.436     4.93    7.64
 170778.309    44.232    12.55    7.45
 171160.521    49.326    13.33    4.74
 171542.832    54.461    13.43    6.52
 171918.738    59.383    13.09    6.93
 172282.501    62.979     9.89    6.00
 172646.353    61.922    -2.90    7.57
 173010.292    59.344    -7.09    9.47
 173374.319    55.230   -11.30   10.38
 173738.433    52.623    -7.16   10.96
 174102.636    49.253    -9.25   10.84
 174466.927    45.018   -11.63   10.75
 174831.305    40.218   -13.17   10.74
 175195.772    32.300   -21.73    9.31
 175560.327    28.439   -10.59    9.83
 175924.970    28.479     0.11   12.28
 176289.702    32.418    10.80   15.07
 176654.522    37.431    13.74   13.94
 177019.430    44.012    18.04   10.95
 177384.427    52.586    23.49   13.83
 177749.512    60.620    22.01   14.45
 178114.686    66.802    16.93    9.60
 178479.949    69.453     7.26    8.00
