-144129.122    46.914     0.00    5.35
-143747.295    44.537    -6.22    7.56
-143365.568    40.042   -11.78    9.53
-142983.938    35.780   -11.17    8.23
-142602.408    35.951     0.45    8.53
-142220.976    41.661    14.97   10.54
-141839.642    48.627    18.27    8.32
-141458.406    53.697    13.30    4.35
-141077.269    55.847     5.64    3.05
-140696.230    54.799    -2.75    4.28
-140315.289    51.951    -7.48    6.84
-139934.446    48.166    -9.94    6.65
-139553.701    44.688    -9.13    4.60
-139173.054    41.739    -7.75    4.50
-138792.505    40.381    -3.57    5.20
-138412.053    38.243    -5.62    5.11
-138031.699    36.566    -4.41    4.61
-137651.443    35.086    -3.89    4.49
-137271.284    31.853    -8.51    4.17
-136891.223    31.058    -2.09    3.58
-136511.259    32.357     3.42    4.14
-136131.392    34.181     4.80    4.75
-135751.622    37.053     7.56    3.94
-135371.950    38.302     3.29    3.44
-134992.375    37.503    -2.11    4.00
-134612.896    36.012    -3.93    3.46
-134233.515    34.743    -3.35    2.18
-133854.230    34.557    -0.49    1.97
-133475.042    35.275     1.89    2.31
-133095.951    36.372     2.89    3.64
-132716.956    37.582     3.19    4.87
-132338.058    39.409     4.82    5.16
-131959.257    39.618     0.55    4.45
-131580.552    38.363    -3.31    3.93
-131201.943    36.777    -4.19    3.94
-130823.430    35.777    -2.64    3.57
-130445.014    35.235    -1.43    3.62
-130066.694    35.957     1.91    3.66
-129688.469    37.945     5.26    3.83
-129310.341    39.104     3.07    3.06
-128932.309    39.328     0.59    3.75
-128554.372    38.886    -1.17    3.99
-128176.531    37.945    -2.49    4.40
-127798.786    36.416    -4.05    4.60
-127421.137    34.127    -6.06    5.14
-127043.583    31.913    -5.86    4.80
-126666.124    30.172    -4.61    3.57
-126288.761    31.316     3.03    4.69
-125911.493    33.173     4.92    5.03
-125534.320    33.974     2.12    4.30
-125157.243    32.074    -5.04    5.50
-124780.261    28.016   -10.76    6.66
-124403.373    24.372    -9.67    5.33
-124026.581    23.338    -2.74    4.32
-123649.884    25.205     4.96    6.17
-123273.281    29.099    10.34    7.03
-122896.773    30.505     3.73    6.35
-122520.360    28.708    -4.77    7.17
-122144.041    25.848    -7.60    6.72
-121767.817    23.104    -7.29    4.29
-121391.688    23.397     0.78    4.61
-121015.652    25.070     4.45    4.53
-120639.712    26.554     3.95    3.57
-120263.865    25.800    -2.01    4.14
-119888.112    24.489    -3.49    3.90
-119512.454    24.451    -0.10    3.61
-119136.890    24.565     0.30    3.89
-118761.420    25.555     2.64    4.10
-118386.043    27.056     4.00    3.71
-118010.761    28.590     4.09    4.10
-117635.572    29.974     3.69    4.00
-117260.477    31.527     4.14    4.11
-116885.475    32.381     2.28    4.31
-116510.567    33.582     3.20    4.82
-116135.753    34.346     2.04    4.90
-115761.032    34.892     1.46    5.19
-115386.404    35.842     2.54    5.97
-115011.870    36.557     1.91    6.64
-114637.428    36.927     0.99    6.44
-114263.080    37.627     1.87    4.79
-113888.825    37.707     0.21    3.99
-113514.663    38.948     3.32    4.63
-113140.594    41.211     6.05    4.91
-112766.618    43.379     5.80    5.12
-112392.735    44.835     3.89    6.08
-112018.944    45.712     2.35    8.48
-111645.246    48.680     7.94    9.82
-111271.641    52.520    10.28    9.91
-110898.128    54.314     4.80    8.21
-110524.707    52.355    -5.25    8.98
-110151.379    47.532   -12.92   10.61
-109778.144    42.144   -14.44    7.96
-109405.000    38.375   -10.10    3.87
-109031.949    37.328    -2.80    2.86
-108658.990    37.927     1.61    3.22
-108286.123    38.447     1.39    3.45
-107913.347    39.821     3.69    3.38
-107540.664    42.259     6.54    4.68
-107168.073    45.048     7.48    5.52
-106795.573    46.172     3.02    5.40
-106423.165    45.966    -0.55    5.22
-106050.849    45.671    -0.79    5.94
-105678.624    46.691     2.74    7.45
-105306.491    48.777     5.61    7.09
-104934.449    50.150     3.69    7.20
-104562.499    47.521    -7.07    8.78
-104190.640    42.573   -13.31    7.60
-103818.872    39.814    -7.42    5.52
-103447.196    41.264     3.90    7.57
-103075.610    46.820    14.95   11.88
-102704.116    54.346    20.26   12.36
-102332.712    63.645    25.04   11.71
-101961.399    74.104    28.17   12.39
-101590.178    83.556    25.46   13.05
-101219.047    93.104    25.73   10.33
-100848.006    99.253    16.57    6.08
-100477.057   102.023     7.47    5.15
-100106.198   103.091     2.88    6.91
 -99735.429   105.078     5.36    7.82
 -99364.751   106.153     2.90    6.87
 -98994.164   106.793     1.73    4.55
 -98623.666   104.272    -6.81    5.71
 -98253.259   101.175    -8.36    5.40
 -97882.942    98.393    -7.51    4.50
 -97512.715    95.386    -8.12    4.96
 -97142.578    92.100    -8.88    7.00
 -96772.532    88.310   -10.24    6.53
 -96402.575    87.627    -1.85    7.83
 -96032.708    89.600     5.34   10.24
 -95662.931    94.501    13.25   10.91
 -95293.243   100.370    15.88    9.78
 -94923.645   103.844     9.40    9.07
 -94554.137   104.166     0.87    8.08
 -94184.718   100.879    -8.90    8.79
 -93815.389    96.609   -11.56    8.96
 -93446.149    96.370    -0.65    9.89
 -93076.999    98.470     5.69    9.79
 -92707.938   100.270     4.88    9.06
 -92338.966   100.454     0.50    9.77
 -91970.083   101.171     1.94   11.52
 -91601.289   104.698     9.56   13.46
 -91232.584   108.599    10.58   12.53
 -90863.968   108.883     0.77   11.47
 -90495.442   104.923   -10.75   11.39
 -90127.004    97.734   -19.51   11.37
 -89758.654    89.002   -23.71   13.65
 -89390.394    77.196   -32.06   16.67
 -89022.222    64.925   -33.33   16.57
 -88654.138    53.284   -31.63    9.58
 -88286.143    46.423   -18.65    5.49
 -87918.237    43.368    -8.31    4.16
 -87550.419    41.266    -5.71    3.75
 -87182.689    40.184    -2.94    2.87
 -86815.048    40.071    -0.31    2.21
 -86447.494    40.287     0.59    2.19
 -86080.029    41.888     4.36    3.58
 -85712.652    46.210    11.77    6.87
 -85345.363    52.724    17.74   10.47
 -84978.162    60.618    21.50   10.14
 -84611.048    68.978    22.77    8.58
 -84244.023    75.185    16.91    7.71
 -83877.085    80.609    14.78    7.21
 -83510.235    84.091     9.49    6.78
 -83143.473    87.319     8.80    6.73
 -82776.798    91.395    11.12    7.05
 -82410.210    95.924    12.36    8.70
 -82043.711   101.976    16.51    9.97
 -81677.298   107.814    15.94    9.71
 -81310.973   112.506    12.81    8.54
 -80944.735   116.314    10.40    6.94
 -80578.584   120.049    10.20    6.00
 -80212.520   124.777    12.92    7.83
 -79846.544   130.296    15.08    9.37
 -79480.654   136.831    17.86    8.43
 -79114.851   145.287    23.12    9.97
 -78749.136   152.136    18.73   10.85
 -78383.507   158.674    17.88    7.74
 -78017.965   160.198     4.17    4.79
 -77652.509   156.618    -9.80    8.15
 -77287.140   147.200   -25.78   13.28
 -76921.858   136.028   -30.58   15.62
 -76556.662   125.453   -28.96   12.48
 -76191.553   118.379   -19.38    9.48
 -75826.530   111.554   -18.70    9.89
 -75461.593   104.552   -19.19   12.42
 -75096.743    97.273   -19.95   12.04
 -74731.979    90.001   -19.94    7.72
 -74367.301    86.223   -10.36    5.73
 -74002.709    84.859    -3.74    4.87
 -73638.203    81.967    -7.93    4.94
 -73273.783    79.252    -7.45    5.21
 -72909.449    77.489    -4.84    4.61
 -72545.201    77.302    -0.51    4.20
 -72181.038    80.485     8.74    5.52
 -71816.962    85.224    13.02    6.65
 -71435.359    90.671    14.28    8.92
 -71053.205    95.877    13.62    9.67
 -70671.147    98.618     7.17    9.03
 -70289.186   100.034     3.71    8.45
 -69907.321    98.095    -5.08    7.37
 -69525.553    95.036    -8.01    6.84
 -69143.881    91.778    -8.54    5.86
 -68762.305    92.290     1.34    6.58
 -68380.826    95.194     7.61    8.35
 -67999.443    97.181     5.21    8.19
 -67618.156    98.372     3.12    6.50
 -67236.966    96.386    -5.21    6.67
 -66855.871    93.210    -8.33    6.33
 -66474.872    87.091   -16.06    8.19
 -66093.969    79.618   -19.62   10.03
 -65713.162    71.564   -21.15   11.33
 -65332.450    63.475   -21.25   10.74
 -64951.835    56.060   -19.48   10.37
 -64571.314    50.044   -15.81    9.99
 -64190.890    45.421   -12.15    8.31
 -63810.560    44.554    -2.28    6.75
 -63430.326    45.888     3.51    6.39
 -63050.188    48.163     5.99    3.95
 -62670.144    48.618     1.20    2.22
 -62290.196    48.554    -0.17    2.44
 -61910.342    48.040    -1.35    2.39
 -61530.584    48.055     0.04    2.75
 -61150.921    49.056     2.64    3.34
 -60771.352    50.005     2.50    3.10
 -60391.879    49.113    -2.35    4.62
 -60012.500    43.635   -14.44    9.59
 -59633.215    37.766   -15.48    9.09
 -59254.026    35.501    -5.97    8.16
 -58874.931    39.168     9.67   12.01
 -58495.930    47.162    21.09   12.63
 -58117.023    54.545    19.48   10.97
 -57738.211    60.445    15.58    9.23
 -57359.493    63.438     7.90    6.70
 -56980.870    64.784     3.56    4.92
 -56602.340    63.510    -3.37    5.70
 -56223.905    58.310   -13.74    7.72
 -55845.563    51.564   -17.83    9.46
 -55467.315    45.799   -15.24    7.71
 -55089.161    42.189    -9.55    4.02
 -54711.101    42.966     2.06    4.19
 -54333.135    44.572     4.25    4.38
 -53955.262    42.412    -5.72    7.12
 -53577.483    36.104   -16.70   10.66
 -53199.797    29.966   -16.25    9.00
 -52822.204    27.052    -7.72    7.44
 -52444.705    29.194     5.68    8.57
 -52067.299    30.714     4.03   10.20
 -51689.987    27.402    -8.78   12.57
 -51312.767    21.571   -15.46   12.20
 -50935.641    17.743   -10.15    9.02
 -50558.607    16.251    -3.96    7.78
 -50181.667    20.951    12.47   11.31
 -49804.819    25.363    11.71   11.61
 -49428.064    27.627     6.01   10.59
 -49051.402    26.225    -3.72   10.96
 -48674.833    23.300    -7.77   10.84
 -48298.356    22.978    -0.86    8.92
 -47921.972    22.993     0.04    6.32
 -47545.680    21.050    -5.16    4.82
 -47169.480    21.018    -0.09    4.10
 -46793.373    23.370     6.25    6.06
 -46417.358    26.306     7.81    5.55
 -46041.435    28.794     6.62    3.89
 -45665.605    28.447    -0.92    4.21
 -45289.866    26.570    -5.00    4.41
 -44914.220    24.618    -5.20    4.05
 -44538.665    22.954    -4.43    3.71
 -44163.202    20.492    -6.56    4.49
 -43787.831    18.003    -6.63    5.25
 -43412.552    14.036   -10.57    5.57
 -43037.364    11.608    -6.47    4.68
 -42662.268    11.127    -1.28    4.02
 -42287.264    11.278     0.40    3.84
 -41912.351    13.647     6.32    4.33
 -41537.529    17.243     9.59    5.68
 -41162.799    20.865     9.67    7.24
 -40788.160    26.427    14.85    7.20
 -40413.612    29.774     8.94    6.66
 -40039.155    32.363     6.92    6.61
 -39664.789    33.462     2.93    6.47
 -39290.514    34.052     1.58    6.72
 -38916.330    35.041     2.64    7.07
 -38542.238    35.531     1.31    8.05
 -38168.235    37.063     4.10    9.15
 -37794.324    39.930     7.67    9.97
 -37420.503    43.067     8.39    9.17
 -37046.773    45.062     5.34    8.10
 -36673.133    43.960    -2.95    8.08
 -36299.584    42.690    -3.40    8.00
 -35926.125    42.570    -0.32    7.54
 -35552.757    44.906     6.26    7.14
 -35179.479    48.192     8.80    4.77
 -34806.291    49.037     2.27    4.11
 -34433.193    47.223    -4.86    5.34
 -34060.185    46.034    -3.19    6.90
 -33687.268    47.272     3.32    9.66
 -33314.440    53.268    16.08   14.47
 -32941.702    62.818    25.62   16.64
 -32569.054    72.675    26.45   16.95
 -32196.496    81.546    23.81   15.45
 -31824.027    89.168    20.46   11.88
 -31451.648    95.132    16.01    9.01
 -31079.359   102.050    18.58    8.22
 -30707.159   108.368    16.97    8.41
 -30335.049   113.248    13.12    7.18
 -29963.028   116.618     9.06    4.36
 -29591.096   117.269     1.75    4.80
 -29219.253   115.201    -5.56    6.22
 -28847.500   111.784    -9.19    7.61
 -28475.836   110.338    -3.89    7.26
 -28104.261   109.656    -1.84    5.92
 -27732.775   107.122    -6.82    6.79
 -27361.377   104.599    -6.79    7.04
 -26990.069   103.187    -3.80    5.84
 -26618.849   103.599     1.11    5.37
 -26247.719   105.543     5.24    5.34
 -25876.676   105.500    -0.12    5.42
 -25505.723   104.443    -2.85    5.43
 -25134.858   103.865    -1.56    5.35
 -24764.082   105.347     4.00    7.99
 -24393.393   109.239    10.50    8.79
 -24022.794   111.653     6.51    7.50
 -23652.282   110.795    -2.32    6.18
 -23281.859   109.847    -2.56    5.00
 -22911.524   110.637     2.13    6.28
 -22541.277   115.113    12.09    8.45
 -22171.119   121.403    16.99    8.84
 -21801.048   126.104    12.70    6.79
 -21431.065   127.315     3.27    5.68
 -21061.170   125.351    -5.31    6.67
 -20691.363   120.054   -14.32    8.60
 -20321.643   113.731   -17.10    8.50
 -19952.011   106.900   -18.48    8.25
 -19582.467   100.257   -17.98    7.29
 -19213.010    94.766   -14.86    5.71
 -18843.641    91.447    -8.99    3.92
 -18474.359    89.705    -4.72    4.52
 -18105.165    89.023    -1.85    6.15
 -17736.058    88.244    -2.11    6.63
 -17367.038    88.948     1.91    6.50
 -16998.106    91.673     7.39    7.57
 -16629.260    96.799    13.90    7.65
 -16260.502   100.672    10.50    7.73
 -15891.830   104.929    11.55    7.78
 -15523.246   109.300    11.86    9.53
 -15154.748   114.884    15.15   10.92
 -14786.337   121.618    18.28    9.12
 -14418.013   124.627     8.17    6.63
 -14049.776   124.996     1.00    5.92
 -13681.625   122.081    -7.92    6.76
 -13313.561   117.777   -11.70    7.34
 -12945.583   111.777   -16.31    9.07
 -12577.692   105.081   -18.20   10.55
 -12209.888    96.831   -22.43   10.07
 -11842.169    88.480   -22.71    9.86
 -11474.537    81.141   -19.96    8.78
 -11106.991    74.266   -18.71    6.99
 -10739.531    69.445   -13.12    5.77
 -10372.157    65.561   -10.57    4.14
 -10004.870    62.554    -8.19    3.69
  -9637.668    60.664    -5.15    3.17
  -9270.552    58.205    -6.70    2.98
  -8903.522    55.766    -6.65    3.81
  -8536.578    52.012   -10.23    5.08
  -8169.720    49.343    -7.28    4.54
  -7802.947    48.018    -3.61    4.31
  -7436.260    48.692     1.84    5.53
  -7069.658    48.554    -0.38    5.89
  -6703.142    46.889    -4.54    6.54
  -6336.712    43.109   -10.32    7.36
  -5970.366    39.137   -10.84    5.81
  -5604.106    36.809    -6.36    4.38
  -5237.932    36.745    -0.17    4.99
  -4871.842    39.335     7.07    5.78
  -4505.838    41.076     4.76    5.57
  -4139.918    42.249     3.20    5.38
  -3774.084    36.746   -15.04   11.25
  -3408.335    27.388   -25.59   15.68
  -3042.670    14.973   -33.95   15.12
  -2677.091     6.345   -23.60   10.34
  -2311.596     0.426   -16.20    1.95
  -1946.186     0.331    -0.26    1.22
  -1580.861     1.040     1.94    1.45
  -1215.620     1.702     1.81    1.43
   -850.464     1.599    -0.28    1.47
   -485.392     0.744    -2.34    1.49
   -120.405    -0.021    -2.10    0.93
    244.498    -0.382    -0.99    0.00
    609.317    -0.382     0.00    0.00
    974.051    -0.382     0.00    0.00
   1338.701    -0.382     0.00    0.00
   1703.267    -0.364     0.05    0.13
   2067.749    -0.373    -0.02    0.10
   2432.147    -0.316     0.16    0.37
   2796.461     0.260     1.58    1.14
   3172.032     0.768     1.35    1.32
   3554.018     0.718    -0.13    1.28
   3935.910     0.967     0.65    1.30
   4317.708     1.021     0.14    1.38
   4699.411     1.002    -0.05    1.61
   5081.020     0.988    -0.04    1.67
   5462.535     0.618    -0.97    1.61
   5843.956    -0.058    -1.77    0.98
   6225.284    -0.195    -0.36    1.06
   6606.517     0.025     0.58    1.53
   6987.656     0.122     0.26    1.81
   7368.702     0.048    -0.20    1.93
   7749.654    -0.491    -1.41    1.62
   8130.513    -1.099    -1.60    0.53
   8511.278    -1.245    -0.38    0.35
   8891.949    -1.326    -0.21    0.23
   9272.527    -1.317     0.02    0.42
   9653.012    -0.440     2.30    2.19
  10033.403     1.177     4.25    3.08
  10413.702     2.772     4.19    2.86
  10793.907     4.398     4.28    2.02
  11174.019     4.908     1.34    0.89
  11554.038     4.838    -0.18    0.88
  11933.964     4.763    -0.20    0.86
  12313.798     4.508    -0.67    0.70
  12693.538     4.440    -0.18    0.58
  13073.186     4.356    -0.22    0.44
  13452.741     4.412     0.15    0.63
  13832.204     4.516     0.27    0.61
  14211.574     4.384    -0.35    0.71
  14590.852     4.429     0.12    0.76
  14970.037     4.242    -0.49    0.87
  15349.130     3.961    -0.74    0.92
  15728.130     4.021     0.16    0.85
  16107.039     3.958    -0.17    0.83
  16485.855     4.009     0.13    0.71
  16864.580     4.060     0.14    0.80
  17243.212     3.914    -0.39    0.85
  17621.752     3.799    -0.30    0.86
  18000.201     3.739    -0.16    0.83
  18378.557     3.495    -0.65    0.85
  18756.822     3.227    -0.71    0.91
  19134.996     2.898    -0.87    1.11
  19513.077     3.029     0.35    1.22
  19891.068     3.173     0.38    1.22
  20268.966     3.465     0.77    1.45
  20646.774     5.914     6.48    5.62
  21024.490    11.127    13.80   10.19
  21402.114    18.508    19.54   10.85
  21779.648    26.350    20.77    7.91
  22157.090    31.159    12.74    4.86
  22534.442    34.177     8.00    3.56
  22911.702    35.526     3.58    2.46
  23288.871    35.071    -1.21    2.68
  23665.950    32.188    -7.64    4.64
  24042.938    26.766   -14.38    8.09
  24419.835    18.029   -23.18   11.69
  24796.641    10.721   -19.40   10.33
  25173.356     4.894   -15.47    5.38
  25549.981     3.287    -4.27    2.97
  25926.516     2.944    -0.91    2.73
  26302.960     2.313    -1.68    2.50
  26679.314     1.159    -3.07    1.51
  27055.578     0.691    -1.24    0.98
  27431.751     0.484    -0.55    0.93
  27807.834     0.786     0.80    1.59
  28183.827     1.235     1.19    1.78
  28559.730     1.721     1.29    1.89
  28935.543     2.655     2.49    3.03
  29311.266     5.339     7.14    6.52
  29686.899     7.498     5.75    8.07
  30062.442    10.828     8.87    8.53
  30437.896    14.923    10.91    9.88
  30813.260    19.838    13.09   10.31
  31188.535    25.479    15.03    7.44
  31563.720    28.894     9.10    4.07
  31938.815    29.995     2.94    2.78
  32313.821    31.272     3.40    5.06
  32688.738    35.523    11.34    7.67
  33063.565    41.113    14.91    8.53
  33438.303    47.608    17.33    7.51
  33812.952    51.792    11.17    6.43
  34187.512    53.400     4.29    5.50
  34561.983    54.223     2.20    5.35
  34936.365    53.932    -0.78    5.07
  35310.658    53.571    -0.96    4.16
  35684.863    52.384    -3.17    4.66
  36058.978    48.150   -11.32    5.63
  36433.005    43.861   -11.47    6.16
  36806.943    37.294   -17.56    7.93
  37180.792    31.247   -16.17    8.72
  37554.553    25.510   -15.35    8.25
  37928.226    20.516   -13.36    7.70
  38301.810    15.829   -12.54    7.41
  38675.305    14.421    -3.77    6.10
  39048.713    14.722     0.80    5.43
  39422.032    18.222     9.38    6.31
  39795.263    22.636    11.83    5.15
  40168.406    27.435    12.86    5.54
  40541.461    34.331    18.48    9.09
  40914.428    41.618    19.54   10.18
  41287.307    46.896    14.15    6.87
  41660.098    48.820     5.16    5.03
  42032.802    46.920    -5.10    5.47
  42405.417    43.646    -8.79    5.26
  42777.946    41.227    -6.49    4.61
  43150.386    38.300    -7.86    4.11
  43522.739    35.489    -7.55    3.30
  43895.004    34.536    -2.56    3.70
  44267.182    33.948    -1.58    4.50
  44639.273    34.590     1.73    4.78
  45011.276    36.675     5.61    4.65
  45383.192    38.042     3.68    4.19
  45755.021    37.788    -0.69    4.32
  46126.763    37.425    -0.97    4.16
  46498.418    36.571    -2.30    3.05
  46869.985    36.475    -0.26    2.35
  47241.466    37.384     2.45    2.76
  47612.860    39.175     4.82    2.73
  47984.167    39.533     0.96    3.21
  48355.388    38.410    -3.02    3.73
  48726.521    37.512    -2.42    3.67
  49097.568    37.386    -0.34    3.54
  49468.529    38.169     2.11    3.99
  49839.403    40.300     5.75    4.49
  50210.190    42.284     5.35    5.67
  50580.891    43.805     4.10    6.60
  50951.506    46.646     7.67    7.41
  51322.034    48.665     5.45    7.50
  51692.477    51.113     6.61    6.98
  52062.833    53.679     6.93    5.36
  52433.103    51.713    -5.31    5.97
  52803.287    47.677   -10.90    7.96
  53173.385    41.421   -16.90    8.07
  53543.397    36.380   -13.63    6.11
  53913.323    31.675   -12.72    4.98
  54283.164    28.516    -8.54    5.10
  54652.918    25.608    -7.87    7.98
  55022.587    19.421   -16.73   10.35
  55392.171    14.511   -13.29    9.27
  55761.668    12.589    -5.20    6.65
  56131.081    13.222     1.71    5.62
  56500.408    15.493     6.15    4.47
  56869.649    16.818     3.59    3.97
  57238.805    14.958    -5.04    5.35
  57607.876    12.664    -6.21    5.29
  57976.862    12.676     0.03    6.01
  58345.762    14.174     4.06    6.74
  58714.578    15.806     4.43    7.45
  59083.308    16.099     0.79    6.49
  59451.953    14.844    -3.40    5.20
  59820.514    14.618    -0.61    5.18
  60188.989    15.552     2.53    5.09
  60557.380    17.599     5.56    5.69
  60925.686    19.818     6.03    6.23
  61293.908    22.259     6.63    6.25
  61662.044    25.804     9.63    6.38
  62030.096    28.851     8.28    6.14
  62398.064    31.291     6.63    5.23
  62765.947    33.750     6.68    4.17
  63133.746    35.056     3.55    6.01
  63501.461    35.425     1.01    7.10
  63869.091    35.259    -0.45    7.49
  64236.637    34.138    -3.05    5.86
  64604.098    33.964    -0.48    4.44
  64971.476    34.967     2.73    5.29
  65338.770    35.806     2.28    6.11
  65705.979    35.627    -0.49    6.37
  66073.105    36.063     1.19    5.78
  66440.147    35.723    -0.93    3.98
  66807.105    35.536    -0.51    2.45
  67173.979    36.457     2.51    2.17
  67540.769    36.174    -0.77    2.27
  67907.476    35.531    -1.75    2.67
  68274.099    34.894    -1.74    3.28
  68640.639    33.658    -3.37    3.40
  69007.095    32.589    -2.92    3.08
  69373.468    32.686     0.26    3.03
  69739.757    32.839     0.42    3.09
  70105.964    34.052     3.31    3.87
  70472.086    34.897     2.31    4.92
  70838.126    34.229    -1.82    5.74
  71204.082    34.726     1.36    5.86
  71569.956    34.703    -0.06    5.19
  71935.746    33.514    -3.25    5.14
  72301.454    32.326    -3.25    5.10
  72667.078    31.203    -3.07    4.44
  73032.620    29.506    -4.64    3.10
  73398.078    29.825     0.88    3.49
  73763.454    30.246     1.15    3.73
  74128.748    30.732     1.33    5.64
  74493.958    33.370     7.22    9.89
  74859.086    36.148     7.61   11.63
  75224.132    35.877    -0.74   11.36
  75589.095    33.022    -7.82   13.55
  75953.976    27.684   -14.63   13.18
  76318.774    23.618   -11.15    7.05
  76683.490    25.446     5.01    6.28
  77048.124    29.427    10.92    6.53
  77412.675    32.210     7.63    6.62
  77782.656    32.493     0.76    6.60
  78164.470    32.243    -0.65    6.68
  78546.191    31.916    -0.86    6.12
  78927.821    32.181     0.69    5.76
  79309.359    34.494     6.06    5.64
  79690.804    36.913     6.34    4.85
  80072.159    38.945     5.33    4.85
  80453.421    41.427     6.51    5.85
  80834.592    44.820     8.90    8.34
  81215.672    47.421     6.83   10.83
  81596.660    48.271     2.23   11.37
  81977.556    49.025     1.98   10.87
  82358.361    50.756     4.55   11.05
  82739.075    57.835    18.59   11.47
  83119.698    66.234    22.07    7.98
  83500.229    70.071    10.08    5.68
  83880.670    73.088     7.93    5.42
  84261.019    75.738     6.97    6.49
  84641.278    78.480     7.21    6.41
  85021.445    77.010    -3.87    8.66
  85401.522    70.128   -18.11   13.97
  85781.508    60.849   -24.42   12.53
  86161.403    55.385   -14.38    7.52
  86541.208    59.137     9.88   10.59
  86920.922    69.763    27.98   13.39
  87300.545    81.712    31.47   14.61
  87680.078    90.897    24.20   13.30
  88059.521    99.618    22.98   12.24
  88438.873   103.294     9.69   13.15
  88818.135   102.970    -0.85   15.80
  89197.307   101.246    -4.55   16.13
  89576.389   100.618    -1.66   14.57
  89955.381    98.951    -4.40   11.66
  90334.283    96.912    -5.38   11.17
  90713.094    92.608   -11.36   14.41
  91091.816    83.971   -22.81   20.38
  91470.448    73.284   -28.22   24.39
  91848.991    62.444   -28.63   24.18
  92227.443    53.531   -23.55   23.91
  92605.806    45.291   -21.78   19.47
  92984.080    44.694    -1.58   15.08
  93362.264    47.537     7.52   14.03
  93740.358    57.401    26.09   12.87
  94118.363    66.431    23.89    9.38
  94496.279    72.475    15.99    9.18
  94874.106    75.414     7.78    6.33
  95251.843    71.773    -9.64   11.69
  95629.491    62.156   -25.46   15.97
  96007.050    54.773   -19.55   12.40
  96384.520    50.108   -12.36    9.38
  96761.902    45.262   -12.84   11.82
  97139.194    43.759    -3.98   12.35
  97516.398    42.232    -4.05   12.59
  97893.512    47.542    14.08   15.56
  98270.538    58.006    27.75   14.34
  98647.476    68.462    27.74   12.61
  99024.325    77.852    24.92    9.84
  99401.085    86.094    21.87    8.91
  99777.757    92.873    18.00    8.33
 100154.341    98.018    13.66    7.48
 100530.836   101.083     8.14    7.44
 100907.243   102.530     3.84    7.72
 101283.562   102.608     0.21    7.90
 101659.792   104.103     3.97    7.29
 102035.935   107.123     8.03    7.69
 102411.989   110.899    10.04    6.88
 102787.956   112.646     4.65    5.48
 103163.834   110.729    -5.10    7.89
 103539.625   104.903   -15.50   10.17
 103915.328   101.465    -9.15    9.87
 104290.944   101.014    -1.20   10.37
 104666.471   100.730    -0.76   12.19
 105041.911    94.310   -17.10   21.49
 105417.264    89.550   -12.68   24.99
 105792.529    84.132   -14.44   25.42
 106167.707    83.799    -0.89   23.99
 106542.797    84.317     1.38   21.59
 106917.800    84.646     0.88   18.64
 107292.716    80.667   -10.61   18.18
 107667.544    76.323   -11.59   17.17
 108042.286    74.822    -4.00   15.47
 108416.940    73.328    -3.99   14.59
 108791.508    72.586    -1.98   14.38
 109165.988    73.791     3.22   12.96
 109540.382    74.550     2.03   11.67
 109914.689    77.608     8.17   10.05
 110288.909    81.156     9.48    6.91
 110663.042    81.783     1.67    6.70
 111037.089    81.370    -1.10    7.24
 111411.049    82.618     3.34    7.64
 111784.923    84.272     4.42    7.88
 112158.710    86.759     6.65    8.09
 112532.411    88.319     4.17    7.71
 112906.025    89.803     3.97    6.74
 113279.553    91.108     3.49    5.99
 113652.995    92.196     2.91    5.60
 114026.351    94.361     5.80    4.05
 114399.621    95.780     3.80    3.19
 114772.804    98.394     7.01    3.19
 115145.902    99.875     3.97    3.55
 115518.914   100.558     1.83    3.92
 115891.840    99.951    -1.63    3.94
 116264.680    99.133    -2.19    3.65
 116637.434    98.694    -1.18    3.48
 117010.103    98.548    -0.39    3.56
 117382.686    97.022    -4.10    4.60
 117755.183    95.108    -5.14    4.57
 118127.595    94.770    -0.91    4.84
 118499.922    95.742     2.61    4.81
 118872.163    97.441     4.57    3.79
 119244.318    96.954    -1.31    4.09
 119616.389    95.824    -3.04    4.20
 119988.374    93.778    -5.50    5.37
 120360.274    90.577    -8.61    5.56
 120732.089    88.456    -5.71    4.55
 121103.819    87.938    -1.39    3.66
 121475.463    90.589     7.13    5.00
 121847.023    94.531    10.61    4.97
 122218.498    97.804     8.81    3.64
 122589.889    98.743     2.53    3.11
 122961.194    97.066    -4.52    5.02
 123332.415    93.856    -8.65    6.26
 123703.551    91.008    -7.67    4.92
 124074.602    90.380    -1.69    4.32
 124445.569    91.853     3.97    4.75
 124816.452    94.123     6.12    4.67
 125187.250    95.056     2.52    4.91
 125557.964    94.043    -2.73    5.37
 125928.593    91.951    -5.65    6.06
 126299.138    89.691    -6.10    5.87
 126669.599    91.147     3.93    7.46
 127039.976    94.746     9.72    9.28
 127410.269   102.732    21.56   10.97
 127780.477   110.399    20.71   10.38
 128150.602   117.931    20.35   10.14
 128520.643   124.704    18.30    9.30
 128890.600   132.352    20.67    6.83
 129260.473   136.118    10.18    4.69
 129630.262   136.965     2.29    4.10
 129999.968   133.118   -10.40    7.30
 130369.590   126.812   -17.06    9.77
 130739.129   115.412   -30.85   15.22
 131108.584   102.977   -33.65   17.62
 131477.955    88.935   -38.01   17.02
 131847.243    75.791   -35.59   14.95
 132216.448    64.028   -31.86   12.52
 132585.570    52.069   -32.40   13.84
 132954.608    41.549   -28.50   13.94
 133323.563    33.598   -21.55   10.75
 133692.435    31.743    -5.03    9.65
 134061.224    36.657    13.33   13.52
 134429.930    47.705    29.96   14.87
 134798.553    53.250    15.04   13.71
 135167.093    53.791     1.47   16.58
 135535.550    51.228    -6.96   17.88
 135903.924    48.853    -6.45   14.85
 136272.216    48.329    -1.42   12.66
 136640.425    48.499     0.46   11.42
 137008.551    48.204    -0.80   10.79
 137376.595    48.659     1.23   10.66
 137744.556    53.060    11.96   11.20
 138112.435    58.728    15.41    9.12
 138480.231    63.314    12.47    6.61
 138847.945    66.123     7.64    8.79
 139215.577    70.658    12.34    9.52
 139583.126    74.977    11.75    7.70
 139950.593    76.750     4.83    6.39
 140317.979    77.252     1.37    6.02
 140685.282    78.657     3.82    5.48
 141052.503    78.951     0.80    5.45
 141419.642    81.268     6.31    5.35
 141786.699    82.938     4.55    5.85
 142153.674    86.657    10.13    7.42
 142520.567    91.495    13.19    8.56
 142887.379    96.456    13.52    9.19
 143254.109   102.220    15.72    8.90
 143620.758   108.500    17.13    6.49
 143987.324   111.765     8.91    4.36
 144353.810   113.169     3.83    3.69
 144720.213   114.501     3.64    4.23
 145086.536   115.529     2.80    4.59
 145452.777   116.686     3.16    4.52
 145818.936   115.814    -2.38    5.80
 146185.014   111.938   -10.59    8.13
 146551.012   106.715   -14.27    8.47
 146916.928   103.199    -9.61    6.40
 147282.762   103.041    -0.43    5.75
 147648.516   103.717     1.85    5.25
 148014.189   105.529     4.95    3.88
 148379.781   107.559     5.55    5.40
 148745.292   111.261    10.12    6.50
 149110.722   114.265     8.22    6.00
 149476.071   115.046     2.14    5.71
 149841.340   110.783   -11.67    8.56
 150206.528   105.589   -14.22    9.72
 150571.635    99.550   -16.54    7.78
 150936.662    95.647   -10.69    7.77
 151301.608    93.096    -6.99    7.52
 151666.474    90.705    -6.55    7.38
 152031.259    88.202    -6.86    5.49
 152396.068    86.128    -5.69    5.01
 152777.710    82.983    -8.24    7.50
 153159.262    79.529    -9.05    7.97
 153540.724    78.796    -1.92    8.26
 153922.097    79.735     2.46    8.62
 154303.380    82.705     7.79    7.59
 154684.574    85.328     6.88    6.39
 155065.679    85.695     0.96    4.74
 155446.694    88.049     6.18    3.57
 155827.621    87.521    -1.39    4.18
 156208.457    85.238    -5.99    6.46
 156589.205    82.824    -6.34    7.48
 156969.864    80.468    -6.19    6.64
 157350.434    80.530     0.16    6.24
 157730.915    81.848     3.46    5.64
 158111.307    83.195     3.54    5.24
 158491.610    85.577     6.26    3.88
 158871.825    86.961     3.64    5.15
 159251.950    90.441     9.15    6.49
 159631.988    94.781    11.42    6.62
 160011.936    98.012     8.50    4.81
 160391.796   100.278     5.97    4.48
 160771.568   101.565     3.39    4.06
 161151.251   100.243    -3.48    4.39
 161530.846    97.493    -7.24    6.61
 161910.353    92.899   -12.10    7.34
 162289.771    88.842   -10.69    3.97
 162669.102    88.482    -0.95    3.31
 163048.344    91.523     8.02    5.37
 163427.499    95.833    11.37    7.02
 163806.565   101.226    14.22    5.95
 164185.543   106.031    12.68    4.15
 164564.434   109.388     8.86    4.19
 164943.237   112.118     7.21    4.36
 165321.952   113.988     4.94    4.12
 165700.580   113.177    -2.14    6.26
 166079.120   108.618   -12.04    9.78
 166457.572    99.657   -23.67   12.06
 166835.937    92.235   -19.61   10.46
 167214.214    87.935   -11.37    6.07
 167592.404    88.925     2.62    7.48
 167970.507    91.951     8.00    8.78
 168348.523    92.380     1.13    8.92
 168726.451    90.459    -5.08    7.80
 169104.293    89.314    -3.03    6.12
 169482.047    89.068    -0.65    5.18
 169859.714    90.397     3.52    4.36
 170237.295    89.816    -1.54    5.02
 170614.788    87.559    -5.98    5.01
 170992.195    87.506    -0.14    5.34
 171369.515    89.410     5.05    5.86
 171746.748    93.148     9.91    5.22
 172123.894    96.079     7.77    3.14
 172500.954    96.816     1.95    2.88
 172877.928    95.268    -4.10    5.32
 173254.815    91.406   -10.25    7.60
 173631.615    87.147   -11.30    7.29
 174008.329    81.598   -14.73    7.81
 174384.957    78.806    -7.41    8.07
 174761.499    79.226     1.11    7.63
 175137.954    79.796     1.51    7.44
 175514.324    80.686     2.36    6.13
 175890.607    79.548    -3.02    5.36
 176266.804    76.540    -8.00    4.65
 176642.916    72.325   -11.21    7.20
 177018.941    66.773   -14.76    9.48
 177394.881    62.465   -11.46    7.50
 177770.735    63.004     1.43    7.17
 178146.503    67.077    10.84    8.34
 178522.186    73.259    16.45    8.39
 178897.783    79.128    15.63    7.86
 179273.294    82.579     9.19    8.08
 179648.720    86.168     9.56    7.50
 180024.061    90.030    10.29    5.68
 180399.316    90.648     1.65    4.24
 180774.486    88.232    -6.44    6.69
 181149.570    84.410   -10.19    8.15
 181524.570    81.818    -6.91    6.51
 181899.484    81.677    -0.38    5.77
 182274.313    84.396     7.25    5.74
 182649.057    86.579     5.82    4.21
 183023.717    86.565    -0.04    4.06
 183398.291    86.734     0.45    4.07
 183772.780    86.965     0.62    3.69
 184147.185    88.177     3.24    4.10
 184521.505    89.555     3.68    4.31
 184895.740    90.892     3.57    3.72
 185269.891    92.143     3.34    3.39
 185643.957    91.216    -2.48    4.73
 186017.938    89.058    -5.77    6.17
 186391.836    89.068     0.03    6.60
 186765.648    90.796     4.62    6.74
 187139.377    92.416     4.33    6.25
 187513.021    92.902     1.30    5.40
 187886.581    93.547     1.73    5.04
 188260.056    92.793    -2.02    4.45
 188633.448    92.911     0.32    3.71
 189006.755    93.977     2.85    3.28
 189379.979    92.975    -2.68    4.49
 189753.119    91.043    -5.18    5.45
 190126.174    87.628    -9.15    5.63
 190499.146    85.301    -6.24    3.37
 190872.034    84.895    -1.09    3.06
 191244.838    85.396     1.34    3.07
 191617.559    86.588     3.20    3.12
 191990.196    86.587    -0.00    3.37
 192362.750    87.142     1.49    3.05
 192735.220    87.520     1.01    2.99
 193107.606    87.715     0.52    2.81
 193479.910    87.264    -1.21    3.19
 193852.129    85.353    -5.13    3.52
 194224.266    84.092    -3.39    2.91
 194596.319    84.083    -0.03    2.88
 194968.289    84.988     2.43    2.77
 195340.177    85.123     0.36    2.72
 195711.981    84.618    -1.36    2.55
 196083.702    84.076    -1.46    2.60
 196455.340    83.677    -1.07    2.92
 196826.895    83.576    -0.27    3.09
 197198.367    82.370    -3.25    3.59
 197569.757    79.865    -6.74    3.54
 197941.063    77.951    -5.15    3.01
 198312.287    77.143    -2.18    5.06
 198683.429    78.202     2.85    8.10
 199054.488    81.004     7.55    9.83
 199425.464    83.138     5.75   10.07
 199796.358    85.598     6.63    8.18
 200167.170    86.327     1.97    7.34
 200537.899    85.786    -1.46    7.88
 200908.546    84.951    -2.25    9.13
 201279.111    82.788    -5.84   11.26
 201649.593    80.961    -4.93   12.35
 202019.994    77.018   -10.64   13.60
 202390.312    73.687    -8.99   13.43
 202760.548    68.194   -14.84   11.55
 203130.702    66.030    -5.85    8.58
 203500.775    65.811    -0.59    7.61
 203870.765    71.324    14.90   10.14
 204240.674    77.719    17.29    7.54
 204610.501    81.922    11.36    5.90
 204980.246    85.345     9.26    5.08
 205349.910    88.058     7.34    4.56
 205719.492    89.935     5.08    5.08
 206088.992    90.068     0.36    5.28
 206458.411    87.410    -7.19    6.58
 206827.749    82.433   -13.47   11.50
 207197.005    73.912   -23.07   11.86
 207566.180    68.006   -16.00    9.15
 207935.273    67.479    -1.43    7.18
 208304.286    71.188    10.05    6.75
 208673.217    75.284    11.10    6.15
 209042.067    78.172     7.83    4.90
 209410.836    79.059     2.40    4.56
 209779.524    79.686     1.70    4.19
 210148.131    80.761     2.92    3.75
 210516.657    82.756     5.41    4.61
