# NaN NaN NaN ;Mean Elev.(m), Avg Gradient(m/km), RMS Gradient(m/km) - SRTM1     
#  -65.849 -32.114  29.407 ;Mean Elev.(m), Avg Gradient(m/km), RMS Gradient(m/km) - ASTER GDEM
#    1.000  -1.299   5.231 ;Mean Elev.(m), Avg Gradient(m/km), RMS Gradient(m/km) - GMTED2010 
  8  85.952214  68.904880    11.627     6.830 10 52485.61466738 19.412
  9  85.953787  68.908663    12.204    12.595 11 52520.61463362 20.953
 10  85.946444  68.893579     3.169     3.829  9 52555.61468230 34.723
 11  85.952960  68.901026    22.804    26.214  9 52590.61467283 21.932
 12  85.954771  68.913747    12.463    13.726 11 52625.61460240 14.020
 13  85.952652  68.901463    32.204    31.352 10 52660.61463827  8.783
 14  85.947553  68.891813    38.139    36.292  8 52695.61461611  5.860
 15  85.953708  68.905075    23.273    24.154 10 52730.61464770  8.080
 16  85.953395  68.908886    29.876    29.466 10 52765.61465855  7.107
 17  85.941770  68.897518    18.237    15.576  6 52800.61465080 23.434
 18  85.947875  68.897232     1.690     0.926  9 52835.61471802 24.089
 19  85.951570  68.901313     8.273     5.029  9 52870.61475982 17.658
 20  85.951905  68.905848    20.979    21.051  8 52905.61476055 15.233
 21  85.950954  68.888781    23.021    25.680  6 52940.61468942 27.554
 23  85.950364  68.902003    29.451    30.036 10 53010.61474253  9.511
 24  85.947097  68.893924    34.386    34.785  9 53045.61470417  6.627
 25  85.950522  68.901830    30.509    30.769  9 53080.61473956  7.516
 26  85.946879  68.891389    36.291    36.496  9 53115.61470839  6.081
 27  85.952722  68.895085    20.685    26.429  7 53150.61475616 31.198
 28  85.951632  68.904924     5.208     5.759 10 53185.61474706 22.764
 29  85.953696  68.904385    14.592    17.579 10 53220.61477279 16.537
 30  85.953863  68.908299     3.151     3.915 11 53255.61475018 23.841
 32  85.952582  68.906079    21.541    23.667 11 53325.61473565 11.947
 33  85.955474  68.910553    23.569    23.767 11 53360.61469534  7.441
 34  85.947260  68.894984    33.557    34.082  9 53395.61471186  6.255
 35  85.954125  68.910718    24.560    25.246 10 53430.61470700  7.501
 36  85.946837  68.894645    35.533    35.579  9 53465.61473319  4.683
 37  85.949862  68.897663    35.713    33.860 10 53500.61479370  4.247
 38  85.953589  68.904538    15.609    18.382 10 53535.61478323 19.890
 39  85.950238  68.901768    13.431    10.106 10 53570.61479258 17.053
 40  85.954436  68.913181    12.251    13.025 11 53605.61474208 21.015
 41  85.948795  68.890953    23.139    23.899  9 53640.61473792 14.745
 42  85.953413  68.895428    18.347    21.550  7 53675.61475820 37.797
 43  85.956990  68.912139    17.195    18.471 11 53710.61469096 11.846
 44  85.947088  68.891089    36.419    36.594  8 53745.61459720  5.606
 45  85.951752  68.905207    26.531    27.015 10 53780.61463093  8.249
 46  85.957654  68.916728    19.908    20.408 12 53815.61460218 10.001
 47  85.947507  68.892442    35.397    35.575  9 53850.61466423  4.549
 48  85.952255  68.904905     4.936     4.982 10 53885.61467646 27.736
 49  85.947522  68.897217    17.550    18.225  9 53920.61474408 15.928
 50  85.949335  68.899247    16.464    17.037  9 53955.61474245 14.374
 51  85.957099  68.915824     1.235     0.642 12 53990.61466394 34.678
 52  85.948678  68.894508    23.740    27.923  8 54025.61472565 20.042
 53  85.953058  68.905427    22.918    25.320 10 54060.61472056 13.821
 54  85.954663  68.910860    23.189    23.621 11 54095.61469603 10.385
 55  85.947202  68.892939    36.716    38.243  9 54130.61463899  5.199
 56  85.953665  68.905024    28.578    28.954 10 54165.61466676  5.995
 57  85.946150  68.897125    17.321    19.297  8 54200.61464268 11.550
 58  85.955594  68.896185    23.876    28.868  7 54235.61467989 16.874
 59  85.951341  68.904192    10.351     7.790 10 54270.61470185 20.547
 60  85.951284  68.901795     9.416     2.722  9 54305.61470415 20.524
 61  85.952407  68.908664     8.680     7.774 11 54340.61468769 21.958
 62  85.949333  68.898860    17.829    19.356  9 54375.61463808 20.850
 63  85.950677  68.904061    25.171    25.774 10 54410.61463332 19.042
 64  85.947717  68.893291    37.530    38.243  9 54445.61460068  8.926
 65  85.953206  68.901956    32.025    31.137 10 54480.61462405  5.695
 66  85.947476  68.895080    36.435    35.571  9 54515.61461529  3.318
 67  85.953792  68.907262    28.566    28.515 10 54550.61463810  4.539
 68  85.950723  68.900515    32.313    32.166  9 54585.61461197  3.183
 69  85.951860  68.901425    17.602    19.111 10 54620.61463127 22.371
 70  85.950896  68.902163    16.008    16.848  9 54655.61464183 16.141
 71  85.952403  68.905606     6.960     4.975 10 54690.61462808 18.787
 72  85.948145  68.895453    25.244    24.134  6 54725.61459142 13.305
 73  85.951593  68.902921    20.027    20.720 10 54760.61460413 21.357
 74  85.946694  68.891895    41.466    39.970  8 54795.61458404 11.690
 75  85.950847  68.902567    33.674    33.865 10 54830.61460427  8.532
 76  85.948988  68.894734    34.965    34.695  8 54865.61457945  6.754
 77  85.952229  68.905546    26.677    27.316 11 54900.61460372  8.208
 78  85.950614  68.897449    32.817    32.769  9 54935.61457144  5.668
 79  85.955850  68.897487    24.171    27.556  8 54970.61460407 12.205
 80  85.951313  68.901195    15.567    11.184  9 55005.61462433 18.652
 81  85.951572  68.902982     8.837     5.649  9 55040.61461253 17.043
 82  85.953026  68.906961    14.184    16.097 10 55075.61459524 19.112
 83  85.949430  68.896567    18.721    19.273 10 55110.61454393 14.933
 84  85.951720  68.902590    22.663    24.806  9 55145.61454755 19.491
 85  85.948727  68.891816    37.232    36.114  9 55180.61452002 10.474
 86  85.953563  68.903143    27.130    27.409 10 55215.61454219 10.254
 87  85.950273  68.896546    32.434    33.008  9 55250.61451768  8.073
 88  85.952625  68.906896    26.453    26.168 11 55285.61453668  8.817
 89  85.950078  68.903095    29.684    30.136 10 55320.61450945  4.751
 90  85.952462  68.902963    11.614    11.640 10 55355.61450989 27.803
 91  85.947948  68.896904     1.699     1.704  9 55390.61450919 52.457
 92  85.952784  68.901795    13.982    16.050 10 55425.61452661 18.021
 93  85.953895  68.909140    20.257    23.398 11 55460.61449605 16.381
