# NaN NaN NaN ;Mean Elev.(m), Avg Gradient(m/km), RMS Gradient(m/km) - SRTM1     
#    0.699   0.497   2.967 ;Mean Elev.(m), Avg Gradient(m/km), RMS Gradient(m/km) - ASTER GDEM
#    0.050   0.201   2.403 ;Mean Elev.(m), Avg Gradient(m/km), RMS Gradient(m/km) - GMTED2010 
  6     1.804 52419.25466237 43.53  82.810868  70.154365 26.004
  6     1.659 52419.25466301 34.43  82.806379  70.151385 21.575
  6     1.278 52419.25466366 27.85  82.801899  70.148405 21.575
  6     0.892 52419.25466430 23.94  82.797419  70.145415 21.575
  6     0.813 52419.25466495 19.63  82.792939  70.142435 21.575
  6    -0.521 52419.25466559 19.76  82.788459  70.139455 21.575
  6     0.228 52419.25466624 20.73  82.783989  70.136475 21.575
  6     0.823 52419.25466688 23.04  82.779509  70.133485 21.575
  6     1.574 52419.25466753 24.27  82.775039  70.130505 21.575
  6     1.783 52419.25466817 28.17  82.770569  70.127525 21.575
  6     1.868 52419.25466882 34.92  82.766099  70.124535 21.575
  6     1.828 52419.25466946 34.78  82.761629  70.121555 21.575
  8     3.852 52489.25466448 27.22  82.810950  70.156879 29.381
  8     3.325 52489.25466513 20.40  82.806470  70.153889 29.381
  8     2.791 52489.25466577 16.24  82.801990  70.150909 29.381
  8     1.909 52489.25466642 15.93  82.797510  70.147929 29.381
  8    -0.158 52489.25466706 17.77  82.793031  70.144939 23.689
  8    -0.443 52489.25466771 19.48  82.788551  70.141959 23.689
  8    -2.947 52489.25466835 21.53  82.784081  70.138979 23.689
  8    -1.698 52489.25466899 22.32  82.779601  70.135989 23.689
  8    -0.773 52489.25466964 21.71  82.775131  70.133009 23.689
  8    -0.475 52489.25467028 27.03  82.770661  70.130029 23.689
  8     0.204 52489.25467093 26.45  82.766191  70.127039 23.689
  8     0.350 52489.25467157 28.07  82.761721  70.124059 23.689
  8     0.784 52489.25467222 39.72  82.757251  70.121079 23.689
  9     3.924 52524.25464034 25.80  82.802354  70.160596 20.536
  9     3.656 52524.25464099 21.04  82.797864  70.157606 20.536
  9     3.036 52524.25464163 17.49  82.793384  70.154626 20.536
  9     2.399 52524.25464228 13.92  82.788904  70.151646 20.536
  9     1.247 52524.25464292 15.71  82.784434  70.148656 20.536
  9    -0.001 52524.25464357 18.34  82.779954  70.145676 20.536
  9    -0.782 52524.25464421 17.67  82.775474  70.142696 20.536
  9    -2.048 52524.25464485 19.69  82.771004  70.139706 20.536
  9    -1.105 52524.25464550 20.65  82.766534  70.136726 20.536
  9     0.025 52524.25464614 19.80  82.762061  70.133744 27.892
  9     0.500 52524.25464679 22.47  82.757591  70.130764 27.892
  9     1.151 52524.25464743 25.47  82.753121  70.127774 27.892
  9     2.659 52524.25464808 24.61  82.748651  70.124794 27.892
 11    -0.498 52594.25469332 20.99  82.807159  70.159453  2.971
 11    -0.340 52594.25469396 21.27  82.802679  70.156473  2.971
 11    -0.386 52594.25469461 22.18  82.798199  70.153483  2.971
 11    -0.506 52594.25469525 22.39  82.793719  70.150503  2.971
 11    -0.494 52594.25469590 23.32  82.789239  70.147523  2.971
 11    -0.498 52594.25469654 22.91  82.784758  70.144536  2.991
 11    -0.740 52594.25469718 22.95  82.780278  70.141556  2.991
 11    -0.710 52594.25469783 22.33  82.775808  70.138576  2.991
 11    -0.723 52594.25469847 22.88  82.771328  70.135586  2.991
 11    -0.596 52594.25469912 21.23  82.766858  70.132606  2.991
 11    -0.296 52594.25469976 20.20  82.762388  70.129626  2.991
 11     0.064 52594.25470041 18.89  82.757918  70.126636  2.991
 11     0.293 52594.25470105 18.40  82.753448  70.123656  2.991
 13    -0.082 52664.25465506 10.30  82.811071  70.158564  1.829
 13    -0.174 52664.25465571 10.35  82.806591  70.155584  1.829
 13    -0.024 52664.25465635 10.61  82.802111  70.152604  1.829
 13     0.074 52664.25465700 10.71  82.797631  70.149614  1.829
 13    -0.086 52664.25465764 11.07  82.793151  70.146634  1.829
 13     0.018 52664.25465829 10.88  82.788671  70.143654  1.829
 13    -0.132 52664.25465893 11.10  82.784191  70.140674  1.829
 13    -0.137 52664.25465958 11.49  82.779724  70.137692  1.925
 13    -0.013 52664.25466022 11.13  82.775244  70.134702  1.925
 13     0.075 52664.25466087 10.72  82.770774  70.131722  1.925
 13     0.138 52664.25466151 10.67  82.766304  70.128742  1.925
 13     0.355 52664.25466215 10.43  82.761834  70.125752  1.925
 13     0.604 52664.25466280 10.53  82.757364  70.122772  1.925
 14    -0.352 52699.25463024  9.47  82.826819  70.150294  2.051
 14    -0.343 52699.25463089  9.36  82.822339  70.147304  2.051
 14    -0.290 52699.25463153  9.59  82.817849  70.144324  2.051
 14    -0.454 52699.25463218  9.97  82.813369  70.141344  2.051
 14    -0.489 52699.25463282 10.27  82.808899  70.138364  2.051
 14    -0.278 52699.25463347 10.16  82.804419  70.135374  2.051
 14    -0.297 52699.25463411  9.79  82.799939  70.132394  2.051
 14    -0.218 52699.25463476  9.63  82.795469  70.129414  2.051
 14    -0.087 52699.25463540  9.38  82.790986  70.126425  1.925
 14    -0.018 52699.25463605  9.25  82.786516  70.123445  1.925
 14     0.407 52699.25463669  9.20  82.782046  70.120465  1.925
 14     0.542 52699.25463733  9.09  82.777576  70.117475  1.925
 15    -0.033 52734.25465636  9.70  82.812798  70.156758  1.747
 15     0.153 52734.25465700  9.50  82.808318  70.153778  1.747
 15     0.235 52734.25465765  9.76  82.803838  70.150798  1.747
 15     0.307 52734.25465829  9.79  82.799358  70.147818  1.747
 15     0.251 52734.25465894 10.01  82.794878  70.144828  1.747
 15     0.049 52734.25465958 10.40  82.790408  70.141848  1.747
 15     0.159 52734.25466022 10.31  82.785928  70.138868  1.747
 15     0.062 52734.25466087 10.38  82.781458  70.135878  1.747
 15     0.053 52734.25466151  9.80  82.776988  70.132898  1.747
 15     0.201 52734.25466216  9.55  82.772508  70.129918  1.747
 15     0.369 52734.25466280  9.25  82.768038  70.126928  1.747
 15     0.395 52734.25466345  8.95  82.763568  70.123948  1.747
 15     0.506 52734.25466409  8.78  82.759100  70.120963  2.217
 16     3.401 52769.25465235 14.33  82.797940  70.161166  5.279
 16     2.711 52769.25465300 13.22  82.793460  70.158186  5.279
 16     0.340 52769.25465364 11.95  82.788980  70.155206  5.279
 16    -0.063 52769.25465429 10.99  82.784500  70.152216  5.279
 16     0.029 52769.25465493 11.31  82.780020  70.149236  5.279
 16     0.018 52769.25465558 12.08  82.775550  70.146256  5.279
 16     0.326 52769.25465622 12.53  82.771070  70.143266  5.279
 16     0.387 52769.25465687 13.38  82.766600  70.140286  5.279
 16     0.535 52769.25465751 15.56  82.762130  70.137306  5.279
 16     0.359 52769.25465816 18.06  82.757650  70.134316  5.279
 16     1.155 52769.25465880 17.05  82.753180  70.131336  5.279
 16     0.178 52769.25465945 19.77  82.748711  70.128347 11.944
 16     2.969 52769.25466009 18.59  82.744251  70.125367 11.944
 17     4.704 52804.25468183 27.08  82.820885  70.150713 28.896
 17     4.061 52804.25468248 21.75  82.816409  70.147738 20.415
 17     3.673 52804.25468312 18.88  82.811919  70.144748 20.415
 17     2.650 52804.25468377 17.34  82.807439  70.141768 20.415
 17     2.215 52804.25468441 17.51  82.802969  70.138788 20.415
 17     3.077 52804.25468506 17.11  82.798489  70.135808 20.415
 17     3.601 52804.25468570 18.32  82.794009  70.132818 20.415
 17     4.115 52804.25468634 20.89  82.789539  70.129838 20.415
 17     4.359 52804.25468699 24.50  82.785059  70.126858 20.415
 17     4.572 52804.25468763 26.12  82.780589  70.123868 20.415
 17     4.732 52804.25468828 29.26  82.776119  70.120888 20.415
 17     4.901 52804.25468892 32.89  82.771649  70.117908 20.415
 18     3.534 52839.25474400 24.67  82.818336  70.152428 25.836
 18     3.194 52839.25474465 19.38  82.813856  70.149438 25.836
 18     2.703 52839.25474529 13.52  82.809376  70.146458 25.836
 18     1.900 52839.25474594 12.02  82.804899  70.143476 14.175
 18     0.628 52839.25474658 13.48  82.800419  70.140496 14.175
 18     0.274 52839.25474723 13.47  82.795939  70.137506 14.175
 18     0.109 52839.25474787 13.69  82.791459  70.134526 14.175
 18     0.156 52839.25474852 14.08  82.786989  70.131546 14.175
 18     0.537 52839.25474916 14.94  82.782519  70.128556 14.175
 18     1.359 52839.25474980 17.38  82.778039  70.125576 14.175
 18     2.214 52839.25475045 18.37  82.773569  70.122596 14.175
 18     2.904 52839.25475109 19.34  82.769099  70.119606 14.175
 19     3.766 52874.25478307 28.88  82.816692  70.155500 26.653
 19     3.207 52874.25478371 21.14  82.812212  70.152510 26.653
 19     2.915 52874.25478436 16.45  82.807732  70.149530 26.653
 19     1.776 52874.25478500 17.59  82.803252  70.146550 26.653
 19     0.536 52874.25478565 15.54  82.798771  70.143566 22.334
 19     0.036 52874.25478629 15.38  82.794291  70.140586 22.334
 19    -0.511 52874.25478694 18.26  82.789821  70.137606 22.334
 19    -0.258 52874.25478758 16.93  82.785341  70.134616 22.334
 19    -0.267 52874.25478822 18.54  82.780871  70.131636 22.334
 19     0.122 52874.25478887 18.60  82.776391  70.128656 22.334
 19     0.113 52874.25478951 24.99  82.771921  70.125666 22.334
 19     0.524 52874.25479016 28.97  82.767451  70.122686 22.334
 19     0.601 52874.25479080 37.07  82.762981  70.119696 22.334
 21     0.114 52944.25469553 34.68  82.827401  70.148854  9.834
 21     0.260 52944.25469618 42.42  82.822921  70.145864  9.834
 21     0.376 52944.25469682 40.28  82.818441  70.142884  9.834
 21     0.291 52944.25469747 39.10  82.813961  70.139904  9.834
 21     0.310 52944.25469811 39.22  82.809481  70.136924  9.834
 21     0.280 52944.25469876 40.96  82.805001  70.133934  9.834
 21     0.252 52944.25469940 38.43  82.800521  70.130954  9.834
 21     0.361 52944.25470005 39.03  82.796051  70.127974  9.834
 21     0.303 52944.25470069 38.88  82.791579  70.124985  6.043
 21     0.292 52944.25470133 38.67  82.787109  70.122005  6.043
 21     0.318 52944.25470198 34.62  82.782639  70.119025  6.043
 22     0.563 52979.25474832 17.55  82.820551  70.154980  2.905
 22     0.405 52979.25474897 17.87  82.816071  70.152000  2.905
 22     0.463 52979.25474961 17.80  82.811591  70.149020  2.905
 22     0.346 52979.25475025 18.44  82.807111  70.146040  2.905
 22     0.442 52979.25475090 18.62  82.802631  70.143050  2.905
 22     0.512 52979.25475154 17.86  82.798151  70.140070  2.905
 22     0.501 52979.25475219 18.20  82.793671  70.137090  2.905
 22     0.589 52979.25475283 18.18  82.789201  70.134100  2.905
 22     0.484 52979.25475348 18.01  82.784721  70.131120  2.905
 22     0.422 52979.25475412 18.27  82.780251  70.128140  2.905
 22     0.457 52979.25475477 18.10  82.775781  70.125160  2.905
 22     0.778 52979.25475541 17.91  82.771311  70.122170  2.905
 22     1.968 52979.25475606 17.30  82.766838  70.119192  2.925
 23     0.043 53014.25474644 14.00  82.802047  70.157418  2.220
 23     0.079 53014.25474709 14.33  82.797567  70.154438  2.220
 23     0.025 53014.25474773 14.07  82.793087  70.151458  2.220
 23     0.136 53014.25474838 14.02  82.788607  70.148468  2.220
 23     0.079 53014.25474902 14.54  82.784137  70.145488  2.220
 23     0.160 53014.25474967 14.46  82.779657  70.142508  2.220
 23     0.228 53014.25475031 14.49  82.775177  70.139528  2.220
 23     0.217 53014.25475095 14.71  82.770707  70.136538  2.220
 23     0.157 53014.25475160 13.88  82.766235  70.133559  1.991
 23     0.143 53014.25475224 13.73  82.761765  70.130569  1.991
 23     0.064 53014.25475289 13.96  82.757295  70.127589  1.991
 23     0.500 53014.25475353 13.02  82.752825  70.124609  1.991
 24     0.067 53049.25471902 13.84  82.818375  70.151379  2.155
 24     0.070 53049.25471966 13.88  82.813885  70.148399  2.155
 24    -0.021 53049.25472031 14.37  82.809405  70.145419  2.155
 24     0.060 53049.25472095 14.21  82.804925  70.142429  2.155
 24     0.028 53049.25472160 14.23  82.800445  70.139449  2.155
 24    -0.101 53049.25472224 14.72  82.795975  70.136469  2.155
 24    -0.034 53049.25472289 14.38  82.791493  70.133482  1.953
 24     0.086 53049.25472353 14.42  82.787023  70.130502  1.953
 24     0.139 53049.25472418 13.84  82.782543  70.127522  1.953
 24     0.406 53049.25472482 13.56  82.778073  70.124532  1.953
 24     0.726 53049.25472546 13.42  82.773603  70.121552  1.953
 24     1.781 53049.25472611 13.22  82.769133  70.118572  1.953
 25    -0.451 53084.25475367 10.92  82.802534  70.160645  2.091
 25    -0.193 53084.25475431 10.80  82.798054  70.157665  2.091
 25    -0.264 53084.25475496 11.25  82.793574  70.154685  2.091
 25    -0.244 53084.25475560 11.71  82.789094  70.151695  2.091
 25    -0.343 53084.25475625 11.90  82.784614  70.148715  2.091
 25    -0.425 53084.25475689 12.08  82.780134  70.145735  2.091
 25    -0.350 53084.25475753 12.19  82.775654  70.142755  2.091
 25    -0.615 53084.25475818 11.76  82.771179  70.139771  1.857
 25    -0.292 53084.25475882 11.83  82.766709  70.136781  1.857
 25    -0.134 53084.25475947 11.05  82.762239  70.133801  1.857
 25    -0.088 53084.25476011 10.84  82.757769  70.130821  1.857
 25    -0.071 53084.25476076 10.53  82.753289  70.127831  1.857
 25     0.263 53084.25476140 10.10  82.748829  70.124851  1.857
 26    -0.763 53119.25472430 10.51  82.817823  70.155450  2.056
 26    -0.638 53119.25472494 10.83  82.813343  70.152470  2.056
 26    -0.588 53119.25472559 10.81  82.808853  70.149490  2.056
 26    -0.672 53119.25472623 11.32  82.804373  70.146500  2.056
 26    -0.486 53119.25472688 11.33  82.799893  70.143520  2.056
 26    -0.520 53119.25472752 11.79  82.795413  70.140540  2.056
 26    -1.166 53119.25472817 11.97  82.790935  70.137553  1.870
 26    -0.944 53119.25472881 11.58  82.786465  70.134573  1.870
 26    -0.455 53119.25472945 10.93  82.781985  70.131593  1.870
 26    -0.335 53119.25473010 10.48  82.777515  70.128603  1.870
 26    -0.059 53119.25473074 10.13  82.773045  70.125623  1.870
 26     0.029 53119.25473139  9.69  82.768575  70.122643  1.870
 26     0.337 53119.25473203  9.68  82.764105  70.119653  1.870
 27     1.879 53154.25477597 36.28  82.810457  70.156364 15.538
 27     1.776 53154.25477661 32.46  82.805977  70.153384 15.538
 27     1.466 53154.25477726 27.66  82.801497  70.150394 15.538
 27     1.114 53154.25477790 23.22  82.797017  70.147414 15.538
 27     0.591 53154.25477855 19.35  82.792537  70.144434 15.538
 27    -0.214 53154.25477919 20.22  82.788055  70.141447 10.900
 27    -0.445 53154.25477984 20.85  82.783575  70.138467 10.900
 27     0.486 53154.25478048 20.71  82.779105  70.135487 10.900
 27     0.894 53154.25478113 22.71  82.774625  70.132497 10.900
 27     1.389 53154.25478177 25.83  82.770155  70.129517 10.900
 27     1.532 53154.25478242 30.29  82.765685  70.126537 10.900
 27     1.619 53154.25478306 29.73  82.761215  70.123547 10.900
 27     1.554 53154.25478371 29.90  82.756745  70.120567 10.900
 28     4.081 53189.25476538 30.11  82.817212  70.154941 27.544
 28     3.411 53189.25476603 20.95  82.812732  70.151951 27.544
 28     2.874 53189.25476667 16.35  82.808252  70.148971 27.544
 28     2.249 53189.25476732 15.89  82.803772  70.145991 27.544
 28     1.097 53189.25476796 17.06  82.799289  70.143004 25.025
 28     0.186 53189.25476861 17.67  82.794809  70.140024 25.025
 28    -1.653 53189.25476925 19.90  82.790339  70.137044 25.025
 28    -0.878 53189.25476990 23.53  82.785859  70.134054 25.025
 28     0.058 53189.25477054 24.24  82.781389  70.131074 25.025
 28     0.856 53189.25477119 27.80  82.776919  70.128094 25.025
 28     1.444 53189.25477183 29.65  82.772449  70.125104 25.025
 28     1.754 53189.25477248 32.39  82.767979  70.122124 25.025
 29     3.790 53224.25477880 26.25  82.809004  70.157784 24.779
 29     3.283 53224.25477945 20.44  82.804524  70.154804 24.779
 29     2.752 53224.25478009 16.22  82.800044  70.151824 24.779
 29     2.313 53224.25478074 14.99  82.795564  70.148834 24.779
 29     1.393 53224.25478138 13.02  82.791084  70.145854 24.779
 29     0.768 53224.25478203 12.09  82.786604  70.142874 24.779
 29     0.670 53224.25478267 12.18  82.782134  70.139894 24.779
 29     0.454 53224.25478332 13.15  82.777664  70.136904 24.779
 29     0.574 53224.25478396 13.40  82.773182  70.133926 19.775
 29     1.168 53224.25478461 13.68  82.768712  70.130936 19.775
 29     2.326 53224.25478525 14.55  82.764242  70.127956 19.775
 29     3.126 53224.25478590 16.86  82.759772  70.124976 19.775
 29     3.640 53224.25478654 19.64  82.755302  70.121986 19.775
 30     4.089 53259.25475347 27.12  82.799431  70.161715 21.336
 30     3.504 53259.25475411 19.57  82.794951  70.158725 21.336
 30     2.922 53259.25475476 17.33  82.790471  70.155745 21.336
 30     2.287 53259.25475540 14.00  82.785991  70.152765 21.336
 30     1.050 53259.25475604 14.31  82.781511  70.149775 21.336
 30     0.275 53259.25475669 14.87  82.777041  70.146795 21.336
 30    -0.076 53259.25475733 15.01  82.772561  70.143815 21.336
 30    -0.076 53259.25475798 15.87  82.768091  70.140825 21.336
 30    -0.030 53259.25475862 16.40  82.763611  70.137845 21.336
 30     0.035 53259.25475927 18.14  82.759140  70.134863 31.889
 30     0.031 53259.25475991 20.92  82.754670  70.131883 31.889
 30     0.250 53259.25476056 24.35  82.750200  70.128893 31.889
 30     0.420 53259.25476120 29.52  82.745740  70.125913 31.889
 31     0.667 53294.25477909 31.81  82.814310  70.156131 14.069
 31     0.672 53294.25477973 30.36  82.809820  70.153151 14.069
 31     0.498 53294.25478038 30.42  82.805340  70.150171 14.069
 31     0.102 53294.25478102 28.59  82.800860  70.147181 14.069
 31    -0.413 53294.25478167 27.64  82.796380  70.144201 14.069
 31    -1.125 53294.25478231 27.28  82.791902  70.141218  6.775
 31    -1.997 53294.25478296 25.95  82.787422  70.138238  6.775
 31    -2.215 53294.25478360 23.98  82.782952  70.135248  6.775
 31    -0.834 53294.25478425 21.87  82.778472  70.132268  6.775
 31    -0.030 53294.25478489 21.04  82.774002  70.129288  6.775
 31     0.656 53294.25478554 20.27  82.769522  70.126298  6.775
 31     1.178 53294.25478618 20.32  82.765052  70.123318  6.775
 31     1.631 53294.25478683 22.18  82.760582  70.120338  6.775
 32     0.108 53329.25475252 16.41  82.810629  70.156259  2.045
 32     0.076 53329.25475316 17.32  82.806149  70.153279  2.045
 32     0.034 53329.25475381 17.48  82.801669  70.150289  2.045
 32    -0.123 53329.25475445 18.38  82.797189  70.147309  2.045
 32    -0.145 53329.25475510 19.37  82.792709  70.144329  2.045
 32    -0.076 53329.25475574 19.44  82.788233  70.141340  2.854
 32     0.196 53329.25475639 18.97  82.783753  70.138360  2.854
 32     0.275 53329.25475703 18.93  82.779283  70.135380  2.854
 32     0.278 53329.25475767 19.81  82.774813  70.132390  2.854
 32     0.360 53329.25475832 19.31  82.770333  70.129410  2.854
 32     0.392 53329.25475896 19.49  82.765863  70.126430  2.854
 32     0.382 53329.25475961 18.50  82.761393  70.123440  2.854
 34    -1.171 53399.25472766 11.63  82.816699  70.155098  1.895
 34    -1.208 53399.25472831 11.89  82.812219  70.152118  1.895
 34    -1.046 53399.25472895 12.47  82.807739  70.149128  1.895
 34    -0.991 53399.25472960 12.80  82.803259  70.146148  1.895
 34    -0.347 53399.25473024 12.53  82.798779  70.143168  1.895
 34    -0.081 53399.25473089 12.49  82.794300  70.140183  2.198
 34     0.153 53399.25473153 12.63  82.789820  70.137203  2.198
 34     0.074 53399.25473218 12.91  82.785350  70.134213  2.198
 34     0.124 53399.25473282 12.91  82.780870  70.131233  2.198
 34     0.129 53399.25473347 12.54  82.776400  70.128253  2.198
 34     0.201 53399.25473411 12.12  82.771930  70.125273  2.198
 34     0.538 53399.25473476 11.64  82.767460  70.122283  2.198
 35    -1.613 53434.25471818 10.79  82.802809  70.157069  1.927
 35    -1.488 53434.25471883 10.77  82.798329  70.154079  1.927
 35    -1.128 53434.25471947 11.17  82.793849  70.151099  1.927
 35    -0.982 53434.25472012 11.87  82.789369  70.148119  1.927
 35    -0.716 53434.25472076 11.74  82.784889  70.145129  1.927
 35    -1.413 53434.25472141 12.78  82.780417  70.142155  2.070
 35    -0.570 53434.25472205 12.01  82.775937  70.139165  2.070
 35    -0.286 53434.25472270 11.90  82.771467  70.136185  2.070
 35    -0.069 53434.25472334 11.20  82.766997  70.133205  2.070
 35    -0.014 53434.25472399 10.59  82.762527  70.130215  2.070
 35     0.098 53434.25472463 10.27  82.758057  70.127235  2.070
 35     0.404 53434.25472528  9.91  82.753587  70.124245  2.070
 36    -0.728 53469.25476093  9.96  82.817025  70.152826  1.844
 36    -1.463 53469.25476157 10.07  82.812545  70.149836  1.844
 36    -1.339 53469.25476221 10.41  82.808065  70.146856  1.844
 36    -0.597 53469.25476286 10.90  82.803585  70.143876  1.844
 36    -0.222 53469.25476350 11.40  82.799105  70.140894  3.342
 36     0.275 53469.25476415 11.07  82.794625  70.137914  3.342
 36     0.548 53469.25476479 11.41  82.790155  70.134924  3.342
 36     0.693 53469.25476544 22.30  82.785675  70.131944  3.342
 36     0.597 53469.25476608 19.42  82.781205  70.128964  3.342
 36     0.442 53469.25476673 10.29  82.776725  70.125974  3.342
 36     0.350 53469.25476737  9.22  82.772255  70.122994  3.342
 36     0.205 53469.25476802  9.01  82.767785  70.120014  3.342
 37     1.074 53504.25480391 10.95  82.807416  70.157798  1.810
 37     0.941 53504.25480456 10.79  82.802936  70.154818  1.810
 37     0.945 53504.25480520 11.07  82.798456  70.151828  1.810
 37     0.769 53504.25480585 11.77  82.793976  70.148848  1.810
 37     0.734 53504.25480649 11.71  82.789496  70.145868  1.810
 37     0.646 53504.25480714 11.74  82.785022  70.142878  2.091
 37     0.618 53504.25480778 12.42  82.780542  70.139898  2.091
 37     0.627 53504.25480843 12.60  82.776062  70.136918  2.091
 37     0.626 53504.25480907 13.24  82.771592  70.133928  2.091
 37     0.962 53504.25480972 11.94  82.767122  70.130948  2.091
 37     1.751 53504.25481036 10.82  82.762652  70.127968  2.091
 37     2.584 53504.25481100 10.34  82.758182  70.124978  2.091
 37     3.178 53504.25481165  9.74  82.753712  70.121998  2.091
 38     3.973 53539.25480198 32.46  82.809632  70.157642 24.137
 38     3.473 53539.25480262 25.62  82.805152  70.154662 24.137
 38     2.871 53539.25480327 19.96  82.800672  70.151672 24.137
 38     3.515 53539.25480391 16.62  82.796192  70.148692 24.137
 38     2.174 53539.25480455 16.42  82.791712  70.145712 24.137
 38     0.072 53539.25480520 18.15  82.787243  70.142722 30.061
 38     0.016 53539.25480584 18.71  82.782763  70.139742 30.061
 38     0.440 53539.25480649 20.35  82.778283  70.136762 30.061
 38     1.030 53539.25480713 21.21  82.773813  70.133772 30.061
 38     1.997 53539.25480778 24.21  82.769343  70.130792 30.061
 38     2.902 53539.25480842 26.29  82.764873  70.127812 30.061
 38     3.514 53539.25480907 28.14  82.760403  70.124822 30.061
 38     3.923 53539.25480971 31.57  82.755933  70.121842 30.061
 39     3.967 53574.25479919 28.22  82.805115  70.160136 26.755
 39     3.239 53574.25479984 26.42  82.800635  70.157156 26.755
 39     3.026 53574.25480048 18.77  82.796155  70.154166 26.755
 39     2.205 53574.25480113 16.87  82.791675  70.151186 26.755
 39     0.737 53574.25480177 17.94  82.787195  70.148206 26.755
 39    -1.931 53574.25480242 20.06  82.782715  70.145226 26.755
 39    -1.268 53574.25480306 19.41  82.778241  70.142234 28.212
 39    -1.774 53574.25480371 19.93  82.773771  70.139254 28.212
 39    -1.705 53574.25480435 22.25  82.769291  70.136274 28.212
 39    -0.962 53574.25480500 22.55  82.764821  70.133284 28.212
 39    -0.220 53574.25480564 26.71  82.760351  70.130304 28.212
 39     0.072 53574.25480628 27.43  82.755881  70.127324 28.212
 39     0.367 53574.25480693 35.14  82.751411  70.124334 28.212
 40     4.039 53609.25474904 25.95  82.799640  70.162326 26.893
 40     3.706 53609.25474969 20.99  82.795160  70.159346 26.893
 40     3.038 53609.25475033 15.51  82.790680  70.156356 26.893
 40     2.465 53609.25475098 14.11  82.786200  70.153376 26.893
 40     1.491 53609.25475162 12.86  82.781720  70.150396 26.893
 40     0.626 53609.25475227 13.39  82.777240  70.147406 26.893
 40     0.340 53609.25475291 14.35  82.772772  70.144429 23.572
 40     0.265 53609.25475355 14.94  82.768292  70.141439 23.572
 40     0.296 53609.25475420 15.64  82.763822  70.138459 23.572
 40     0.711 53609.25475484 15.57  82.759352  70.135479 23.572
 40     0.831 53609.25475549 16.24  82.754882  70.132489 23.572
 40     3.015 53609.25475613 18.13  82.750412  70.129509 23.572
 40     2.295 53609.25475678 21.76  82.745942  70.126529 23.572
 40     3.748 53609.25475742 25.99  82.741472  70.123539 23.572
 41     3.707 53644.25475225 27.88  82.822771  70.153963 21.290
 41     3.365 53644.25475290 21.10  82.818291  70.150983 21.290
 41     3.036 53644.25475354 13.90  82.813801  70.148003 21.290
 41     2.600 53644.25475418 10.92  82.809321  70.145013 21.290
 41     1.379 53644.25475483 11.55  82.804841  70.142033 21.290
 41     0.634 53644.25475547 11.91  82.800367  70.139051 16.811
 41     0.445 53644.25475612 11.93  82.795887  70.136071 16.811
 41     0.280 53644.25475676 12.82  82.791407  70.133081 16.811
 41     0.506 53644.25475741 13.06  82.786937  70.130101 16.811
 41     1.301 53644.25475805 13.87  82.782457  70.127121 16.811
 41     1.930 53644.25475870 14.42  82.777987  70.124131 16.811
 41     2.698 53644.25475934 16.86  82.773517  70.121151 16.811
 42     0.766 53679.25476999 32.29  82.804033  70.157634  6.949
 42     0.782 53679.25477063 36.87  82.799543  70.154654  6.949
 42     0.694 53679.25477128 35.41  82.795063  70.151664  6.949
 42     0.607 53679.25477192 35.64  82.790583  70.148684  6.949
 42     0.620 53679.25477257 33.91  82.786113  70.145704  6.949
 42     0.698 53679.25477321 33.90  82.781633  70.142724  6.949
 42     0.683 53679.25477386 33.38  82.777156  70.139732  8.363
 42     0.699 53679.25477450 34.57  82.772676  70.136752  8.363
 42     0.654 53679.25477515 35.51  82.768206  70.133772  8.363
 42     0.641 53679.25477579 36.00  82.763736  70.130792  8.363
 42     0.561 53679.25477644 33.86  82.759266  70.127802  8.363
 42     0.460 53679.25477708 33.16  82.754796  70.124822  8.363
 42     0.477 53679.25477773 30.91  82.750326  70.121832  8.363
 43    -0.822 53714.25469786 15.05  82.805504  70.159626  1.883
 43    -0.506 53714.25469851 15.11  82.801024  70.156646  1.883
 43    -0.599 53714.25469915 15.55  82.796544  70.153656  1.883
 43    -0.645 53714.25469980 15.78  82.792064  70.150676  1.883
 43    -0.543 53714.25470044 16.18  82.787584  70.147696  1.883
 43    -0.419 53714.25470108 16.11  82.783114  70.144706  1.883
 43    -0.347 53714.25470173 16.50  82.778633  70.141731  2.235
 43    -0.593 53714.25470237 17.45  82.774163  70.138741  2.235
 43    -0.469 53714.25470302 17.09  82.769693  70.135761  2.235
 43    -0.326 53714.25470366 16.46  82.765213  70.132781  2.235
 43     0.057 53714.25470431 16.03  82.760743  70.129791  2.235
 43     0.212 53714.25470495 16.08  82.756273  70.126811  2.235
 43     0.622 53714.25470560 14.83  82.751813  70.123821  2.235
 44    -0.005 53749.25461413 13.13  82.825913  70.149208  1.936
 44    -0.333 53749.25461478 13.71  82.821423  70.146228  1.936
 44    -0.339 53749.25461542 14.15  82.816943  70.143238  1.936
 44    -0.402 53749.25461607 14.69  82.812463  70.140258  1.936
 44    -0.288 53749.25461671 14.86  82.807990  70.137277  2.146
 44    -0.136 53749.25461736 15.19  82.803510  70.134297  2.146
 44    -0.196 53749.25461800 14.56  82.799030  70.131307  2.146
 44    -0.007 53749.25461865 14.31  82.794560  70.128327  2.146
 44     0.031 53749.25461929 13.93  82.790080  70.125347  2.146
 44     0.446 53749.25461993 13.17  82.785610  70.122357  2.146
 44     0.646 53749.25462058 13.40  82.781140  70.119377  2.146
 45     0.198 53784.25464403 11.04  82.809883  70.155769  1.743
 45     0.107 53784.25464468 11.55  82.805403  70.152779  1.743
 45     0.002 53784.25464532 11.54  82.800923  70.149799  1.743
 45    -0.152 53784.25464597 11.87  82.796443  70.146819  1.743
 45     0.045 53784.25464661 11.93  82.791963  70.143839  1.743
 45    -0.082 53784.25464726 12.78  82.787489  70.140857  1.992
 45     0.205 53784.25464790 12.51  82.783019  70.137867  1.992
 45     0.140 53784.25464855 12.16  82.778539  70.134887  1.992
 45     0.180 53784.25464919 12.14  82.774069  70.131907  1.992
 45     0.324 53784.25464984 11.44  82.769599  70.128917  1.992
 45     0.393 53784.25465048 11.70  82.765129  70.125937  1.992
 45     0.644 53784.25465113 11.41  82.760659  70.122947  1.992
 46    -2.013 53819.25460423 10.33  82.799472  70.162353  1.880
 46    -0.864 53819.25460488 10.45  82.794992  70.159373  1.880
 46    -0.635 53819.25460552 10.79  82.790512  70.156383  1.880
 46    -0.588 53819.25460617 11.10  82.786032  70.153403  1.880
 46    -0.717 53819.25460681 11.21  82.781552  70.150423  1.880
 46    -0.716 53819.25460746 11.71  82.777082  70.147433  1.880
 46    -0.748 53819.25460810 11.79  82.772602  70.144453  1.880
 46    -0.672 53819.25460875 11.62  82.768133  70.141471  1.934
 46    -0.670 53819.25460939 12.00  82.763653  70.138491  1.934
 46    -0.455 53819.25461004 11.07  82.759183  70.135501  1.934
 46    -0.133 53819.25461068 10.95  82.754713  70.132521  1.934
 46     0.060 53819.25461132 10.84  82.750253  70.129531  1.934
 46     0.535 53819.25461197 10.12  82.745783  70.126551  1.934
 46     0.687 53819.25461261  9.67  82.741313  70.123571  1.934
 47    -0.534 53854.25468563  9.44  82.813063  70.153799  1.794
 47    -0.651 53854.25468627  9.49  82.808583  70.150819  1.794
 47    -0.442 53854.25468692 10.23  82.804103  70.147829  1.794
 47    -0.357 53854.25468756 10.54  82.799623  70.144849  1.794
 47    -0.350 53854.25468821 10.34  82.795143  70.141869  1.794
 47    -0.212 53854.25468885 10.52  82.790668  70.138883  1.977
 47    -0.236 53854.25468950 10.89  82.786188  70.135903  1.977
 47    -0.290 53854.25469014 10.75  82.781718  70.132923  1.977
 47    -0.056 53854.25469079  9.78  82.777238  70.129933  1.977
 47     0.207 53854.25469143  9.55  82.772768  70.126953  1.977
 47     0.345 53854.25469208  9.36  82.768298  70.123973  1.977
 47     0.605 53854.25469272  9.05  82.763828  70.120983  1.977
 48     2.437 53889.25469433 25.06  82.816579  70.153341 20.010
 48     2.219 53889.25469497 22.85  82.812099  70.150351 20.010
 48     2.146 53889.25469562 17.03  82.807619  70.147371 20.010
 48     2.180 53889.25469626 15.56  82.803139  70.144391 20.010
 48     2.543 53889.25469691 13.88  82.798667  70.141403 19.674
 48     2.680 53889.25469755 22.52  82.794187  70.138423 19.674
 48     2.672 53889.25469820 22.10  82.789707  70.135443 19.674
 48     2.575 53889.25469884 18.68  82.785237  70.132453 19.674
 48     2.127 53889.25469949 18.29  82.780767  70.129473 19.674
 48     1.862 53889.25470013 19.17  82.776297  70.126493 19.674
 48     2.138 53889.25470078 24.63  82.771827  70.123503 19.674
 48     2.409 53889.25470142 29.64  82.767357  70.120523 19.674
 49     3.924 53924.25476038 30.12  82.808666  70.159157 29.000
 49     3.618 53924.25476102 22.32  82.804176  70.156177 29.000
 49     3.001 53924.25476167 17.82  82.799696  70.153197 29.000
 49     2.356 53924.25476231 16.10  82.795216  70.150207 29.000
 49     1.460 53924.25476295 14.26  82.790736  70.147227 29.000
 49     0.380 53924.25476360 15.18  82.786256  70.144247 29.000
 49    -0.221 53924.25476424 16.14  82.781781  70.141258 22.632
 49    -1.511 53924.25476489 18.06  82.777301  70.138278 22.632
 49     0.104 53924.25476553 16.03  82.772821  70.135298 22.632
 49     0.364 53924.25476618 17.22  82.768351  70.132308 22.632
 49     1.444 53924.25476682 17.93  82.763881  70.129328 22.632
 49     2.349 53924.25476747 20.46  82.759411  70.126348 22.632
 49     2.371 53924.25476811 24.56  82.754941  70.123358 22.632
 50     3.485 53959.25475135 21.92  82.799610  70.158918 24.436
 50     3.104 53959.25475199 17.79  82.795130  70.155938 24.436
 50     2.498 53959.25475264 15.19  82.790640  70.152948 24.436
 50     1.385 53959.25475328 14.73  82.786160  70.149968 24.436
 50     0.367 53959.25475393 15.25  82.781690  70.146988 24.436
 50     0.012 53959.25475457 15.23  82.777210  70.143998 24.436
 50    -0.057 53959.25475522 14.98  82.772735  70.141023 24.783
 50    -0.034 53959.25475586 15.47  82.768255  70.138033 24.783
 50    -0.090 53959.25475650 16.60  82.763785  70.135053 24.783
 50     0.282 53959.25475715 16.82  82.759315  70.132073 24.783
 50     0.108 53959.25475779 21.72  82.754845  70.129083 24.783
 50     0.400 53959.25475844 25.92  82.750375  70.126103 24.783
 50     0.548 53959.25475908 26.94  82.745905  70.123113 24.783
 51     3.386 53994.25468403 23.79  82.829483  70.148377 23.870
 51     0.106 53994.25468468 22.36  82.825003  70.145397 23.870
 51    -0.198 53994.25468532 17.46  82.820523  70.142407 23.870
 51    -0.018 53994.25468597 15.91  82.816033  70.139427 23.870
 51    -2.074 53994.25468661 19.85  82.811553  70.136447 26.139
 51    -1.253 53994.25468726 18.99  82.807083  70.133467 26.139
 51    -1.524 53994.25468790 20.74  82.802603  70.130477 26.139
 51    -0.443 53994.25468855 20.43  82.798123  70.127497 26.139
 51    -0.267 53994.25468919 24.53  82.793653  70.124517 26.139
 51     0.156 53994.25468984 27.63  82.789173  70.121537 26.139
 51     0.379 53994.25469048 36.98  82.784703  70.118547 26.139
 52     0.073 54029.25474241 35.44  82.820152  70.151952 10.922
 52     0.142 54029.25474305 39.22  82.815672  70.148972 10.922
 52     0.048 54029.25474370 37.86  82.811192  70.145982 10.922
 52     0.124 54029.25474434 38.16  82.806712  70.143002 10.922
 52    -0.045 54029.25474499 35.74  82.802232  70.140022 10.922
 52     0.057 54029.25474563 37.83  82.797751  70.137037  8.952
 52     0.106 54029.25474627 37.14  82.793281  70.134057  8.952
 52     0.115 54029.25474692 37.64  82.788801  70.131077  8.952
 52    -0.037 54029.25474756 32.97  82.784331  70.128087  8.952
 52     0.138 54029.25474821 33.07  82.779861  70.125107  8.952
 52     0.123 54029.25474885 36.96  82.775391  70.122127  8.952
 52    -0.033 54029.25474950 32.73  82.770921  70.119137  8.952
 53     0.188 54064.25473588 17.35  82.809932  70.155955  2.313
 53     0.157 54064.25473652 17.75  82.805452  70.152975  2.313
 53     0.244 54064.25473717 17.43  82.800972  70.149985  2.313
 53     0.078 54064.25473781 17.89  82.796492  70.147005  2.313
 53     0.068 54064.25473845 17.52  82.792012  70.144025  2.313
 53     0.231 54064.25473910 17.53  82.787542  70.141045  2.313
 53     0.108 54064.25473974 17.83  82.783062  70.138062  2.256
 53     0.126 54064.25474039 17.84  82.778592  70.135072  2.256
 53     0.097 54064.25474103 17.26  82.774112  70.132092  2.256
 53     0.152 54064.25474168 17.17  82.769642  70.129102  2.256
 53     0.140 54064.25474232 16.60  82.765172  70.126122  2.256
 53     0.478 54064.25474297 16.29  82.760702  70.123142  2.256
 54     0.114 54099.25470204 13.43  82.799957  70.158693  1.895
 54    -0.154 54099.25470268 13.68  82.795477  70.155713  1.895
 54    -0.056 54099.25470332 13.51  82.790997  70.152723  1.895
 54     0.058 54099.25470397 13.55  82.786517  70.149743  1.895
 54     0.104 54099.25470461 13.69  82.782047  70.146763  1.895
 54     0.210 54099.25470526 13.49  82.777567  70.143773  1.895
 54     0.090 54099.25470590 13.84  82.773094  70.140796  1.972
 54     0.064 54099.25470655 13.65  82.768624  70.137806  1.972
 54    -0.011 54099.25470719 13.65  82.764144  70.134826  1.972
 54    -0.006 54099.25470784 13.69  82.759674  70.131846  1.972
 54     0.194 54099.25470848 13.36  82.755204  70.128856  1.972
 54     0.361 54099.25470913 12.96  82.750734  70.125876  1.972
 54     0.709 54099.25470977 12.88  82.746274  70.122886  1.972
 55    -0.521 54134.25466036 12.27  82.820869  70.153045  2.005
 55    -0.348 54134.25466100 12.00  82.816389  70.150065  2.005
 55    -0.523 54134.25466164 12.31  82.811909  70.147075  2.005
 55    -0.541 54134.25466229 12.79  82.807429  70.144095  2.005
 55    -0.502 54134.25466293 12.81  82.802949  70.141115  2.005
 55    -0.564 54134.25466358 12.96  82.798466  70.138130  1.971
 55    -0.507 54134.25466422 12.75  82.793986  70.135150  1.971
 55    -0.397 54134.25466487 12.47  82.789516  70.132160  1.971
 55    -0.397 54134.25466551 12.27  82.785036  70.129180  1.971
 55    -0.225 54134.25466616 11.66  82.780566  70.126200  1.971
 55     0.029 54134.25466680 11.45  82.776096  70.123220  1.971
 55     0.432 54134.25466745 11.38  82.771626  70.120230  1.971
 57     0.710 54204.25466467  5.84  82.819127  70.152847  1.566
 57     0.726 54204.25466532  6.17  82.814651  70.149871  3.937
 57     0.501 54204.25466596  6.64  82.810161  70.146891  3.937
 57     0.563 54204.25466661  6.95  82.805681  70.143901  3.937
 57     0.359 54204.25466725  7.77  82.801201  70.140921  3.937
 57     0.441 54204.25466790 10.90  82.796731  70.137941  3.937
 57     0.490 54204.25466854 16.45  82.792251  70.134951  3.937
 57     0.401 54204.25466919 16.37  82.787771  70.131971  3.937
 57     0.266 54204.25466983 13.44  82.783301  70.128991  3.937
 57     0.607 54204.25467048  8.81  82.778831  70.126011  3.937
 57     2.415 54204.25467112  6.02  82.774361  70.123021  3.937
 57     3.223 54204.25467177  5.37  82.769891  70.120041  3.937
 59     2.119 54274.25471561 52.73  82.812226  70.157330 38.103
 59     2.118 54274.25471626 51.77  82.807746  70.154350 38.103
 59     2.097 54274.25471690 52.60  82.803266  70.151370 38.103
 59     2.058 54274.25471755 52.45  82.798789  70.148384 41.610
 59     2.103 54274.25471819 51.59  82.794309  70.145404 41.610
 59     2.096 54274.25471884 52.41  82.789829  70.142424 41.610
 59     2.011 54274.25471948 53.58  82.785359  70.139434 41.610
 59     2.175 54274.25472012 51.58  82.780879  70.136454 41.610
 59     2.176 54274.25472077 50.51  82.776409  70.133474 41.610
 59     2.141 54274.25472141 48.18  82.771929  70.130484 41.610
 59     2.084 54274.25472206 52.92  82.767459  70.127504 41.610
 59     2.011 54274.25472270 53.00  82.762989  70.124514 41.610
 59     2.168 54274.25472335 51.69  82.758519  70.121534 41.610
 60     0.352 54309.25471758 36.85  82.813203  70.155863 31.959
 60     0.119 54309.25471822 28.61  82.808723  70.152883 31.959
 60    -0.205 54309.25471887 25.52  82.804244  70.149901 23.671
 60    -0.754 54309.25471951 27.25  82.799764  70.146921 23.671
 60    -1.413 54309.25472016 24.20  82.795284  70.143931 23.671
 60    -2.328 54309.25472080 24.69  82.790804  70.140951 23.671
 60    -2.869 54309.25472145 27.85  82.786334  70.137971 23.671
 60    -1.826 54309.25472209 27.67  82.781854  70.134981 23.671
 60    -1.050 54309.25472274 30.22  82.777384  70.132001 23.671
 60    -0.296 54309.25472338 31.36  82.772914  70.129021 23.671
 60     0.113 54309.25472403 34.11  82.768434  70.126031 23.671
 60     0.367 54309.25472467 38.54  82.763964  70.123051 23.671
 60     0.353 54309.25472532 42.27  82.759504  70.120071 23.671
 61     4.010 54344.25469416 25.82  82.803286  70.160070 22.770
 61     3.579 54344.25469480 22.59  82.798806  70.157090 22.770
 61     3.080 54344.25469545 17.03  82.794326  70.154110 22.770
 61     2.239 54344.25469609 15.74  82.789850  70.151119 19.313
 61     1.146 54344.25469674 16.16  82.785370  70.148139 19.313
 61     0.244 54344.25469738 15.87  82.780890  70.145159 19.313
 61     0.168 54344.25469802 15.64  82.776420  70.142179 19.313
 61     0.036 54344.25469867 16.36  82.771950  70.139189 19.313
 61    -0.046 54344.25469931 16.86  82.767470  70.136209 19.313
 61     0.252 54344.25469996 16.88  82.763000  70.133219 19.313
 61    -0.037 54344.25470060 21.38  82.758530  70.130239 19.313
 61     0.447 54344.25470125 22.77  82.754060  70.127259 19.313
 61     0.737 54344.25470189 24.89  82.749590  70.124269 19.313
 62     3.471 54379.25465394 24.24  82.815237  70.152666 12.517
 62     2.994 54379.25465458 20.22  82.810757  70.149676 12.517
 62     2.618 54379.25465523 17.46  82.806277  70.146696 12.517
 62     1.855 54379.25465587 15.83  82.801797  70.143716 12.517
 62     1.025 54379.25465652 15.74  82.797317  70.140736 12.517
 62     0.215 54379.25465716 16.08  82.792837  70.137746 12.517
 62    -0.630 54379.25465781 16.54  82.788367  70.134766 12.517
 62     0.187 54379.25465845 17.35  82.783887  70.131786 12.517
 62     0.917 54379.25465910 18.88  82.779417  70.128796 12.517
 62     1.451 54379.25465974 21.07  82.774937  70.125816 12.517
 62     2.070 54379.25466038 22.20  82.770467  70.122836 12.517
 62     1.771 54379.25466103 28.96  82.766007  70.119846 12.517
 63     0.341 54414.25464262 29.64  82.807857  70.157530  2.745
 63     0.430 54414.25464327 30.70  82.803373  70.154548  6.543
 63     0.341 54414.25464391 31.59  82.798893  70.151568  6.543
 63     0.280 54414.25464456 31.63  82.794413  70.148578  6.543
 63     0.241 54414.25464520 32.41  82.789943  70.145598  6.543
 63     0.255 54414.25464584 33.35  82.785463  70.142618  6.543
 63     0.311 54414.25464649 32.24  82.780983  70.139638  6.543
 63     0.225 54414.25464713 33.44  82.776513  70.136648  6.543
 63     0.257 54414.25464778 32.40  82.772043  70.133668  6.543
 63     0.290 54414.25464842 32.33  82.767563  70.130678  6.543
 63     0.382 54414.25464907 29.57  82.763093  70.127698  6.543
 63     0.297 54414.25464971 29.36  82.758633  70.124718  6.543
 63    -0.036 54414.25465036 27.12  82.754163  70.121728  6.543
 64     0.363 54449.25462081 18.31  82.819781  70.152611  2.876
 64     0.294 54449.25462146 18.76  82.815291  70.149621  2.876
 64     0.266 54449.25462210 19.38  82.810811  70.146641  2.876
 64     0.234 54449.25462275 19.76  82.806331  70.143661  2.876
 64     0.289 54449.25462339 20.02  82.801851  70.140681  2.876
 64     0.285 54449.25462404 20.11  82.797381  70.137691  2.876
 64     0.262 54449.25462468 19.89  82.792901  70.134711  2.876
 64     0.299 54449.25462533 19.84  82.788421  70.131731  2.876
 64     0.333 54449.25462597 19.78  82.783951  70.128741  2.876
 64     0.352 54449.25462662 18.93  82.779481  70.125761  2.876
 64     0.409 54449.25462726 18.91  82.775001  70.122781  2.876
 64     0.675 54449.25462791 18.36  82.770531  70.119801  2.876
 65     0.143 54484.25463693 12.58  82.814235  70.156338  1.864
 65     0.322 54484.25463758 12.76  82.809745  70.153358  1.864
 65    -0.277 54484.25463822 13.27  82.805265  70.150368  1.864
 65    -0.289 54484.25463887 13.47  82.800785  70.147388  1.864
 65    -0.231 54484.25463951 13.73  82.796305  70.144408  1.864
 65    -0.196 54484.25464015 13.76  82.791829  70.141420  2.053
 65    -0.216 54484.25464080 14.29  82.787359  70.138440  2.053
 65    -0.224 54484.25464144 13.79  82.782879  70.135460  2.053
 65    -0.163 54484.25464209 13.55  82.778409  70.132470  2.053
 65     0.009 54484.25464273 12.90  82.773939  70.129490  2.053
 65     0.282 54484.25464338 12.80  82.769469  70.126510  2.053
 65     0.558 54484.25464402 12.57  82.764999  70.123520  2.053
 65     0.726 54484.25464467 12.13  82.760529  70.120540  2.053
 66    -1.016 54519.25463452 12.26  82.817615  70.152695  1.757
 66    -0.510 54519.25463517 12.22  82.813135  70.149715  1.757
 66    -0.512 54519.25463581 13.04  82.808656  70.146736  2.150
 66    -0.325 54519.25463646 12.61  82.804176  70.143756  2.150
 66    -0.231 54519.25463710 13.00  82.799696  70.140766  2.150
 66    -0.508 54519.25463775 12.78  82.795216  70.137786  2.150
 66    -0.356 54519.25463839 12.82  82.790746  70.134806  2.150
 66    -0.419 54519.25463904 12.93  82.786266  70.131816  2.150
 66    -0.213 54519.25463968 12.32  82.781796  70.128836  2.150
 66    -0.115 54519.25464033 12.39  82.777326  70.125856  2.150
 66     0.088 54519.25464097 11.83  82.772846  70.122876  2.150
 66     0.447 54519.25464162 11.40  82.768376  70.119886  2.150
 67    -1.170 54554.25464844 10.49  82.803507  70.158867  1.984
 67    -0.738 54554.25464909 10.75  82.799027  70.155877  1.984
 67    -0.497 54554.25464973 11.06  82.794547  70.152897  1.984
 67    -0.471 54554.25465038 11.32  82.790067  70.149917  1.984
 67    -0.593 54554.25465102 11.42  82.785587  70.146937  1.984
 67    -0.597 54554.25465167 11.58  82.781108  70.143953  1.916
 67    -0.739 54554.25465231 11.61  82.776638  70.140963  1.916
 67    -0.860 54554.25465296 11.65  82.772168  70.137983  1.916
 67    -0.483 54554.25465360 10.63  82.767688  70.135003  1.916
 67    -0.169 54554.25465425 10.39  82.763218  70.132013  1.916
 67     0.066 54554.25465489  9.93  82.758748  70.129033  1.916
 67     0.152 54554.25465554  9.93  82.754278  70.126043  1.916
 67     0.469 54554.25465618  9.24  82.749818  70.123063  1.916
 68     0.426 54589.25463010  6.97  82.813124  70.154050  1.580
 68     0.146 54589.25463074  7.40  82.808634  70.151070  1.580
 68     0.193 54589.25463139  7.12  82.804154  70.148090  1.580
 68    -0.048 54589.25463203  7.86  82.799681  70.145104  1.899
 68     0.029 54589.25463267  7.60  82.795201  70.142124  1.899
 68     0.094 54589.25463332  7.69  82.790721  70.139144  1.899
 68     0.200 54589.25463396  8.37  82.786241  70.136154  1.899
 68     0.187 54589.25463461  7.47  82.781771  70.133174  1.899
 68     0.278 54589.25463525  7.05  82.777301  70.130194  1.899
 68     0.421 54589.25463590  6.93  82.772821  70.127204  1.899
 68     0.810 54589.25463654  6.64  82.768351  70.124224  1.899
 68     1.058 54589.25463719  6.27  82.763881  70.121244  1.899
 69     6.148 54624.25464690 33.13  82.809909  70.157690 33.139
 69     6.099 54624.25464754 31.41  82.805419  70.154700 33.139
 69     6.113 54624.25464819 34.43  82.800939  70.151720 33.139
 69     6.142 54624.25464883 39.46  82.796459  70.148740 33.139
 69     6.138 54624.25464948 44.99  82.791981  70.145752 37.026
 69     6.217 54624.25465012 45.95  82.787511  70.142772 37.026
 69     6.300 54624.25465077 45.62  82.783031  70.139792 37.026
 69     6.302 54624.25465141 44.13  82.778561  70.136802 37.026
 69     6.319 54624.25465206 45.77  82.774081  70.133822 37.026
 69     6.240 54624.25465270 42.69  82.769611  70.130842 37.026
 69     6.230 54624.25465335 40.61  82.765141  70.127852 37.026
 69     6.202 54624.25465399 32.47  82.760671  70.124872 37.026
 69     6.136 54624.25465464 29.70  82.756201  70.121892 37.026
 70     3.928 54659.25465555 29.56  82.811651  70.157517 13.332
 70     3.376 54659.25465619 20.64  82.807171  70.154537 13.332
 70     2.992 54659.25465684 17.87  82.802691  70.151557 13.332
 70     2.441 54659.25465748 13.44  82.798201  70.148567 13.332
 70     1.453 54659.25465813 13.31  82.793731  70.145587 13.332
 70     0.600 54659.25465877 13.29  82.789251  70.142607 13.332
 70     0.411 54659.25465942 13.12  82.784771  70.139617 13.332
 70     0.452 54659.25466006 13.59  82.780301  70.136637 13.332
 70     0.434 54659.25466071 13.56  82.775821  70.133657 13.332
 70     1.004 54659.25466135 14.76  82.771351  70.130667 13.332
 70     2.060 54659.25466200 15.19  82.766881  70.127687 13.332
 70     2.635 54659.25466264 17.83  82.762411  70.124707 13.332
 70     2.708 54659.25466329 23.05  82.757941  70.121717 13.332
 71     0.429 54694.25463604 49.82  82.804383  70.156517 33.079
 71     0.462 54694.25463668 50.02  82.799903  70.153537 33.079
 71     0.409 54694.25463733 51.45  82.795423  70.150547 33.079
 71     0.329 54694.25463797 51.75  82.790943  70.147567 33.079
 71     0.438 54694.25463862 50.40  82.786463  70.144587 33.079
 71     0.314 54694.25463926 51.31  82.781993  70.141597 33.079
 71     0.457 54694.25463991 50.11  82.777516  70.138621 35.426
 71     0.416 54694.25464055 49.54  82.773046  70.135631 35.426
 71     0.335 54694.25464119 48.85  82.768566  70.132651 35.426
 71     0.353 54694.25464184 50.79  82.764096  70.129671 35.426
 71     0.473 54694.25464248 51.44  82.759626  70.126681 35.426
 71     0.485 54694.25464313 51.85  82.755156  70.123701 35.426
 72     3.207 54729.25461049 22.42  82.816282  70.152855 28.873
 72     2.863 54729.25461114 16.77  82.811802  70.149875 28.873
 72     2.487 54729.25461178 12.28  82.807322  70.146895 28.873
 72     1.597 54729.25461243 12.22  82.802847  70.143912 17.125
 72     0.514 54729.25461307 12.34  82.798367  70.140932 17.125
 72     0.347 54729.25461372 12.31  82.793887  70.137942 17.125
 72     0.135 54729.25461436 13.35  82.789417  70.134962 17.125
 72     0.301 54729.25461501 12.64  82.784937  70.131982 17.125
 72     0.562 54729.25461565 12.98  82.780467  70.129002 17.125
 72     1.409 54729.25461630 13.85  82.775987  70.126012 17.125
 72     2.128 54729.25461694 15.78  82.771517  70.123032 17.125
 72     2.726 54729.25461759 17.91  82.767047  70.120042 17.125
 73     1.078 54764.25461427 29.26  82.809035  70.155259 14.967
 73     0.756 54764.25461492 26.26  82.804555  70.152269 14.967
 73     0.521 54764.25461556 23.54  82.800075  70.149289 14.967
 73     0.038 54764.25461621 22.21  82.795595  70.146309 14.967
 73    -0.892 54764.25461685 22.03  82.791120  70.143323  8.469
 73    -2.166 54764.25461750 21.34  82.786640  70.140343  8.469
 73    -1.074 54764.25461814 19.56  82.782160  70.137353  8.469
 73    -0.438 54764.25461879 19.98  82.777690  70.134373  8.469
 73     0.005 54764.25461943 22.47  82.773220  70.131393  8.469
 73     0.509 54764.25462007 24.43  82.768750  70.128413  8.469
 73     0.919 54764.25462072 26.36  82.764280  70.125423  8.469
 73     1.041 54764.25462136 32.56  82.759810  70.122443  8.469
 74    -0.555 54799.25460401 15.84  82.820192  70.152789  2.028
 74    -0.452 54799.25460466 16.00  82.815702  70.149809  2.028
 74    -0.254 54799.25460530 16.07  82.811228  70.146832  2.661
 74    -0.105 54799.25460595 16.43  82.806738  70.143842  2.661
 74    -0.043 54799.25460659 17.06  82.802268  70.140862  2.661
 74     0.009 54799.25460724 16.33  82.797788  70.137882  2.661
 74    -0.056 54799.25460788 16.89  82.793308  70.134902  2.661
 74    -0.197 54799.25460853 16.98  82.788838  70.131912  2.661
 74    -0.310 54799.25460917 16.75  82.784358  70.128932  2.661
 74    -0.188 54799.25460981 16.33  82.779888  70.125952  2.661
 74     0.165 54799.25461046 15.71  82.775418  70.122962  2.661
 74     1.058 54799.25461110 15.25  82.770948  70.119982  2.661
 75     0.636 54834.25460439 12.29  82.811067  70.157918  1.831
 75     0.525 54834.25460503 12.46  82.806577  70.154938  1.831
 75     0.364 54834.25460568 12.47  82.802097  70.151948  1.831
 75     0.040 54834.25460632 12.82  82.797617  70.148968  1.831
 75    -0.032 54834.25460697 13.16  82.793137  70.145988  1.831
 75    -0.011 54834.25460761 13.76  82.788668  70.142998  3.354
 75    -0.115 54834.25460826 14.47  82.784188  70.140018  3.354
 75    -0.036 54834.25460890 13.83  82.779708  70.137038  3.354
 75    -0.052 54834.25460955 13.96  82.775238  70.134048  3.354
 75     0.445 54834.25461019 13.61  82.770768  70.131068  3.354
 75     0.690 54834.25461084 14.08  82.766298  70.128088  3.354
 75     0.905 54834.25461148 17.26  82.761828  70.125098  3.354
 75     0.832 54834.25461213 17.55  82.757358  70.122118  3.354
 76     0.442 54869.25460080 11.30  82.820989  70.152686  1.740
 76     0.271 54869.25460145 11.57  82.816499  70.149696  1.740
 76    -0.007 54869.25460209 11.98  82.812019  70.146720  2.268
 76    -0.281 54869.25460274 12.48  82.807539  70.143730  2.268
 76    -0.280 54869.25460338 12.52  82.803059  70.140750  2.268
 76    -0.133 54869.25460403 12.78  82.798589  70.137770  2.268
 76    -0.156 54869.25460467 13.66  82.794109  70.134790  2.268
 76    -0.215 54869.25460532 12.60  82.789629  70.131800  2.268
 76     0.086 54869.25460596 12.01  82.785159  70.128820  2.268
 76     0.350 54869.25460660 11.61  82.780689  70.125840  2.268
 76     0.589 54869.25460725 11.49  82.776209  70.122850  2.268
 76     0.745 54869.25460789 10.96  82.771739  70.119870  2.268
 77    -0.082 54904.25461349  9.87  82.803364  70.160969  1.831
 77     0.028 54904.25461413 10.26  82.798884  70.157989  1.831
 77    -0.153 54904.25461478 10.36  82.794404  70.154999  1.831
 77    -0.251 54904.25461542 10.81  82.789924  70.152019  1.831
 77    -0.145 54904.25461607 10.40  82.785444  70.149039  1.831
 77    -0.147 54904.25461671 11.18  82.780965  70.146048  1.984
 77    -0.239 54904.25461736 11.43  82.776485  70.143068  1.984
 77    -0.357 54904.25461800 11.50  82.772015  70.140088  1.984
 77    -0.212 54904.25461864 10.63  82.767545  70.137098  1.984
 77     0.001 54904.25461929 10.45  82.763065  70.134118  1.984
 77     0.451 54904.25461993  9.91  82.758595  70.131138  1.984
 77     0.560 54904.25462058  9.56  82.754125  70.128148  1.984
 77     0.770 54904.25462122  9.33  82.749665  70.125168  1.984
 78     0.539 54939.25459137  9.43  82.818758  70.155679  2.030
 78     0.614 54939.25459202  9.45  82.814268  70.152699  2.030
 78     0.552 54939.25459266  9.80  82.809788  70.149719  2.030
 78     0.503 54939.25459331  9.94  82.805308  70.146729  2.030
 78     0.403 54939.25459395 10.41  82.800828  70.143749  2.030
 78     0.383 54939.25459460 10.62  82.796348  70.140769  2.030
 78     0.409 54939.25459524 10.81  82.791868  70.137779  2.030
 78     0.481 54939.25459589 10.92  82.787398  70.134799  2.030
 78     0.555 54939.25459653 10.74  82.782918  70.131819  2.030
 78     0.718 54939.25459718  9.81  82.778448  70.128839  2.030
 78     0.983 54939.25459782  9.42  82.773978  70.125849  2.030
 78     1.205 54939.25459847  9.23  82.769508  70.122869  2.030
 78     1.695 54939.25459911  9.02  82.765038  70.119889  2.030
 79     1.490 54974.25462242 29.81  82.812144  70.154990 13.503
 79     1.378 54974.25462306 27.31  82.807664  70.152010 13.503
 79     1.040 54974.25462371 22.96  82.803184  70.149030 13.503
 79     0.617 54974.25462435 18.57  82.798711  70.146044 10.153
 79     0.006 54974.25462500 18.69  82.794231  70.143064 10.153
 79    -0.972 54974.25462564 19.36  82.789751  70.140084 10.153
 79    -0.835 54974.25462629 21.18  82.785271  70.137094 10.153
 79     0.131 54974.25462693 21.63  82.780801  70.134114 10.153
 79     0.696 54974.25462758 22.28  82.776331  70.131134 10.153
 79     1.214 54974.25462822 24.56  82.771851  70.128144 10.153
 79     1.451 54974.25462887 29.26  82.767381  70.125164 10.153
 79     1.546 54974.25462951 32.88  82.762911  70.122184 10.153
 80     4.175 55009.25463557 31.46  82.809110  70.158625 33.253
 80     3.647 55009.25463621 25.51  82.804630  70.155645 33.253
 80     3.079 55009.25463686 19.56  82.800150  70.152655 33.253
 80     2.402 55009.25463750 17.20  82.795670  70.149675 33.253
 80     1.717 55009.25463814 18.39  82.791190  70.146695 33.253
 80     1.604 55009.25463879 17.90  82.786712  70.143706 25.742
 80     1.553 55009.25463943 18.58  82.782242  70.140726 25.742
 80     1.438 55009.25464008 19.77  82.777762  70.137746 25.742
 80     1.454 55009.25464072 18.41  82.773292  70.134756 25.742
 80     1.254 55009.25464137 21.35  82.768822  70.131776 25.742
 80     1.289 55009.25464201 25.18  82.764352  70.128796 25.742
 80     1.834 55009.25464266 25.20  82.759882  70.125806 25.742
 80     1.925 55009.25464330 31.76  82.755412  70.122826 25.742
 81     3.394 55044.25462599 23.40  82.811816  70.155457 29.239
 81     3.084 55044.25462664 19.34  82.807336  70.152467 29.239
 81     2.468 55044.25462728 15.23  82.802846  70.149487 29.239
 81     1.737 55044.25462793 14.08  82.798376  70.146507 29.239
 81     0.559 55044.25462857 14.03  82.793890  70.143519 18.804
 81     0.237 55044.25462922 13.22  82.789420  70.140539 18.804
 81     0.142 55044.25462986 13.49  82.784940  70.137559 18.804
 81     0.112 55044.25463051 13.64  82.780460  70.134569 18.804
 81     0.326 55044.25463115 14.08  82.775990  70.131589 18.804
 81     1.121 55044.25463180 14.73  82.771520  70.128609 18.804
 81     1.945 55044.25463244 17.08  82.767050  70.125619 18.804
 81     2.443 55044.25463309 19.14  82.762580  70.122639 18.804
 82     3.326 55079.25460226 25.99  82.802770  70.158555 25.619
 82     3.016 55079.25460290 18.84  82.798290  70.155575 25.619
 82     2.181 55079.25460355 16.35  82.793810  70.152585 25.619
 82     1.644 55079.25460419 13.84  82.789330  70.149605 25.619
 82     0.543 55079.25460483 13.77  82.784850  70.146625 25.619
 82     0.086 55079.25460548 13.81  82.780380  70.143635 25.619
 82     0.069 55079.25460612 14.12  82.775900  70.140659 24.564
 82     0.068 55079.25460677 14.14  82.771430  70.137669 24.564
 82     0.128 55079.25460741 13.80  82.766960  70.134689 24.564
 82     0.875 55079.25460806 14.17  82.762480  70.131709 24.564
 82     2.431 55079.25460870 16.48  82.758010  70.128719 24.564
 82     2.784 55079.25460935 18.00  82.753550  70.125739 24.564
 82     0.964 55079.25460999 24.35  82.749080  70.122749 24.564
 83     3.644 55114.25455825 31.75  82.817513  70.155342 24.164
 83     0.106 55114.25455890 36.05  82.813033  70.152362 24.164
 83    -0.275 55114.25455954 34.60  82.808553  70.149372 24.164
 83    -0.771 55114.25456019 31.76  82.804073  70.146392 24.164
 83    -1.371 55114.25456083 30.03  82.799593  70.143412 24.164
 83    -2.274 55114.25456148 29.70  82.795117  70.140427 24.731
 83    -3.145 55114.25456212 27.47  82.790637  70.137447 24.731
 83    -1.966 55114.25456277 25.20  82.786167  70.134467 24.731
 83    -1.088 55114.25456341 26.40  82.781687  70.131477 24.731
 83    -0.446 55114.25456406 29.29  82.777217  70.128497 24.731
 83    -0.079 55114.25456470 33.65  82.772747  70.125517 24.731
 83     0.188 55114.25456535 36.64  82.768277  70.122527 24.731
 83     0.236 55114.25456599 43.60  82.763807  70.119547 24.731
 84    -0.094 55149.25455854 19.76  82.808263  70.156083  2.986
 84    -0.404 55149.25455918 21.84  82.803783  70.153093  2.986
 84    -0.379 55149.25455983 23.54  82.799303  70.150113  2.986
 84    -0.432 55149.25456047 24.72  82.794823  70.147133  2.986
 84    -0.411 55149.25456112 25.68  82.790343  70.144146  5.264
 84    -0.384 55149.25456176 27.07  82.785863  70.141166  5.264
 84    -0.472 55149.25456241 26.43  82.781393  70.138186  5.264
 84    -0.587 55149.25456305 27.90  82.776913  70.135196  5.264
 84    -0.437 55149.25456370 27.06  82.772443  70.132216  5.264
 84    -0.475 55149.25456434 25.71  82.767973  70.129236  5.264
 84    -0.274 55149.25456499 24.81  82.763503  70.126246  5.264
 84    -0.390 55149.25456563 24.01  82.759033  70.123266  5.264
 85    -0.051 55184.25454167 17.29  82.818278  70.152163  2.052
 85    -0.158 55184.25454231 18.17  82.813798  70.149183  2.052
 85    -0.083 55184.25454296 18.27  82.809312  70.146204  2.988
 85    -0.080 55184.25454360 19.56  82.804832  70.143224  2.988
 85    -0.069 55184.25454424 19.33  82.800352  70.140234  2.988
 85    -0.168 55184.25454489 19.88  82.795872  70.137254  2.988
 85    -0.256 55184.25454553 19.72  82.791402  70.134274  2.988
 85    -0.339 55184.25454618 19.61  82.786922  70.131284  2.988
 85    -0.118 55184.25454682 18.69  82.782452  70.128304  2.988
 85    -0.063 55184.25454747 18.65  82.777982  70.125324  2.988
 85     0.032 55184.25454811 18.01  82.773502  70.122334  2.988
 85     0.118 55184.25454876 17.47  82.769032  70.119354  2.988
 86     0.834 55219.25455589 18.52  82.808502  70.158626  3.898
 86     0.844 55219.25455653 18.58  82.804012  70.155646  3.898
 86     0.774 55219.25455717 16.85  82.799532  70.152656  3.898
 86     0.626 55219.25455782 15.97  82.795052  70.149676  3.898
 86     0.378 55219.25455846 16.70  82.790582  70.146696  3.898
 86    -0.287 55219.25455911 17.46  82.786098  70.143707  2.640
 86     0.600 55219.25455975 16.55  82.781628  70.140727  2.640
 86     0.655 55219.25456040 16.37  82.777148  70.137747  2.640
 86     0.517 55219.25456104 16.07  82.772678  70.134757  2.640
 86     0.645 55219.25456169 15.39  82.768208  70.131777  2.640
 86     0.752 55219.25456233 15.17  82.763728  70.128797  2.640
 86     0.831 55219.25456298 14.53  82.759258  70.125807  2.640
 86     0.614 55219.25456362 14.97  82.754798  70.122827  2.640
 87     0.490 55254.25453743 11.73  82.819959  70.154346  1.896
 87    -0.021 55254.25453808 12.03  82.815469  70.151366  1.896
 87    -0.107 55254.25453872 12.34  82.810989  70.148388  2.254
 87    -0.219 55254.25453937 12.70  82.806509  70.145408  2.254
 87    -0.288 55254.25454001 13.16  82.802029  70.142418  2.254
 87    -0.471 55254.25454065 13.86  82.797559  70.139438  2.254
 87    -0.367 55254.25454130 13.19  82.793079  70.136458  2.254
 87    -0.402 55254.25454194 13.46  82.788599  70.133468  2.254
 87    -0.205 55254.25454259 13.38  82.784129  70.130488  2.254
 87     0.156 55254.25454323 12.80  82.779659  70.127508  2.254
 87     0.601 55254.25454388 12.39  82.775179  70.124518  2.254
 87     0.754 55254.25454452 12.33  82.770709  70.121538  2.254
 88     0.314 55289.25454530 10.74  82.803318  70.160823  1.721
 88     0.297 55289.25454595 11.00  82.798838  70.157843  1.721
 88     0.153 55289.25454659 11.02  82.794348  70.154853  1.721
 88    -0.031 55289.25454723 11.61  82.789868  70.151873  1.721
 88    -0.169 55289.25454788 11.47  82.785398  70.148893  1.721
 88    -0.126 55289.25454852 11.71  82.780918  70.145903  1.721
 88    -0.140 55289.25454917 12.03  82.776444  70.142927  1.967
 88    -0.162 55289.25454981 12.33  82.771964  70.139937  1.967
 88     0.010 55289.25455046 12.21  82.767494  70.136957  1.967
 88     0.060 55289.25455110 12.30  82.763024  70.133977  1.967
 88     0.200 55289.25455175 11.78  82.758554  70.130987  1.967
 88     0.252 55289.25455239 11.65  82.754084  70.128007  1.967
 88     0.458 55289.25455304 11.15  82.749614  70.125027  1.967
 89     0.669 55324.25452426  8.19  82.808389  70.155597  1.563
 89     0.472 55324.25452490  8.55  82.803909  70.152607  1.563
 89     0.422 55324.25452555  8.83  82.799429  70.149627  1.563
 89     0.349 55324.25452619  8.88  82.794949  70.146647  1.563
 89     0.252 55324.25452684  9.35  82.790465  70.143658  1.760
 89     0.348 55324.25452748  8.81  82.785985  70.140678  1.760
 89     0.242 55324.25452813  9.03  82.781515  70.137698  1.760
 89     0.183 55324.25452877  9.00  82.777035  70.134708  1.760
 89     0.389 55324.25452942  8.81  82.772565  70.131728  1.760
 89     0.688 55324.25453006  8.58  82.768095  70.128748  1.760
 89     0.778 55324.25453071  8.35  82.763625  70.125758  1.760
 89     0.722 55324.25453135  7.72  82.759155  70.122778  1.760
 90     4.639 55359.25452247 36.65  82.806479  70.156105 38.559
 90     4.739 55359.25452312 37.69  82.801999  70.153115 38.559
 90     4.681 55359.25452376 33.43  82.797519  70.150135 38.559
 90     4.640 55359.25452441 33.25  82.793039  70.147155 38.559
 90     4.838 55359.25452505 34.65  82.788565  70.144167 31.819
 90     4.793 55359.25452570 32.44  82.784085  70.141187 31.819
 90     4.768 55359.25452634 29.27  82.779605  70.138207 31.819
 90     4.773 55359.25452699 27.69  82.775135  70.135217 31.819
 90     4.754 55359.25452763 27.40  82.770665  70.132237 31.819
 90     4.649 55359.25452828 27.88  82.766195  70.129257 31.819
 90     4.852 55359.25452892 30.37  82.761725  70.126267 31.819
 90     4.850 55359.25452956 32.16  82.757255  70.123287 31.819
 91     4.243 55394.25452660 26.44  82.816010  70.154576 22.038
 91     3.223 55394.25452725 20.96  82.811530  70.151596 22.038
 91     2.908 55394.25452789 17.20  82.807050  70.148616 22.038
 91     1.816 55394.25452854 16.73  82.802567  70.145634 20.880
 91    -0.936 55394.25452918 19.19  82.798087  70.142654 20.880
 91    -0.480 55394.25452983 17.44  82.793607  70.139664 20.880
 91    -1.410 55394.25453047 19.72  82.789137  70.136684 20.880
 91    -0.492 55394.25453112 22.54  82.784657  70.133704 20.880
 91     0.494 55394.25453176 23.38  82.780187  70.130714 20.880
 91     1.141 55394.25453241 24.34  82.775717  70.127734 20.880
 91     1.535 55394.25453305 29.36  82.771237  70.124754 20.880
 91     2.196 55394.25453370 31.08  82.766767  70.121764 20.880
 92     3.560 55429.25453791 25.44  82.813278  70.156132 23.159
 92     3.230 55429.25453855 20.57  82.808798  70.153142 23.159
 92     2.874 55429.25453919 16.70  82.804318  70.150162 23.159
 92     2.193 55429.25453984 13.92  82.799838  70.147182 23.159
 92     0.974 55429.25454048 14.00  82.795358  70.144202 23.159
 92     0.338 55429.25454113 14.30  82.790881  70.141212 20.351
 92     0.015 55429.25454177 16.08  82.786411  70.138232 20.351
 92    -0.034 55429.25454242 16.18  82.781931  70.135252 20.351
 92     0.220 55429.25454306 17.13  82.777461  70.132262 20.351
 92     0.839 55429.25454371 21.50  82.772991  70.129282 20.351
 92     1.445 55429.25454435 21.95  82.768521  70.126302 20.351
 92     2.245 55429.25454500 24.69  82.764051  70.123312 20.351
 92     2.731 55429.25454564 27.75  82.759581  70.120332 20.351
 93     0.265 55464.25450058 40.62  82.801434  70.159050 11.534
 93     0.051 55464.25450123 39.53  82.796954  70.156070 11.534
 93     0.118 55464.25450187 39.69  82.792474  70.153080 11.534
 93     0.047 55464.25450251 40.53  82.787994  70.150100 11.534
 93     0.028 55464.25450316 39.33  82.783524  70.147120 11.534
 93    -0.044 55464.25450380 38.99  82.779044  70.144130 11.534
 93    -0.040 55464.25450445 39.21  82.774573  70.141152 12.983
 93    -0.160 55464.25450509 38.86  82.770093  70.138162 12.983
 93    -0.159 55464.25450574 38.14  82.765623  70.135182 12.983
 93     0.053 55464.25450638 37.33  82.761153  70.132202 12.983
 93     0.110 55464.25450703 38.97  82.756683  70.129212 12.983
 93     0.158 55464.25450767 41.57  82.752213  70.126232 12.983
 93     0.145 55464.25450832 47.41  82.747753  70.123242 12.983
