# NaN NaN NaN ;Mean Elev.(m), Avg Gradient(m/km), RMS Gradient(m/km) - SRTM1     
#    3.853  -0.821   3.592 ;Mean Elev.(m), Avg Gradient(m/km), RMS Gradient(m/km) - ASTER GDEM
#    1.619  -0.841   4.180 ;Mean Elev.(m), Avg Gradient(m/km), RMS Gradient(m/km) - GMTED2010 
  7     0.392 52469.61681079 23.97  84.326261  69.563561 16.204
  7     0.169 52469.61681143 22.68  84.322011  69.566571 16.204
  7     0.289 52469.61681208 20.54  84.317761  69.569571 16.204
  7     0.768 52469.61681272 19.89  84.313511  69.572571 16.204
  7     1.196 52469.61681337 20.68  84.309251  69.575571 16.204
  7     1.475 52469.61681401 25.35  84.305001  69.578571 16.204
  7     1.649 52469.61681465 29.03  84.300741  69.581571 16.204
  8    -1.559 52504.61679560 31.53  84.331682  69.562632 17.900
  8    -1.814 52504.61679624 26.66  84.327432  69.565632 17.900
  8    -2.179 52504.61679689 24.80  84.323182  69.568632 17.900
  8    -1.979 52504.61679753 22.31  84.318932  69.571632 17.900
  8    -1.049 52504.61679818 21.87  84.314682  69.574632 17.900
  8    -0.472 52504.61679882 22.53  84.310432  69.577632 17.900
  8    -0.969 52504.61679947 35.70  84.306172  69.580642 17.900
  9     5.760 52539.61677909 16.60  84.311885  69.561208 13.309
  9     3.691 52539.61677973 16.70  84.307635  69.564218 13.309
  9     2.670 52539.61678038 17.83  84.303385  69.567218 13.309
  9     1.968 52539.61678102 18.29  84.299125  69.570218 13.309
  9     2.221 52539.61678166 18.78  84.294875  69.573218 13.309
  9     1.448 52539.61678231 20.20  84.290615  69.576218 13.309
  9     1.192 52539.61678295 19.17  84.286355  69.579218 13.309
  9     4.457 52539.61678360 17.38  84.282101  69.582221 10.451
 10     0.266 52574.61682319 30.08  84.320630  69.563096  6.893
 10     0.224 52574.61682383 31.11  84.316380  69.566096  6.893
 10     0.149 52574.61682448 31.20  84.312130  69.569106  6.893
 10     0.252 52574.61682512 31.16  84.307880  69.572106  6.893
 10     0.303 52574.61682576 32.73  84.303620  69.575106  6.893
 10     0.194 52574.61682641 30.69  84.299370  69.578106  6.893
 10     0.214 52574.61682705 29.14  84.295110  69.581106  6.893
 11     0.224 52609.61678246 13.61  84.335319  69.561806  2.040
 11     0.180 52609.61678311 13.74  84.331069  69.564816  2.040
 11     0.128 52609.61678375 14.11  84.326829  69.567816  2.040
 11     0.174 52609.61678440 14.30  84.322569  69.570816  2.040
 11     0.145 52609.61678504 14.07  84.318323  69.573817  2.016
 11     0.226 52609.61678569 13.98  84.314063  69.576817  2.016
 11    -0.046 52609.61678633 13.78  84.309813  69.579817  2.016
 12     0.280 52644.61677416 11.76  84.321638  69.560482  2.053
 12     0.272 52644.61677481 11.28  84.317388  69.563492  2.053
 12     0.230 52644.61677545 11.60  84.313138  69.566492  2.053
 12     0.152 52644.61677610 11.26  84.308878  69.569492  2.053
 12     0.181 52644.61677674 11.38  84.304628  69.572492  2.053
 12     0.272 52644.61677739 11.35  84.300378  69.575492  2.053
 12     0.192 52644.61677803 11.29  84.296118  69.578492  2.053
 12    -0.087 52644.61677868 11.39  84.291858  69.581492  2.053
 15     0.243 52749.61682348  7.66  84.329787  69.562269  1.891
 15     0.512 52749.61682412  7.68  84.325537  69.565279  1.891
 15     0.599 52749.61682477  8.04  84.321287  69.568279  1.891
 15     0.528 52749.61682541  7.95  84.317037  69.571279  1.891
 15     0.493 52749.61682606  7.90  84.312785  69.574283  1.862
 15     0.493 52749.61682670  8.04  84.308535  69.577283  1.862
 15     0.320 52749.61682735  8.20  84.304285  69.580283  1.862
 16     3.032 52784.61676582 35.90  84.308039  69.559905 12.154
 16     2.928 52784.61676646 32.38  84.303789  69.562905 12.154
 16     2.670 52784.61676711 24.84  84.299539  69.565915 12.154
 16     2.376 52784.61676775 21.20  84.295281  69.568917 11.892
 16     2.239 52784.61676840 22.70  84.291031  69.571917 11.892
 16     2.578 52784.61676904 21.86  84.286771  69.574917 11.892
 16     2.824 52784.61676969 20.68  84.282511  69.577917 11.892
 16     2.968 52784.61677033 29.54  84.278251  69.580917 11.892
 16     3.081 52784.61677098 32.34  84.273991  69.583917 11.892
 17     6.074 52819.61684156 26.77  84.311740  69.559899 26.565
 17     5.693 52819.61684221 14.22  84.307490  69.562899 26.565
 17     4.960 52819.61684285 14.42  84.303236  69.565895 23.189
 17     2.040 52819.61684350 14.91  84.298976  69.568895 23.189
 17     1.271 52819.61684414 15.12  84.294726  69.571895 23.189
 17     2.071 52819.61684479 16.27  84.290466  69.574905 23.189
 17     2.149 52819.61684543 16.80  84.286206  69.577905 23.189
 17     4.119 52819.61684608 15.98  84.281956  69.580905 23.189
 17     5.253 52819.61684672 15.29  84.277696  69.583905 23.189
 18     0.423 52854.61688993 24.86  84.323362  69.560328 28.383
 18     0.446 52854.61689058 29.59  84.319112  69.563338 28.383
 18     0.138 52854.61689122 24.38  84.314862  69.566338 28.383
 18     0.428 52854.61689187 22.27  84.310609  69.569335 12.884
 18     0.979 52854.61689251 21.50  84.306349  69.572335 12.884
 18     1.757 52854.61689316 20.38  84.302099  69.575335 12.884
 18     1.873 52854.61689380 21.66  84.297839  69.578345 12.884
 18     1.899 52854.61689444 22.67  84.293579  69.581345 12.884
 20     6.078 52924.61687704 29.21  84.339184  69.564325 17.421
 20     5.379 52924.61687769 28.19  84.334934  69.567325 17.421
 20     4.829 52924.61687833 26.55  84.330684  69.570325 17.421
 20     3.946 52924.61687898 27.59  84.326427  69.573332 15.085
 20     3.530 52924.61687962 28.84  84.322177  69.576332 15.085
 20     4.435 52924.61688027 30.02  84.317927  69.579332 15.085
 21     2.830 52959.61684412 17.86  84.320267  69.562041  2.870
 21     1.233 52959.61684476 17.78  84.316017  69.565041  2.870
 21     0.338 52959.61684541 18.21  84.311767  69.568041  2.870
 21     0.186 52959.61684605 18.79  84.307507  69.571041  2.870
 21     0.324 52959.61684670 18.49  84.303257  69.574041  2.870
 21     0.376 52959.61684734 18.26  84.298997  69.577041  2.870
 21     0.327 52959.61684799 17.93  84.294738  69.580048  2.207
 21     0.262 52959.61684863 18.01  84.290478  69.583048  2.207
 22     0.069 52994.61687629 12.74  84.323001  69.562547  1.905
 22     0.265 52994.61687693 12.26  84.318761  69.565547  1.905
 22     0.093 52994.61687758 12.21  84.314501  69.568547  1.905
 22     0.141 52994.61687822 12.55  84.310251  69.571547  1.905
 22     0.066 52994.61687887 12.61  84.306001  69.574557  1.905
 22    -0.064 52994.61687951 12.06  84.301741  69.577557  1.905
 22    -0.222 52994.61688015 11.96  84.297481  69.580557  1.905
 23     0.246 53029.61683964 11.03  84.343745  69.563401  1.865
 23     0.317 53029.61684028 10.86  84.339495  69.566401  1.865
 23     0.328 53029.61684092 10.50  84.335249  69.569410  1.858
 23     0.408 53029.61684157 10.83  84.330999  69.572410  1.858
 23     0.473 53029.61684221 10.73  84.326749  69.575410  1.858
 23     0.262 53029.61684286 10.69  84.322499  69.578410  1.858
 24    -0.387 53064.61684709 10.03  84.329606  69.561050  1.864
 24    -0.314 53064.61684773 10.08  84.325356  69.564050  1.864
 24    -0.324 53064.61684838  9.95  84.321104  69.567050  1.893
 24    -0.319 53064.61684902 10.08  84.316854  69.570050  1.893
 24    -0.292 53064.61684967  9.71  84.312604  69.573050  1.893
 24    -0.525 53064.61685031 10.13  84.308344  69.576050  1.893
 24    -0.630 53064.61685096  9.93  84.304094  69.579060  1.893
 24    -0.986 53064.61685160 10.25  84.299834  69.582060  1.893
 25     0.028 53099.61685671  8.66  84.335919  69.563846  1.917
 25     0.213 53099.61685736  8.34  84.331669  69.566846  1.917
 25     0.279 53099.61685800  8.58  84.327419  69.569856  1.917
 25    -0.028 53099.61685865  8.66  84.323169  69.572856  1.917
 25    -0.049 53099.61685929  8.77  84.318919  69.575856  1.917
 25    -0.089 53099.61685994  8.61  84.314669  69.578856  1.917
 25    -0.529 53099.61686058  8.61  84.310409  69.581856  1.917
 26     0.051 53134.61684732  7.65  84.326392  69.563268  1.943
 26     0.081 53134.61684797  8.08  84.322142  69.566268  1.943
 26     0.200 53134.61684861  8.15  84.317892  69.569268  1.943
 26     0.121 53134.61684926  8.06  84.313642  69.572268  1.943
 26     0.072 53134.61684990  8.14  84.309382  69.575278  1.943
 26    -0.235 53134.61685055  7.99  84.305122  69.578278  1.943
 26    -0.411 53134.61685119  8.17  84.300872  69.581278  1.943
 29     5.217 53239.61688517 19.66  84.343788  69.562111 20.144
 29     0.359 53239.61688581 21.95  84.339538  69.565111 20.144
 29    -0.024 53239.61688646 26.93  84.335288  69.568111 20.144
 29    -0.434 53239.61688710 24.66  84.331038  69.571121 20.144
 29    -1.071 53239.61688775 27.01  84.326788  69.574121 20.144
 29    -2.010 53239.61688839 26.19  84.322538  69.577121 20.144
 29    -2.819 53239.61688904 24.41  84.318285  69.580120  8.957
 31     0.503 53309.61690150 26.14  84.318258  69.562355  5.184
 31     0.522 53309.61690215 28.85  84.314008  69.565355  5.184
 31     0.505 53309.61690279 29.82  84.309758  69.568365  5.184
 31     0.332 53309.61690343 31.13  84.305498  69.571365  5.184
 31     0.310 53309.61690408 27.98  84.301250  69.574361  3.419
 31     0.241 53309.61690472 25.36  84.296990  69.577361  3.419
 31     0.197 53309.61690537 23.72  84.292740  69.580361  3.419
 31     0.117 53309.61690601 22.31  84.288480  69.583371  3.419
 32    -0.037 53344.61686711 13.43  84.335399  69.561759  2.141
 32    -0.016 53344.61686776 13.06  84.331149  69.564759  2.141
 32    -0.025 53344.61686840 13.70  84.326899  69.567759  2.141
 32     0.049 53344.61686905 13.76  84.322649  69.570769  2.141
 32     0.023 53344.61686969 13.89  84.318399  69.573769  2.141
 32    -0.143 53344.61687034 14.41  84.314149  69.576769  2.181
 32    -0.496 53344.61687098 13.56  84.309899  69.579769  2.181
 33    -0.080 53379.61681641 10.41  84.307973  69.562414  2.422
 33     0.178 53379.61681706 10.50  84.303713  69.565414  2.422
 33     0.153 53379.61681770 10.61  84.299463  69.568424  2.422
 33     0.201 53379.61681835 11.32  84.295203  69.571424  2.422
 33     0.196 53379.61681899 10.62  84.290953  69.574424  2.422
 33     0.053 53379.61681963 11.04  84.286693  69.577424  2.422
 33    -0.320 53379.61682028 10.72  84.282433  69.580424  2.422
 33    -0.834 53379.61682092 10.94  84.278173  69.583424  2.422
 34    -0.238 53414.61684390 10.02  84.335810  69.561118  1.981
 34    -0.138 53414.61684454  9.68  84.331560  69.564118  1.981
 34    -0.050 53414.61684519  9.69  84.327310  69.567118  1.981
 34    -0.104 53414.61684583  9.96  84.323060  69.570128  1.981
 34    -0.125 53414.61684647 10.24  84.318810  69.573128  1.981
 34    -0.466 53414.61684712 10.19  84.314558  69.576126  2.028
 34    -0.680 53414.61684776 10.34  84.310298  69.579126  2.028
 34    -1.151 53414.61684841 10.00  84.306048  69.582126  2.028
 35    -0.101 53449.61683661  8.55  84.307777  69.559688  1.867
 35     0.370 53449.61683726  8.56  84.303527  69.562688  1.867
 35     0.291 53449.61683790  9.35  84.299273  69.565689  2.163
 35     0.143 53449.61683855  9.72  84.295013  69.568699  2.163
 35     0.124 53449.61683919  9.48  84.290763  69.571699  2.163
 35     0.272 53449.61683984  8.99  84.286503  69.574699  2.163
 35    -0.213 53449.61684048  9.00  84.282243  69.577699  2.163
 35    -0.322 53449.61684112  9.15  84.277983  69.580699  2.163
 35    -1.073 53449.61684177  9.57  84.273723  69.583699  2.163
 37     4.805 53519.61691847 31.86  84.332685  69.561919 22.143
 37     4.721 53519.61691912 29.72  84.328435  69.564919 22.143
 37     4.734 53519.61691976 29.56  84.324185  69.567919 22.143
 37     4.694 53519.61692041 31.42  84.319934  69.570923 14.165
 37     4.626 53519.61692105 28.21  84.315674  69.573923 14.165
 37     4.498 53519.61692170 27.58  84.311424  69.576923 14.165
 37     4.750 53519.61692234 28.26  84.307174  69.579923 14.165
 38     5.287 53554.61694115 16.44  84.325024  69.560558 22.929
 38     3.561 53554.61694179 16.88  84.320774  69.563558 22.929
 38     2.069 53554.61694243 16.62  84.316524  69.566558 22.929
 38     1.123 53554.61694308 17.31  84.312271  69.569561 19.909
 38     1.292 53554.61694372 18.59  84.308021  69.572561 19.909
 38     1.632 53554.61694437 20.77  84.303771  69.575561 19.909
 38     1.156 53554.61694501 26.04  84.299511  69.578561 19.909
 38     1.588 53554.61694566 27.88  84.295261  69.581561 19.909
 39     5.059 53589.61688600 15.83  84.344152  69.562604 25.426
 39     4.218 53589.61688665 17.36  84.339902  69.565604 25.426
 39     0.826 53589.61688729 17.08  84.335652  69.568604 25.426
 39     2.177 53589.61688794 16.95  84.331402  69.571614 25.426
 39     2.803 53589.61688858 16.73  84.327152  69.574614 25.426
 39     3.385 53589.61688923 18.91  84.322892  69.577614 25.426
 39     4.001 53589.61688987 19.85  84.318646  69.580614 22.958
 40     5.471 53624.61686528 14.66  84.301986  69.560973 22.757
 40     1.597 53624.61686592 16.08  84.297735  69.563968 16.196
 40     1.196 53624.61686657 16.91  84.293475  69.566968 16.196
 40     1.313 53624.61686721 16.35  84.289225  69.569968 16.196
 40     0.967 53624.61686786 17.06  84.284965  69.572978 16.196
 40     0.845 53624.61686850 17.44  84.280705  69.575978 16.196
 40     0.934 53624.61686915 17.05  84.276455  69.578978 16.196
 40     3.480 53624.61686979 17.01  84.272195  69.581978 16.196
 40     4.547 53624.61687043 17.96  84.267935  69.584978 16.196
 41     1.353 53659.61689167 29.07  84.316660  69.562161 11.364
 41     1.172 53659.61689231 29.91  84.312410  69.565161 11.364
 41     0.940 53659.61689296 29.95  84.308156  69.568158  7.658
 41     0.484 53659.61689360 28.76  84.303906  69.571158  7.658
 41     0.000 53659.61689425 26.42  84.299646  69.574158  7.658
 41    -0.755 53659.61689489 26.71  84.295396  69.577168  7.658
 41    -1.404 53659.61689554 25.55  84.291136  69.580168  7.658
 41    -2.559 53659.61689618 27.33  84.286876  69.583168  7.658
 42     0.486 53694.61686724 21.72  84.334446  69.563223  3.230
 42     0.211 53694.61686788 22.12  84.330196  69.566223  3.230
 42     0.121 53694.61686853 23.26  84.325946  69.569223  3.230
 42     0.074 53694.61686917 23.95  84.321696  69.572233  3.230
 42     0.174 53694.61686982 22.66  84.317446  69.575233  3.230
 42     0.265 53694.61687046 21.83  84.313192  69.578232  2.579
 42     0.357 53694.61687111 21.54  84.308942  69.581232  2.579
 43     0.553 53729.61679024 13.66  84.345947  69.565310  2.324
 43     0.255 53729.61679088 13.73  84.341697  69.568310  2.324
 43    -0.158 53729.61679153 14.54  84.337447  69.571320  2.324
 43    -0.556 53729.61679217 14.59  84.333197  69.574320  2.324
 43    -0.773 53729.61679282 14.53  84.328947  69.577320  2.324
 43    -1.008 53729.61679346 14.78  84.324689  69.580324  2.101
 44     0.489 53764.61675478 11.74  84.322346  69.562773  1.939
 44     0.525 53764.61675543 11.57  84.318086  69.565773  1.939
 44     0.199 53764.61675607 12.09  84.313840  69.568769  2.166
 44     0.248 53764.61675672 12.11  84.309580  69.571769  2.166
 44     0.238 53764.61675736 12.52  84.305330  69.574769  2.166
 44     0.205 53764.61675801 12.18  84.301070  69.577769  2.166
 44     0.180 53764.61675865 11.86  84.296810  69.580779  2.166
 45     0.610 53799.61676061 10.30  84.343123  69.563978  1.905
 45     0.394 53799.61676126 10.64  84.338883  69.566988  1.905
 45     0.265 53799.61676190 10.55  84.334633  69.569988  1.905
 45     0.213 53799.61676255 10.68  84.330383  69.572988  1.905
 45     0.258 53799.61676319 10.62  84.326131  69.575992  1.993
 45    -0.122 53799.61676383 11.03  84.321871  69.578992  1.993
 46     0.479 53834.61676041  9.97  84.311386  69.560912  2.046
 46     0.451 53834.61676106  9.89  84.307136  69.563912  2.046
 46     0.256 53834.61676170  9.90  84.302886  69.566912  2.046
 46     0.089 53834.61676235 10.22  84.298626  69.569912  2.046
 46     0.069 53834.61676299  9.82  84.294376  69.572912  2.046
 46    -0.014 53834.61676364  9.82  84.290120  69.575920  1.985
 46    -0.153 53834.61676428  9.98  84.285860  69.578920  1.985
 46    -0.542 53834.61676493 10.10  84.281600  69.581920  1.985
 47     0.336 53869.61682227  7.04  84.320194  69.561840  3.194
 47     0.519 53869.61682291  7.86  84.315944  69.564840  3.194
 47     0.726 53869.61682356 14.18  84.311694  69.567840  3.194
 47     0.337 53869.61682420 18.10  84.307444  69.570840  3.194
 47     0.594 53869.61682485  8.02  84.303184  69.573840  3.194
 47     0.465 53869.61682549  6.59  84.298934  69.576840  3.194
 47     0.305 53869.61682614  6.65  84.294674  69.579840  3.194
 47     0.065 53869.61682678  6.84  84.290415  69.582840  1.962
 48     5.969 53904.61685666 28.65  84.322678  69.562551 35.355
 48     5.723 53904.61685731 23.05  84.318422  69.565554 20.533
 48     5.009 53904.61685795 22.82  84.314172  69.568554 20.533
 48     4.665 53904.61685860 24.55  84.309922  69.571554 20.533
 48     4.764 53904.61685924 25.60  84.305672  69.574554 20.533
 48     4.991 53904.61685989 26.67  84.301412  69.577554 20.533
 48     5.126 53904.61686053 28.03  84.297162  69.580564 20.533
 49     0.632 53939.61688994 24.38  84.317620  69.561105 19.988
 49     0.353 53939.61689059 23.10  84.313380  69.564105 19.988
 49     0.254 53939.61689123 21.43  84.309120  69.567105 19.988
 49     0.320 53939.61689188 18.54  84.304870  69.570105 19.988
 49     0.930 53939.61689252 17.14  84.300620  69.573105 19.988
 49     1.167 53939.61689317 17.36  84.296370  69.576105 19.988
 49     1.260 53939.61689381 17.49  84.292110  69.579115 19.988
 49     4.739 53939.61689446 16.82  84.287851  69.582109 15.724
 50     0.302 53974.61684918 29.89  84.335605  69.563761 21.828
 50     0.052 53974.61684983 25.61  84.331355  69.566771 21.828
 50    -0.274 53974.61685047 24.54  84.327105  69.569771 21.828
 50    -0.903 53974.61685111 22.78  84.322855  69.572771 21.828
 50     1.089 53974.61685176 18.96  84.318605  69.575771 21.828
 50     1.239 53974.61685240 21.25  84.314355  69.578771 21.828
 50     1.812 53974.61685305 33.42  84.310095  69.581771 21.828
 51     6.027 54009.61684394 24.78  84.312994  69.559833 14.083
 51     5.689 54009.61684459 17.52  84.308744  69.562833 14.083
 51     4.831 54009.61684523 18.58  84.304494  69.565833 14.083
 51     0.549 54009.61684588 17.72  84.300234  69.568833 14.083
 51     0.962 54009.61684652 16.70  84.295984  69.571833 14.083
 51     0.552 54009.61684717 17.50  84.291724  69.574833 14.083
 51     0.652 54009.61684781 17.90  84.287462  69.577840 14.884
 51     0.646 54009.61684846 17.09  84.283202  69.580840 14.884
 51     0.854 54009.61684910 16.93  84.278952  69.583840 14.884
 52    -0.403 54044.61686261 22.49  84.327810  69.561397  3.754
 52    -0.278 54044.61686326 23.60  84.323560  69.564397  3.754
 52    -0.238 54044.61686390 24.21  84.319310  69.567407  3.754
 52    -0.315 54044.61686455 25.25  84.315050  69.570407  3.754
 52    -0.318 54044.61686519 24.99  84.310800  69.573407  3.754
 52    -0.334 54044.61686583 23.98  84.306540  69.576407  3.754
 52    -0.322 54044.61686648 23.28  84.302290  69.579407  3.754
 52    -0.412 54044.61686712 22.50  84.298030  69.582407  3.754
 53     0.206 54079.61685616 14.57  84.335141  69.563531  2.145
 53     0.252 54079.61685680 15.15  84.330891  69.566541  2.145
 53     0.240 54079.61685745 15.12  84.326641  69.569541  2.145
 53     0.256 54079.61685809 15.10  84.322391  69.572541  2.145
 53     0.246 54079.61685874 15.10  84.318141  69.575541  2.145
 53     0.139 54079.61685938 14.62  84.313881  69.578541  2.145
 53    -0.130 54079.61686003 14.86  84.309631  69.581541  2.145
 54    -0.267 54114.61679202 12.31  84.344812  69.565255  1.999
 54    -0.108 54114.61679267 12.58  84.340562  69.568265  1.999
 54    -0.302 54114.61679331 12.55  84.336312  69.571265  1.999
 54    -0.190 54114.61679395 12.43  84.332072  69.574265  1.999
 54    -0.306 54114.61679460 12.29  84.327812  69.577265  1.999
 54    -0.608 54114.61679524 12.39  84.323562  69.580265  1.999
 56    -0.022 54184.61678222 10.18  84.344395  69.564048  1.989
 56    -0.058 54184.61678286 10.36  84.340145  69.567048  1.989
 56     0.113 54184.61678351 10.28  84.335895  69.570058  1.989
 56     0.067 54184.61678415 10.46  84.331645  69.573058  1.989
 56     0.016 54184.61678480 10.25  84.327395  69.576058  1.989
 56    -0.243 54184.61678544 10.20  84.323145  69.579058  1.989
 57     0.811 54219.61681254 14.38  84.318934  69.561452  4.368
 57     0.592 54219.61681319 14.28  84.314684  69.564462  4.368
 57     0.750 54219.61681383 15.89  84.310424  69.567462  4.368
 57     0.615 54219.61681448 15.24  84.306174  69.570462  4.368
 57     0.649 54219.61681512 14.88  84.301924  69.573462  4.368
 57     0.499 54219.61681577 12.46  84.297664  69.576462  4.368
 57     0.283 54219.61681641 13.11  84.293414  69.579462  4.368
 57     0.466 54219.61681706 11.65  84.289154  69.582462  4.368
 58     6.612 54254.61683648 37.10  84.328342  69.561082 30.061
 58     6.293 54254.61683713 35.14  84.324092  69.564092 30.061
 58     6.033 54254.61683777 36.40  84.319842  69.567092 30.061
 58     5.996 54254.61683842 26.94  84.315592  69.570092 30.061
 58     5.630 54254.61683906 23.64  84.311332  69.573092 30.061
 58     5.327 54254.61683971 23.78  84.307082  69.576092 30.061
 58     5.759 54254.61684035 24.81  84.302822  69.579092 30.061
 58     5.847 54254.61684100 34.88  84.298572  69.582092 30.061
 59     5.358 54289.61683904 15.64  84.333727  69.560802 16.977
 59     4.505 54289.61683969 14.08  84.329477  69.563802 16.977
 59     3.454 54289.61684033 14.66  84.325227  69.566802 16.977
 59     2.089 54289.61684098 16.13  84.320977  69.569812 16.977
 59     1.687 54289.61684162 16.32  84.316717  69.572812 16.977
 59     1.896 54289.61684227 17.02  84.312467  69.575812 16.977
 59     1.561 54289.61684291 21.09  84.308217  69.578812 16.977
 59     1.567 54289.61684356 30.78  84.303957  69.581812 16.977
 60     4.170 54324.61683699 18.41  84.331187  69.562759 18.193
 60     0.597 54324.61683763 18.95  84.326937  69.565769 18.193
 60     0.904 54324.61683827 19.38  84.322687  69.568769 18.193
 60     1.576 54324.61683892 19.02  84.318437  69.571769 18.193
 60     1.745 54324.61683956 18.67  84.314177  69.574769 18.193
 60     1.543 54324.61684021 19.87  84.309927  69.577769 18.193
 60     1.561 54324.61684085 29.67  84.305667  69.580769 18.193
 61     6.027 54359.61679106 20.00  84.348262  69.562873 19.551
 61     4.882 54359.61679171 20.52  84.344022  69.565873 19.551
 61     1.098 54359.61679235 21.11  84.339772  69.568873 19.551
 61     1.778 54359.61679300 21.05  84.335522  69.571873 19.551
 61     2.435 54359.61679364 21.91  84.331272  69.574883 19.551
 61     3.618 54359.61679429 20.44  84.327022  69.577883 19.551
 61     4.497 54359.61679493 22.26  84.322762  69.580883 19.551
 62     1.061 54394.61677693 22.36  84.327274  69.561381  5.594
 62     0.604 54394.61677757 22.45  84.323024  69.564381  5.594
 62     0.248 54394.61677822 23.49  84.318764  69.567381  5.594
 62     0.196 54394.61677886 24.54  84.314514  69.570381  5.594
 62     0.524 54394.61677951 24.72  84.310264  69.573381  5.594
 62     0.800 54394.61678015 25.04  84.306004  69.576391  5.594
 62     0.839 54394.61678080 25.76  84.301754  69.579391  5.594
 62     0.946 54394.61678144 26.83  84.297494  69.582391  5.594
 63     0.038 54429.61674157 13.14  84.338558  69.563709  2.620
 63     0.257 54429.61674221 13.49  84.334308  69.566709  2.620
 63     0.302 54429.61674286 13.94  84.330058  69.569709  2.620
 63     0.366 54429.61674350 14.64  84.325808  69.572709  2.620
 63     0.425 54429.61674415 14.34  84.321558  69.575709  2.620
 63     0.414 54429.61674479 13.53  84.317308  69.578709  2.620
 63     0.471 54429.61674544 14.10  84.313058  69.581719  2.620
 64     0.210 54464.61675675 10.50  84.321160  69.562411  2.134
 64     0.390 54464.61675739 10.76  84.316910  69.565411  2.134
 64     0.165 54464.61675804 10.94  84.312660  69.568411  2.134
 64     0.365 54464.61675868 11.26  84.308410  69.571411  2.134
 64     0.376 54464.61675933 11.50  84.304150  69.574421  2.134
 64     0.669 54464.61675997 10.37  84.299900  69.577421  2.134
 64     0.696 54464.61676061 10.42  84.295640  69.580421  2.134
 64     0.746 54464.61676126 10.39  84.291380  69.583421  2.134
 65     0.094 54499.61675251  9.41  84.336542  69.562936  1.892
 65     0.248 54499.61675316  9.58  84.332298  69.565942  2.030
 65     0.357 54499.61675380  9.22  84.328048  69.568942  2.030
 65     0.426 54499.61675445  9.42  84.323798  69.571942  2.030
 65     0.379 54499.61675509  9.84  84.319548  69.574942  2.030
 65     0.717 54499.61675574  9.22  84.315288  69.577942  2.030
 65     0.555 54499.61675638  9.18  84.311038  69.580952  2.030
 66    -0.064 54534.61677095  8.71  84.328561  69.562555  1.855
 66     0.091 54534.61677159  8.53  84.324311  69.565565  1.855
 66     0.232 54534.61677224  8.78  84.320061  69.568565  1.855
 66     0.400 54534.61677288  8.97  84.315807  69.571563  2.002
 66     0.209 54534.61677353  9.18  84.311557  69.574563  2.002
 66     0.392 54534.61677417  9.10  84.307297  69.577563  2.002
 66     0.476 54534.61677482  8.95  84.303047  69.580573  2.002
 67     0.422 54569.61675579  8.37  84.344220  69.563204  1.956
 67     0.696 54569.61675644  8.46  84.339980  69.566204  1.956
 67     0.908 54569.61675708  8.78  84.335730  69.569204  1.956
 67     1.148 54569.61675773  9.07  84.331480  69.572204  1.956
 67     1.772 54569.61675837  8.72  84.327230  69.575214  1.956
 67     2.272 54569.61675902  9.02  84.322970  69.578214  1.956
 67     1.288 54569.61675966  8.86  84.318720  69.581214  1.956
 68     0.930 54604.61676526 41.72  84.326500  69.561094 28.229
 68     0.834 54604.61676591 34.29  84.322250  69.564094 28.229
 68     0.552 54604.61676655 23.14  84.318000  69.567104 28.229
 68     0.200 54604.61676720 18.76  84.313750  69.570104 28.229
 68     0.673 54604.61676784 17.17  84.309496  69.573103 22.915
 68     0.998 54604.61676849 22.59  84.305246  69.576103 22.915
 68     1.115 54604.61676913 29.83  84.300986  69.579103 22.915
 68     1.079 54604.61676978 40.68  84.296726  69.582103 22.915
 69     6.378 54639.61677514 25.01  84.333069  69.560809 16.954
 69     6.075 54639.61677578 24.64  84.328819  69.563809 16.954
 69     5.612 54639.61677643 23.45  84.324569  69.566809 16.954
 69     5.265 54639.61677707 21.01  84.320319  69.569819 16.954
 69     4.292 54639.61677772 20.74  84.316069  69.572819 16.954
 69     4.121 54639.61677836 22.63  84.311816  69.575818 18.939
 69     4.649 54639.61677901 26.02  84.307566  69.578818 18.939
 69     5.110 54639.61677965 26.67  84.303306  69.581818 18.939
 70     4.586 54674.61677797 16.39  84.329456  69.561716 16.518
 70     3.542 54674.61677861 15.15  84.325206  69.564716 16.518
 70     1.330 54674.61677926 15.91  84.320956  69.567716 16.518
 70     0.843 54674.61677990 16.02  84.316706  69.570726 16.518
 70     0.714 54674.61678055 15.67  84.312456  69.573726 16.518
 70     1.332 54674.61678119 16.81  84.308201  69.576724 14.170
 70     1.389 54674.61678184 22.93  84.303941  69.579724 14.170
 70     1.252 54674.61678248 30.91  84.299691  69.582724 14.170
 71     0.495 54709.61673527 28.96  84.341352  69.563969 23.817
 71     0.530 54709.61673591 22.84  84.337102  69.566969 23.817
 71     0.006 54709.61673656 22.43  84.332852  69.569969 23.817
 71    -0.155 54709.61673720 22.32  84.328602  69.572969 23.817
 71     0.305 54709.61673784 20.41  84.324352  69.575969 23.817
 71     0.778 54709.61673849 20.55  84.320102  69.578979 23.817
 72     5.673 54744.61674464 19.16  84.325911  69.560890 14.182
 72     4.165 54744.61674528 19.19  84.321661  69.563890 14.182
 72     4.743 54744.61674592 18.87  84.317411  69.566900 14.182
 72     1.312 54744.61674657 18.46  84.313161  69.569900 14.182
 72     0.874 54744.61674721 17.32  84.308907  69.572898 11.410
 72     1.060 54744.61674786 16.65  84.304657  69.575898 11.410
 72     1.280 54744.61674850 19.28  84.300397  69.578898 11.410
 72     1.359 54744.61674915 19.39  84.296147  69.581908 11.410
 73     0.303 54779.61671864 22.27  84.334597  69.562586  3.588
 73     0.365 54779.61671929 22.31  84.330347  69.565586  3.588
 73     0.380 54779.61671993 25.10  84.326097  69.568586  3.588
 73     0.330 54779.61672058 26.39  84.321847  69.571596  3.588
 73     0.512 54779.61672122 26.61  84.317597  69.574596  3.588
 73     0.449 54779.61672187 26.91  84.313339  69.577593  3.292
 73     0.177 54779.61672251 24.84  84.309089  69.580593  3.292
 74     0.468 54814.61673853 15.11  84.319312  69.562983  2.419
 74     0.376 54814.61673918 15.26  84.315062  69.565983  2.419
 74     0.389 54814.61673982 15.21  84.310812  69.568983  2.419
 74     0.332 54814.61674047 15.79  84.306552  69.571983  2.419
 74     0.379 54814.61674111 15.55  84.302302  69.574983  2.419
 74     0.351 54814.61674176 15.24  84.298042  69.577983  2.419
 74     0.225 54814.61674240 15.15  84.293792  69.580983  2.419
 76     0.671 54884.61674202  9.85  84.321994  69.563053  1.880
 76     0.647 54884.61674266 10.15  84.317744  69.566063  1.880
 76     0.392 54884.61674331 10.34  84.313484  69.569063  1.880
 76     0.419 54884.61674395 10.40  84.309238  69.572059  1.976
 76     0.409 54884.61674460 10.71  84.304978  69.575059  1.976
 76     0.223 54884.61674524 10.73  84.300728  69.578069  1.976
 76     0.154 54884.61674589 10.46  84.296468  69.581069  1.976
 77     0.447 54919.61671924  9.17  84.345595  69.562676  1.919
 77     0.254 54919.61671989  9.71  84.341345  69.565676  1.919
 77     0.151 54919.61672053  9.80  84.337095  69.568676  1.919
 77     0.016 54919.61672118 10.13  84.332845  69.571676  1.919
 77     0.020 54919.61672182  9.89  84.328595  69.574686  1.919
 77    -0.004 54919.61672247 10.00  84.324345  69.577686  1.919
 77    -0.243 54919.61672311 10.14  84.320095  69.580686  1.919
 78     6.395 54954.61673670  8.33  84.323972  69.560575  2.088
 78     5.677 54954.61673734  8.57  84.319722  69.563575  2.088
 78     5.067 54954.61673799  8.57  84.315472  69.566585  2.088
 78     4.250 54954.61673863  8.52  84.311222  69.569585  2.088
 78     4.161 54954.61673928  8.74  84.306963  69.572583  1.830
 78     3.967 54954.61673992  8.33  84.302713  69.575583  1.830
 78     5.071 54954.61674057  8.31  84.298453  69.578583  1.830
 78     5.625 54954.61674121  8.37  84.294203  69.581593  1.830
 79     7.327 54989.61676091 52.99  84.322257  69.563180 46.000
 79     7.441 54989.61676155 48.96  84.318007  69.566180 46.000
 79     7.387 54989.61676220 43.65  84.313757  69.569180 46.000
 79     7.278 54989.61676284 48.06  84.309503  69.572180 45.197
 79     7.314 54989.61676348 44.80  84.305243  69.575180 45.197
 79     7.343 54989.61676413 42.60  84.300993  69.578180 45.197
 79     7.345 54989.61676477 53.03  84.296733  69.581180 45.197
 80     5.224 55024.61675204 14.93  84.334192  69.563072 18.548
 80     4.331 55024.61675268 13.68  84.329942  69.566082 18.548
 80     2.613 55024.61675333 14.19  84.325692  69.569082 18.548
 80     1.731 55024.61675397 15.25  84.321442  69.572082 18.548
 80     1.060 55024.61675462 18.12  84.317182  69.575083 12.318
 80     1.274 55024.61675526 20.43  84.312932  69.578083 12.318
 80     1.713 55024.61675591 31.55  84.308682  69.581083 12.318
 81     0.309 55059.61674664 28.96  84.330208  69.562843 21.564
 81     0.142 55059.61674729 28.09  84.325958  69.565843 21.564
 81     0.411 55059.61674793 33.05  84.321708  69.568853 21.564
 81     0.345 55059.61674858 33.49  84.317458  69.571853 21.564
 81     0.355 55059.61674922 29.74  84.313198  69.574853 21.564
 81     0.310 55059.61674986 28.60  84.308945  69.577852 12.413
 81     0.430 55059.61675051 39.70  84.304685  69.580852 12.413
 82     0.161 55094.61669892 31.01  84.344841  69.563466 21.123
 82     0.001 55094.61669956 29.79  84.340591  69.566466 21.123
 82    -0.074 55094.61670021 30.08  84.336341  69.569466 21.123
 82     0.780 55094.61670085 28.65  84.332091  69.572466 21.123
 82     1.263 55094.61670149 28.88  84.327841  69.575466 21.123
 82     3.255 55094.61670214 27.95  84.323591  69.578466 21.123
 83     0.723 55129.61668782 23.77  84.327311  69.560889  5.540
 83     0.434 55129.61668847 23.22  84.323061  69.563889  5.540
 83     0.043 55129.61668911 22.99  84.318811  69.566899  5.540
 83    -0.501 55129.61668976 23.97  84.314551  69.569899  5.540
 83    -1.017 55129.61669040 23.06  84.310303  69.572895  4.407
 83    -1.934 55129.61669105 22.65  84.306043  69.575895  4.407
 83    -2.627 55129.61669169 21.90  84.301793  69.578895  4.407
 83     0.592 55129.61669234 22.16  84.297533  69.581905  4.407
 84    -0.153 55164.61666043 19.35  84.337291  69.560984  3.001
 84    -0.043 55164.61666108 19.43  84.333051  69.563994  3.001
 84     0.026 55164.61666172 19.40  84.328801  69.566994  3.001
 84    -0.031 55164.61666237 20.53  84.324551  69.569994  3.001
 84    -0.077 55164.61666301 20.59  84.320291  69.572994  3.001
 84    -0.128 55164.61666366 20.26  84.316041  69.575994  3.001
 84    -0.102 55164.61666430 19.65  84.311791  69.578994  3.001
 84    -0.239 55164.61666495 19.49  84.307531  69.582004  3.001
 85    -0.089 55199.61668007 17.11  84.321210  69.562788  2.568
 85    -0.168 55199.61668072 18.37  84.316960  69.565798  2.568
 85    -0.035 55199.61668136 17.96  84.312710  69.568798  2.568
 85    -0.038 55199.61668201 17.95  84.308459  69.571796  2.623
 85    -0.004 55199.61668265 17.93  84.304209  69.574796  2.623
 85     0.090 55199.61668330 18.11  84.299949  69.577796  2.623
 85     0.458 55199.61668394 17.54  84.295689  69.580796  2.623
 86     0.497 55234.61666610 14.33  84.338675  69.563696  2.472
 86     0.280 55234.61666674 14.68  84.334425  69.566696  2.472
 86     0.123 55234.61666739 15.25  84.330175  69.569696  2.472
 86     0.167 55234.61666803 15.49  84.325925  69.572696  2.472
 86     0.070 55234.61666868 14.64  84.321675  69.575706  2.472
 86    -0.144 55234.61666932 15.06  84.317425  69.578706  2.472
 86    -0.406 55234.61666997 14.77  84.313168  69.581705  2.137
 87     0.764 55269.61667451 11.89  84.326375  69.563122  2.180
 87     0.471 55269.61667516 12.18  84.322125  69.566132  2.180
 87     0.367 55269.61667580 12.87  84.317875  69.569132  2.180
 87     0.527 55269.61667645 12.46  84.313619  69.572130  2.212
 87     0.815 55269.61667709 12.12  84.309369  69.575130  2.212
 87     0.896 55269.61667774 12.51  84.305119  69.578130  2.212
 87     0.570 55269.61667838 12.82  84.300859  69.581140  2.212
 88     0.430 55304.61664655 10.36  84.346914  69.563095  2.001
 88     0.611 55304.61664719 10.35  84.342674  69.566095  2.001
 88     0.504 55304.61664784 10.90  84.338424  69.569095  2.001
 88     0.455 55304.61664848 11.09  84.334174  69.572105  2.001
 88     0.749 55304.61664913 10.63  84.329924  69.575105  2.001
 88     0.311 55304.61664977 10.70  84.325664  69.578105  2.001
 89     2.801 55339.61664670 38.71  84.327501  69.563580 21.267
 89     1.682 55339.61664735 32.22  84.323241  69.566580 21.267
 89     1.485 55339.61664799 26.01  84.318991  69.569590 21.267
 89     1.161 55339.61664864 22.75  84.314741  69.572590 21.267
 89     1.736 55339.61664928 21.58  84.310491  69.575590 21.267
 89     2.003 55339.61664992 24.21  84.306237  69.578588 13.362
 89     1.967 55339.61665057 30.51  84.301977  69.581588 13.362
 90     6.109 55374.61663806 17.53  84.334203  69.562560 16.084
 90     5.102 55374.61663870 16.49  84.329953  69.565560 16.084
 90     3.527 55374.61663935 17.72  84.325703  69.568560 16.084
 90     3.272 55374.61663999 19.40  84.321453  69.571570 16.084
 90     3.875 55374.61664063 21.16  84.317193  69.574570 16.084
 90     4.317 55374.61664128 24.39  84.312943  69.577570 16.084
 90     4.822 55374.61664192 26.31  84.308693  69.580570 16.084
 91     0.898 55409.61665999 33.41  84.325201  69.562303 24.626
 91     0.623 55409.61666063 27.01  84.320951  69.565303 24.626
 91     0.363 55409.61666127 27.32  84.316701  69.568303 24.626
 91    -0.201 55409.61666192 34.38  84.312447  69.571302 15.386
 91    -0.827 55409.61666256 30.03  84.308187  69.574302 15.386
 91     0.776 55409.61666321 27.61  84.303937  69.577302 15.386
 91     0.570 55409.61666385 29.99  84.299677  69.580302 15.386
 91     1.786 55409.61666450 25.71  84.295427  69.583312 15.386
 92    -1.473 55444.61665482 24.75  84.333706  69.561431 19.917
 92    -0.507 55444.61665547 25.29  84.329466  69.564431 19.917
 92     0.421 55444.61665611 26.23  84.325216  69.567431 19.917
 92     1.295 55444.61665676 26.84  84.320956  69.570431 19.917
 92     1.105 55444.61665740 31.51  84.316706  69.573441 19.917
 92     1.796 55444.61665804 33.16  84.312456  69.576441 19.917
 92     1.381 55444.61665869 34.39  84.308205  69.579440 15.208
 92     1.483 55444.61665933 34.83  84.303945  69.582440 15.208
 93     0.910 55479.61659082 34.34  84.349535  69.563902 12.314
 93     0.797 55479.61659147 25.19  84.345285  69.566912 12.314
 93     0.671 55479.61659211 20.92  84.341045  69.569912 12.314
 93     2.242 55479.61659276 20.70  84.336795  69.572912 12.314
 93     1.155 55479.61659340 19.19  84.332545  69.575912 12.314
 93     0.841 55479.61659404 19.74  84.328295  69.578912 12.314
