# NaN NaN NaN ;Mean Elev.(m), Avg Gradient(m/km), RMS Gradient(m/km) - SRTM1     
#    2.457  -6.003  12.512 ;Mean Elev.(m), Avg Gradient(m/km), RMS Gradient(m/km) - ASTER GDEM
#    1.382  -5.993  12.581 ;Mean Elev.(m), Avg Gradient(m/km), RMS Gradient(m/km) - GMTED2010 
  7  84.264906  69.680441     1.568     1.345  9 52467.24879565 25.598
  9  84.277324  69.672413    17.263    16.873 11 52537.24877362 16.444
 10  84.258120  69.673698    13.050    12.675 12 52572.24881160 31.772
 11  84.250960  69.672599    15.759    10.644 12 52607.24876919 14.982
 12  84.258600  69.667548    18.440    14.181 12 52642.24876863 10.915
 13  84.258971  69.679632    23.507    27.341 13 52677.24875256  8.128
 14  84.260116  69.668812    18.079    14.336 12 52712.24878625  8.440
 15  84.235740  69.672043    21.447    12.581 11 52747.24881322  8.320
 16  84.270014  69.670014    12.836    11.820  9 52782.24875181 33.856
 17  84.266945  69.669411     7.795     4.659 14 52817.24883119 17.584
 18  84.248374  69.659834    15.598     4.739  7 52852.24888389 19.456
 20  84.249292  69.677354     9.193     0.527 11 52922.24887003 25.725
 21  84.266464  69.666111    14.426    14.246 14 52957.24883691 17.556
 22  84.263228  69.671217    15.469    12.434 13 52992.24885773 11.495
 23  84.257222  69.678258    23.002    25.085 11 53027.24882221  9.601
 24  84.255049  69.664072    14.076     7.154  9 53062.24883366 10.199
 25  84.221590  69.662186    -1.192    -1.145  6 53097.24885769 10.698
 26  84.257641  69.662228     2.701    -0.473  9 53132.24883072  9.703
 28  84.262706  69.676638    11.828     5.422 12 53202.24890587 18.091
 29  84.279666  69.691566    10.303     5.462  6 53237.24887188 23.051
 30  84.272221  69.665095    11.850     4.365 12 53272.24883321 22.342
 31  84.261881  69.675419    14.390    13.007 10 53307.24889623 24.416
 36  84.252427  69.668655    13.913    10.881 10 53482.24891057  7.117
 37  84.256929  69.674683    17.507    13.729 10 53517.24891098 24.223
 38  84.250218  69.674920    12.252     3.669 14 53552.24893208 19.674
 39  84.258394  69.677598    16.095    10.940  9 53587.24888477 22.417
 40  84.268149  69.670988     6.935     2.645 11 53622.24885226 23.320
 41  84.270492  69.676947    21.853    24.964 11 53657.24887908 22.234
 42  84.248547  69.673329    16.230    12.586 12 53692.24886541 17.778
 43  84.238531  69.672733    19.207    14.157 12 53727.24878928 12.180
 44  84.268114  69.665726    17.201    15.652 13 53762.24874383 11.066
 45  84.249562  69.674288    21.716    20.650 12 53797.24875494  9.256
 47  84.251673  69.664888     8.098     6.928 10 53867.24881506  7.807
 48  84.256954  69.673064    15.932    15.338 12 53902.24884366 13.650
 49  84.259155  69.680914     2.261     2.155  9 53937.24888013 20.530
 50  84.255236  69.681827     9.461     4.636 12 53972.24884468 16.943
 52  84.261183  69.666358    15.073    11.952 13 54042.24885751 25.104
 54  84.233890  69.672768    20.162    15.329 13 54112.24879101 11.297
 56  84.239927  69.674646    21.422    18.617 12 54182.24877845  9.106
 57  84.263280  69.672364    18.079    17.208 14 54217.24880154 11.371
 58  84.265108  69.677749    18.956    16.480  8 54252.24882628 28.535
 59  84.255766  69.673663     3.659     3.866 13 54287.24883233 16.688
 60  84.281930  69.690347     4.571     3.448  6 54322.24882587 19.409
 61  84.249785  69.679851     9.209     3.807 12 54357.24878743 20.932
 62  84.260705  69.674093    15.265    13.888 13 54392.24876984 21.971
 63  84.247851  69.671271    17.010    13.189 11 54427.24873920 12.840
 64  84.258778  69.667615    19.954    14.741 12 54462.24874867 10.135
 65  84.251676  69.673813    22.976    18.627 10 54497.24874667  8.255
 66  84.253147  69.665854    13.208     9.886 10 54532.24876240  8.804
 67  84.236156  69.670197    20.388    12.676 11 54567.24875265  8.518
 68  84.256330  69.670671    22.217    17.347 12 54602.24875664  4.862
 69  84.266011  69.681617     3.965     3.954  9 54637.24876596 34.400
 70  84.258505  69.677665    11.259     4.530 11 54672.24877020 17.137
 71  84.250610  69.675233     9.912     7.500 10 54707.24873043 24.000
 72  84.267054  69.676509    16.384    12.322 10 54742.24873512 17.619
 73  84.251067  69.672601    13.192    12.580 12 54777.24871242 22.735
 74  84.261778  69.668034    16.412    11.372 12 54812.24873023 13.679
 75  84.245441  69.671299    15.816    11.059 12 54847.24871296 11.489
 76  84.255918  69.669407    19.168    14.124 12 54882.24873353 10.143
 77  84.236881  69.672344    20.975    14.552 13 54917.24871602  9.568
 78  84.255890  69.670332    21.405    14.714 11 54952.24872699  8.069
 79  84.285495  69.692840     6.113     6.417  4 54987.24874668 32.153
 80  84.258078  69.675952     6.106     3.823 15 55022.24874296 20.714
 81  84.257500  69.676267     9.060     4.338  9 55057.24873900 15.981
 82  84.254519  69.682517     6.408     1.288  9 55092.24869436 21.099
 83  84.265523  69.677144    13.422    15.604 11 55127.24867860 22.467
 84  84.247905  69.671863    17.239    13.306 11 55162.24865790 16.265
 85  84.256673  69.666663    17.533    12.487 11 55197.24867155 13.136
 86  84.240993  69.671802    21.745    12.526 11 55232.24866195 11.957
 87  84.253177  69.668499    16.645    12.493 11 55267.24866628  9.917
 88  84.232140  69.666148     5.849     0.225  7 55302.24864353 11.051
 89  84.249284  69.669810    21.173    14.344 11 55337.24864041 25.267
 90  84.257645  69.675363     3.737     3.785 12 55372.24862919 29.711
 91  84.260687  69.670863    11.043     4.877 13 55407.24864985 19.239
 92  84.253832  69.674046     9.558     3.558 14 55442.24864852 15.929
 93  84.245004  69.676812    19.394    19.622 15 55477.24858934 20.340
