# NaN NaN NaN ;Mean Elev.(m), Avg Gradient(m/km), RMS Gradient(m/km) - SRTM1     
#    0.381  -0.555   3.293 ;Mean Elev.(m), Avg Gradient(m/km), RMS Gradient(m/km) - ASTER GDEM
#    0.010  -0.383   2.179 ;Mean Elev.(m), Avg Gradient(m/km), RMS Gradient(m/km) - GMTED2010 
  8     1.810 52485.61507191 16.05  83.212402  70.782439  7.805
  8     1.682 52485.61507255 15.30  83.207652  70.785399  7.805
  8     1.103 52485.61507320 15.09  83.202892  70.788359  7.805
  8     0.463 52485.61507384 15.77  83.198142  70.791319  7.805
  8     0.185 52485.61507449 15.52  83.193382  70.794279  7.805
  8     0.066 52485.61507513 16.41  83.188632  70.797239  7.805
  8     0.056 52485.61507578 16.43  83.183872  70.800199  7.805
  8     0.085 52485.61507642 17.30  83.179112  70.803159  7.805
  8     0.030 52485.61507707 16.50  83.174342  70.806119  7.805
  8    -0.018 52485.61507771 16.80  83.169582  70.809079  7.805
  8     0.041 52485.61507836 17.72  83.164822  70.812039  7.805
  8     2.934 52485.61507900 19.04  83.160052  70.814999  7.805
  8     3.538 52485.61507965 18.18  83.155292  70.817959  7.805
  8     3.640 52485.61508029 17.42  83.150522  70.820919  7.805
  8     3.815 52485.61508093 16.48  83.145752  70.823869  7.805
  8     3.775 52485.61508158 18.62  83.140982  70.826829  7.805
  9     1.643 52520.61503848 20.32  83.211332  70.787699 16.860
  9     1.063 52520.61503912 19.86  83.206582  70.790659 16.860
  9     0.550 52520.61503977 16.98  83.201822  70.793619 16.860
  9     0.142 52520.61504041 15.82  83.197072  70.796579 16.860
  9     0.118 52520.61504106 15.34  83.192312  70.799539 16.860
  9     0.057 52520.61504170 15.34  83.187552  70.802499 16.860
  9     0.177 52520.61504235 14.49  83.182792  70.805459 16.860
  9     1.719 52520.61504299 15.59  83.178032  70.808419 16.860
  9     2.535 52520.61504364 15.22  83.173266  70.811373 22.751
  9     2.906 52520.61504428 15.74  83.168506  70.814333 22.751
  9     3.215 52520.61504492 15.57  83.163736  70.817293 22.751
  9     3.417 52520.61504557 14.90  83.158976  70.820253 22.751
  9     3.589 52520.61504621 14.92  83.154206  70.823213 22.751
  9     3.705 52520.61504686 16.23  83.149436  70.826173 22.751
  9     3.617 52520.61504750 18.12  83.144666  70.829133 22.751
 10    -0.072 52555.61508651 39.16  83.210219  70.769574 18.693
 10    -0.197 52555.61508716 27.86  83.205469  70.772534 18.693
 10    -0.599 52555.61508780 24.58  83.200719  70.775494 18.693
 10    -0.937 52555.61508845 25.63  83.195969  70.778454 18.693
 10    -0.821 52555.61508909 26.11  83.191219  70.781414 18.693
 10    -0.695 52555.61508974 27.32  83.186459  70.784374 18.693
 10    -0.577 52555.61509038 27.41  83.181709  70.787334 18.693
 10    -0.578 52555.61509103 27.96  83.176949  70.790294 18.693
 10    -0.411 52555.61509167 28.56  83.172189  70.793254 18.693
 10    -0.330 52555.61509232 31.66  83.167429  70.796214 18.693
 10    -0.327 52555.61509296 37.48  83.162669  70.799174 18.693
 10    -0.372 52555.61509361 49.95  83.157909  70.802134 18.693
 10    -0.323 52555.61509425 54.72  83.153139  70.805094 18.693
 10    -0.260 52555.61509490 41.06  83.148379  70.808054 18.693
 10    -0.353 52555.61509554 36.08  83.143609  70.811004 18.693
 11    -0.347 52590.61507704 26.40  83.216324  70.777079  4.112
 11    -0.303 52590.61507769 26.92  83.211574  70.780039  4.112
 11    -0.051 52590.61507833 26.89  83.206824  70.782999  4.112
 11    -0.007 52590.61507898 27.29  83.202064  70.785959  4.112
 11     0.013 52590.61507962 27.72  83.197314  70.788919  4.112
 11     0.052 52590.61508027 28.54  83.192556  70.791882  5.513
 11    -0.020 52590.61508091 28.93  83.187806  70.794842  5.513
 11    -0.091 52590.61508156 28.35  83.183046  70.797802  5.513
 11    -0.081 52590.61508220 27.87  83.178286  70.800762  5.513
 11    -0.088 52590.61508285 26.97  83.173526  70.803722  5.513
 11    -0.154 52590.61508349 27.52  83.168766  70.806672  5.513
 11    -0.100 52590.61508413 26.81  83.163996  70.809632  5.513
 11    -0.172 52590.61508478 27.08  83.159236  70.812592  5.513
 11    -0.006 52590.61508542 26.06  83.154466  70.815552  5.513
 11     0.045 52590.61508607 25.70  83.149696  70.818512  5.513
 11    -0.003 52590.61508671 25.52  83.144936  70.821472  5.513
 11     0.018 52590.61508736 24.82  83.140166  70.824432  5.513
 12     0.234 52625.61500725 18.87  83.211278  70.792708  3.613
 12     0.392 52625.61500790 19.98  83.206528  70.795658  3.613
 12     0.447 52625.61500854 19.77  83.201768  70.798618  3.613
 12     0.389 52625.61500919 19.56  83.197008  70.801578  3.613
 12     0.429 52625.61500983 19.51  83.192248  70.804538  3.613
 12     0.337 52625.61501048 20.08  83.187488  70.807498  3.613
 12     0.328 52625.61501112 19.71  83.182728  70.810458  3.613
 12     0.344 52625.61501177 20.09  83.177968  70.813418  3.613
 12     0.304 52625.61501241 20.31  83.173198  70.816378  3.613
 12     0.370 52625.61501306 19.62  83.168438  70.819338  3.613
 12     0.398 52625.61501370 18.68  83.163668  70.822298  3.613
 12     0.334 52625.61501435 18.64  83.158898  70.825258  3.613
 12     0.332 52625.61501499 18.21  83.154128  70.828208  3.613
 12     0.305 52625.61501563 17.33  83.149358  70.831168  3.613
 13    -0.001 52660.61504280 13.96  83.213260  70.778966  2.771
 13     0.115 52660.61504345 13.29  83.208510  70.781926  2.771
 13     0.257 52660.61504409 13.89  83.203760  70.784886  2.771
 13     0.238 52660.61504474 14.42  83.199010  70.787846  2.771
 13     0.284 52660.61504538 14.25  83.194250  70.790806  2.771
 13     0.233 52660.61504603 15.00  83.189490  70.793766  2.771
 13     0.231 52660.61504667 14.50  83.184740  70.796726  2.771
 13     0.172 52660.61504731 14.30  83.179980  70.799686  2.771
 13     0.108 52660.61504796 14.57  83.175220  70.802646  2.771
 13     0.144 52660.61504860 14.32  83.170458  70.805597  2.306
 13     0.199 52660.61504925 13.90  83.165688  70.808557  2.306
 13     0.137 52660.61504989 13.98  83.160928  70.811517  2.306
 13     0.126 52660.61505054 13.84  83.156158  70.814477  2.306
 13     0.001 52660.61505118 13.49  83.151398  70.817437  2.306
 13    -0.058 52660.61505183 13.54  83.146628  70.820397  2.306
 13    -0.066 52660.61505247 13.35  83.141858  70.823357  2.306
 13    -0.035 52660.61505312 13.27  83.137078  70.826317  2.306
 14     0.136 52695.61502065 10.76  83.208409  70.769208  1.991
 14     0.128 52695.61502129 10.38  83.203655  70.772173  2.527
 14     0.142 52695.61502194 10.86  83.198905  70.775133  2.527
 14     0.191 52695.61502258 10.79  83.194145  70.778093  2.527
 14     0.073 52695.61502322 11.63  83.189395  70.781053  2.527
 14     0.201 52695.61502387 11.41  83.184635  70.784013  2.527
 14     0.109 52695.61502451 11.63  83.179885  70.786973  2.527
 14     0.009 52695.61502516 12.32  83.175125  70.789923  2.527
 14     0.108 52695.61502580 11.82  83.170365  70.792883  2.527
 14     0.291 52695.61502645 10.96  83.165595  70.795843  2.527
 14     0.145 52695.61502709 11.06  83.160835  70.798803  2.527
 14     0.041 52695.61502774 11.21  83.156075  70.801763  2.527
 14     0.122 52695.61502838 10.92  83.151305  70.804723  2.527
 14     0.149 52695.61502903 11.17  83.146545  70.807683  2.527
 15     0.096 52730.61505223 10.88  83.213467  70.782512  2.040
 15    -0.017 52730.61505288 10.65  83.208717  70.785472  2.040
 15    -0.062 52730.61505352 11.24  83.203957  70.788432  2.040
 15     0.176 52730.61505417 11.16  83.199207  70.791392  2.040
 15     0.121 52730.61505481 11.36  83.194447  70.794352  2.040
 15     0.086 52730.61505545 11.08  83.189687  70.797312  2.040
 15     0.026 52730.61505610 11.68  83.184927  70.800272  2.040
 15     0.232 52730.61505674 11.15  83.180167  70.803232  2.040
 15     0.112 52730.61505739 11.07  83.175407  70.806192  2.040
 15     0.055 52730.61505803 11.11  83.170647  70.809152  2.040
 15     0.151 52730.61505868 11.08  83.165877  70.812112  2.040
 15     0.108 52730.61505932 11.02  83.161107  70.815072  2.040
 15     0.124 52730.61505997 11.06  83.156347  70.818032  2.040
 15     0.233 52730.61506061 11.10  83.151577  70.820982  2.040
 15     0.152 52730.61506126 10.61  83.146807  70.823942  2.040
 15     0.072 52730.61506190 11.23  83.142037  70.826902  2.040
 16     2.833 52765.61506309  8.38  83.213913  70.786545  1.967
 16     2.108 52765.61506373  8.51  83.209163  70.789505  1.967
 16     1.254 52765.61506438  8.63  83.204403  70.792465  1.967
 16     0.600 52765.61506502  8.99  83.199653  70.795425  1.967
 16     0.400 52765.61506567  9.18  83.194893  70.798385  1.967
 16     0.457 52765.61506631  9.15  83.190143  70.801345  1.967
 16     0.295 52765.61506696  9.04  83.185383  70.804305  1.967
 16     0.094 52765.61506760  9.19  83.180623  70.807265  1.967
 16     0.149 52765.61506825  9.15  83.175863  70.810225  1.967
 16     0.134 52765.61506889  8.95  83.171093  70.813185  1.967
 16     0.360 52765.61506954  8.61  83.166333  70.816145  1.967
 16     0.388 52765.61507018  8.39  83.161573  70.819105  1.967
 16     0.456 52765.61507083  8.20  83.156803  70.822065  1.910
 16     0.507 52765.61507147  8.13  83.152033  70.825015  1.910
 16     0.591 52765.61507211  8.01  83.147263  70.827975  1.910
 16     0.721 52765.61507276  7.66  83.142493  70.830935  1.910
 17     3.002 52800.61505405 46.27  83.210871  70.768892 46.415
 17     2.915 52800.61505469 32.10  83.206121  70.771852 46.415
 17     2.750 52800.61505534 26.36  83.201361  70.774812 46.415
 17     2.650 52800.61505598 25.37  83.196611  70.777772 46.415
 17     2.429 52800.61505662 20.26  83.191861  70.780732 46.415
 17     2.443 52800.61505727 21.17  83.187107  70.783689 25.835
 17     2.705 52800.61505791 20.60  83.182347  70.786649 25.835
 17     2.796 52800.61505856 20.80  83.177587  70.789609 25.835
 17     2.789 52800.61505920 20.34  83.172827  70.792569 25.835
 17     2.766 52800.61505985 21.18  83.168067  70.795529 25.835
 17     2.868 52800.61506049 23.16  83.163307  70.798489 25.835
 17     2.945 52800.61506114 27.60  83.158537  70.801449 25.835
 17     3.092 52800.61506178 30.66  83.153777  70.804399 25.835
 17     3.068 52800.61506243 40.00  83.149007  70.807359 25.835
 17     3.064 52800.61506307 45.16  83.144237  70.810319 25.835
 18     1.549 52835.61512159 33.39  83.215168  70.770175 14.382
 18     1.401 52835.61512223 21.82  83.210418  70.773135 14.382
 18     0.248 52835.61512288 20.78  83.205668  70.776095 14.382
 18     0.129 52835.61512352 21.74  83.200918  70.779055 14.382
 18     0.009 52835.61512416 22.05  83.196168  70.782015 14.382
 18    -0.147 52835.61512481 20.71  83.191408  70.784975 14.382
 18    -0.336 52835.61512545 20.07  83.186648  70.787935 14.382
 18    -0.129 52835.61512610 19.17  83.181897  70.790890 13.721
 18     0.085 52835.61512674 18.91  83.177137  70.793850 13.721
 18     0.081 52835.61512739 18.90  83.172377  70.796810 13.721
 18     0.051 52835.61512803 19.74  83.167617  70.799770 13.721
 18     0.281 52835.61512868 19.40  83.162847  70.802730 13.721
 18     3.036 52835.61512932 19.17  83.158087  70.805690 13.721
 18     3.621 52835.61512997 18.85  83.153317  70.808650 13.721
 18     4.075 52835.61513061 19.37  83.148557  70.811600 13.721
 18     4.160 52835.61513126 22.50  83.143787  70.814560 13.721
 19     0.099 52870.61516338 33.29  83.218757  70.774306 30.149
 19    -0.122 52870.61516403 25.47  83.214007  70.777266 30.149
 19     0.144 52870.61516467 22.75  83.209257  70.780226 30.149
 19     0.100 52870.61516532 20.91  83.204507  70.783186 30.149
 19     0.066 52870.61516596 20.61  83.199747  70.786146 30.149
 19    -0.067 52870.61516661 19.34  83.194997  70.789106 30.149
 19    -0.224 52870.61516725 19.13  83.190237  70.792066 30.149
 19    -0.354 52870.61516789 19.28  83.185480  70.795023 17.078
 19    -0.483 52870.61516854 20.19  83.180720  70.797983 17.078
 19    -0.587 52870.61516918 20.71  83.175960  70.800943 17.078
 19    -0.324 52870.61516983 19.84  83.171200  70.803903 17.078
 19    -0.068 52870.61517047 20.91  83.166430  70.806863 17.078
 19     0.194 52870.61517112 20.78  83.161670  70.809823 17.078
 19     3.328 52870.61517176 21.51  83.156900  70.812783 17.078
 19     3.421 52870.61517241 22.37  83.152140  70.815733 17.078
 19     0.222 52870.61517305 23.44  83.147370  70.818693 17.078
 19     3.867 52870.61517370 20.33  83.142600  70.821653 17.078
 19     3.737 52870.61517434 21.35  83.137820  70.824613 17.078
 20     2.420 52905.61516476 23.28  83.214146  70.781883  7.942
 20     2.355 52905.61516540 20.33  83.209396  70.784843  7.942
 20     1.708 52905.61516605 20.66  83.204636  70.787803  7.942
 20     1.876 52905.61516669 20.57  83.199886  70.790763  7.942
 20     1.664 52905.61516734 19.94  83.195126  70.793723  7.942
 20     1.092 52905.61516798 20.22  83.190366  70.796683  7.942
 20     0.835 52905.61516863 19.36  83.185616  70.799643  7.942
 20     0.283 52905.61516927 19.70  83.180846  70.802603  7.942
 20     0.345 52905.61516992 19.80  83.176086  70.805563  7.942
 20     2.412 52905.61517056 19.07  83.171326  70.808523  7.942
 20     3.018 52905.61517121 18.85  83.166566  70.811473  7.942
 20     3.285 52905.61517185 19.04  83.161796  70.814433  7.942
 20     3.616 52905.61517250 20.20  83.157026  70.817393  7.942
 20     3.790 52905.61517314 20.10  83.152266  70.820353  7.942
 20     3.797 52905.61517379 21.63  83.147494  70.823314 26.181
 20     3.873 52905.61517443 23.32  83.142724  70.826274 26.181
 20     3.736 52905.61517507 26.87  83.137944  70.829234 26.181
 21    -0.228 52940.61509460 34.88  83.207747  70.769196  6.200
 21    -0.168 52940.61509525 37.21  83.203001  70.772161 10.947
 21    -0.159 52940.61509589 37.63  83.198251  70.775121 10.947
 21    -0.141 52940.61509654 36.36  83.193491  70.778081 10.947
 21    -0.169 52940.61509718 38.71  83.188741  70.781041 10.947
 21    -0.153 52940.61509783 37.84  83.183981  70.784001 10.947
 21    -0.148 52940.61509847 36.63  83.179231  70.786961 10.947
 21    -0.275 52940.61509912 34.94  83.174471  70.789911 10.947
 21    -0.335 52940.61509976 31.88  83.169711  70.792871 10.947
 21    -0.522 52940.61510041 30.07  83.164941  70.795831 10.947
 21    -0.655 52940.61510105 29.77  83.160181  70.798791 10.947
 21    -0.430 52940.61510170 27.77  83.155421  70.801751 10.947
 21    -0.513 52940.61510234 27.09  83.150651  70.804711 10.947
 21    -0.381 52940.61510298 25.81  83.145881  70.807671 10.947
 23    -0.094 53010.61514642 12.57  83.215844  70.776568  2.494
 23     2.004 53010.61514707 12.48  83.211094  70.779528  2.494
 23    -0.115 53010.61514771 13.55  83.206344  70.782488  2.494
 23     0.881 53010.61514836 13.22  83.201594  70.785448  2.494
 23     0.094 53010.61514900 13.06  83.196844  70.788408  2.494
 23    -0.118 53010.61514964 13.78  83.192084  70.791368  2.494
 23    -0.201 53010.61515029 13.72  83.187334  70.794328  2.494
 23    -0.240 53010.61515093 13.58  83.182574  70.797288  2.494
 23    -0.320 53010.61515158 13.42  83.177814  70.800248  2.494
 23    -0.350 53010.61515222 13.00  83.173054  70.803208  2.494
 23    -0.480 53010.61515287 13.57  83.168294  70.806168  2.494
 23    -0.384 53010.61515351 13.34  83.163524  70.809128  2.494
 23    -0.377 53010.61515416 13.32  83.158764  70.812078  2.494
 23    -0.328 53010.61515480 13.63  83.153994  70.815038  2.494
 23    -0.252 53010.61515545 13.34  83.149224  70.817998  2.494
 23    -0.323 53010.61515609 13.30  83.144462  70.820958  2.318
 23    -0.310 53010.61515674 13.21  83.139692  70.823918  2.318
 24    -0.124 53045.61510838 10.67  83.210469  70.769899  2.457
 24    -0.064 53045.61510903 10.39  83.205719  70.772859  2.457
 24    -0.135 53045.61510967 11.25  83.200959  70.775819  2.457
 24    -0.098 53045.61511032 10.69  83.196209  70.778779  2.457
 24    -0.049 53045.61511096 10.59  83.191459  70.781739  2.457
 24    -0.097 53045.61511161 10.94  83.186699  70.784699  2.457
 24    -0.276 53045.61511225 11.45  83.181949  70.787659  2.457
 24    -0.175 53045.61511290 10.72  83.177189  70.790619  2.457
 24    -0.210 53045.61511354 11.04  83.172429  70.793579  2.457
 24    -0.156 53045.61511419 10.73  83.167669  70.796539  2.457
 24    -0.242 53045.61511483 10.59  83.162909  70.799489  2.457
 24    -0.217 53045.61511548 10.66  83.158139  70.802449  2.457
 24    -0.212 53045.61511612 10.53  83.153377  70.805413  1.912
 24    -0.252 53045.61511677 10.57  83.148607  70.808373  1.912
 24    -0.357 53045.61511741 10.70  83.143847  70.811333  1.912
 25    -0.264 53080.61514313  9.99  83.218589  70.774941  2.334
 25    -0.214 53080.61514377  9.64  83.213839  70.777901  2.334
 25    -0.235 53080.61514442  9.99  83.209089  70.780861  2.334
 25    -0.131 53080.61514506  9.82  83.204339  70.783821  2.334
 25    -0.159 53080.61514571 10.32  83.199579  70.786781  2.334
 25    -0.114 53080.61514635 10.24  83.194829  70.789741  2.334
 25    -0.270 53080.61514700 11.16  83.190069  70.792701  2.334
 25    -0.194 53080.61514764 10.08  83.185319  70.795661  2.334
 25    -0.466 53080.61514829 10.76  83.180559  70.798621  2.334
 25    -0.290 53080.61514893 10.48  83.175799  70.801581  2.334
 25    -0.350 53080.61514957 10.10  83.171041  70.804535  2.150
 25    -0.330 53080.61515022 10.48  83.166271  70.807495  2.150
 25    -0.427 53080.61515086  9.89  83.161511  70.810455  2.150
 25    -0.405 53080.61515151 10.08  83.156751  70.813415  2.150
 25    -0.345 53080.61515215 10.03  83.151981  70.816375  2.150
 25    -0.536 53080.61515280 10.09  83.147211  70.819335  2.150
 25    -0.456 53080.61515344  9.92  83.142441  70.822295  2.150
 25    -0.448 53080.61515409  9.64  83.137671  70.825245  2.150
 26    -0.368 53115.61511260  9.13  83.210857  70.767395  2.507
 26    -0.140 53115.61511325  9.37  83.206117  70.770355  2.507
 26    -0.192 53115.61511389  9.00  83.201367  70.773315  2.507
 26    -0.464 53115.61511454 10.00  83.196607  70.776275  2.507
 26    -0.271 53115.61511518  8.87  83.191857  70.779235  2.507
 26    -0.314 53115.61511583  9.09  83.187107  70.782195  2.507
 26    -0.321 53115.61511647  8.87  83.182347  70.785155  2.507
 26    -0.401 53115.61511712  9.00  83.177587  70.788115  2.507
 26    -0.537 53115.61511776  9.03  83.172837  70.791075  2.507
 26    -0.419 53115.61511841  8.78  83.168077  70.794035  2.507
 26    -0.364 53115.61511905  8.56  83.163317  70.796985  2.507
 26    -0.375 53115.61511970  8.65  83.158547  70.799945  2.507
 26    -0.317 53115.61512034  8.63  83.153787  70.802910  1.917
 26    -0.367 53115.61512098  8.67  83.149027  70.805870  1.917
 26    -0.700 53115.61512163  8.88  83.144257  70.808830  1.917
 27    -0.155 53150.61516037  8.78  83.216819  70.771229  2.324
 27    -0.220 53150.61516102  9.00  83.212069  70.774189  2.324
 27    -0.090 53150.61516166  8.61  83.207319  70.777149  2.324
 27    -0.128 53150.61516231  9.15  83.202569  70.780109  2.324
 27    -0.095 53150.61516295 10.00  83.197809  70.783069  2.324
 27    -0.020 53150.61516360  8.91  83.193059  70.786029  2.324
 27    -0.040 53150.61516424  9.13  83.188299  70.788989  2.324
 27    -0.022 53150.61516488  8.58  83.183549  70.791949  2.324
 27    -0.094 53150.61516553  9.10  83.178789  70.794909  2.324
 27    -0.197 53150.61516617  9.00  83.174029  70.797869  2.324
 27    -0.175 53150.61516682  8.80  83.169264  70.800824  1.881
 27    -0.220 53150.61516746  9.14  83.164504  70.803784  1.881
 27    -0.214 53150.61516811  8.87  83.159744  70.806744  1.881
 27    -0.346 53150.61516875  8.99  83.154974  70.809704  1.881
 27    -0.410 53150.61516940  8.73  83.150214  70.812664  1.881
 27    -0.312 53150.61517004  8.86  83.145444  70.815624  1.881
 28     1.336 53185.61515159 21.28  83.210891  70.782333 12.069
 28     1.696 53185.61515223 16.70  83.206131  70.785293 12.069
 28     1.059 53185.61515288 17.06  83.201381  70.788253 12.069
 28     0.512 53185.61515352 16.91  83.196621  70.791213 12.069
 28     0.295 53185.61515417 16.47  83.191861  70.794173 12.069
 28     0.434 53185.61515481 16.46  83.187101  70.797133 12.069
 28     1.183 53185.61515546 15.85  83.182341  70.800093 12.069
 28     1.392 53185.61515610 16.04  83.177581  70.803053 12.069
 28     2.711 53185.61515675 15.25  83.172821  70.806013 12.069
 28     3.192 53185.61515739 15.22  83.168051  70.808963 12.069
 28     3.547 53185.61515804 15.48  83.163291  70.811923 12.069
 28     3.732 53185.61515868 17.09  83.158521  70.814883 12.069
 28     3.957 53185.61515933 18.60  83.153751  70.817843 12.069
 28     4.037 53185.61515997 21.41  83.148983  70.820801 29.636
 28     4.019 53185.61516061 22.77  83.144213  70.823761 29.636
 28     3.858 53185.61516126 25.48  83.139443  70.826721 29.636
 29     0.311 53220.61517732 37.32  83.213967  70.781922 15.874
 29     0.236 53220.61517796 35.41  83.209217  70.784882 15.874
 29     0.138 53220.61517861 36.80  83.204457  70.787842 15.874
 29     0.106 53220.61517925 37.00  83.199707  70.790802 15.874
 29     0.157 53220.61517990 36.57  83.194947  70.793762 15.874
 29     0.229 53220.61518054 35.43  83.190197  70.796722 15.874
 29     0.163 53220.61518119 32.27  83.185437  70.799682 15.874
 29    -0.161 53220.61518183 31.31  83.180677  70.802642 15.874
 29    -0.544 53220.61518248 29.45  83.175917  70.805602 15.874
 29    -1.108 53220.61518312 29.25  83.171147  70.808562 15.874
 29    -1.843 53220.61518377 28.58  83.166387  70.811522 15.874
 29    -2.850 53220.61518441 27.10  83.161617  70.814472 15.874
 29    -3.947 53220.61518506 27.16  83.156851  70.817438 15.809
 29    -1.905 53220.61518570 26.32  83.152081  70.820398 15.809
 29    -1.610 53220.61518635 24.29  83.147311  70.823348 15.809
 29     2.906 53220.61518699 23.72  83.142541  70.826308 15.809
 29     3.548 53220.61518763 23.45  83.137771  70.829268 15.809
 30     0.207 53255.61515504 19.08  83.211883  70.787409 13.758
 30     0.142 53255.61515569 20.80  83.207123  70.790369 13.758
 30    -0.334 53255.61515633 27.59  83.202373  70.793329 13.758
 30    -0.226 53255.61515697 30.02  83.197613  70.796289 13.758
 30    -0.174 53255.61515762 29.84  83.192863  70.799249 13.758
 30    -0.384 53255.61515826 26.16  83.188103  70.802209 13.758
 30    -0.643 53255.61515891 22.20  83.183343  70.805169 13.758
 30    -1.165 53255.61515955 23.94  83.178583  70.808129 13.758
 30    -1.913 53255.61516020 26.03  83.173823  70.811089 13.758
 30    -3.140 53255.61516084 26.72  83.169053  70.814049 13.758
 30    -0.650 53255.61516149 24.58  83.164293  70.816999 13.758
 30    -0.389 53255.61516213 23.29  83.159523  70.819968 22.463
 30    -0.196 53255.61516278 23.00  83.154763  70.822918 22.463
 30    -0.145 53255.61516342 23.97  83.149993  70.825878 22.463
 30    -0.027 53255.61516407 27.74  83.145223  70.828838 22.463
 32     0.274 53325.61513986 16.16  83.214599  70.782039  2.279
 32     0.310 53325.61514050 16.10  83.209839  70.784999  2.279
 32     0.354 53325.61514115 16.45  83.205089  70.787959  2.279
 32     0.343 53325.61514179 16.88  83.200329  70.790919  2.279
 32     0.297 53325.61514244 16.78  83.195579  70.793879  2.279
 32     0.325 53325.61514308 16.58  83.190819  70.796839  2.279
 32     0.262 53325.61514373 16.44  83.186059  70.799799  2.279
 32     0.218 53325.61514437 16.68  83.181299  70.802759  2.279
 32    -0.019 53325.61514502 16.84  83.176539  70.805719  2.279
 32    -0.020 53325.61514566 17.05  83.171779  70.808669  2.279
 32     0.068 53325.61514631 16.95  83.167009  70.811629  2.279
 32    -0.168 53325.61514695 17.25  83.162241  70.814594  2.796
 32    -0.160 53325.61514760 17.11  83.157481  70.817554  2.796
 32    -0.104 53325.61514824 17.52  83.152711  70.820514  2.796
 32     0.101 53325.61514888 17.49  83.147941  70.823464  2.796
 32     0.170 53325.61514953 17.13  83.143171  70.826424  2.796
 32     0.175 53325.61515017 17.18  83.138391  70.829384  2.796
 33    -1.643 53360.61510019 10.84  83.212514  70.789525  1.909
 33    -1.485 53360.61510084 11.02  83.207764  70.792485  1.909
 33    -1.495 53360.61510148 11.03  83.203004  70.795445  1.909
 33    -1.562 53360.61510213 11.13  83.198244  70.798405  1.909
 33    -1.507 53360.61510277 11.63  83.193487  70.801365  2.761
 33    -1.736 53360.61510342 11.77  83.188727  70.804325  2.761
 33    -1.880 53360.61510406 11.42  83.183967  70.807285  2.761
 33    -2.060 53360.61510471 11.69  83.179207  70.810245  2.761
 33    -2.173 53360.61510535 11.82  83.174437  70.813205  2.761
 33    -2.215 53360.61510600 12.45  83.169677  70.816165  2.761
 33    -2.360 53360.61510664 12.48  83.164907  70.819115  2.761
 33    -2.178 53360.61510729 12.29  83.160147  70.822075  2.761
 33    -2.024 53360.61510793 12.64  83.155377  70.825035  2.761
 33    -1.638 53360.61510858 12.49  83.150607  70.827995  2.761
 33    -1.195 53360.61510922 12.46  83.145827  70.830955  2.761
 34    -1.351 53395.61511607 10.12  83.210477  70.770933  2.257
 34    -0.334 53395.61511672  9.59  83.205727  70.773893  2.257
 34    -0.467 53395.61511736 10.07  83.200977  70.776853  2.257
 34    -0.392 53395.61511801 10.52  83.196227  70.779813  2.257
 34    -0.309 53395.61511865 10.06  83.191467  70.782773  2.257
 34    -0.436 53395.61511930 10.17  83.186717  70.785733  2.257
 34    -1.128 53395.61511994 11.42  83.181957  70.788693  2.257
 34    -0.578 53395.61512058 10.10  83.177197  70.791653  2.257
 34    -0.726 53395.61512123 10.38  83.172437  70.794605  2.035
 34    -0.617 53395.61512187 10.01  83.167677  70.797565  2.035
 34    -1.042 53395.61512252 10.33  83.162917  70.800525  2.035
 34    -1.198 53395.61512316 10.30  83.158157  70.803485  2.035
 34    -1.625 53395.61512381 10.95  83.153387  70.806445  2.035
 34    -1.234 53395.61512445 10.45  83.148617  70.809405  2.035
 34    -1.033 53395.61512510 10.72  83.143857  70.812365  2.035
 35    -0.258 53430.61511154  9.83  83.213538  70.788213  1.794
 35    -0.263 53430.61511218  9.90  83.208788  70.791173  1.794
 35    -0.113 53430.61511283 10.12  83.204038  70.794133  1.794
 35    -0.100 53430.61511347 10.31  83.199278  70.797093  1.794
 35    -0.187 53430.61511412 10.37  83.194525  70.800054  2.304
 35    -0.101 53430.61511476 10.37  83.189765  70.803014  2.304
 35    -0.293 53430.61511541 10.25  83.185005  70.805974  2.304
 35    -0.453 53430.61511605 11.12  83.180235  70.808934  2.304
 35    -0.834 53430.61511669 11.28  83.175475  70.811894  2.304
 35    -1.393 53430.61511734 11.42  83.170715  70.814854  2.304
 35    -0.661 53430.61511798 10.89  83.165945  70.817804  2.304
 35    -0.623 53430.61511863 10.95  83.161175  70.820764  2.304
 35    -0.378 53430.61511927 10.95  83.156405  70.823724  2.304
 35    -0.245 53430.61511992 10.96  83.151645  70.826684  2.304
 35    -0.188 53430.61512056 10.90  83.146865  70.829644  2.304
 36    -0.421 53465.61513740  8.85  83.209869  70.770527  2.268
 36    -0.285 53465.61513805  8.80  83.205119  70.773487  2.268
 36    -0.178 53465.61513869  8.65  83.200369  70.776447  2.268
 36    -0.248 53465.61513934  9.39  83.195619  70.779407  2.268
 36    -0.493 53465.61513998  9.57  83.190859  70.782367  2.268
 36    -0.243 53465.61514063  8.84  83.186109  70.785327  2.268
 36    -0.284 53465.61514127  8.85  83.181349  70.788287  2.268
 36    -0.306 53465.61514192  8.94  83.176590  70.791239  2.074
 36    -0.059 53465.61514256  8.86  83.171830  70.794199  2.074
 36    -0.465 53465.61514321  8.89  83.167070  70.797159  2.074
 36    -0.716 53465.61514385  9.32  83.162310  70.800119  2.074
 36    -0.317 53465.61514450  8.76  83.157540  70.803079  2.074
 36    -1.150 53465.61514514  8.89  83.152780  70.806039  2.074
 36    -0.547 53465.61514579  9.24  83.148010  70.808999  2.074
 36    -0.773 53465.61514643  9.34  83.143240  70.811949  2.074
 37    -0.207 53500.61519759  8.30  83.215936  70.772312  2.095
 37    -0.071 53500.61519824  8.26  83.211186  70.775272  2.095
 37     0.045 53500.61519888  8.26  83.206436  70.778232  2.095
 37    -0.108 53500.61519953  8.06  83.201686  70.781192  2.095
 37     0.134 53500.61520017  8.09  83.196936  70.784152  2.095
 37     0.073 53500.61520082  8.61  83.192186  70.787112  2.095
 37     0.132 53500.61520146  7.94  83.187426  70.790072  2.095
 37    -0.012 53500.61520210  8.14  83.182666  70.793032  2.095
 37     0.155 53500.61520275  8.15  83.177914  70.795991  1.998
 37     0.227 53500.61520339  8.06  83.173154  70.798951  1.998
 37     0.125 53500.61520404  8.66  83.168394  70.801911  1.998
 37     0.161 53500.61520468  8.43  83.163634  70.804871  1.998
 37     0.076 53500.61520533  8.00  83.158864  70.807831  1.998
 37     0.256 53500.61520597  8.40  83.154104  70.810791  1.998
 37     0.019 53500.61520662  8.62  83.149334  70.813741  1.998
 37    -0.102 53500.61520726  8.46  83.144564  70.816701  1.998
 38     2.435 53535.61518776 26.53  83.213706  70.782104 24.504
 38     2.102 53535.61518841 24.68  83.208956  70.785064 24.504
 38     2.824 53535.61518905 22.72  83.204206  70.788024 24.504
 38     1.892 53535.61518970 20.90  83.199446  70.790984 24.504
 38     1.722 53535.61519034 21.47  83.194689  70.793948 15.631
 38     1.585 53535.61519099 20.28  83.189929  70.796908 15.631
 38     1.390 53535.61519163 18.24  83.185179  70.799868 15.631
 38     1.202 53535.61519227 18.75  83.180409  70.802828 15.631
 38     2.074 53535.61519292 18.21  83.175649  70.805788 15.631
 38     2.948 53535.61519356 18.17  83.170889  70.808738 15.631
 38     3.290 53535.61519421 17.60  83.166129  70.811698 15.631
 38     3.607 53535.61519485 19.29  83.161359  70.814658 15.631
 38     3.746 53535.61519550 23.22  83.156589  70.817618 15.631
 38     3.819 53535.61519614 26.30  83.151819  70.820578 15.631
 38     4.002 53535.61519679 26.72  83.147049  70.823538 15.631
 38     4.015 53535.61519743 28.52  83.142279  70.826498 15.631
 39     0.420 53570.61519647 23.49  83.215823  70.776389 18.872
 39     1.806 53570.61519712 17.39  83.211073  70.779349 18.872
 39     0.172 53570.61519776 16.62  83.206323  70.782309 18.872
 39     0.181 53570.61519841 15.77  83.201573  70.785269 18.872
 39     0.420 53570.61519905 15.87  83.196813  70.788229 18.872
 39     0.219 53570.61519969 16.34  83.192063  70.791189 18.872
 39     0.291 53570.61520034 16.31  83.187303  70.794149 18.872
 39     0.209 53570.61520098 16.57  83.182553  70.797109 18.872
 39     0.108 53570.61520163 17.48  83.177792  70.800068 22.271
 39     0.171 53570.61520227 17.34  83.173032  70.803028 22.271
 39     0.489 53570.61520292 15.64  83.168272  70.805988 22.271
 39     0.467 53570.61520356 14.98  83.163502  70.808948 22.271
 39     3.422 53570.61520421 14.79  83.158742  70.811908 22.271
 39     3.837 53570.61520485 15.11  83.153972  70.814868 22.271
 39     3.917 53570.61520550 15.37  83.149212  70.817818 22.271
 39     3.985 53570.61520614 16.51  83.144442  70.820778 22.271
 39     3.876 53570.61520679 19.43  83.139672  70.823738 22.271
 40     0.271 53605.61514694 21.16  83.211470  70.792227 23.407
 40     0.061 53605.61514758 19.04  83.206720  70.795187 23.407
 40     0.182 53605.61514823 18.76  83.201970  70.798147 23.407
 40     0.075 53605.61514887 20.91  83.197209  70.801112 12.316
 40    -0.242 53605.61514952 20.64  83.192449  70.804072 12.316
 40    -0.423 53605.61515016 18.17  83.187689  70.807032 12.316
 40    -0.927 53605.61515080 19.06  83.182929  70.809992 12.316
 40    -0.372 53605.61515145 17.31  83.178169  70.812952 12.316
 40    -0.634 53605.61515209 18.01  83.173399  70.815902 12.316
 40    -0.290 53605.61515274 17.17  83.168639  70.818862 12.316
 40    -0.291 53605.61515338 17.55  83.163869  70.821822 12.316
 40    -0.085 53605.61515403 17.69  83.159099  70.824782 12.316
 40    -0.153 53605.61515467 19.34  83.154329  70.827742 12.316
 40     2.765 53605.61515532 19.88  83.149559  70.830702 12.316
 40     2.864 53605.61515596 20.67  83.144789  70.833662 12.316
 41     1.734 53640.61514278 23.59  83.207989  70.769917 19.623
 41     1.488 53640.61514343 20.32  83.203239  70.772877 19.623
 41     1.498 53640.61514407 17.97  83.198489  70.775837 19.623
 41     0.548 53640.61514471 19.58  83.193729  70.778797 19.623
 41     0.444 53640.61514536 19.78  83.188979  70.781757 19.623
 41    -0.547 53640.61514600 20.86  83.184219  70.784717 19.623
 41    -0.770 53640.61514665 20.98  83.179469  70.787677 19.623
 41    -1.010 53640.61514729 21.30  83.174709  70.790637 19.623
 41    -0.520 53640.61514794 20.05  83.169949  70.793597 19.623
 41    -0.236 53640.61514858 20.05  83.165192  70.796556 27.168
 41     0.092 53640.61514923 20.41  83.160422  70.799516 27.168
 41     3.159 53640.61514987 20.86  83.155662  70.802466 27.168
 41     0.208 53640.61515052 24.74  83.150892  70.805426 27.168
 41     3.562 53640.61515116 25.76  83.146132  70.808386 27.168
 42     0.257 53675.61516241 28.25  83.217649  70.771536 13.397
 42     0.194 53675.61516305 27.47  83.212899  70.774496 13.397
 42     0.214 53675.61516370 28.47  83.208149  70.777456 13.397
 42     0.093 53675.61516434 31.27  83.203399  70.780416 13.397
 42     0.100 53675.61516499 31.87  83.198649  70.783376 13.397
 42     0.043 53675.61516563 32.31  83.193889  70.786336 13.397
 42     0.138 53675.61516628 35.04  83.189139  70.789296 13.397
 42     0.225 53675.61516692 36.87  83.184379  70.792256 13.397
 42     0.240 53675.61516757 35.96  83.179619  70.795216 13.397
 42     0.263 53675.61516821 38.45  83.174866  70.798172 11.333
 42     0.299 53675.61516886 38.51  83.170106  70.801132 11.333
 42     0.293 53675.61516950 37.31  83.165346  70.804092 11.333
 42    -0.074 53675.61517015 32.16  83.160576  70.807052 11.333
 42    -0.243 53675.61517079 29.81  83.155816  70.810012 11.333
 42    -0.595 53675.61517144 25.85  83.151046  70.812972 11.333
 42    -1.020 53675.61517208 24.59  83.146286  70.815932 11.333
 43    -0.176 53710.61509582 17.71  83.214037  70.791139  2.989
 43     0.287 53710.61509646 17.43  83.209287  70.794099  2.989
 43     0.362 53710.61509710 18.19  83.204527  70.797059  2.989
 43     0.458 53710.61509775 17.89  83.199767  70.800019  2.989
 43     0.156 53710.61509839 18.59  83.195009  70.802981  3.296
 43    -0.240 53710.61509904 18.18  83.190249  70.805941  3.296
 43    -0.494 53710.61509968 17.24  83.185489  70.808901  3.296
 43    -0.768 53710.61510033 17.44  83.180729  70.811861  3.296
 43    -1.080 53710.61510097 16.75  83.175959  70.814821  3.296
 43    -1.066 53710.61510162 16.74  83.171199  70.817781  3.296
 43    -1.151 53710.61510226 16.43  83.166429  70.820731  3.296
 43    -0.488 53710.61510291 15.89  83.161669  70.823691  3.296
 43    -0.022 53710.61510355 15.18  83.156899  70.826651  3.296
 43     0.360 53710.61510420 15.08  83.152129  70.829611  3.296
 43     0.459 53710.61510484 16.17  83.147349  70.832571  3.296
 44     0.432 53745.61500174 13.28  83.207922  70.768421  2.628
 44     0.110 53745.61500238 14.10  83.203172  70.771381  2.628
 44    -0.192 53745.61500303 13.55  83.198412  70.774341  2.628
 44    -0.359 53745.61500367 14.00  83.193662  70.777301  2.628
 44    -0.468 53745.61500432 14.26  83.188912  70.780261  2.628
 44    -0.264 53745.61500496 13.60  83.184152  70.783221  2.628
 44    -0.405 53745.61500561 14.55  83.179392  70.786181  2.628
 44    -0.338 53745.61500625 14.13  83.174632  70.789131  2.628
 44    -0.282 53745.61500690 14.09  83.169872  70.792091  2.628
 44    -0.331 53745.61500754 13.86  83.165113  70.795057  2.572
 44    -0.445 53745.61500819 13.58  83.160353  70.798017  2.572
 44    -0.539 53745.61500883 13.40  83.155583  70.800967  2.572
 44    -0.485 53745.61500947 12.75  83.150823  70.803927  2.572
 44    -0.579 53745.61501012 12.70  83.146053  70.806887  2.572
 45    -0.199 53780.61503546 11.88  83.211384  70.782626  2.541
 45    -0.165 53780.61503610 11.97  83.206624  70.785586  2.541
 45    -0.301 53780.61503675 12.28  83.201874  70.788546  2.541
 45     0.028 53780.61503739 11.80  83.197114  70.791506  2.541
 45     0.037 53780.61503804 11.32  83.192364  70.794466  2.541
 45    -0.082 53780.61503868 11.77  83.187604  70.797426  2.541
 45    -0.016 53780.61503933 11.56  83.182837  70.800380  2.633
 45    -0.196 53780.61503997 12.42  83.178077  70.803340  2.633
 45    -0.433 53780.61504062 11.61  83.173317  70.806300  2.633
 45    -0.247 53780.61504126 11.67  83.168557  70.809260  2.633
 45    -0.280 53780.61504191 11.38  83.163787  70.812220  2.633
 45    -1.303 53780.61504255 11.59  83.159027  70.815180  2.633
 45    -1.136 53780.61504320 11.03  83.154257  70.818140  2.633
 45    -0.841 53780.61504384 10.92  83.149487  70.821090  2.633
 45    -0.069 53780.61504449 10.72  83.144717  70.824050  2.633
 45     0.153 53780.61504513 11.15  83.139947  70.827010  2.633
 46     0.352 53815.61500736  9.74  83.211987  70.797276  2.274
 46     0.118 53815.61500865  9.96  83.202477  70.803196  2.274
 46    -0.066 53815.61500930 10.25  83.197717  70.806156  2.274
 46    -0.366 53815.61500994 10.45  83.192957  70.809116  2.274
 46    -0.467 53815.61501059 11.24  83.188197  70.812076  2.274
 46    -0.855 53815.61501123 11.13  83.183437  70.815036  2.274
 46    -2.208 53815.61501188 11.74  83.178671  70.817992  2.293
 46    -0.721 53815.61501252 10.43  83.173911  70.820952  2.293
 46    -0.935 53815.61501317 10.60  83.169141  70.823912  2.293
 46    -0.454 53815.61501381 10.16  83.164371  70.826872  2.293
 46    -0.129 53815.61501446  9.73  83.159601  70.829832  2.293
 46     0.046 53815.61501510  9.64  83.154831  70.832792  2.293
 46     0.152 53815.61501574  9.63  83.150061  70.835752  2.293
 47     0.008 53850.61506845  8.90  83.211260  70.768460  2.631
 47    -0.074 53850.61506909  8.92  83.206510  70.771420  2.631
 47    -0.404 53850.61506974  9.05  83.201750  70.774380  2.631
 47    -0.421 53850.61507038  9.30  83.197000  70.777340  2.631
 47    -0.289 53850.61507103  8.99  83.192250  70.780300  2.631
 47    -0.395 53850.61507167  9.31  83.187500  70.783260  2.631
 47    -0.479 53850.61507232  9.32  83.182740  70.786220  2.631
 47    -0.399 53850.61507296  9.27  83.177980  70.789180  2.631
 47    -0.246 53850.61507361  9.01  83.173220  70.792140  2.631
 47    -0.510 53850.61507425  9.25  83.168460  70.795100  2.631
 47    -0.265 53850.61507489  8.58  83.163700  70.798050  2.631
 47    -0.377 53850.61507554  8.52  83.158940  70.801010  2.631
 47    -0.262 53850.61507618  8.65  83.154172  70.803976  1.988
 47    -0.388 53850.61507683  8.46  83.149412  70.806936  1.988
 47    -0.401 53850.61507747  8.23  83.144642  70.809886  1.988
 48     0.990 53885.61508100  5.76  83.211576  70.782310  8.730
 48     1.623 53885.61508164  5.46  83.206826  70.785270  8.730
 48     1.087 53885.61508228  5.70  83.202076  70.788230  8.730
 48     1.039 53885.61508293  5.59  83.197316  70.791190  8.730
 48     0.925 53885.61508357  5.92  83.192556  70.794150  8.730
 48     0.913 53885.61508422  5.64  83.187796  70.797110  8.730
 48     0.910 53885.61508486  6.04  83.183038  70.800064  7.872
 48     0.822 53885.61508551  6.04  83.178278  70.803024  7.872
 48     0.851 53885.61508615  5.85  83.173518  70.805984  7.872
 48     0.889 53885.61508680  5.64  83.168748  70.808944  7.872
 48     0.819 53885.61508744  7.18  83.163988  70.811904  7.872
 48     0.838 53885.61508809  5.86  83.159218  70.814864  7.872
 48     0.753 53885.61508873  5.60  83.154448  70.817824  7.872
 48     0.671 53885.61508938  5.09  83.149678  70.820774  7.872
 48     0.657 53885.61509002  5.29  83.144908  70.823734  7.872
 48     0.587 53885.61509067  5.56  83.140138  70.826694  7.872
 49     1.815 53920.61514765 30.58  83.215970  70.770408 15.338
 49     1.655 53920.61514830 21.73  83.211230  70.773368 15.338
 49     0.238 53920.61514894 19.65  83.206470  70.776328 15.338
 49     1.451 53920.61514959 17.23  83.201720  70.779288 15.338
 49     0.852 53920.61515023 15.63  83.196970  70.782248 15.338
 49     0.535 53920.61515088 15.30  83.192220  70.785208 15.338
 49    -0.060 53920.61515152 16.91  83.187460  70.788168 15.338
 49    -0.334 53920.61515216 17.71  83.182710  70.791128 15.338
 49    -0.396 53920.61515281 18.01  83.177950  70.794088 15.338
 49     0.047 53920.61515345 16.92  83.173190  70.797048 15.338
 49    -0.147 53920.61515410 19.74  83.168430  70.800008 15.338
 49     2.310 53920.61515474 17.78  83.163670  70.802968 15.338
 49     3.423 53920.61515539 16.29  83.158904  70.805920 28.958
 49     0.153 53920.61515603 22.17  83.154144  70.808880 28.958
 49     3.942 53920.61515668 19.85  83.149374  70.811840 28.958
 49     4.070 53920.61515732 22.53  83.144614  70.814800 28.958
 50     1.451 53955.61514602 29.13  83.217728  70.772451 15.923
 50     0.980 53955.61514666 18.28  83.212978  70.775411 15.923
 50    -0.086 53955.61514731 21.61  83.208238  70.778371 15.923
 50    -0.087 53955.61514795 21.15  83.203478  70.781331 15.923
 50    -0.182 53955.61514860 19.65  83.198728  70.784291 15.923
 50    -0.316 53955.61514924 19.31  83.193978  70.787251 15.923
 50    -0.424 53955.61514989 18.29  83.189218  70.790211 15.923
 50    -0.693 53955.61515053 18.00  83.184468  70.793171 15.923
 50    -1.004 53955.61515118 20.59  83.179708  70.796131 15.923
 50    -0.979 53955.61515182 21.15  83.174948  70.799091 15.923
 50    -0.526 53955.61515247 21.75  83.170188  70.802051 15.923
 50    -0.473 53955.61515311 23.88  83.165428  70.805011 15.923
 50    -0.317 53955.61515376 25.66  83.160668  70.807971 15.923
 50    -0.212 53955.61515440 26.84  83.155902  70.810931 28.612
 50     0.071 53955.61515505 24.98  83.151132  70.813881 28.612
 50     3.643 53955.61515569 22.07  83.146372  70.816841 28.612
 51     0.125 53990.61506912 26.44  83.211316  70.796357 24.685
 51     0.094 53990.61506976 32.82  83.206556  70.799317 24.685
 51     0.102 53990.61507041 32.50  83.201796  70.802277 24.685
 51    -0.071 53990.61507105 28.76  83.197046  70.805237 24.685
 51    -0.477 53990.61507170 28.17  83.192286  70.808197 24.685
 51    -0.919 53990.61507234 27.34  83.187521  70.811156 23.090
 51    -0.540 53990.61507299 22.71  83.182761  70.814116 23.090
 51    -0.217 53990.61507363 20.32  83.177991  70.817076 23.090
 51    -0.344 53990.61507428 21.73  83.173231  70.820036 23.090
 51    -0.511 53990.61507492 21.78  83.168461  70.822996 23.090
 51    -0.385 53990.61507557 21.94  83.163691  70.825956 23.090
 51    -0.537 53990.61507621 22.93  83.158921  70.828916 23.090
 51     0.051 53990.61507686 19.41  83.154151  70.831866 23.090
 51     2.477 53990.61507750 20.11  83.149381  70.834826 23.090
 52     0.213 54025.61512954 34.76  83.214184  70.768997 29.372
 52     0.172 54025.61513018 41.52  83.209434  70.771957 29.372
 52     0.193 54025.61513083 50.37  83.204684  70.774917 29.372
 52     0.266 54025.61513147 45.14  83.199924  70.777877 29.372
 52     0.337 54025.61513212 42.73  83.195174  70.780837 29.372
 52     0.329 54025.61513276 45.55  83.190414  70.783797 29.372
 52     0.305 54025.61513341 42.60  83.185664  70.786757 29.372
 52     0.286 54025.61513405 40.94  83.180904  70.789717 29.372
 52     0.300 54025.61513470 44.02  83.176144  70.792677 29.372
 52     0.313 54025.61513534 48.81  83.171384  70.795637 29.372
 52     0.287 54025.61513599 48.58  83.166624  70.798587 29.372
 52     0.184 54025.61513663 50.63  83.161864  70.801547 29.372
 52     0.126 54025.61513727 48.26  83.157094  70.804507 29.372
 52     0.141 54025.61513792 45.59  83.152330  70.807470 19.015
 52     0.217 54025.61513856 39.80  83.147560  70.810430 19.015
 52     0.263 54025.61513921 36.06  83.142790  70.813390 19.015
 53     0.179 54060.61512510 18.88  83.212645  70.782824  3.004
 53     0.204 54060.61512575 19.02  83.207895  70.785784  3.004
 53     0.050 54060.61512639 19.54  83.203145  70.788744  3.004
 53     0.044 54060.61512703 20.24  83.198385  70.791704  3.004
 53    -0.040 54060.61512768 19.90  83.193625  70.794664  3.004
 53    -0.100 54060.61512832 20.29  83.188865  70.797624  3.004
 53    -0.129 54060.61512897 20.24  83.184105  70.800584  3.004
 53    -0.118 54060.61512961 20.69  83.179345  70.803544  3.004
 53    -0.057 54060.61513026 19.96  83.174585  70.806504  3.004
 53    -0.211 54060.61513090 20.23  83.169825  70.809454  3.004
 53    -0.209 54060.61513155 20.29  83.165060  70.812419  2.748
 53    -0.159 54060.61513219 20.20  83.160290  70.815379  2.748
 53    -0.082 54060.61513284 20.57  83.155520  70.818329  2.748
 53    -0.102 54060.61513348 20.15  83.150750  70.821289  2.748
 53    -0.180 54060.61513413 20.11  83.145980  70.824249  2.748
 53    -0.040 54060.61513477 19.06  83.141210  70.827209  2.748
 54     0.050 54095.61510089 14.41  83.212097  70.789886  2.313
 54     0.172 54095.61510154 14.74  83.207347  70.792846  2.313
 54     0.044 54095.61510218 14.53  83.202587  70.795806  2.313
 54    -0.202 54095.61510282 14.94  83.197837  70.798766  2.313
 54    -0.058 54095.61510347 15.05  83.193077  70.801726  2.313
 54    -0.164 54095.61510411 15.15  83.188317  70.804686  2.313
 54    -0.246 54095.61510476 15.50  83.183557  70.807646  2.313
 54    -0.212 54095.61510540 15.27  83.178797  70.810606  2.313
 54    -0.280 54095.61510605 15.30  83.174037  70.813566  2.313
 54    -0.282 54095.61510669 15.66  83.169269  70.816528  2.347
 54    -0.110 54095.61510734 15.35  83.164499  70.819478  2.347
 54    -0.045 54095.61510798 14.85  83.159739  70.822438  2.347
 54     0.085 54095.61510863 14.69  83.154969  70.825398  2.347
 54     0.039 54095.61510927 14.38  83.150199  70.828358  2.347
 54     0.169 54095.61510992 14.62  83.145429  70.831318  2.347
 55    -0.574 54130.61504321 12.07  83.210348  70.768875  2.675
 55    -0.431 54130.61504385 11.97  83.205598  70.771835  2.675
 55    -0.686 54130.61504450 12.58  83.200838  70.774795  2.675
 55    -0.569 54130.61504514 12.73  83.196088  70.777755  2.675
 55    -0.640 54130.61504579 13.03  83.191338  70.780715  2.675
 55    -0.694 54130.61504643 13.59  83.186578  70.783675  2.675
 55    -0.657 54130.61504708 12.99  83.181828  70.786635  2.675
 55    -0.549 54130.61504772 12.36  83.177068  70.789595  2.675
 55    -0.544 54130.61504837 12.33  83.172308  70.792555  2.675
 55    -0.504 54130.61504901 12.38  83.167548  70.795505  2.675
 55    -0.539 54130.61504966 12.05  83.162778  70.798465  2.675
 55    -0.587 54130.61505030 12.33  83.158018  70.801425  2.675
 55    -0.647 54130.61505095 12.28  83.153249  70.804388  2.017
 55    -0.516 54130.61505159 12.18  83.148489  70.807348  2.017
 55    -0.593 54130.61505223 12.52  83.143719  70.810308  2.017
 56     0.106 54165.61507129 11.38  83.214103  70.782567  2.514
 56     0.093 54165.61507194 11.35  83.209343  70.785537  2.514
 56     0.230 54165.61507258 11.85  83.204593  70.788487  2.514
 56     0.188 54165.61507323 11.83  83.199843  70.791447  2.514
 56     0.086 54165.61507387 12.04  83.195083  70.794407  2.514
 56    -0.054 54165.61507452 11.99  83.190323  70.797367  2.514
 56    -0.036 54165.61507516 12.01  83.185563  70.800327  2.514
 56     0.075 54165.61507580 11.99  83.180813  70.803287  2.514
 56    -0.051 54165.61507645 12.27  83.176043  70.806247  2.514
 56     0.029 54165.61507709 12.03  83.171283  70.809207  2.514
 56    -0.198 54165.61507774 12.09  83.166523  70.812167  2.514
 56    -0.070 54165.61507838 12.19  83.161753  70.815127  2.514
 56     0.013 54165.61507903 12.13  83.156993  70.818087  2.514
 56     0.132 54165.61507967 11.97  83.152223  70.821047  2.514
 56     0.307 54165.61508032 11.67  83.147453  70.823997  2.514
 56     0.199 54165.61508096 11.55  83.142683  70.826957  2.514
 57     0.640 54200.61504657 12.31  83.211315  70.771525  1.964
 57     0.668 54200.61504722 12.15  83.206560  70.774492  2.532
 57     0.622 54200.61504786 12.66  83.201810  70.777452  2.532
 57     0.716 54200.61504851 12.37  83.197060  70.780412  2.532
 57     0.555 54200.61504915 13.51  83.192310  70.783372  2.532
 57     0.617 54200.61504980 13.12  83.187550  70.786332  2.532
 57     0.655 54200.61505044 13.13  83.182790  70.789292  2.532
 57     0.626 54200.61505109 13.09  83.178040  70.792242  2.532
 57     0.460 54200.61505173 13.12  83.173270  70.795202  2.532
 57     0.533 54200.61505238 12.13  83.168510  70.798162  2.532
 57     0.629 54200.61505302 12.03  83.163750  70.801122  2.532
 57     0.493 54200.61505367 12.10  83.158990  70.804082  2.532
 57     0.497 54200.61505431 11.71  83.154220  70.807042  2.532
 57     0.480 54200.61505495 11.95  83.149460  70.810002  2.532
 57     0.432 54200.61505560 11.55  83.144690  70.812962  2.532
 58     3.283 54235.61508474  6.52  83.214444  70.775236  1.882
 58     2.658 54235.61508539  6.60  83.209694  70.778196  1.882
 58     2.475 54235.61508603  6.75  83.204939  70.781164  2.020
 58     1.709 54235.61508668  6.99  83.200189  70.784124  2.020
 58     1.458 54235.61508732  6.77  83.195429  70.787084  2.020
 58     1.076 54235.61508797  7.18  83.190679  70.790034  2.020
 58     0.941 54235.61508861  7.76  83.185919  70.792994  2.020
 58     0.750 54235.61508926  7.48  83.181159  70.795954  2.020
 58     0.784 54235.61508990  7.23  83.176399  70.798914  2.020
 58     0.851 54235.61509055  7.32  83.171639  70.801874  2.020
 58     0.710 54235.61509119  7.15  83.166879  70.804834  2.020
 58     0.820 54235.61509184  7.35  83.162109  70.807794  2.020
 58     0.690 54235.61509248  7.27  83.157349  70.810754  2.020
 58     0.813 54235.61509312  7.35  83.152579  70.813714  2.020
 58     0.732 54235.61509377  7.44  83.147809  70.816674  2.020
 58     0.633 54235.61509441  7.48  83.143039  70.819624  2.020
 59     2.549 54270.61510639 20.75  83.211277  70.781734 24.796
 59     2.150 54270.61510703 18.40  83.206517  70.784694 24.796
 59     1.503 54270.61510768 17.42  83.201768  70.787652 12.499
 59     0.987 54270.61510832 17.41  83.197008  70.790612 12.499
 59     0.845 54270.61510897 16.31  83.192258  70.793572 12.499
 59     0.864 54270.61510961 16.98  83.187498  70.796532 12.499
 59     1.262 54270.61511025 16.30  83.182738  70.799492 12.499
 59     2.088 54270.61511090 16.07  83.177978  70.802442 12.499
 59     2.780 54270.61511154 16.91  83.173218  70.805402 12.499
 59     3.104 54270.61511219 17.12  83.168448  70.808362 12.499
 59     3.392 54270.61511283 17.94  83.163688  70.811322 12.499
 59     3.646 54270.61511348 21.11  83.158918  70.814282 12.499
 59     3.840 54270.61511412 23.91  83.154158  70.817242 12.499
 59     3.882 54270.61511477 26.05  83.149388  70.820202 12.499
 59     3.943 54270.61511541 29.40  83.144618  70.823162 12.499
 59     3.962 54270.61511606 28.76  83.139848  70.826122 12.499
 60     1.276 54305.61510772 23.63  83.218684  70.774846 29.469
 60     0.245 54305.61510837 21.14  83.213934  70.777806 29.469
 60     0.393 54305.61510901 17.90  83.209179  70.780766 10.851
 60     0.462 54305.61510966 17.39  83.204429  70.783726 10.851
 60     0.381 54305.61511030 17.63  83.199679  70.786686 10.851
 60     0.126 54305.61511095 17.98  83.194919  70.789646 10.851
 60    -0.053 54305.61511159 17.01  83.190159  70.792596 10.851
 60     0.012 54305.61511223 15.79  83.185409  70.795556 10.851
 60    -0.379 54305.61511288 18.55  83.180649  70.798516 10.851
 60    -0.468 54305.61511352 19.01  83.175889  70.801476 10.851
 60    -0.212 54305.61511417 17.36  83.171119  70.804436 10.851
 60     0.095 54305.61511481 16.81  83.166359  70.807396 10.851
 60     3.251 54305.61511546 15.27  83.161599  70.810356 10.851
 60     3.729 54305.61511610 14.75  83.156829  70.813316 10.851
 60     3.874 54305.61511675 14.98  83.152059  70.816276 10.851
 60     3.931 54305.61511739 16.12  83.147299  70.819236 10.851
 60     4.117 54305.61511804 18.56  83.142519  70.822186 10.851
 60     4.031 54305.61511868 21.50  83.137749  70.825146 10.851
 61    -4.478 54340.61509190 24.85  83.214390  70.784692  7.368
 61    -3.538 54340.61509254 23.47  83.209640  70.787652  7.368
 61     0.400 54340.61509319 22.74  83.204890  70.790612  7.368
 61    -0.462 54340.61509383 22.83  83.200130  70.793572  7.368
 61    -1.323 54340.61509448 23.76  83.195370  70.796532  7.368
 61    -1.029 54340.61509512 23.70  83.190620  70.799492  7.368
 61    -0.632 54340.61509577 24.89  83.185860  70.802452  7.368
 61    -0.398 54340.61509641 25.05  83.181100  70.805412  7.368
 61    -0.203 54340.61509705 25.57  83.176340  70.808372  7.368
 61     0.231 54340.61509770 24.24  83.171570  70.811332  7.368
 61     0.342 54340.61509834 23.92  83.166810  70.814292  7.368
 61     0.575 54340.61509899 22.89  83.162040  70.817252  7.368
 61     0.679 54340.61509963 21.69  83.157270  70.820212  7.368
 61     3.180 54340.61510028 22.16  83.152500  70.823172  7.368
 61     3.465 54340.61510092 20.49  83.147730  70.826122  7.368
 61     3.464 54340.61510157 21.01  83.142960  70.829082  7.368
 62     0.277 54375.61504165 43.31  83.216862  70.771874  9.417
 62     0.351 54375.61504229 29.90  83.212112  70.774834  9.417
 62     0.086 54375.61504293 24.97  83.207362  70.777794  9.417
 62     0.072 54375.61504358 25.47  83.202612  70.780754  9.417
 62    -0.143 54375.61504422 22.43  83.197862  70.783714  9.417
 62    -0.197 54375.61504487 22.43  83.193102  70.786674  9.417
 62    -0.281 54375.61504551 21.54  83.188352  70.789634  9.417
 62    -0.683 54375.61504616 21.98  83.183592  70.792594  9.417
 62    -0.818 54375.61504680 22.08  83.178832  70.795554  9.417
 62    -0.671 54375.61504745 21.57  83.174072  70.798514  9.417
 62    -0.500 54375.61504809 22.15  83.169312  70.801474  9.417
 62    -0.419 54375.61504874 22.81  83.164552  70.804434  9.417
 62    -0.330 54375.61504938 22.35  83.159782  70.807394  9.417
 62    -0.149 54375.61505003 21.47  83.155022  70.810354  9.417
 62     3.848 54375.61505067 21.33  83.150252  70.813304  9.417
 62     0.528 54375.61505132 20.74  83.145482  70.816264  9.417
 63    -0.116 54410.61503786 20.65  83.210789  70.781541  2.793
 63    -0.014 54410.61503850 20.98  83.206039  70.784501  2.793
 63    -0.092 54410.61503914 21.78  83.201289  70.787461  2.793
 63    -0.122 54410.61503979 22.62  83.196529  70.790425  3.199
 63    -0.177 54410.61504043 22.53  83.191769  70.793385  3.199
 63    -0.034 54410.61504108 21.69  83.187009  70.796345  3.199
 63    -0.192 54410.61504172 21.82  83.182259  70.799305  3.199
 63    -0.285 54410.61504237 20.99  83.177499  70.802265  3.199
 63    -0.334 54410.61504301 21.12  83.172729  70.805215  3.199
 63    -0.345 54410.61504366 20.87  83.167969  70.808175  3.199
 63    -0.253 54410.61504430 20.89  83.163209  70.811135  3.199
 63    -0.293 54410.61504495 20.75  83.158439  70.814095  3.199
 63    -0.256 54410.61504559 20.67  83.153669  70.817055  3.199
 63    -0.307 54410.61504624 20.11  83.148909  70.820015  3.199
 63    -0.296 54410.61504688 19.85  83.144139  70.822975  3.199
 63    -0.431 54410.61504753 20.60  83.139369  70.825935  3.199
 64     0.415 54445.61500490 17.23  83.210957  70.769212  3.383
 64     0.309 54445.61500554 16.62  83.206207  70.772172  3.383
 64     0.215 54445.61500619 16.16  83.201457  70.775132  3.383
 64     0.259 54445.61500683 14.68  83.196707  70.778092  3.383
 64    -0.050 54445.61500748 17.25  83.191947  70.781052  3.383
 64     0.177 54445.61500812 14.55  83.187197  70.784012  3.383
 64     0.213 54445.61500877 13.76  83.182442  70.786967  2.158
 64     0.279 54445.61500941 13.42  83.177682  70.789927  2.158
 64     0.317 54445.61501006 13.78  83.172922  70.792887  2.158
 64     0.261 54445.61501070 13.61  83.168162  70.795847  2.158
 64     0.271 54445.61501135 13.73  83.163392  70.798807  2.158
 64     0.302 54445.61501199 13.62  83.158632  70.801767  2.158
 64     0.260 54445.61501263 14.09  83.153872  70.804727  2.158
 64     0.147 54445.61501328 13.57  83.149102  70.807677  2.158
 64     0.080 54445.61501392 13.78  83.144332  70.810637  2.158
 65    -0.376 54480.61502858 10.34  83.213614  70.779452  2.078
 65    -0.201 54480.61502923 10.67  83.208864  70.782412  2.078
 65    -0.390 54480.61502987 10.94  83.204114  70.785372  2.078
 65    -0.443 54480.61503052 11.00  83.199364  70.788332  2.078
 65    -0.553 54480.61503116 11.49  83.194604  70.791292  2.078
 65    -0.466 54480.61503181 11.20  83.189844  70.794252  2.078
 65    -0.570 54480.61503245 11.98  83.185084  70.797212  2.078
 65    -0.781 54480.61503309 11.56  83.180334  70.800172  2.078
 65    -0.647 54480.61503374 11.45  83.175564  70.803132  2.078
 65    -1.096 54480.61503438 11.34  83.170805  70.806093  2.263
 65    -0.701 54480.61503503 11.30  83.166045  70.809043  2.263
 65    -0.614 54480.61503567 11.41  83.161275  70.812003  2.263
 65    -0.726 54480.61503632 11.67  83.156505  70.814963  2.263
 65    -1.107 54480.61503696 11.98  83.151745  70.817923  2.263
 65    -0.748 54480.61503761 11.75  83.146975  70.820883  2.263
 65    -0.987 54480.61503825 11.54  83.142205  70.823843  2.263
 65    -0.801 54480.61503890 11.48  83.137435  70.826793  2.263
 66    -0.591 54515.61501950 10.04  83.210464  70.770961  2.318
 66    -0.492 54515.61502015  9.99  83.205714  70.773921  2.318
 66    -0.434 54515.61502079  9.68  83.200964  70.776881  2.318
 66    -0.453 54515.61502144 10.03  83.196204  70.779841  2.318
 66    -0.394 54515.61502208 10.65  83.191454  70.782801  2.318
 66    -0.485 54515.61502273 10.46  83.186694  70.785761  2.318
 66    -0.450 54515.61502337 10.69  83.181944  70.788721  2.318
 66    -0.452 54515.61502402 10.94  83.177184  70.791681  2.318
 66    -0.470 54515.61502466 10.25  83.172426  70.794641  2.127
 66    -0.502 54515.61502531 10.49  83.167666  70.797591  2.127
 66    -0.506 54515.61502595 10.14  83.162896  70.800551  2.127
 66    -0.434 54515.61502660 10.01  83.158136  70.803511  2.127
 66    -0.466 54515.61502724 10.33  83.153366  70.806471  2.127
 66    -0.455 54515.61502789 10.05  83.148606  70.809431  2.127
 66    -0.548 54515.61502853 10.25  83.143836  70.812391  2.127
 67    -0.154 54550.61504264  9.44  83.213852  70.784801  2.119
 67    -0.228 54550.61504328  9.54  83.209102  70.787761  2.119
 67    -0.328 54550.61504393 10.49  83.204342  70.790721  2.119
 67    -0.132 54550.61504457 10.57  83.199592  70.793681  2.119
 67    -0.216 54550.61504521 10.30  83.194832  70.796641  2.119
 67    -0.358 54550.61504586 10.19  83.190072  70.799601  2.119
 67    -0.872 54550.61504650 10.94  83.185312  70.802561  2.119
 67    -0.526 54550.61504715 10.95  83.180552  70.805518  2.415
 67    -0.587 54550.61504779 10.77  83.175792  70.808478  2.415
 67    -0.568 54550.61504844 10.73  83.171032  70.811438  2.415
 67    -0.458 54550.61504908 10.70  83.166262  70.814398  2.415
 67    -0.574 54550.61504973 10.50  83.161502  70.817358  2.415
 67    -0.298 54550.61505037 10.17  83.156732  70.820318  2.415
 67    -0.764 54550.61505102 10.44  83.151962  70.823278  2.415
 67    -0.332 54550.61505166 10.27  83.147192  70.826228  2.415
 67    -0.345 54550.61505231 10.24  83.142422  70.829188  2.415
 68    -0.064 54585.61501554  8.28  83.218129  70.773593  2.058
 68     0.032 54585.61501618  8.06  83.213379  70.776553  2.058
 68     0.064 54585.61501683  8.49  83.208629  70.779513  2.058
 68    -0.021 54585.61501747  8.73  83.203879  70.782473  2.058
 68     0.289 54585.61501812  8.66  83.199119  70.785433  2.058
 68     0.273 54585.61501876  8.54  83.194369  70.788393  2.058
 68     0.117 54585.61501941  8.71  83.189609  70.791353  2.058
 68     0.033 54585.61502005  9.07  83.184849  70.794313  2.058
 68     0.111 54585.61502069  8.75  83.180093  70.797270  2.078
 68     0.106 54585.61502134  9.02  83.175333  70.800230  2.078
 68     0.100 54585.61502198  8.69  83.170573  70.803190  2.078
 68     0.116 54585.61502263  9.07  83.165813  70.806150  2.078
 68     0.174 54585.61502327  8.92  83.161043  70.809110  2.078
 68     0.224 54585.61502392  8.64  83.156273  70.812070  2.078
 68     0.115 54585.61502456  9.02  83.151513  70.815030  2.078
 68     0.179 54585.61502521  8.87  83.146743  70.817980  2.078
 68     0.024 54585.61502585  9.17  83.141973  70.820940  2.078
 69     1.586 54620.61503516 29.52  83.217026  70.775992 30.921
 69     1.595 54620.61503580 27.51  83.212276  70.778952 30.921
 69     1.552 54620.61503645 25.56  83.207526  70.781912 30.921
 69     1.496 54620.61503709 25.70  83.202776  70.784872 30.921
 69     1.332 54620.61503773 23.98  83.198016  70.787832 30.921
 69     1.221 54620.61503838 20.75  83.193266  70.790792 30.921
 69     1.057 54620.61503902 18.47  83.188506  70.793752 30.921
 69     0.835 54620.61503967 19.09  83.183746  70.796712 30.921
 69     1.078 54620.61504031 16.59  83.178981  70.799669 21.681
 69     1.326 54620.61504096 17.87  83.174221  70.802629 21.681
 69     1.508 54620.61504160 17.49  83.169461  70.805589 21.681
 69     1.618 54620.61504225 20.20  83.164701  70.808549 21.681
 69     1.546 54620.61504289 23.41  83.159931  70.811509 21.681
 69     1.693 54620.61504354 23.29  83.155171  70.814469 21.681
 69     1.795 54620.61504418 24.58  83.150401  70.817429 21.681
 69     1.886 54620.61504483 28.70  83.145631  70.820379 21.681
 69     1.747 54620.61504547 32.74  83.140861  70.823339 21.681
 70     2.691 54655.61504540 19.98  83.218445  70.775233 18.905
 70     2.134 54655.61504604 21.15  83.213695  70.778193 18.905
 70     0.330 54655.61504669 21.26  83.208945  70.781153 18.905
 70     1.177 54655.61504733 17.13  83.204185  70.784113 18.905
 70     0.518 54655.61504798 17.32  83.199435  70.787073 18.905
 70     0.235 54655.61504862 18.25  83.194685  70.790033 18.905
 70     0.108 54655.61504927 16.46  83.189925  70.792993 18.905
 70     0.361 54655.61504991 14.41  83.185165  70.795953 18.905
 70     0.309 54655.61505055 15.39  83.180405  70.798913 18.905
 70     1.816 54655.61505120 14.37  83.175646  70.801868 24.556
 70     2.589 54655.61505184 13.99  83.170886  70.804828 24.556
 70     3.178 54655.61505249 14.09  83.166126  70.807788 24.556
 70     3.569 54655.61505313 14.07  83.161356  70.810748 24.556
 70     3.774 54655.61505378 17.06  83.156596  70.813708 24.556
 70     3.980 54655.61505442 18.18  83.151826  70.816668 24.556
 70     3.986 54655.61505507 20.30  83.147056  70.819628 24.556
 70     4.003 54655.61505571 25.48  83.142286  70.822578 24.556
 70     4.052 54655.61505636 26.19  83.137516  70.825538 24.556
 71     0.310 54690.61503261 21.25  83.212450  70.783153 20.984
 71    -0.152 54690.61503326 23.40  83.207690  70.786113 20.984
 71     0.002 54690.61503390 23.69  83.202940  70.789073 20.984
 71    -0.136 54690.61503455 24.94  83.198180  70.792033 20.984
 71    -1.966 54690.61503519 26.47  83.193430  70.794993 20.984
 71    -1.860 54690.61503584 28.65  83.188670  70.797953 20.984
 71    -1.057 54690.61503648 29.04  83.183910  70.800913 20.984
 71    -0.324 54690.61503713 26.47  83.179150  70.803873 20.984
 71     0.078 54690.61503777 25.45  83.174390  70.806833 20.984
 71     0.394 54690.61503842 25.96  83.169620  70.809793 20.984
 71     0.477 54690.61503906 37.64  83.164860  70.812753 20.984
 71     0.455 54690.61503971 45.90  83.160090  70.815713 20.984
 71     0.438 54690.61504035 32.31  83.155330  70.818673 20.984
 71     0.326 54690.61504099 44.15  83.150560  70.821623 20.984
 71     0.400 54690.61504164 50.44  83.145790  70.824583 20.984
 71     0.514 54690.61504228 49.16  83.141020  70.827543 20.984
 72     1.599 54725.61499563 23.53  83.211061  70.771418 18.906
 72     1.128 54725.61499628 17.86  83.206311  70.774378 18.906
 72     0.109 54725.61499692 19.02  83.201561  70.777338 18.906
 72    -0.034 54725.61499757 17.57  83.196801  70.780298 18.906
 72    -0.277 54725.61499821 19.56  83.192051  70.783258 18.906
 72    -0.317 54725.61499886 17.45  83.187291  70.786218 18.906
 72    -0.296 54725.61499950 17.14  83.182531  70.789178 18.906
 72    -0.294 54725.61500015 17.12  83.177781  70.792138 18.906
 72     0.134 54725.61500079 16.24  83.173020  70.795090 21.707
 72     0.224 54725.61500143 16.17  83.168260  70.798050 21.707
 72     0.220 54725.61500208 16.97  83.163490  70.801010 21.707
 72     0.203 54725.61500272 19.38  83.158730  70.803970 21.707
 72     0.203 54725.61500337 20.02  83.153960  70.806930 21.707
 72     0.249 54725.61500401 21.32  83.149200  70.809890 21.707
 72     3.970 54725.61500466 20.94  83.144430  70.812850 21.707
 73    -0.268 54760.61500867 37.86  83.212006  70.780395 21.829
 73    -0.296 54760.61500931 34.55  83.207256  70.783355 21.829
 73    -0.353 54760.61500996 35.42  83.202506  70.786315 21.829
 73    -0.391 54760.61501060 37.33  83.197756  70.789275 21.829
 73    -0.356 54760.61501124 39.19  83.192996  70.792235 21.829
 73    -0.318 54760.61501189 44.01  83.188236  70.795195 21.829
 73    -0.265 54760.61501253 44.99  83.183476  70.798155 21.829
 73    -0.271 54760.61501318 37.57  83.178726  70.801115 21.829
 73    -0.417 54760.61501382 34.35  83.173956  70.804075 21.829
 73    -0.403 54760.61501447 31.04  83.169197  70.807035  7.890
 73    -0.387 54760.61501511 28.25  83.164437  70.809985  7.890
 73    -0.440 54760.61501576 28.48  83.159667  70.812945  7.890
 73    -0.366 54760.61501640 26.58  83.154897  70.815905  7.890
 73    -0.331 54760.61501705 25.45  83.150137  70.818865  7.890
 73    -0.423 54760.61501769 26.23  83.145367  70.821825  7.890
 73    -0.299 54760.61501834 26.09  83.140597  70.824785  7.890
 73    -0.245 54760.61501898 26.75  83.135827  70.827735  7.890
 74    -0.685 54795.61498857 17.25  83.207806  70.769251  3.394
 74    -0.617 54795.61498922 17.08  83.203056  70.772211  3.394
 74    -0.424 54795.61498986 17.32  83.198306  70.775171  3.394
 74    -0.276 54795.61499051 17.46  83.193556  70.778131  3.394
 74    -0.364 54795.61499115 18.25  83.188796  70.781091  3.394
 74    -0.330 54795.61499180 17.45  83.184046  70.784051  3.394
 74    -0.323 54795.61499244 17.25  83.179286  70.787011  3.394
 74    -0.374 54795.61499309 16.85  83.174526  70.789961  3.394
 74    -0.345 54795.61499373 15.97  83.169763  70.792929  2.505
 74    -0.386 54795.61499437 16.45  83.165003  70.795889  2.505
 74    -0.572 54795.61499502 16.68  83.160243  70.798839  2.505
 74    -0.730 54795.61499566 16.32  83.155483  70.801799  2.505
 74    -0.706 54795.61499631 15.55  83.150713  70.804759  2.505
 74    -0.961 54795.61499695 16.17  83.145953  70.807719  2.505
 75     0.005 54830.61500816 11.34  83.215837  70.777103  2.264
 75    -0.006 54830.61500881 11.25  83.211087  70.780063  2.264
 75     0.083 54830.61500945 11.18  83.206327  70.783023  2.264
 75     0.111 54830.61501010 11.50  83.201577  70.785983  2.264
 75     0.179 54830.61501074 11.34  83.196827  70.788943  2.264
 75     0.134 54830.61501138 11.80  83.192067  70.791903  2.264
 75     0.136 54830.61501203 11.75  83.187307  70.794863  2.264
 75     0.185 54830.61501267 12.11  83.182547  70.797823  2.264
 75     0.099 54830.61501332 11.88  83.177787  70.800783  2.264
 75     0.106 54830.61501396 12.01  83.173028  70.803736  2.253
 75     0.064 54830.61501461 12.30  83.168268  70.806696  2.253
 75     0.101 54830.61501525 12.18  83.163498  70.809656  2.253
 75     0.078 54830.61501590 11.87  83.158738  70.812616  2.253
 75     0.034 54830.61501654 12.13  83.153968  70.815576  2.253
 75    -0.180 54830.61501719 12.28  83.149198  70.818536  2.253
 75    -0.067 54830.61501783 11.96  83.144428  70.821496  2.253
 75    -0.127 54830.61501848 11.42  83.139658  70.824446  2.253
 76    -0.568 54865.61498334 10.79  83.214543  70.769192  2.379
 76    -0.198 54865.61498399 10.57  83.209793  70.772152  2.379
 76    -0.216 54865.61498463 10.16  83.205043  70.775112  2.379
 76    -0.210 54865.61498528 10.70  83.200293  70.778072  2.379
 76    -0.285 54865.61498592 10.96  83.195543  70.781032  2.379
 76    -0.167 54865.61498657 10.48  83.190783  70.783992  2.379
 76    -0.282 54865.61498721 11.58  83.186023  70.786952  2.379
 76    -0.293 54865.61498785 11.05  83.181273  70.789912  2.379
 76    -0.338 54865.61498850 11.25  83.176515  70.792865  2.171
 76    -0.226 54865.61498914 11.50  83.171755  70.795825  2.171
 76    -0.205 54865.61498979 10.73  83.166995  70.798785  2.171
 76    -0.227 54865.61499043 10.44  83.162225  70.801745  2.171
 76    -0.191 54865.61499108 10.69  83.157465  70.804705  2.171
 76    -0.276 54865.61499172 10.67  83.152695  70.807665  2.171
 76    -0.304 54865.61499237 10.41  83.147935  70.810625  2.171
 76    -0.142 54865.61499301 10.12  83.143165  70.813575  2.171
 77    -0.287 54900.61500858  8.89  83.210185  70.784511  2.276
 77    -0.366 54900.61500922  8.72  83.205425  70.787471  2.276
 77    -0.029 54900.61500987  8.79  83.200675  70.790431  2.276
 77    -0.223 54900.61501051  9.23  83.195915  70.793391  2.276
 77    -0.210 54900.61501116  9.08  83.191165  70.796351  2.276
 77    -0.318 54900.61501180  9.03  83.186405  70.799311  2.276
 77    -0.297 54900.61501244  9.02  83.181645  70.802271  2.276
 77    -0.381 54900.61501309  9.37  83.176881  70.805225  2.116
 77    -0.382 54900.61501373  9.64  83.172121  70.808185  2.116
 77    -0.299 54900.61501438  9.62  83.167361  70.811145  2.116
 77    -0.330 54900.61501502  9.11  83.162591  70.814105  2.116
 77    -0.334 54900.61501567  9.12  83.157831  70.817065  2.116
 77    -0.393 54900.61501631  9.16  83.153061  70.820025  2.116
 77    -0.293 54900.61501696  8.89  83.148291  70.822985  2.116
 77    -0.239 54900.61501760  8.83  83.143521  70.825945  2.116
 77    -0.102 54900.61501825  8.69  83.138751  70.828895  2.116
 78     0.742 54935.61497565 10.36  83.213693  70.773450  2.206
 78     0.756 54935.61497630 10.11  83.208943  70.776410  2.206
 78     0.830 54935.61497694  9.87  83.204183  70.779370  2.206
 78     0.835 54935.61497759 10.39  83.199433  70.782330  2.206
 78     0.949 54935.61497823 10.13  83.194683  70.785290  2.206
 78     0.800 54935.61497888 10.16  83.189923  70.788250  2.206
 78     0.761 54935.61497952 10.35  83.185163  70.791210  2.206
 78     0.673 54935.61498016 10.21  83.180413  70.794170  2.206
 78     0.735 54935.61498081 10.25  83.175653  70.797130  2.206
 78     0.748 54935.61498145 10.02  83.170889  70.800082  1.882
 78     0.731 54935.61498210  9.97  83.166129  70.803042  1.882
 78     0.658 54935.61498274 10.00  83.161359  70.806002  1.882
 78     0.572 54935.61498339 10.23  83.156599  70.808962  1.882
 78     0.527 54935.61498403 10.21  83.151829  70.811922  1.882
 78     0.439 54935.61498468 10.19  83.147059  70.814882  1.882
 78     0.578 54935.61498532 10.16  83.142289  70.817842  1.882
 79     3.047 54970.61500861  7.16  83.216984  70.775101  2.085
 79     2.715 54970.61500925  7.15  83.212234  70.778061  2.085
 79     2.227 54970.61500990  7.43  83.207484  70.781021  2.085
 79     1.961 54970.61501054  7.33  83.202734  70.783981  2.085
 79     1.039 54970.61501119  7.17  83.197974  70.786941  2.085
 79     0.841 54970.61501183  7.54  83.193224  70.789901  2.085
 79     0.633 54970.61501248  7.53  83.188464  70.792861  2.085
 79     0.553 54970.61501312  7.81  83.183704  70.795821  2.085
 79     0.721 54970.61501376  7.51  83.178944  70.798781  2.085
 79     0.462 54970.61501441  7.69  83.174184  70.801741  2.085
 79     0.560 54970.61501505  7.38  83.169424  70.804693  1.944
 79     0.511 54970.61501570  7.59  83.164664  70.807653  1.944
 79     0.553 54970.61501634  7.24  83.159894  70.810613  1.944
 79     0.476 54970.61501699  7.26  83.155134  70.813573  1.944
 79     0.454 54970.61501763  7.43  83.150364  70.816533  1.944
 79     0.363 54970.61501828  7.66  83.145594  70.819493  1.944
 79     0.301 54970.61501892  7.43  83.140824  70.822453  1.944
 80     2.633 55005.61502790 22.93  83.219094  70.774292 14.269
 80     2.692 55005.61502855 18.49  83.214344  70.777252 14.269
 80     2.330 55005.61502919 17.65  83.209594  70.780212 14.269
 80     2.022 55005.61502984 15.56  83.204844  70.783172 14.269
 80     1.376 55005.61503048 15.68  83.200084  70.786132 14.269
 80     1.113 55005.61503112 15.08  83.195334  70.789092 14.269
 80     1.082 55005.61503177 15.36  83.190574  70.792052 14.269
 80     1.262 55005.61503241 15.26  83.185824  70.795012 14.269
 80     1.690 55005.61503306 14.76  83.181064  70.797972 14.269
 80     2.286 55005.61503370 14.58  83.176304  70.800932 14.269
 80     2.765 55005.61503435 14.52  83.171544  70.803892 14.269
 80     3.173 55005.61503499 14.75  83.166774  70.806842 14.269
 80     3.474 55005.61503564 15.97  83.162014  70.809802 14.269
 80     3.696 55005.61503628 18.60  83.157244  70.812762 14.269
 80     3.895 55005.61503693 22.47  83.152479  70.815726 35.481
 80     3.965 55005.61503757 24.24  83.147709  70.818686 35.481
 80     4.118 55005.61503822 28.06  83.142939  70.821646 35.481
 80     4.092 55005.61503886 29.96  83.138169  70.824596 35.481
 81     2.455 55040.61501674 13.22  83.214091  70.778997 14.892
 81     1.773 55040.61501739 12.00  83.209341  70.781957 14.892
 81     0.901 55040.61501803 11.48  83.204581  70.784917 14.892
 81     0.739 55040.61501868 11.77  83.199831  70.787877 14.892
 81     0.200 55040.61501932 12.31  83.195071  70.790837 14.892
 81     0.025 55040.61501997 13.66  83.190321  70.793797 14.892
 81     0.093 55040.61502061 12.49  83.185561  70.796757 14.892
 81     0.092 55040.61502126 14.00  83.180801  70.799717 14.892
 81     0.075 55040.61502190 13.66  83.176043  70.802672 20.111
 81     1.692 55040.61502255 12.28  83.171273  70.805632 20.111
 81     2.334 55040.61502319 11.87  83.166513  70.808592 20.111
 81     3.204 55040.61502383 11.74  83.161753  70.811552 20.111
 81     3.478 55040.61502448 12.13  83.156983  70.814512 20.111
 81     3.805 55040.61502512 13.94  83.152213  70.817472 20.111
 81     3.837 55040.61502577 15.71  83.147443  70.820432 20.111
 81     3.920 55040.61502641 17.65  83.142673  70.823382 20.111
 81     3.622 55040.61502706 22.04  83.137903  70.826342 20.111
 82     0.079 55075.61499978 27.09  83.212953  70.784540 11.961
 82     0.198 55075.61500042 25.43  83.208203  70.787500 11.961
 82     0.132 55075.61500107 25.50  83.203453  70.790460 11.961
 82    -0.048 55075.61500171 23.60  83.198693  70.793420 11.961
 82    -0.238 55075.61500236 23.20  83.193943  70.796380 11.961
 82    -0.416 55075.61500300 23.61  83.189183  70.799340 11.961
 82    -0.571 55075.61500365 25.05  83.184423  70.802300 11.961
 82    -0.274 55075.61500429 24.68  83.179663  70.805260 11.961
 82    -0.161 55075.61500494 27.73  83.174893  70.808220 11.961
 82    -0.069 55075.61500558 30.25  83.170135  70.811174 14.327
 82    -0.040 55075.61500623 32.36  83.165365  70.814134 14.327
 82    -0.012 55075.61500687 28.44  83.160605  70.817094 14.327
 82    -0.103 55075.61500751 27.35  83.155835  70.820054 14.327
 82     0.018 55075.61500816 24.08  83.151065  70.823014 14.327
 82    -0.207 55075.61500880 25.04  83.146295  70.825974 14.327
 82     3.055 55075.61500945 24.12  83.141525  70.828934 14.327
 83     1.895 55110.61494782 25.75  83.214891  70.771041 20.410
 83     2.078 55110.61494846 18.52  83.210151  70.774001 20.410
 83    -0.098 55110.61494911 20.55  83.205391  70.776961 20.410
 83    -0.120 55110.61494975 19.17  83.200641  70.779921 20.410
 83    -0.446 55110.61495040 22.33  83.195891  70.782881 20.410
 83    -0.733 55110.61495104 23.02  83.191131  70.785841 20.410
 83    -1.746 55110.61495169 26.76  83.186381  70.788801 20.410
 83    -1.408 55110.61495233 27.71  83.181621  70.791761 20.410
 83    -1.275 55110.61495298 26.20  83.176861  70.794721 20.410
 83    -1.410 55110.61495362 29.81  83.172101  70.797681 20.410
 83    -0.858 55110.61495427 26.74  83.167335  70.800640 25.923
 83    -0.300 55110.61495491 24.86  83.162575  70.803600 25.923
 83    -0.211 55110.61495555 24.45  83.157815  70.806550 25.923
 83     0.014 55110.61495620 26.97  83.153045  70.809510 25.923
 83     3.591 55110.61495684 25.72  83.148275  70.812470 25.923
 83     4.035 55110.61495749 24.65  83.143505  70.815430 25.923
 84     0.070 55145.61495176 26.20  83.214651  70.778588  8.879
 84     0.209 55145.61495241 29.34  83.209901  70.781548  8.879
 84     0.047 55145.61495305 27.26  83.205141  70.784508  8.879
 84     0.113 55145.61495370 27.29  83.200391  70.787468  8.879
 84     0.025 55145.61495434 27.36  83.195641  70.790428  8.879
 84    -0.041 55145.61495499 27.17  83.190881  70.793388  8.879
 84    -0.015 55145.61495563 27.94  83.186121  70.796348  8.879
 84     0.047 55145.61495628 27.48  83.181361  70.799308  8.879
 84     0.193 55145.61495692 27.33  83.176601  70.802268  8.879
 84     0.187 55145.61495757 28.23  83.171840  70.805229  5.230
 84     0.074 55145.61495821 26.22  83.167080  70.808179  5.230
 84     0.076 55145.61495886 25.48  83.162320  70.811139  5.230
 84     0.049 55145.61495950 23.81  83.157550  70.814099  5.230
 84    -0.074 55145.61496015 23.18  83.152780  70.817059  5.230
 84    -0.201 55145.61496079 22.69  83.148010  70.820019  5.230
 84    -0.178 55145.61496143 21.13  83.143240  70.822979  5.230
 84    -0.319 55145.61496208 21.36  83.138470  70.825939  5.230
 85    -0.540 55180.61492423 14.81  83.212216  70.767753  2.719
 85    -0.391 55180.61492488 13.86  83.207466  70.770713  2.719
 85    -0.421 55180.61492552 14.41  83.202716  70.773673  2.719
 85    -0.482 55180.61492617 14.86  83.197966  70.776633  2.719
 85    -0.688 55180.61492681 16.11  83.193216  70.779593  2.719
 85    -0.645 55180.61492746 16.05  83.188456  70.782553  2.719
 85    -0.644 55180.61492810 15.81  83.183696  70.785513  2.719
 85    -0.689 55180.61492875 16.08  83.178946  70.788473  2.719
 85    -0.645 55180.61492939 15.78  83.174187  70.791425  2.536
 85    -0.602 55180.61493003 15.17  83.169427  70.794385  2.536
 85    -0.680 55180.61493068 15.14  83.164657  70.797345  2.536
 85    -0.573 55180.61493132 14.64  83.159897  70.800305  2.536
 85    -0.625 55180.61493197 14.60  83.155137  70.803265  2.536
 85    -0.726 55180.61493261 14.57  83.150367  70.806225  2.536
 85    -0.762 55180.61493326 14.89  83.145597  70.809185  2.536
 86     0.360 55215.61494672 11.14  83.214050  70.780672  2.275
 86     0.419 55215.61494737 11.01  83.209300  70.783632  2.275
 86     0.445 55215.61494801 11.42  83.204540  70.786592  2.275
 86     0.553 55215.61494866 11.59  83.199790  70.789552  2.275
 86     0.360 55215.61494930 11.53  83.195030  70.792512  2.275
 86     0.426 55215.61494995 11.68  83.190280  70.795472  2.275
 86     0.339 55215.61495059 11.97  83.185520  70.798432  2.275
 86     0.517 55215.61495123 11.65  83.180760  70.801392  2.275
 86     0.524 55215.61495188 11.44  83.176000  70.804352  2.275
 86     0.451 55215.61495252 11.71  83.171230  70.807312  2.275
 86     0.402 55215.61495317 11.83  83.166470  70.810262  2.275
 86     0.384 55215.61495381 11.66  83.161710  70.813222  2.275
 86     0.347 55215.61495446 11.47  83.156940  70.816182  2.275
 86     0.309 55215.61495510 11.75  83.152170  70.819142  2.275
 86     0.254 55215.61495575 11.35  83.147398  70.822103  2.345
 86     0.110 55215.61495639 11.62  83.142628  70.825063  2.345
 86     0.220 55215.61495704 11.49  83.137858  70.828023  2.345
 87    -0.652 55250.61492189 14.97  83.213369  70.772441  3.612
 87    -1.320 55250.61492254 15.16  83.208619  70.775401  3.612
 87    -2.097 55250.61492318 15.82  83.203869  70.778361  3.612
 87    -0.758 55250.61492382 15.45  83.199109  70.781321  3.612
 87    -1.268 55250.61492447 17.33  83.194359  70.784281  3.612
 87    -0.878 55250.61492511 17.49  83.189609  70.787241  3.612
 87    -0.749 55250.61492576 18.33  83.184849  70.790201  3.612
 87    -0.469 55250.61492640 17.25  83.180089  70.793161  3.612
 87    -0.391 55250.61492705 17.92  83.175324  70.796121  3.266
 87    -0.000 55250.61492769 16.27  83.170564  70.799071  3.266
 87     0.113 55250.61492834 15.50  83.165804  70.802031  3.266
 87     0.250 55250.61492898 14.98  83.161044  70.804991  3.266
 87     0.406 55250.61492963 14.44  83.156274  70.807951  3.266
 87     0.479 55250.61493027 14.66  83.151514  70.810911  3.266
 87     0.561 55250.61493092 14.39  83.146744  70.813871  3.266
 87     0.716 55250.61493156 13.83  83.141974  70.816821  3.266
 88    -0.456 55285.61494089 11.21  83.215089  70.782955  3.085
 88    -0.500 55285.61494154 10.99  83.210339  70.785915  3.085
 88    -0.411 55285.61494218 11.65  83.205589  70.788875  3.085
 88    -0.284 55285.61494283 11.48  83.200839  70.791835  3.085
 88    -0.245 55285.61494347 10.96  83.196079  70.794795  3.085
 88    -0.391 55285.61494412 11.34  83.191319  70.797755  3.085
 88    -0.388 55285.61494476 11.63  83.186559  70.800715  3.085
 88    -0.387 55285.61494540 11.26  83.181809  70.803675  3.085
 88    -0.375 55285.61494605 11.36  83.177039  70.806635  3.085
 88    -0.328 55285.61494669 11.41  83.172280  70.809588  2.425
 88    -0.135 55285.61494734 11.31  83.167520  70.812548  2.425
 88     0.005 55285.61494798 11.38  83.162750  70.815508  2.425
 88     0.155 55285.61494863 11.30  83.157980  70.818468  2.425
 88     0.204 55285.61494927 11.29  83.153220  70.821428  2.425
 88     0.306 55285.61494992 11.10  83.148450  70.824388  2.425
 88     0.235 55285.61495056 10.92  83.143680  70.827348  2.425
 89    -0.172 55320.61491334  9.53  83.214985  70.777703  2.088
 89    -0.075 55320.61491398  9.25  83.210235  70.780663  2.088
 89    -0.056 55320.61491463  8.97  83.205485  70.783623  2.088
 89     0.216 55320.61491527  8.89  83.200725  70.786583  2.088
 89     0.265 55320.61491592  9.26  83.195975  70.789543  2.088
 89     0.122 55320.61491656  9.55  83.191215  70.792503  2.088
 89    -0.005 55320.61491721  9.38  83.186455  70.795463  2.088
 89    -0.015 55320.61491785  9.47  83.181695  70.798423  2.088
 89     0.070 55320.61491849  9.18  83.176940  70.801380  1.946
 89    -0.016 55320.61491914  9.60  83.172180  70.804340  1.946
 89     0.084 55320.61491978  9.00  83.167410  70.807300  1.946
 89     0.226 55320.61492043  9.37  83.162650  70.810260  1.946
 89     0.176 55320.61492107  8.93  83.157880  70.813220  1.946
 89     0.307 55320.61492172  9.50  83.153120  70.816180  1.946
 89     0.299 55320.61492236  9.28  83.148350  70.819140  1.946
 89     0.422 55320.61492301  9.11  83.143580  70.822090  1.946
 89     0.348 55320.61492365  9.17  83.138810  70.825050  1.946
 90     1.955 55355.61491443 43.93  83.212867  70.780502 37.997
 90     1.960 55355.61491507 47.94  83.208117  70.783462 37.997
 90     1.941 55355.61491572 46.74  83.203357  70.786422 37.997
 90     1.869 55355.61491636 46.85  83.198607  70.789382 37.997
 90     1.852 55355.61491700 50.22  83.193847  70.792342 37.997
 90     1.837 55355.61491765 52.15  83.189087  70.795302 37.997
 90     1.817 55355.61491829 49.42  83.184337  70.798262 37.997
 90     1.799 55355.61491894 50.41  83.179577  70.801222 37.997
 90     1.788 55355.61491958 50.62  83.174814  70.804177 44.567
 90     1.752 55355.61492023 44.40  83.170044  70.807137 44.567
 90     1.703 55355.61492087 45.28  83.165284  70.810097 44.567
 90     1.698 55355.61492152 45.07  83.160524  70.813057 44.567
 90     1.666 55355.61492216 41.97  83.155754  70.816017 44.567
 90     1.551 55355.61492281 45.50  83.150984  70.818977 44.567
 90     1.513 55355.61492345 50.28  83.146214  70.821937 44.567
 90     1.489 55355.61492410 52.22  83.141444  70.824887 44.567
 90     1.468 55355.61492474 51.95  83.136674  70.827847 44.567
 91     1.898 55390.61491275 29.76  83.215712  70.769898 20.401
 91     1.803 55390.61491340 17.29  83.210962  70.772858 20.401
 91     1.858 55390.61491404 13.98  83.206212  70.775818 20.401
 91     1.618 55390.61491469 13.94  83.201462  70.778778 20.401
 91     0.201 55390.61491533 16.49  83.196702  70.781738 20.401
 91    -0.004 55390.61491598 17.84  83.191952  70.784698 20.401
 91     0.066 55390.61491662 16.27  83.187192  70.787658 20.401
 91    -0.059 55390.61491727 16.48  83.182442  70.790618 20.401
 91     0.133 55390.61491791 15.11  83.177682  70.793578 20.401
 91     2.059 55390.61491856 13.31  83.172923  70.796531 24.849
 91     2.347 55390.61491920 15.16  83.168153  70.799491 24.849
 91     3.041 55390.61491985 15.58  83.163393  70.802451 24.849
 91     3.490 55390.61492049 14.73  83.158633  70.805411 24.849
 91     3.838 55390.61492114 15.04  83.153863  70.808371 24.849
 91     3.878 55390.61492178 18.56  83.149103  70.811331 24.849
 91     4.073 55390.61492242 24.16  83.144333  70.814291 24.849
 92     2.163 55425.61493114 19.93  83.213162  70.779335 14.067
 92     2.119 55425.61493179 16.60  83.208412  70.782295 14.067
 92     1.619 55425.61493243 14.08  83.203662  70.785255 14.067
 92     1.395 55425.61493308 14.60  83.198902  70.788215 14.067
 92     1.373 55425.61493372 14.31  83.194152  70.791175 14.067
 92     1.385 55425.61493437 14.48  83.189392  70.794135 14.067
 92     1.039 55425.61493501 15.68  83.184632  70.797095 14.067
 92     0.646 55425.61493566 15.94  83.179872  70.800055 14.067
 92     0.399 55425.61493630 15.72  83.175112  70.803015 14.067
 92     0.336 55425.61493695 15.82  83.170351  70.805968 26.708
 92     2.957 55425.61493759 15.16  83.165591  70.808928 26.708
 92     3.505 55425.61493824 14.23  83.160821  70.811888 26.708
 92     3.775 55425.61493888 15.81  83.156061  70.814848 26.708
 92     3.863 55425.61493953 16.20  83.151291  70.817808 26.708
 92     4.044 55425.61494017 20.52  83.146521  70.820768 26.708
 92     4.035 55425.61494081 22.71  83.141751  70.823728 26.708
 92     3.843 55425.61494146 25.93  83.136981  70.826678 26.708
 93    -0.124 55460.61490090 23.78  83.211186  70.788169 17.999
 93    -0.076 55460.61490155 22.29  83.206436  70.791129 17.999
 93    -0.174 55460.61490219 23.66  83.201676  70.794089 17.999
 93    -0.268 55460.61490284 21.81  83.196926  70.797049 17.999
 93    -0.670 55460.61490348 21.94  83.192166  70.800009 17.999
 93    -0.776 55460.61490413 22.70  83.187406  70.802969 17.999
 93    -1.457 55460.61490477 25.76  83.182646  70.805929 17.999
 93    -1.334 55460.61490542 28.09  83.177886  70.808889 17.999
 93    -1.096 55460.61490606 27.39  83.173116  70.811849 17.999
 93    -0.932 55460.61490671 26.90  83.168354  70.814800 24.457
 93    -0.555 55460.61490735 24.14  83.163594  70.817760 24.457
 93    -0.406 55460.61490799 29.23  83.158824  70.820720 24.457
 93    -0.266 55460.61490864 29.84  83.154054  70.823680 24.457
 93    -0.038 55460.61490928 31.04  83.149284  70.826640 24.457
 93    -0.080 55460.61490993 30.01  83.144514  70.829600 24.457
