# NaN NaN NaN ;Mean Elev.(m), Avg Gradient(m/km), RMS Gradient(m/km) - SRTM1     
#    4.272   0.269   4.310 ;Mean Elev.(m), Avg Gradient(m/km), RMS Gradient(m/km) - ASTER GDEM
#    0.000   0.000   0.638 ;Mean Elev.(m), Avg Gradient(m/km), RMS Gradient(m/km) - GMTED2010 
  6  83.343907  70.502602     0.745     0.851 13 52419.25458694 26.381
  8  83.343891  70.505135     0.241     0.004 13 52489.25458905 20.324
  9  83.337599  70.510347     0.307     0.089 14 52524.25456459 19.143
 11  83.337949  70.506197    -0.603    -0.598 14 52594.25461821 25.916
 13  83.341833  70.505319    -0.022    -0.030 14 52664.25457996 12.237
 15  83.343398  70.503530    -0.016    -0.012 14 52734.25458125 10.356
 16  83.333154  70.510935    -0.709    -0.524 14 52769.25457660 18.645
 17  83.353973  70.498927     2.570     2.668 13 52804.25460640 21.482
 18  83.351366  70.500648    -0.352    -0.330 13 52839.25466858 19.620
 19  83.345145  70.500754     0.150     0.183 13 52874.25470828 21.198
 22  83.349049  70.500219     0.380     0.401 13 52979.25467354 18.403
 23  83.337262  70.507170    -0.170    -0.161 14 53014.25467069 13.607
 24  83.351389  70.499598    -0.253    -0.255 13 53049.25464359 12.523
 25  83.337912  70.510379    -0.566    -0.402 14 53084.25467792 11.063
 26  83.346368  70.500696    -0.652    -0.620 13 53119.25464952 10.085
 27  83.343564  70.504595     0.848     0.996 13 53154.25470054 27.476
 28  83.345553  70.500211     0.479     0.317 13 53189.25469060 19.441
 29  83.341951  70.506042     0.586     0.334 13 53224.25470338 13.220
 30  83.334723  70.511463     0.284    -0.123 14 53259.25467772 16.857
 31  83.342880  70.501368    -0.821    -0.664 13 53294.25470431 21.528
 32  83.343586  70.504503     0.065     0.112 13 53329.25467709 16.511
 34  83.345163  70.500347    -0.412    -0.379 13 53399.25465288 11.141
 35  83.337930  70.506823    -0.377    -0.327 14 53434.25464244 10.522
 36  83.350095  70.501039     0.013     0.013 13 53469.25468550  9.612
 37  83.340485  70.506047     0.778     0.578 13 53504.25472849 11.110
 38  83.342675  70.505890     1.628     1.394 13 53539.25472655 18.654
 39  83.338155  70.508390    -0.463    -0.423 13 53574.25472377 22.965
 40  83.334892  70.512087     0.304     0.160 14 53609.25467329 16.548
 41  83.351320  70.499197     0.335     0.301 13 53644.25467747 15.573
 42  83.339334  70.507367     0.233     0.237 14 53679.25469424 37.715
 43  83.338398  70.507897    -0.367    -0.441 13 53714.25462243 18.522
 45  83.342767  70.504025    -0.098    -0.080 13 53784.25456861 12.599
 46  83.334635  70.512132    -0.739    -0.814 14 53819.25452848 11.702
 47  83.346137  70.502024    -0.510    -0.500 13 53854.25461020 10.538
 48  83.349488  70.501586     1.483     1.547 13 53889.25461890 23.306
 49  83.339568  70.505905     0.653     0.355 14 53924.25468527 18.131
 50  83.334898  70.508659    -0.387    -0.378 14 53959.25467560 19.892
 52  83.350880  70.498686    -0.108    -0.109 12 54029.25466730 39.477
 53  83.342819  70.504208    -0.016    -0.003 13 54064.25466045 20.861
 54  83.335118  70.508452     0.002    -0.019 14 54099.25462629 15.931
 55  83.349351  70.498290    -0.486    -0.523 13 54134.25458557 14.010
 57  83.347584  70.498095     0.560     0.372 13 54204.25458989  8.020
 59  83.342949  70.504095     1.426     1.418 14 54274.25464051 50.974
 60  83.346215  70.504104    -1.055    -1.030 13 54309.25464215 27.252
 61  83.338513  70.509834    -0.496    -0.484 14 54344.25461841 28.701
 62  83.348229  70.500893     0.598     0.681 13 54379.25457851 19.223
 63  83.340818  70.505782     0.209     0.216 13 54414.25456719 30.484
 64  83.348227  70.497854     0.107     0.111 13 54449.25454603 16.979
 65  83.342616  70.501603    -0.137    -0.116 13 54484.25456215 12.022
 66  83.350628  70.500919    -0.368    -0.403 13 54519.25455910 11.265
 67  83.338736  70.508619    -0.166    -0.221 14 54554.25457269 10.496
 68  83.346117  70.502299     0.013    -0.135 13 54589.25455467  8.040
 69  83.342905  70.505933     3.716     3.706 13 54624.25457147 26.260
 70  83.342404  70.504274     0.585     0.340 14 54659.25458045 15.209
 71  83.339573  70.506276    -0.907    -0.570 14 54694.25456029 29.573
 72  83.349295  70.501090     0.109     0.065 13 54729.25453507 18.131
 73  83.341958  70.503492     1.086     1.099 13 54764.25453885 44.194
 74  83.348659  70.498032    -0.300    -0.270 13 54799.25452923 18.190
 75  83.341787  70.504675    -0.174    -0.171 14 54834.25452929 13.777
 76  83.349437  70.497917    -0.205    -0.156 13 54869.25452602 12.391
 77  83.338655  70.510711    -0.355    -0.396 14 54904.25453774 11.388
 78  83.347259  70.500939     0.453     0.421 13 54939.25451659 10.443
 79  83.345153  70.503238    -0.148    -0.006 13 54974.25454699 24.840
 80  83.339827  70.505383     1.372     0.897 14 55009.25456046 18.109
 81  83.344808  70.503701     0.169     0.144 13 55044.25455057 17.340
 82  83.337973  70.508315     0.015    -0.054 14 55079.25452651 17.122
 83  83.345960  70.500588    -1.299    -1.212 13 55114.25448347 28.404
 84  83.341211  70.504321    -0.668    -0.679 13 55149.25448311 22.670
 85  83.351331  70.500386    -0.369    -0.389 13 55184.25446624 15.794
 86  83.341505  70.506867    -0.005     0.039 13 55219.25448046 23.557
 87  83.348407  70.499591    -0.151    -0.358 13 55254.25446265 14.419
 88  83.338602  70.510584    -0.081    -0.215 14 55289.25446955 12.570
 89  83.341367  70.503848     0.318     0.191 13 55324.25444883  9.493
 90  83.341710  70.505838     3.169     3.186 14 55359.25444672 31.483
 91  83.344444  70.499840    -0.423    -0.380 13 55394.25445182 21.839
 92  83.343995  70.502892     0.368     0.193 14 55429.25446280 18.020
 93  83.336585  70.508814    -0.415    -0.448 14 55464.25442483 31.543
