# NaN NaN NaN ;Mean Elev.(m), Avg Gradient(m/km), RMS Gradient(m/km) - SRTM1     
#  -11.922  -3.733  10.223 ;Mean Elev.(m), Avg Gradient(m/km), RMS Gradient(m/km) - ASTER GDEM
#    1.151  -3.193   9.642 ;Mean Elev.(m), Avg Gradient(m/km), RMS Gradient(m/km) - GMTED2010 
  7  86.426977  67.963488     4.126     3.033 11 52469.61646975 31.544
  8  86.456046  67.942694     2.601    -0.982 20 52504.61645037 23.361
  9  86.439883  67.940081    49.519    49.753 21 52539.61643354 10.233
 10  86.453105  67.937214    43.709    45.138 20 52574.61647667 26.449
 11  86.461289  67.940372    45.881    45.688 27 52609.61643692  8.732
 12  86.444836  67.942252    47.573    48.370 23 52644.61642926  8.105
 15  86.455400  67.940762    46.959    47.390 25 52749.61647793  5.087
 16  86.437777  67.937217    28.587    34.398 16 52784.61641995 40.608
 17  86.435615  67.941735    35.823    49.417 19 52819.61649666 11.120
 18  86.448496  67.940550    46.260    47.602 24 52854.61654471  5.635
 20  86.485296  67.926027    16.092    14.306 20 52924.61652795 20.684
 21  86.451661  67.937811    38.301    39.581 21 52959.61649793 14.841
 22  86.450022  67.941291    46.356    46.996 25 52994.61653074  8.773
 23  86.471148  67.940331    43.464    43.478 30 53029.61649377  7.417
 24  86.454510  67.941256    45.223    45.896 26 53064.61650186  8.042
 25  86.463440  67.940799    45.218    45.211 28 53099.61651084  5.112
 26  86.422206  67.967864    34.157    34.751  8 53134.61650726  2.405
 29  86.463971  67.945178    37.044    39.982 28 53239.61654059 12.617
 31  86.450854  67.936483    37.153    38.913 20 53309.61655499 34.340
 32  86.461390  67.940307    44.724    44.593 27 53344.61652157  7.243
 33  86.436409  67.941349    47.549    48.273 21 53379.61647087  6.619
 34  86.460273  67.941248    44.704    44.845 28 53414.61649867  7.021
 35  86.432144  67.941651    48.167    48.465 19 53449.61649171  5.466
 37  86.459079  67.940448    16.155    16.177 27 53519.61657293 51.312
 38  86.449376  67.940628    37.452    38.189 24 53554.61659592 10.705
 39  86.460712  67.948720     7.100     7.805 26 53589.61654207 20.559
 40  86.428182  67.941356    50.733    50.816 18 53624.61652005  9.522
 41  86.447680  67.937862    47.182    49.329 21 53659.61654548 13.660
 42  86.460528  67.941773    46.390    46.054 27 53694.61652169  8.244
 43  86.466036  67.948328    43.332    42.468 26 53729.61644566  6.600
 44  86.449954  67.941563    46.027    47.066 25 53764.61640924  6.414
 45  86.470821  67.940955    44.519    44.099 30 53799.61641474  5.440
 46  86.437475  67.941272    46.824    47.849 20 53834.61641519  5.625
 47  86.449166  67.939003    41.527    40.812 22 53869.61647640  2.777
 48  86.447724  67.942715     9.261     9.294 24 53904.61651144 41.727
 49  86.440522  67.942727     6.944     5.618 21 53939.61654504 17.457
 50  86.457807  67.945284    35.607    38.066 25 53974.61650428 11.709
 51  86.437078  67.941683    47.545    49.426 21 54009.61649904 10.699
 52  86.454833  67.940104    46.746    47.129 25 54044.61651706  7.695
 53  86.463094  67.940574    43.255    42.898 28 54079.61651029  7.501
 54  86.472167  67.942136    43.922    44.138 30 54114.61644615  5.443
 56  86.471672  67.940975    44.270    44.425 30 54184.61643635  4.064
 57  86.444252  67.941704    43.546    43.415 22 54219.61646732  4.802
 58  86.451157  67.942693    10.926    10.939 25 54254.61649158 52.192
 59  86.461817  67.937844    43.793    44.155 24 54289.61649317  8.819
 60  86.450322  67.947463    37.409    37.834 23 54324.61649273 10.544
 61  86.473439  67.941238     2.739     2.761 31 54359.61644552 46.593
 62  86.453979  67.940031    42.391    41.942 25 54394.61643138 14.883
 63  86.466432  67.940702    44.406    44.431 28 54429.61639570  9.949
 64  86.448462  67.941140    47.370    47.626 23 54464.61641120  6.501
 65  86.464485  67.939974    45.993    45.683 28 54499.61640664  3.765
 66  86.455269  67.941223    44.655    43.645 25 54534.61642540  6.028
 67  86.471593  67.940098    44.849    44.722 30 54569.61640992  5.072
 68  86.451343  67.941222     4.338     4.365 24 54604.61642004 44.862
 69  86.457291  67.940897    42.030    41.806 26 54639.61642991 12.877
 70  86.453995  67.941828    31.353    33.477 26 54674.61643274 11.088
 71  86.469109  67.940896     2.878     1.322 30 54709.61638940 36.437
 72  86.450751  67.941073    43.945    44.439 24 54744.61639941  7.688
 73  86.475604  67.929023    30.877    34.000 19 54779.61637052 32.515
 74  86.446683  67.941730    46.441    47.272 23 54814.61639299  7.530
 76  86.450884  67.940258    43.457    44.979 24 54884.61639615  6.416
 77  86.470671  67.941086    44.374    44.204 31 54919.61637370  5.445
 78  86.448925  67.940721    43.992    43.954 24 54954.61639147  3.219
 79  86.451076  67.940287    11.488    11.404 24 54989.61641504 30.846
 80  86.458632  67.943174    33.732    36.029 24 55024.61640682 11.723
 81  86.451211  67.945985     1.031     1.033 24 55059.61640206 46.531
 82  86.470230  67.941851    35.953    40.048 31 55094.61635337 15.861
 83  86.461254  67.933479    29.890    30.474 19 55129.61634099 30.609
 84  86.461300  67.941062    42.006    42.289 28 55164.61631521 11.018
 85  86.448379  67.941487    45.748    46.936 23 55199.61633453  7.290
 86  86.464500  67.942215    44.085    43.860 29 55234.61632055  6.493
 87  86.453162  67.941813    46.035    46.547 25 55269.61632897  6.086
 88  86.472265  67.941468    43.777    43.847 31 55304.61630100  5.837
 89  86.463594  67.934555    30.137    33.560 22 55339.61629954 15.679
 90  86.460421  67.941137    33.067    36.930 27 55374.61629251 16.540
 91  86.452183  67.940964    36.223    38.080 25 55409.61631444 11.908
 92  86.458079  67.941489    40.882    40.222 26 55444.61630960 11.461
 93  86.509847  67.913344    40.914    47.738 14 55479.61623915 19.690
