-166331.417    45.021     0.00    5.54
-165952.698    46.129     2.93    4.24
-165574.076    47.458     3.51    3.46
-165195.549    48.880     3.76    4.78
-164817.119    52.306     9.05    5.74
-164438.785    54.684     6.29    5.16
-164060.547    57.311     6.95    2.53
-163682.405    58.288     2.59    2.38
-163304.359    58.430     0.37    2.41
-162926.408    57.937    -1.30    2.63
-162548.554    56.941    -2.64    2.56
-162170.795    55.972    -2.57    1.63
-161793.132    58.160     5.79    4.17
-161415.564    61.675     9.31    5.34
-161038.091    64.579     7.69    4.38
-160660.714    66.181     4.24    2.47
-160283.433    65.323    -2.27    2.30
-159906.246    63.125    -5.83    3.03
-159529.155    59.684    -9.13    4.95
-159152.159    55.306   -11.61    5.58
-158775.258    51.358   -10.48    4.10
-158398.451    49.257    -5.58    2.12
-158021.740    48.266    -2.63    0.96
-157645.124    49.025     2.02    1.43
-157268.602    50.421     3.71    2.25
-156892.175    52.080     4.41    2.52
-156515.842    54.311     5.93    2.25
-156139.604    56.069     4.67    2.04
-155763.461    56.940     2.32    1.71
-155387.412    57.231     0.77    1.46
-155011.457    56.614    -1.64    1.72
-154635.596    55.312    -3.47    1.80
-154259.830    54.023    -3.43    1.90
-153884.158    52.614    -3.75    1.53
-153508.579    51.472    -3.04    1.55
-153133.095    50.779    -1.85    1.28
-152757.705    50.425    -0.94    1.00
-152382.408    51.204     2.08    2.21
-152007.205    54.914     9.89    5.87
-151632.096    60.213    14.13    8.02
-151257.081    67.000    18.10    7.28
-150882.159    73.586    17.57    7.16
-150507.330    79.913    16.88    8.57
-150132.595    87.420    20.03   10.28
-149757.954    95.367    21.22   12.49
-149383.405   105.333    26.61   11.79
-149008.950   111.306    15.95    9.67
-148634.588   114.112     7.50    6.76
-148260.319   113.310    -2.14    7.00
-147886.143   113.338     0.07    6.66
-147512.060   116.186     7.62    7.56
-147138.069   119.209     8.08    7.33
-146764.172   120.625     3.79    7.04
-146390.367   117.892    -7.31    8.32
-146016.655   114.935    -7.91    8.24
-145643.035   112.218    -7.27    8.04
-145269.508   111.049    -3.13    9.38
-144896.074   109.381    -4.47   11.27
-144522.732   107.691    -4.53   12.09
-144149.482   103.824   -10.36   12.61
-143776.324    99.493   -11.61   13.07
-143403.259    94.875   -12.38   12.35
-143030.285    91.275    -9.65   13.54
-142657.404    88.230    -8.17   14.34
-142284.615    85.413    -7.56   14.27
-141911.917    82.402    -8.08   13.05
-141539.312    78.445   -10.62   11.61
-141166.798    73.101   -14.35   12.13
-140794.376    65.995   -19.08   12.96
-140422.046    56.806   -24.68   15.51
-140049.807    48.363   -22.68   15.84
-139677.659    38.743   -25.85   13.13
-139305.603    33.071   -15.25   10.12
-138933.639    28.864   -11.31    7.44
-138561.766    26.788    -5.58    6.86
-138189.983    26.734    -0.15    7.16
-137818.293    27.886     3.10    9.24
-137446.693    30.009     5.72   10.33
-137075.184    32.483     6.66    9.37
-136703.766    34.958     6.66    8.12
-136332.439    36.917     5.28    9.12
-135961.203    38.013     2.95   12.73
-135590.058    38.473     1.24   15.06
-135219.004    35.898    -6.94   16.54
-134848.040    33.054    -7.67   16.01
-134477.166    28.241   -12.98   12.92
-134106.384    25.054    -8.60    9.96
-133735.691    22.244    -7.58    6.66
-133365.089    20.977    -3.42    3.92
-132994.577    20.673    -0.82    3.06
-132624.156    20.510    -0.44    2.99
-132253.825    19.629    -2.38    1.87
-131883.584    19.742     0.31    2.53
-131513.432    21.346     4.33    5.69
-131143.371    23.939     7.01    9.42
-130773.400    27.297     9.08   13.19
-130403.519    28.762     3.96   14.61
-130033.727    30.430     4.51   15.60
-129664.025    31.490     2.87   15.30
-129294.413    32.297     2.18   13.40
-128924.890    32.097    -0.54   10.49
-128555.457    31.841    -0.69    7.25
-128186.114    30.217    -4.40    4.94
-127816.859    28.534    -4.56    3.98
-127447.695    26.967    -4.25    2.78
-127078.619    26.302    -1.80    1.75
-126709.633    26.841     1.46    1.86
-126340.735    27.009     0.46    2.01
-125971.927    26.779    -0.62    2.04
-125603.208    26.527    -0.68    1.97
-125234.578    26.716     0.51    2.03
-124866.036    27.408     1.88    1.73
-124497.584    27.298    -0.30    1.70
-124129.220    27.543     0.66    1.71
-123760.945    27.988     1.21    2.15
-123392.758    29.581     4.33    2.99
-123024.661    31.841     6.14    3.25
-122656.651    33.855     5.47    2.69
-122288.730    35.306     3.94    2.18
-121920.898    36.572     3.44    2.33
-121553.153    38.985     6.56    4.30
-121185.497    42.673    10.03    6.95
-120817.929    46.996    11.76    8.33
-120450.450    50.992    10.87    8.52
-120083.058    53.689     7.34    7.24
-119715.754    55.995     6.28    6.14
-119348.539    57.054     2.88    5.77
-118981.411    55.656    -3.81    7.85
-118614.371    49.449   -16.91   12.02
-118247.419    42.581   -18.72   12.31
-117880.554    39.815    -7.54   10.12
-117513.777    44.779    13.53   14.68
-117147.088    56.251    31.29   17.27
-116780.486    72.419    44.10   16.69
-116413.971    85.311    35.18   14.79
-116047.544    97.440    33.10   14.58
-115681.204   107.429    27.27   16.49
-115314.952   117.605    27.79   16.83
-114948.786   128.565    29.93   16.96
-114582.708   138.342    26.71   15.95
-114216.717   149.723    31.10   12.82
-113850.812   158.071    22.82   10.99
-113484.995   163.210    14.05    7.33
-113119.265   164.970     4.81    8.69
-112753.621   164.315    -1.79   10.68
-112388.064   164.958     1.76   12.65
-112022.594   166.529     4.30   13.70
-111657.211   167.943     3.87   13.20
-111291.914   170.815     7.86   10.95
-110926.703   171.806     2.71   10.56
-110561.579   174.875     8.41   11.84
-110196.541   176.832     5.36   12.78
-109831.590   180.215     9.27   10.71
-109466.725   181.943     4.73    6.80
-109101.946   180.717    -3.36    7.60
-108737.254   175.150   -15.27    8.99
-108372.647   168.788   -17.45    7.85
-108008.126   163.065   -15.70    6.40
-107643.692   157.334   -15.73    6.97
-107279.343   150.627   -18.41    8.64
-106915.080   143.706   -19.00    8.63
-106550.903   136.725   -19.17    8.97
-106186.812   131.194   -15.19    9.85
-105806.349   125.816   -14.14   10.66
-105424.178   121.788   -10.54   10.35
-105042.103   118.855    -7.68    9.80
-104660.126   120.487     4.27   10.30
-104278.244   122.430     5.09   11.54
-103896.460   124.610     5.71   11.56
-103514.772   128.384     9.89   11.32
-103133.180   132.629    11.12   10.07
-102751.684   135.008     6.24    7.37
-102370.285   134.176    -2.18    6.77
-101988.981   131.134    -7.98    8.63
-101607.774   126.497   -12.16    9.72
-101226.663   123.302    -8.39    8.89
-100845.648   120.088    -8.43    8.75
-100464.728   117.735    -6.18    8.88
-100083.905   112.688   -13.25    8.66
 -99703.177   108.386   -11.30    7.93
 -99322.544   102.218   -16.21    7.78
 -98942.008    94.638   -19.92    9.57
 -98561.566    85.990   -22.73    9.31
 -98181.220    79.145   -18.00    7.62
 -97800.970    76.379    -7.28    5.45
 -97420.815    79.869     9.18   10.27
 -97040.755    87.570    20.26   14.05
 -96660.790    97.181    25.30   11.91
 -96280.920   102.415    13.78    7.05
 -95901.145   102.497     0.22    6.42
 -95521.465    99.627    -7.56    6.20
 -95141.880    96.279    -8.82    3.57
 -94762.390    96.509     0.61    3.53
 -94382.994    98.483     5.20    4.38
 -94003.694   101.279     7.37    4.68
 -93624.487   103.865     6.82    3.53
 -93245.376   104.717     2.25    3.22
 -92866.358   106.569     4.89    4.16
 -92487.435   110.365    10.02    6.37
 -92108.606   116.100    15.14    8.87
 -91729.872   123.725    20.13    8.66
 -91351.232   128.329    12.16    7.02
 -90972.685   130.678     6.21    5.03
 -90594.233   128.610    -5.47    5.53
 -90215.875   124.270   -11.47    7.07
 -89837.611   118.031   -16.49    8.28
 -89459.440   111.505   -17.26    6.93
 -89081.363   107.203   -11.38    4.54
 -88703.380   104.420    -7.36    2.04
 -88325.491   104.176    -0.65    3.39
 -87947.695   103.386    -2.09    5.08
 -87569.992   103.094    -0.77    5.27
 -87192.383   103.161     0.18    4.50
 -86814.867   103.761     1.59    3.10
 -86437.445   104.743     2.60    2.25
 -86060.115   105.533     2.10    3.11
 -85682.879   107.113     4.19    4.21
 -85305.736   110.355     8.60    7.07
 -84928.686   113.320     7.86    8.83
 -84551.729   116.611     8.73    8.69
 -84174.864   117.678     2.83    7.80
 -83798.093   119.082     3.73    6.85
 -83421.414   122.479     9.02    6.84
 -83044.828   126.485    10.64    7.18
 -82668.334   130.863    11.63    5.81
 -82291.933   133.410     6.77    5.27
 -81915.624   133.855     1.18    5.82
 -81539.408   131.473    -6.33    7.14
 -81163.284   127.946    -9.38    7.28
 -80787.252   121.986   -15.85    7.36
 -80411.313   116.192   -15.41    9.36
 -80035.465   106.806   -24.97   13.42
 -79659.710    97.416   -24.99   14.45
 -79284.047    88.162   -24.64    9.48
 -78908.475    83.074   -13.55    3.49
 -78532.996    81.961    -2.96    2.27
 -78157.608    85.185     8.59    5.66
 -77782.312    90.939    15.33    9.61
 -77407.107   101.479    28.09   14.04
 -77031.994   112.497    29.37   16.39
 -76656.973   122.623    27.00   15.90
 -76282.043   128.270    15.06   14.78
 -75907.204   128.732     1.23   15.63
 -75532.457   122.197   -17.44   17.08
 -75157.801   113.163   -24.11   14.19
 -74783.236   109.886    -8.75   11.02
 -74408.763   109.237    -1.73    9.49
 -74034.380   114.170    13.18   10.05
 -73660.088   119.862    15.21   12.29
 -73285.888   124.455    12.28   14.18
 -72911.778   129.052    12.29   13.55
 -72537.759   132.331     8.77   12.00
 -72163.830   135.897     9.54    8.38
 -71789.993   141.835    15.88    9.57
 -71416.246   149.329    20.05   11.55
 -71042.589   155.214    15.75   10.40
 -70669.023   160.073    13.01    9.42
 -70295.547   160.369     0.79    8.94
 -69922.162   157.575    -7.48    8.85
 -69548.867   153.717   -10.34    7.46
 -69175.662   148.827   -13.10    7.38
 -68802.547   145.914    -7.81    6.87
 -68429.523   141.409   -12.08    9.07
 -68056.588   134.596   -18.27   12.02
 -67683.743   128.103   -17.41   13.36
 -67310.988   119.128   -24.08   10.30
 -66938.323   113.284   -15.68    9.37
 -66565.748   107.932   -14.36    7.33
 -66193.262   106.806    -3.02    6.54
 -65820.867   108.031     3.29    7.74
 -65448.560   111.115     8.28    9.64
 -65076.343   111.550     1.17   10.71
 -64704.216   111.270    -0.75   10.40
 -64332.178   108.545    -7.32   10.12
 -63960.229   105.798    -7.39    9.05
 -63588.369   105.293    -1.36    9.11
 -63216.599   104.994    -0.80    9.09
 -62844.918   108.288     8.86    9.06
 -62473.326   113.511    14.06    9.14
 -62101.822   118.863    14.41    9.75
 -61730.408   122.054     8.59    9.07
 -61359.083   121.990    -0.17   10.01
 -60987.846   116.076   -15.93   10.26
 -60616.698   112.583    -9.41    8.88
 -60245.639   116.944    11.75   14.01
 -59874.668   122.155    14.05   15.42
 -59503.786   125.732     9.64   17.34
 -59132.993   126.243     1.38   16.54
 -58762.288   120.807   -14.66   15.76
 -58391.671   111.988   -23.80   15.78
 -58021.142    99.137   -34.69   20.58
 -57650.702    92.293   -18.48   18.67
 -57280.350    92.597     0.82   17.12
 -56910.086    97.528    13.32   16.72
 -56539.910   106.672    24.70   10.08
 -56169.822   109.826     8.52    6.53
 -55799.822   110.872     2.83    5.54
 -55429.910   108.188    -7.25    7.00
 -55060.085   102.592   -15.13    8.66
 -54690.349    95.061   -20.37   10.89
 -54320.700    87.990   -19.13    9.75
 -53951.138    83.807   -11.32   12.87
 -53581.665    78.312   -14.87   13.14
 -53212.278    75.168    -8.51   10.52
 -52842.979    73.531    -4.43    8.76
 -52473.768    72.953    -1.57    5.90
 -52104.644    74.761     4.90    6.46
 -51735.607    74.388    -1.01    7.06
 -51366.657    73.844    -1.48    7.04
 -50997.794    72.061    -4.83    6.61
 -50629.018    70.919    -3.10    5.48
 -50260.330    71.842     2.50    6.77
 -49891.728    76.730    13.26    9.62
 -49523.213    83.288    17.80   11.57
 -49154.785    89.510    16.89   11.71
 -48786.444    96.657    19.40    9.95
 -48418.189   101.536    13.25    8.41
 -48050.021   106.362    13.11    5.98
 -47681.940   115.568    25.01   15.88
 -47313.945   125.405    26.73   18.99
 -46946.037   134.495    24.71   15.78
 -46578.215   136.173     4.56   14.64
 -46210.479   129.912   -17.03   14.41
 -45842.829   127.806    -5.73   11.12
 -45475.266   132.354    12.37   13.03
 -45107.789   144.870    34.06   16.59
 -44740.398   155.879    29.97   14.66
 -44373.093   166.900    30.01   11.51
 -44005.874   174.678    21.18    8.10
 -43638.741   176.701     5.51    7.67
 -43271.694   174.274    -6.61    8.13
 -42904.732   172.872    -3.82    6.78
 -42537.857   170.769    -5.73    6.19
 -42171.067   171.534     2.08    7.74
 -41804.362   175.244    10.12   11.32
 -41437.743   176.143     2.45   12.10
 -41071.210   174.583    -4.26   11.47
 -40704.762   167.798   -18.52   10.35
 -40338.399   161.251   -17.87   11.27
 -39972.122   152.654   -23.47   12.67
 -39605.930   142.038   -28.99   15.09
 -39239.823   129.983   -32.93   19.08
 -38873.801   117.816   -33.24   19.37
 -38507.865   110.388   -20.30   17.33
 -38142.013   100.654   -26.61   11.08
 -37776.246    96.680   -10.86   10.62
 -37410.565    93.751    -8.01   10.43
 -37044.968    91.255    -6.83   11.39
 -36679.456    87.605    -9.99   12.64
 -36314.028    81.647   -16.30   10.74
 -35948.685    75.297   -17.38   10.58
 -35583.427    68.873   -17.59   11.84
 -35218.254    60.816   -22.06   14.32
 -34853.164    52.568   -22.59   13.84
 -34488.160    44.317   -22.61    7.15
 -34123.239    41.938    -6.52    5.65
 -33758.403    41.242    -1.91    5.47
 -33393.652    42.251     2.77    4.81
 -33028.984    41.816    -1.19    4.18
 -32664.401    40.307    -4.14    4.76
 -32299.901    37.706    -7.14    5.49
 -31935.486    34.162    -9.72    5.71
 -31571.155    29.312   -13.31    5.26
 -31197.067    26.297    -8.06    4.51
 -30815.063    25.575    -1.89    4.84
 -30433.154    29.825    11.13    9.82
 -30051.338    36.584    17.70   12.61
 -29669.617    43.862    19.07   10.14
 -29287.990    49.021    13.52    5.77
 -28906.458    48.596    -1.11    5.03
 -28525.019    46.768    -4.79    4.60
 -28143.674    43.495    -8.58    6.96
 -27762.423    38.464   -13.19    6.86
 -27381.266    34.265   -11.02    5.82
 -27000.202    31.741    -6.62    4.99
 -26619.232    30.955    -2.06    5.08
 -26238.356    30.344    -1.60    4.72
 -25857.573    30.715     0.98    3.66
 -25476.884    30.919     0.53    3.53
 -25096.288    32.603     4.42    3.67
 -24715.785    33.103     1.31    3.92
 -24335.376    35.250     5.65    4.61
 -23955.060    38.128     7.57    6.40
 -23574.837    40.255     5.59    6.53
 -23194.707    43.997     9.85    6.57
 -22814.670    46.769     7.29    7.24
 -22434.726    47.128     0.95    7.25
 -22054.875    48.625     3.94    6.69
 -21675.116    50.854     5.87    6.83
 -21295.451    54.370     9.26    9.50
 -20915.878    62.164    20.54   12.58
 -20536.397    69.192    18.52   11.05
 -20157.009    73.547    11.48    8.52
 -19777.714    74.750     3.17    7.50
 -19398.511    70.825   -10.35    7.89
 -19019.400    64.171   -17.55   10.64
 -18640.381    57.012   -18.89   11.73
 -18261.455    50.603   -16.92    9.43
 -17882.621    46.064   -11.98    7.03
 -17503.878    46.325     0.69    6.50
 -17125.228    48.298     5.21    7.01
 -16746.670    50.344     5.41    7.08
 -16368.203    52.846     6.61    5.35
 -15989.829    55.779     7.75    6.75
 -15611.546    58.375     6.86    6.61
 -15233.355    60.184     4.79    6.43
 -14855.255    60.467     0.75    6.49
 -14477.247    62.733     5.99    6.46
 -14099.330    66.059     8.80    6.15
 -13721.505    69.362     8.74    5.18
 -13343.771    69.919     1.47    4.81
 -12966.128    66.798    -8.27    7.34
 -12588.577    61.835   -13.14   10.05
 -12211.116    54.502   -19.43   10.17
 -11833.747    49.898   -12.20    7.67
 -11456.469    47.610    -6.07    6.30
 -11079.281    52.734    13.58   12.22
 -10702.185    61.368    22.90   14.46
 -10325.179    71.094    25.80   13.54
  -9948.264    78.115    18.63    6.91
  -9571.440    79.676     4.14    4.96
  -9194.706    78.083    -4.23    7.16
  -8818.063    75.994    -5.55   10.00
  -8441.510    68.788   -19.14   17.64
  -8065.048    52.147   -44.21   29.15
  -7688.676    34.678   -46.41   32.08
  -7312.395    16.818   -47.46   25.64
  -6936.203     4.536   -32.65   12.88
  -6560.102    -0.161   -12.49    0.36
  -6184.091    -0.184    -0.06    0.29
  -5808.170     1.134     3.51    4.70
  -5432.339     3.340     5.87    7.59
  -5056.598     4.901     4.16    8.73
  -4680.947     5.583     1.81    8.95
  -4305.385     6.041     1.22    9.15
  -3929.913     5.316    -1.93    8.74
  -3554.531     4.430    -2.36    8.29
  -3179.238     2.298    -5.68    6.50
  -2804.035     1.012    -3.43    4.55
  -2428.922     1.598     1.56    5.63
  -2053.898     2.834     3.30    7.08
  -1678.963     4.442     4.29    8.27
  -1304.117     6.024     4.22    9.02
   -929.361     7.750     4.61    9.33
   -554.694     8.760     2.69    9.56
   -180.116    10.260     4.01    9.53
    194.373    11.109     2.26    9.58
    568.774    12.760     4.41    9.29
    943.085    13.348     1.57    8.88
   1317.307    14.118     2.06    8.51
   1691.441    14.876     2.02    8.19
   2065.486    15.302     1.14    7.55
   2439.442    16.024     1.93    7.19
   2813.310    16.515     1.31    6.62
   3187.089    16.834     0.86    6.11
   3560.780    17.565     1.95    5.27
   3934.382    18.201     1.70    4.30
   4307.896    18.578     1.01    3.47
   4681.321    19.339     2.04    2.59
   5054.659    19.346     0.02    2.31
   5427.908    19.536     0.51    2.34
   5801.069    19.411    -0.34    3.03
   6174.143    18.788    -1.67    4.28
   6547.128    17.288    -4.02    6.05
   6920.025    15.419    -5.01    7.82
   7292.835    12.834    -6.93    8.99
   7665.556    10.238    -6.97    9.40
   8038.190     7.199    -8.15    9.19
   8410.737     4.487    -7.28    7.99
   8783.195     1.477    -8.08    4.62
   9155.566     0.052    -3.83    1.30
   9527.850    -0.202    -0.68    0.10
   9900.046    -0.212    -0.03    0.00
  10272.155    -0.212     0.00    0.00
  10644.177     0.381     1.59    2.43
  11016.111     2.886     6.74    6.35
  11387.959     7.066    11.24    8.73
  11759.719    10.750     9.91    8.85
  12131.392    15.316    12.29    7.24
  12502.978    18.246     7.88    3.74
  12874.477    18.905     1.77    2.05
  13245.889    18.517    -1.04    3.17
  13617.215    17.329    -3.20    5.28
  13988.453    15.284    -5.51    7.23
  14359.605    12.656    -7.08    8.91
  14730.671     9.284    -9.09    9.39
  15101.650     6.190    -8.34    8.80
  15472.542     2.846    -9.01    6.62
  15843.348     0.403    -6.59    2.87
  16214.067     1.574     3.16    5.14
  16584.700     5.247     9.91    8.68
  16955.247     9.312    10.97    9.86
  17325.708    14.489    13.97    9.17
  17696.082    18.190     9.99    6.03
  18066.371    19.950     4.75    2.14
  18436.573    20.115     0.45    2.26
  18806.689    18.543    -4.25    5.24
  19176.720    16.741    -4.87    7.17
  19546.665    17.077     0.91    7.15
  19916.523    17.647     1.54    6.52
  20286.297    18.666     2.76    5.51
  20655.984    20.011     3.64    3.04
  21025.586    20.153     0.38    1.86
  21395.102    20.178     0.07    1.89
  21764.533    17.788    -6.47    6.63
  22133.878    13.371   -11.96    9.52
  22503.138     7.901   -14.81    9.65
  22872.313     3.043   -13.16    6.88
  23241.402    -0.096    -8.51    0.82
  23610.406    -0.212    -0.31    0.00
  23979.325    -0.212     0.00    0.00
  24348.159    -0.212     0.00    0.00
  24716.908     1.350     4.24    5.47
  25085.572     9.702    22.66   15.48
  25454.150    21.901    33.10   22.60
  25822.645    35.701    37.45   22.82
  26191.054    49.038    36.20   17.28
  26559.378    57.131    21.97   13.29
  26927.618    62.986    15.90    9.72
  27295.774    67.307    11.74    9.82
  27663.844    71.413    11.16   10.34
  28031.830    75.533    11.20   10.31
  28399.732    79.237    10.07    8.70
  28767.549    82.274     8.26    8.07
  29135.282    85.274     8.16    7.80
  29502.931    87.609     6.35    8.31
  29870.496    90.592     8.12    9.22
  30237.976    94.105     9.56    8.63
  30605.372    95.988     5.13    6.52
  30972.684    95.298    -1.88    6.58
  31339.912    93.955    -3.66    7.28
  31707.057    92.033    -5.23    7.72
  32074.117    90.264    -4.82    7.63
  32441.094    89.090    -3.20    6.51
  32807.986    83.451   -15.37   13.10
  33174.795    76.401   -19.22   17.89
  33541.521    68.662   -21.10   19.62
  33908.163    65.455    -8.75   17.15
  34274.721    68.986     9.63   19.31
  34641.196    77.144    22.26   17.34
  35007.587    84.557    20.23   13.75
  35373.895    91.312    18.44    9.58
  35740.120    95.354    11.04   10.44
  36106.261    99.134    10.32    9.83
  36472.319    98.662    -1.29    9.38
  36838.294    96.732    -5.27    9.40
  37204.186    93.462    -8.94    7.50
  37569.995    89.722   -10.22    6.52
  37935.721    86.036   -10.08    6.72
  38301.364    82.350   -10.08    6.40
  38666.925    80.385    -5.38    5.44
  39032.402    78.125    -6.18    6.73
  39397.797    77.564    -1.54    6.14
  39763.109    74.932    -7.20   10.78
  40128.338    65.571   -25.63   16.96
  40493.485    58.836   -18.45   18.03
  40858.549    51.917   -18.95   16.86
  41223.531    46.524   -14.78   12.41
  41588.430    45.730    -2.18   11.29
  41953.247    54.461    23.93   16.72
  42317.982    64.005    26.17   16.63
  42682.634    71.516    20.60   12.13
  43047.204    75.047     9.69    5.32
  43415.374    74.026    -2.77    4.65
  43797.207    70.283    -9.80    6.03
  44178.949    67.711    -6.74    5.27
  44560.599    65.950    -4.61    4.62
  44942.157    65.235    -1.87    5.65
  45323.624    67.166     5.06    6.93
  45704.998    68.519     3.55    7.75
  46086.281    70.975     6.44    7.82
  46467.472    73.480     6.57    6.65
  46848.572    74.307     2.17    6.36
  47229.580    72.816    -3.91    6.33
  47610.497    70.816    -5.25    6.69
  47991.323    67.502    -8.70    7.66
  48372.057    63.509   -10.49    7.46
  48752.700    60.079    -9.01    5.19
  49133.252    57.740    -6.15    3.12
  49513.713    57.169    -1.50    2.75
  49894.082    56.976    -0.51    2.84
  50274.361    55.346    -4.29    3.32
  50654.549    54.147    -3.15    3.11
  51034.646    53.702    -1.17    2.70
  51414.653    53.622    -0.21    2.48
  51794.568    54.012     1.03    3.00
  52174.393    52.911    -2.90    4.26
  52554.128    52.779    -0.35    7.06
  52933.772    54.625     4.86    8.98
  53313.325    57.712     8.13    8.39
  53692.788    60.370     7.00    5.65
  54072.161    61.236     2.28    5.06
  54451.444    60.877    -0.95    4.80
  54830.636    59.560    -3.47    4.99
  55209.738    59.171    -1.03    5.36
  55588.750    59.452     0.74    5.41
  55967.672    59.691     0.63    5.63
  56346.505    61.417     4.56    4.55
  56725.247    63.439     5.34    5.00
  57103.900    66.445     7.94    6.93
  57482.462    70.024     9.45    6.30
  57860.935    73.250     8.52    3.84
  58239.319    74.505     3.32    4.18
  58617.613    75.206     1.85    3.29
  58995.817    74.493    -1.88    3.65
  59373.932    71.521    -7.86    5.44
  59751.958    67.694   -10.12    6.67
  60129.894    63.521   -11.04    5.49
  60507.741    63.464    -0.15    5.12
  60885.499    65.358     5.01    5.69
  61263.168    68.663     8.75    5.40
  61640.748    71.689     8.01    4.07
  62018.238    72.883     3.16    4.52
  62395.640    75.468     6.85    5.43
  62772.953    81.855    16.93    9.47
  63150.177    89.365    19.91   11.22
  63527.312    95.541    16.37    8.80
  63904.359    97.369     4.85    5.90
  64281.317    95.577    -4.75    6.21
  64658.186    90.452   -13.60    7.09
  65034.967    83.485   -18.49   10.03
  65411.660    76.350   -18.94   10.70
  65788.264    69.465   -18.28    6.18
  66164.779    67.217    -5.97    3.68
  66541.207    67.798     1.55    3.67
  66917.546    71.628    10.18    6.24
  67293.798    77.244    14.93    7.84
  67669.961    83.636    16.99    8.70
  68046.036    86.672     8.07    7.14
  68422.023    84.493    -5.79    8.14
  68797.922    80.200   -11.42    7.74
  69173.733    75.303   -13.03    4.45
  69549.457    73.971    -3.54    2.81
  69925.093    73.283    -1.83    4.13
  70300.641    72.327    -2.55    5.21
  70676.102    72.472     0.39    5.66
  71051.475    74.380     5.08    6.32
  71426.761    75.513     3.02    5.55
  71801.959    74.947    -1.51    4.86
  72177.070    71.720    -8.60    6.46
  72552.094    67.779   -10.51    5.20
  72927.030    66.509    -3.39    3.72
  73301.879    67.244     1.96    3.40
  73676.642    68.555     3.50    3.33
  74051.317    70.204     4.40    2.39
  74425.905    70.413     0.56    2.20
  74800.406    68.188    -5.94    4.61
  75174.820    64.375   -10.18    5.98
  75549.148    58.972   -14.43    6.27
  75923.388    55.000   -10.61    5.35
  76297.542    55.739     1.97    7.10
  76671.610    58.960     8.61    8.39
  77045.591    62.847    10.39    7.06
  77419.485    65.235     6.39    4.05
  77793.293    63.817    -3.79    4.81
  78167.014    61.357    -6.58    4.76
  78540.650    60.327    -2.76    4.71
  78914.199    60.940     1.64    4.91
  79287.661    63.922     7.98    6.30
  79661.038    66.819     7.76    6.70
  80034.328    68.502     4.51    5.18
  80407.532    72.053     9.51    5.74
  80780.651    74.154     5.63    6.16
  81153.683    74.533     1.02    5.58
  81526.630    77.225     7.22    5.97
  81899.491    80.817     9.63    7.67
  82272.266    85.063    11.39    7.78
  82644.955    90.379    14.26    5.85
  83017.559    95.288    13.18    6.52
  83390.077   101.567    16.85    9.75
  83762.510   108.857    19.57    9.27
  84134.857   115.375    17.50    6.96
  84507.119   118.876     9.40    3.96
  84879.295   118.033    -2.26    5.40
  85251.386   114.711    -8.93    7.31
  85623.392   109.572   -13.81    7.62
  85995.313   102.798   -18.21    7.33
  86367.149    96.890   -15.89    8.27
  86738.899    90.134   -18.17    8.28
  87110.565    84.258   -15.81    5.26
  87482.146    80.240   -10.81    4.23
  87853.642    77.555    -7.23    4.15
  88225.053    74.347    -8.64    4.70
  88596.379    70.050   -11.57    6.28
  88967.620    65.759   -11.56    7.78
  89338.777    60.423   -14.38    8.95
  89709.850    56.084   -11.69    8.44
  90080.837    54.625    -3.93    7.11
  90451.741    54.418    -0.56    5.57
  90822.559    55.522     2.98    2.87
  91193.294    55.720     0.53    2.42
  91563.944    56.023     0.82    2.45
  91934.510    56.654     1.70    2.40
  92304.992    56.878     0.61    2.29
  92675.390    56.070    -2.18    1.67
  93045.703    56.176     0.29    2.28
  93415.933    56.990     2.20    3.10
  93786.078    57.680     1.86    3.21
  94156.140    58.239     1.51    2.89
  94526.118    57.435    -2.17    3.13
  94896.012    56.650    -2.12    3.44
  95265.822    56.942     0.79    3.79
  95635.549    57.707     2.07    4.05
  96005.192    59.548     4.98    3.52
  96374.751    63.016     9.38    6.00
  96744.227    67.980    13.44    8.57
  97113.619    72.730    12.86    8.47
  97482.928    77.072    11.76    3.99
  97852.154    77.497     1.15    3.19
  98221.296    75.839    -4.49    3.46
  98590.355    73.672    -5.87    3.21
  98959.331    72.738    -2.53    2.93
  99328.224    71.731    -2.73    2.50
  99697.034    70.768    -2.61    3.03
 100065.761    69.846    -2.50    3.08
 100434.405    70.504     1.78    3.81
 100802.966    71.386     2.39    4.00
 101171.444    71.973     1.59    3.76
 101539.839    69.931    -5.54    6.44
 101908.151    61.439   -23.06   12.24
 102276.381    56.400   -13.68   11.45
 102644.529    53.455    -8.00    8.51
 103012.593    54.099     1.75    6.59
 103380.575    57.186     8.39    3.44
 103748.475    56.969    -0.59    2.93
 104116.292    56.023    -2.57    4.14
 104484.027    51.682   -11.80    6.90
 104851.680    46.906   -12.99    7.64
 105219.250    45.220    -4.59    7.88
 105586.738    46.182     2.62    9.01
 105954.145    46.472     0.79    9.77
 106321.469    45.656    -2.22   10.12
 106688.711    46.031     1.02    9.85
 107055.871    45.740    -0.79    8.72
 107422.949    46.487     2.04    7.99
 107789.945    47.572     2.96    6.36
 108156.859    45.365    -6.02    5.33
 108523.692    43.409    -5.33    4.14
 108890.443    44.912     4.10    5.14
 109257.112    48.798    10.60    6.96
 109623.700    53.982    14.14    8.57
 109990.206    58.683    12.83    6.33
 110356.631    62.769    11.15    4.01
 110722.974    64.259     4.07    3.91
 111089.236    64.205    -0.15    3.69
 111455.417    62.749    -3.97    3.39
 111821.516    62.478    -0.74    3.46
 112187.534    63.353     2.39    4.46
 112553.471    64.167     2.23    4.36
 112919.327    64.442     0.75    4.44
 113285.102    63.419    -2.79    4.79
 113650.796    63.726     0.84    5.16
 114016.409    64.935     3.31    4.43
 114381.941    65.934     2.73    2.79
 114747.392    66.982     2.87    3.82
 115112.762    67.893     2.49    4.74
 115478.052    69.962     5.66    5.28
 115843.261    73.483     9.64    5.72
 116208.389    76.858     9.24    6.32
 116573.437    80.798    10.79    5.46
 116938.404    82.808     5.51    3.92
 117303.291    84.254     3.96    3.70
 117668.097    86.006     4.80    4.38
 118032.823    87.728     4.72    4.66
 118412.429    89.144     3.73    4.06
 118794.003    89.829     1.80    3.41
 119175.487    89.099    -1.91    2.94
 119556.882    86.303    -7.33    4.23
 119938.187    81.856   -11.66    6.47
 120319.403    77.508   -11.40    5.98
 120700.529    74.077    -9.00    4.22
 121081.566    71.687    -6.27    3.91
 121462.514    70.033    -4.34    3.97
 121843.373    69.445    -1.55    4.08
 122224.143    72.390     7.73    6.52
 122604.823    75.541     8.28    6.58
 122985.415    77.778     5.88    6.08
 123365.918    78.588     2.13    5.50
 123746.332    79.808     3.21    5.84
 124126.657    81.739     5.08    6.39
 124506.893    84.710     7.81    6.32
 124887.041    87.808     8.15    6.79
 125267.100    92.416    12.12    8.05
 125647.070    96.273    10.15    8.11
 126026.952   101.474    13.69    7.00
 126406.746   104.204     7.19    6.28
 126786.451   106.006     4.75    6.69
 127166.068   108.662     7.00    6.44
 127545.597   110.541     4.95    6.16
 127925.037   111.730     3.14    5.63
 128304.389   112.344     1.62    4.49
 128683.654   113.347     2.65    4.91
 129062.830   116.644     8.69    4.85
 129441.918   118.351     4.50    4.02
 129820.919   119.404     2.78    2.79
 130199.831   118.644    -2.01    2.70
 130578.656   117.129    -4.00    2.99
 130957.393   114.779    -6.20    4.26
 131336.042   112.194    -6.82    4.84
 131714.604   107.487   -12.43    7.31
 132093.079   101.747   -15.16    8.37
 132471.466    98.096    -9.65    7.29
 132849.765    95.549    -6.73    6.42
 133227.977    95.504    -0.12    7.04
 133606.102    95.384    -0.32    7.37
 133984.139    94.553    -2.20    7.70
 134362.090    93.224    -3.52    7.65
 134739.953    89.014   -11.14   10.80
 135117.729    79.818   -24.34   17.63
 135495.419    66.610   -34.97   18.79
 135873.021    58.135   -22.44   13.42
 136250.536    57.679    -1.21   12.89
 136627.965    64.497    18.06   12.98
 137005.307    72.184    20.37    9.35
 137382.562    74.484     6.10    7.70
 137759.731    76.455     5.22    6.18
 138136.813    78.312     4.93    5.68
 138513.808    80.485     5.76    5.52
 138890.717    83.396     7.72    6.21
 139267.540    86.965     9.47    5.41
 139644.276    90.835    10.27    5.68
 140020.926    95.107    11.34    4.86
 140397.489    99.215    10.91    5.83
 140773.967   105.204    15.91    8.75
 141150.358   111.416    16.50   10.41
 141526.664   116.546    13.63   10.02
 141902.883   118.935     6.35    8.26
 142279.017   118.518    -1.11    7.41
 142655.064   116.671    -4.91    5.75
 143031.026   115.631    -2.76    4.08
 143406.902   115.988     0.95    3.39
 143782.692   116.935     2.52    3.61
 144158.397   118.485     4.12    4.11
 144534.016   120.494     5.35    5.28
 144909.549   122.343     4.92    6.55
 145284.997   123.817     3.93    6.75
 145660.360   123.033    -2.09    6.90
 146035.637   120.154    -7.67    7.12
 146410.829   117.146    -8.02    5.61
 146785.936   115.406    -4.64    3.45
 147160.957   115.278    -0.34    2.62
 147535.894   115.474     0.52    2.87
 147910.745   114.818    -1.75    3.89
 148285.511   112.828    -5.31    4.93
 148660.192   109.729    -8.27    4.99
 149034.789   106.958    -7.40    3.24
 149409.300   106.435    -1.40    2.35
 149783.727   107.192     2.02    2.66
 150158.069   109.200     5.36    3.83
 150532.327   112.590     9.06    5.42
 150906.499   116.778    11.19    6.58
 151280.588   120.069     8.80    6.86
 151654.591   119.288    -2.09    8.37
 152028.511   115.345   -10.54    9.83
 152402.345   110.526   -12.89    8.51
 152776.096   108.749    -4.76    6.29
 153149.762   109.543     2.13    6.24
 153523.344   111.118     4.22    7.23
 153896.842   113.465     6.28    7.98
 154270.256   117.158     9.89   11.51
 154643.585   124.178    18.80   15.51
 155016.831   133.288    24.41   13.93
 155389.993   141.150    21.07    4.96
 155763.071   140.515    -1.70    5.27
 156136.065   136.926    -9.62    6.46
 156508.975   133.700    -8.65    5.43
 156881.802   131.758    -5.21    3.21
 157254.544   130.398    -3.65    3.68
 157627.204   129.386    -2.72    3.81
 157999.779   127.688    -4.56    3.61
 158372.272   126.521    -3.13    2.90
 158744.680   125.528    -2.67    3.42
 159117.006   124.190    -3.59    3.67
 159489.248   122.638    -4.17    3.86
 159861.407   122.533    -0.28    4.61
 160233.482   124.196     4.47    5.83
 160605.474   127.353     8.48    6.48
 160977.384   131.553    11.29    6.52
 161349.210   136.161    12.39    4.66
 161720.953   138.898     7.36    3.41
 162092.613   140.588     4.55    1.90
 162464.191   140.935     0.93    2.34
 162835.685   141.911     2.63    3.03
 163207.097   142.533     1.68    3.34
 163578.426   143.533     2.69    3.40
 163949.673   145.640     5.67    4.29
 164320.836   147.737     5.65    4.40
 164691.917   149.994     6.08    3.71
 165062.916   150.818     2.22    3.22
 165433.832   147.718    -8.36    6.55
 165804.666   142.085   -15.19    9.70
 166175.418   132.656   -25.43   12.06
 166546.087   124.602   -21.72    9.73
 166916.674   119.139   -14.74    6.04
 167287.179   116.122    -8.14    5.11
 167657.601   114.788    -3.60    5.87
 168027.942   112.046    -7.40    7.07
 168398.200   110.182    -5.03    7.33
 168768.377   108.088    -5.66    7.58
 169138.471   106.174    -5.17    8.50
 169508.484   102.697    -9.40   10.03
 169878.415    99.768    -7.92    9.98
 170248.265    97.340    -6.56    8.76
 170618.032    97.474     0.36    7.66
 170987.718    96.500    -2.64    7.98
 171357.322    93.053    -9.32    9.92
 171726.845    87.455   -15.15    9.31
 172096.286    84.318    -8.49    5.49
 172465.646    85.388     2.90    6.18
 172834.925    89.184    10.28    7.18
 173204.122    93.194    10.86    6.18
 173573.238    95.444     6.09    5.99
 173942.272    95.308    -0.37    5.74
 174311.226    94.028    -3.47    5.86
 174680.098    90.918    -8.43    6.12
 175048.889    87.708    -8.70    5.05
 175417.600    85.465    -6.08    4.90
 175786.229    84.402    -2.88    4.48
 176154.778    84.605     0.55    4.88
 176523.245    83.075    -4.15    5.24
 176891.632    82.038    -2.81    5.32
 177259.938    81.828    -0.57    4.91
 177628.163    81.530    -0.81    4.89
 177996.308    79.988    -4.19    6.63
 178364.372    76.758    -8.77    8.70
 178732.356    71.002   -15.64   10.08
 179100.259    66.168   -13.14    8.51
 179468.082    63.074    -8.41    5.74
 179835.824    61.248    -4.96    4.58
 180203.486    61.978     1.98    5.43
 180571.068    62.719     2.02    6.65
 180938.569    62.992     0.74    7.30
 181305.991    63.445     1.23    7.89
 181673.332    63.968     1.42    8.09
 182040.593    64.209     0.66    8.15
 182407.774    63.353    -2.33    8.12
 182774.875    62.523    -2.26    8.56
 183141.897    58.778   -10.20    8.36
 183508.838    56.608    -5.91    6.57
 183875.700    55.628    -2.67    6.45
 184242.482    57.273     4.48    7.48
 184609.184    59.417     5.85    8.54
 184975.806    61.612     5.99   10.29
 185342.349    63.777     5.91   11.60
 185708.813    61.278    -6.82   12.86
 186075.196    58.091    -8.70   12.14
 186441.501    54.248   -10.49    9.67
 186807.726    54.551     0.83    8.73
 187173.871    57.427     7.86    9.74
 187539.938    60.877     9.42    9.50
 187905.925    63.256     6.50    8.71
 188271.833    64.925     4.56    7.47
 188637.662    66.418     4.08    5.54
 189003.411    67.036     1.69    4.38
 189369.082    65.708    -3.63    4.37
 189734.674    64.967    -2.03    4.47
 190100.187    64.827    -0.38    5.03
 190465.620    65.111     0.78    5.52
 190830.976    66.708     4.37    6.23
 191196.252    66.838     0.36    6.68
 191561.449    67.610     2.11    6.70
 191926.568    68.400     2.16    5.64
 192291.608    70.046     4.51    4.54
 192656.570    71.151     3.03    2.95
 193030.657    70.571    -1.55    3.14
 193412.062    69.008    -4.10    4.03
 193793.379    67.726    -3.36    4.61
 194174.608    68.208     1.26    4.95
 194555.751    69.169     2.52    5.40
 194936.806    69.818     1.70    5.05
 195317.774    68.851    -2.54    5.10
 195698.656    67.448    -3.68    4.66
 196079.450    67.364    -0.22    4.15
 196460.158    65.669    -4.45    4.21
 196840.778    64.962    -1.86    3.64
 197221.312    64.142    -2.15    2.97
 197601.759    64.426     0.75    2.67
 197982.120    66.118     4.45    3.41
 198362.394    67.912     4.72    4.21
 198742.581    70.098     5.75    4.20
 199122.682    71.693     4.20    3.82
 199502.696    71.718     0.07    3.97
 199882.624    70.768    -2.50    4.21
 200262.466    68.758    -5.29    4.11
 200642.222    68.376    -1.01    3.95
 201021.891    69.328     2.51    4.52
 201401.474    70.403     2.83    3.96
 201780.971    71.166     2.01    2.82
 202160.382    70.339    -2.18    2.98
 202539.708    69.768    -1.51    3.55
 202918.947    68.520    -3.29    4.16
 203298.100    67.960    -1.48    4.62
 203677.168    67.972     0.03    4.56
 204056.150    68.528     1.47    4.85
 204435.046    69.872     3.54    4.77
 204813.856    71.558     4.45    3.75
 205192.581    71.438    -0.32    3.27
 205571.221    70.358    -2.85    3.34
 205949.775    69.737    -1.64    2.93
 206328.244    69.248    -1.29    3.33
 206706.627    67.111    -5.65    6.03
 207084.925    59.829   -19.25   14.15
 207463.138    50.515   -24.62   17.95
 207841.265    39.084   -30.23   17.45
 208219.308    31.798   -19.27   12.74
 208597.265    27.747   -10.72    7.82
 208975.138    27.056    -1.83    7.95
 209352.926    27.217     0.43    7.75
 209730.628    25.357    -4.92    7.32
 210108.246    22.314    -8.06    6.23
 210485.779    20.748    -4.15    4.59
 210863.228    22.480     4.59    6.79
 211240.591    24.917     6.46    9.15
 211617.871    26.416     3.97   10.05
 211995.065    25.218    -3.17    9.45
 212372.175    24.864    -0.94    8.53
 212749.201    26.628     4.68   10.33
 213126.142    30.097     9.20   11.29
 213502.999    29.298    -2.12   11.08
 213879.772    28.609    -1.83    9.74
 214256.460    29.278     1.78    8.29
 214633.065    30.693     3.76    7.74
 215009.585    33.462     7.35    8.69
 215386.021    34.543     2.87    8.96
 215762.374    34.364    -0.48    8.13
 216138.642    36.221     4.94    8.02
 216514.826    38.688     6.56    9.18
 216890.927    42.451    10.00    8.89
 217266.944    45.418     7.89    6.84
 217642.877    46.033     1.64    6.50
 218018.726    44.526    -4.01    6.77
 218394.492    44.408    -0.31    6.55
 218770.174    43.056    -3.60    5.64
 219145.773    42.212    -2.25    4.76
 219521.289    40.483    -4.61    4.76
 219896.721    37.718    -7.36    4.84
 220272.069    35.999    -4.58    5.37
 220647.335    32.478    -9.38    5.65
 221022.517    29.179    -8.79    6.05
 221397.616    25.657    -9.39    7.09
 221772.632    21.980    -9.80    6.13
 222147.565    20.378    -4.27    4.68
 222522.415    19.293    -2.89    3.00
 222897.182    19.360     0.18    1.89
 223271.866    20.580     3.26    2.80
 223646.467    21.263     1.82    4.83
 224020.986    21.748     1.30    5.94
 224395.421    26.007    11.37   10.69
 224769.774    33.818    20.86   15.69
 225144.045    45.370    30.86   15.51
 225518.233    54.941    25.58   11.25
 225892.338    61.462    17.43    4.59
 226266.361    63.988     6.75    5.13
 226640.301    68.560    12.22    8.69
 227014.160    73.848    14.14   10.72
 227387.935    78.218    11.69    9.81
 227761.629    75.638    -6.90   13.55
 228135.240    67.104   -22.84   16.52
 228508.770    55.132   -32.05   19.11
 228882.217    43.390   -31.44   18.30
 229255.582    33.930   -25.33   11.10
 229628.865    32.017    -5.12    7.85
 230002.067    39.778    20.79   16.06
 230375.186    51.556    31.56   18.99
 230748.224    63.180    31.16   15.61
 231121.179    70.940    20.80   11.89
 231494.054    72.590     4.43   11.02
 231866.846    66.498   -16.34   13.95
 232239.557    58.003   -22.79   15.39
 232612.186    50.528   -20.06   10.58
 232984.734    44.495   -16.19    5.57
 233357.200    39.192   -14.23    6.75
 233729.585    32.863   -16.99   10.88
 234101.889    23.319   -25.63   11.00
 234474.111    17.398   -15.90    8.18
 234846.253    15.707    -4.54    6.89
 235218.313    17.523     4.88    7.61
 235590.291    21.747    11.35    7.62
 235962.189    26.899    13.85    6.60
 236334.006    30.638    10.05    7.90
 236705.742    34.319     9.90    8.83
 237077.396    37.995     9.89    9.40
 237448.970    39.438     3.88    7.87
 237820.463    39.799     0.97    5.68
 238191.876    39.518    -0.76    4.31
 238563.208    38.664    -2.30    3.68
 238934.459    40.716     5.53    5.66
 239305.629    44.918    11.32    7.96
 239676.719    52.859    21.39   12.76
 240047.728    61.334    22.84   15.09
 240418.657    70.820    25.57   13.75
 240789.506    77.132    17.02   11.67
 241160.274    79.960     7.63    9.64
 241530.962    79.938    -0.06    7.91
 241901.569    78.701    -3.34    7.47
 242272.097    78.338    -0.98    6.87
 242642.544    79.501     3.14    6.39
 243012.911    81.329     4.93    4.77
 243383.198    81.013    -0.85    4.71
 243753.405    79.590    -3.84    5.88
 244123.533    77.186    -6.49    5.98
 244493.580    74.582    -7.04    6.05
 244863.547    71.992    -7.00    6.09
 245233.435    68.022   -10.73    6.06
 245603.243    65.094    -7.92    4.52
 245972.971    65.075    -0.05    4.68
 246342.620    67.186     5.71    5.06
 246712.189    70.211     8.18    4.63
 247081.679    72.186     5.35    3.49
 247451.089    72.696     1.38    3.39
 247820.420    71.163    -4.15    4.44
 248189.671    70.228    -2.53    4.34
 248558.843    70.852     1.69    5.37
 248927.935    71.586     1.99    5.28
 249296.949    71.756     0.46    4.39
 249665.883    72.478     1.96    3.64
 250034.738    73.192     1.94    3.49
 250403.514    76.482     8.92    4.51
 250772.212    79.625     8.52    4.44
 251140.830    81.976     6.38    4.30
 251509.369    84.156     5.91    2.95
 251877.829    85.299     3.10    2.25
 252246.211    84.556    -2.02    2.66
 252614.513    82.766    -4.86    3.83
 252982.737    81.000    -4.80    4.23
 253350.883    79.365    -4.44    4.26
 253718.949    78.829    -1.46    4.07
 254086.937    78.869     0.11    3.85
 254454.847    79.642     2.10    3.75
 254822.678    80.427     2.13    3.44
 255190.431    79.299    -3.07    4.40
 255558.105    76.982    -6.30    5.74
 255925.701    72.940   -10.99    5.35
 256293.219    71.339    -4.36    4.09
 256660.658    70.574    -2.08    4.55
 257028.020    70.064    -1.39    4.65
 257395.303    69.912    -0.41    4.32
 257762.508    69.994     0.22    3.60
 258129.635    69.122    -2.38    3.38
 258496.684    68.928    -0.53    3.36
 258863.656    68.809    -0.32    3.02
 259230.549    68.528    -0.77    3.22
 259597.364    67.632    -2.44    4.02
 259964.102    66.413    -3.32    4.02
 260330.762    66.364    -0.13    3.71
 260697.344    66.686     0.88    3.94
 261063.849    67.714     2.80    3.50
 261430.276    68.293     1.58    2.72
 261796.626    68.546     0.69    2.46
 262162.898    68.252    -0.80    2.70
 262529.092    66.676    -4.30    3.98
 262895.210    65.046    -4.45    3.64
 263261.249    63.400    -4.49    3.51
 263627.212    63.262    -0.38    3.99
 263993.097    64.839     4.31    4.65
 264358.905    66.929     5.71    5.88
 264724.636    69.217     6.25    5.69
 265090.290    70.860     4.49    4.43
 265455.867    71.355     1.35    2.93
 265821.367    70.036    -3.61    2.43
 266186.790    68.819    -3.33    2.42
 266552.136    67.871    -2.60    2.24
 266917.405    67.886     0.04    2.36
 267282.597    68.324     1.20    2.67
 267651.577    67.863    -1.25    4.33
 268032.813    66.192    -4.38    5.07
 268413.964    65.490    -1.84    4.73
 268795.030    65.727     0.62    5.25
 269176.011    68.851     8.20    6.26
 269556.907    71.553     7.09    6.38
 269937.719    75.603    10.63    7.56
 270318.445    80.309    12.36    6.45
 270699.087    82.658     6.17    5.13
 271079.645    84.247     4.18    3.40
 271460.117    84.049    -0.52    3.57
 271840.505    83.513    -1.41    3.16
 272220.809    82.140    -3.61    3.91
 272601.028    80.502    -4.31    4.40
 272981.163    79.027    -3.88    3.01
 273361.214    79.472     1.17    2.80
 273741.180    79.865     1.03    3.15
 274121.062    79.849    -0.04    3.25
 274500.860    79.942     0.24    3.78
 274880.574    79.462    -1.26    3.80
 275260.204    77.408    -5.41    6.20
 275639.749    73.002   -11.60    7.78
 276019.211    68.535   -11.77    5.03
 276398.589    66.747    -4.71    2.60
 276777.884    66.041    -1.86    2.66
 277157.094    65.400    -1.69    2.95
 277536.221    64.038    -3.59    2.96
 277915.264    63.809    -0.61    2.90
 278294.223    65.136     3.50    4.10
 278673.099    67.329     5.79    4.75
 279051.891    69.538     5.83    3.20
 279430.600    68.953    -1.54    3.60
 279809.226    67.756    -3.16    4.02
 280187.768    66.696    -2.80    4.21
 280566.227    65.455    -3.28    4.17
 280944.603    65.196    -0.68    3.95
 281322.895    65.691     1.31    3.38
 281701.105    66.582     2.35    3.02
 282079.231    67.163     1.54    2.85
 282457.274    67.376     0.56    2.82
 282835.235    67.810     1.15    3.63
 283213.112    66.676    -3.00    5.41
 283590.907    63.509    -8.38    8.14
 283968.619    58.421   -13.47    8.89
 284346.248    53.603   -12.76    6.24
 284723.794    50.747    -7.56    3.53
 285101.258    51.662     2.42    4.26
 285478.639    54.458     7.41    5.92
 285855.938    57.251     7.40    6.01
 286233.154    61.601    11.53    4.33
 286610.288    63.707     5.58    2.83
 286987.340    64.163     1.21    2.46
 287364.309    64.903     1.96    2.81
 287741.196    65.094     0.51    3.84
 288118.000    64.685    -1.09    3.77
 288494.723    64.041    -1.71    3.48
 288871.363    63.528    -1.36    2.90
 289247.922    63.778     0.66    2.84
 289624.398    65.262     3.94    3.12
 290000.792    66.157     2.38    2.84
 290377.105    67.283     2.99    2.89
 290753.336    67.726     1.18    2.79
 291129.484    67.010    -1.90    2.77
 291505.552    66.408    -1.60    3.45
 291881.537    64.850    -4.14    4.04
 292257.441    62.599    -5.99    3.79
 292633.263    61.972    -1.67    3.06
 293009.004    61.669    -0.81    2.66
 293384.663    62.087     1.11    2.26
 293760.241    62.899     2.16    2.18
 294135.738    63.916     2.71    2.54
 294511.153    65.058     3.04    1.70
