-100028.985   118.002     0.00    7.98
 -99652.059   118.257     0.68    7.15
 -99275.226   117.591    -1.77    6.32
 -98898.486   118.570     2.60    6.16
 -98521.838   121.830     8.66    7.03
 -98145.283   125.866    10.72    6.70
 -97768.821   130.108    11.27    5.44
 -97392.451   131.899     4.76    5.40
 -97016.174   131.159    -1.97    6.33
 -96639.989   128.423    -7.27    7.08
 -96263.896   123.451   -13.22    7.74
 -95887.895   118.601   -12.90    7.16
 -95511.987   110.217   -22.30   11.73
 -95136.170   101.582   -22.98   14.17
 -94760.446    91.285   -27.41   13.26
 -94384.814    84.087   -19.16    8.03
 -94009.273    79.992   -10.91    2.13
 -93633.824    80.648     1.75    3.23
 -93258.468    84.779    11.00    6.93
 -92883.202    92.403    20.32   11.26
 -92508.029   102.825    27.78   14.70
 -92132.947   114.960    32.35   16.17
 -91757.956   123.446    22.63   15.47
 -91383.057   127.576    11.02   14.95
 -91008.249   124.507    -8.19   16.63
 -90633.533   116.693   -20.85   16.32
 -90258.908   110.339   -16.96   13.25
 -89884.373   105.452   -13.05    8.64
 -89509.930   108.739     8.78    9.68
 -89135.578   114.536    15.49   10.58
 -88761.317   119.648    13.66   12.92
 -88387.147   123.603    10.57   14.05
 -88013.068   128.657    13.51   13.32
 -87639.080   131.960     8.83   10.21
 -87265.182   135.125     8.47    8.47
 -86891.375   143.157    21.49   10.57
 -86517.658   149.259    16.33   10.87
 -86144.032   156.207    18.60   10.71
 -85770.496   158.348     5.73    9.15
 -85397.051   157.583    -2.05    9.22
 -85023.696   154.394    -8.54    8.33
 -84650.431   149.240   -13.81    7.55
 -84277.257   146.212    -8.11    7.08
 -83904.172   142.586    -9.72    6.73
 -83531.178   136.054   -17.51   10.50
 -83158.274   130.703   -14.35   12.56
 -82785.459   121.758   -23.99   12.23
 -82412.735   114.556   -19.32   10.14
 -82040.100   108.636   -15.89    8.51
 -81667.555   104.803   -10.29    7.09
 -81295.099   104.971     0.45    6.98
 -80922.734   107.003     5.46    8.69
 -80550.457   109.425     6.51    9.92
 -80178.270   110.180     2.03   10.41
 -79806.173   108.150    -5.46   10.33
 -79434.165   104.917    -8.69    9.61
 -79062.246   103.303    -4.34    8.62
 -78690.417   102.275    -2.76    8.82
 -78318.676   104.054     4.79    9.29
 -77947.025   107.382     8.95    8.81
 -77575.463   114.382    18.84    8.51
 -77203.989   118.337    10.65    9.95
 -76832.605   120.363     5.45    9.00
 -76461.309   117.312    -8.22   10.61
 -76090.103   111.876   -14.64   10.10
 -75718.985   111.294    -1.57   10.96
 -75347.955   116.363    13.66   14.31
 -74977.014   122.029    15.28   16.15
 -74606.162   124.157     5.74   17.04
 -74235.398   122.333    -4.92   17.52
 -73864.723   115.466   -18.52   14.77
 -73494.136   104.891   -28.54   19.22
 -73123.637    93.541   -30.64   20.51
 -72753.226    89.148   -11.86   18.09
 -72382.904    91.235     5.64   17.41
 -72012.669    98.487    19.59   16.27
 -71642.523   107.009    23.03    7.00
 -71272.464   108.505     4.04    6.07
 -70902.494   108.123    -1.03    5.85
 -70532.611   104.033   -11.06    7.57
 -70162.816    97.906   -16.57    9.56
 -69793.109    89.910   -21.63   10.14
 -69423.489    84.594   -14.38   10.12
 -69053.957    79.542   -13.67   13.56
 -68684.513    74.830   -12.75   12.08
 -68315.156    72.602    -6.03    9.82
 -67945.886    71.777    -2.23    7.80
 -67576.704    71.559    -0.59    6.25
 -67207.609    72.342     2.12    6.84
 -66838.602    72.117    -0.61    6.92
 -66469.681    71.001    -3.03    7.06
 -66100.847    69.317    -4.57    5.82
 -65732.101    68.628    -1.87    5.72
 -65363.442    71.778     8.54    8.61
 -64994.869    77.330    15.07   10.89
 -64626.383    83.121    15.72   11.13
 -64257.984    90.712    20.61   11.96
 -63889.672    96.466    15.62    9.69
 -63521.447   101.608    13.96    6.97
 -63153.308   107.308    15.48   10.84
 -62785.255   116.575    25.18   17.45
 -62417.290   127.550    29.83   18.44
 -62049.410   133.768    16.90   14.91
 -61681.617   132.291    -4.02   15.29
 -61313.910   126.657   -15.32   12.77
 -60946.290   126.325    -0.90   11.39
 -60578.755   134.568    22.43   15.55
 -60211.307   146.527    32.55   15.85
 -59843.945   158.249    31.91   13.61
 -59476.669   168.712    28.49   10.28
 -59109.479   174.202    14.95    7.64
 -58742.374   173.321    -2.40    8.24
 -58375.356   171.459    -5.07    7.84
 -58008.423   169.628    -4.99    5.32
 -57641.576   168.267    -3.71    6.35
 -57274.815   170.692     6.61    8.73
 -56908.139   173.453     7.53   11.76
 -56541.549   174.512     2.89   12.34
 -56175.044   170.347   -11.36   11.31
 -55808.624   163.647   -18.29   10.72
 -55442.290   156.221   -20.27   12.44
 -55076.042   146.739   -25.89   14.30
 -54709.878   135.940   -29.49   15.53
 -54343.800   122.394   -37.01   19.62
 -53977.807   113.317   -24.80   19.31
 -53611.898   103.919   -25.69   14.76
 -53246.075    96.848   -19.33   11.00
 -52880.337    92.902   -10.79   10.42
 -52514.684    90.308    -7.09   10.50
 -52149.115    87.619    -7.36   12.09
 -51783.631    83.873   -10.25   12.27
 -51418.232    77.372   -17.79   10.21
 -51052.918    70.889   -17.75   10.66
 -50687.688    63.992   -18.89   12.66
 -50322.543    56.029   -21.81   14.40
 -49957.482    46.997   -24.74   11.78
 -49592.505    41.684   -14.56    7.05
 -49227.613    39.197    -6.82    5.74
 -48862.805    39.638     1.21    5.25
 -48498.082    40.156     1.42    4.45
 -48133.442    38.964    -3.27    4.31
 -47768.887    37.366    -4.38    4.91
 -47404.416    34.636    -7.49    5.75
 -47040.029    30.157   -12.29    5.52
 -46675.725    26.048   -11.28    5.04
 -46294.958    23.450    -6.82    3.94
 -45912.986    24.610     3.04    5.79
 -45531.108    29.768    13.51   11.53
 -45149.324    37.487    20.22   12.43
 -44767.635    44.410    18.14    8.14
 -44386.040    47.117     7.09    5.43
 -44004.539    46.004    -2.92    4.81
 -43623.131    43.619    -6.25    5.23
 -43241.818    39.895    -9.77    7.11
 -42860.599    34.785   -13.40    6.53
 -42479.473    30.591   -11.01    4.83
 -42098.441    29.271    -3.47    5.05
 -41717.502    28.517    -1.98    5.24
 -41336.658    28.473    -0.12    4.34
 -40955.906    28.523     0.13    3.49
 -40575.249    29.462     2.47    3.54
 -40194.684    30.768     3.43    3.80
 -39814.213    31.980     3.19    4.14
 -39433.835    33.915     5.09    5.10
 -39053.550    36.888     7.82    6.53
 -38673.358    39.121     5.87    6.55
 -38293.260    43.325    11.06    6.79
 -37913.254    45.027     4.48    7.12
 -37533.341    45.627     1.58    6.87
 -37153.521    47.317     4.45    6.55
 -36773.794    49.643     6.13    7.20
 -36394.159    55.248    14.76   11.55
 -36014.617    62.949    20.29   11.33
 -35635.168    69.015    15.99   10.52
 -35255.811    72.459     9.08    7.89
 -34876.547    71.464    -2.62    7.42
 -34497.375    66.834   -12.21    8.29
 -34118.295    59.487   -19.38   11.56
 -33739.307    52.441   -18.59   11.15
 -33360.412    46.216   -16.43    8.52
 -32981.608    43.684    -6.69    6.66
 -32602.897    45.039     3.58    6.66
 -32224.278    47.119     5.49    7.29
 -31845.750    49.605     6.57    6.21
 -31467.315    51.994     6.31    5.72
 -31088.971    54.454     6.50    6.71
 -30710.719    56.748     6.07    6.61
 -30332.558    58.417     4.41    6.88
 -29954.489    58.749     0.88    6.30
 -29576.512    61.910     8.36    6.66
 -29198.626    65.267     8.89    5.79
 -28820.831    67.957     7.12    4.88
 -28443.128    67.076    -2.33    5.67
 -28065.516    63.314    -9.96    8.10
 -27687.995    56.609   -17.76   10.95
 -27310.565    50.903   -15.12    9.25
 -26933.226    46.580   -11.46    6.97
 -26555.978    46.740     0.43    8.28
 -26178.821    52.894    16.32   13.74
 -25801.755    63.054    26.95   14.79
 -25424.780    72.769    25.77   10.12
 -25047.896    77.048    11.35    5.28
 -24671.102    77.089     0.11    5.74
 -24294.399    75.450    -4.35    8.00
 -23917.786    71.976    -9.23   11.39
 -23541.263    60.814   -29.64   22.70
 -23164.832    43.962   -44.77   31.29
 -22788.490    25.121   -50.06   30.55
 -22412.239     9.628   -41.18   21.30
 -22036.078    -0.485   -26.89    6.70
 -21660.007    -2.279    -4.77    0.00
 -21284.026    -1.814     1.24    2.70
 -20908.135    -0.057     4.67    6.13
 -20532.334     1.973     5.40    8.07
 -20156.623     3.536     4.16    9.00
 -19781.002     3.976     1.17    9.19
 -19405.470     3.562    -1.10    8.86
 -19030.028     3.347    -0.57    8.75
 -18654.676     1.646    -4.53    7.82
 -18279.414    -0.187    -4.88    5.93
 -17904.241    -1.259    -2.86    4.15
 -17529.157    -0.157     2.94    6.01
 -17154.163     1.619     4.74    7.80
 -16779.258     3.125     4.02    8.65
 -16404.442     4.825     4.54    9.27
 -16029.716     5.955     3.02    9.43
 -15655.078     7.674     4.59    9.51
 -15280.530     8.534     2.30    9.57
 -14906.071    10.017     3.96    9.44
 -14531.700    10.929     2.44    9.15
 -14157.419    11.721     2.12    8.78
 -13783.226    12.486     2.05    8.27
 -13409.122    13.198     1.90    7.86
 -13035.107    13.566     0.98    7.37
 -12661.181    14.244     1.82    6.91
 -12287.343    14.618     1.00    6.31
 -11913.593    15.067     1.20    5.81
 -11539.932    15.955     2.38    4.89
 -11166.359    16.394     1.18    3.64
 -10792.875    16.721     0.87    2.96
 -10419.479    17.231     1.37    2.19
 -10046.171    17.290     0.16    2.31
  -9672.951    17.588     0.80    2.45
  -9299.819    17.357    -0.62    3.40
  -8926.775    16.366    -2.66    4.85
  -8553.819    14.394    -5.29    7.07
  -8180.952    12.455    -5.20    8.27
  -7808.171    10.196    -6.06    9.10
  -7435.479     7.207    -8.02    9.43
  -7062.874     3.843    -9.03    8.57
  -6690.357     1.418    -6.51    7.17
  -6317.928    -0.987    -6.46    3.90
  -5945.586    -2.242    -3.37    0.23
  -5573.332    -2.279    -0.10    0.00
  -5201.165    -2.279     0.00    0.00
  -4829.085    -2.251     0.07    0.16
  -4457.092    -1.442     2.18    3.09
  -4085.187     2.366    10.24    7.54
  -3713.369     6.290    10.55    8.89
  -3341.638    10.515    11.37    8.57
  -2969.994    14.372    10.38    6.30
  -2598.437    16.988     7.04    2.12
  -2226.967    16.610    -1.02    2.45
  -1855.584    15.991    -1.67    4.22
  -1484.287    14.375    -4.35    6.21
  -1113.077    12.018    -6.35    8.18
   -741.954     9.334    -7.23    9.24
   -370.918     6.150    -8.58    9.32
      0.032     2.768    -9.12    8.15
    370.895    -0.515    -8.85    5.04
    741.672    -1.939    -3.84    1.40
   1112.363     0.758     7.28    6.68
   1482.967     4.891    11.15    9.42
   1853.486     9.268    11.81    9.83
   2223.917    14.048    12.90    8.21
   2594.263    16.955     7.85    4.45
   2964.523    17.983     2.78    2.23
   3334.697    17.894    -0.24    2.25
   3704.784    15.618    -6.15    6.36
   4074.786    14.779    -2.27    7.34
   4444.702    15.221     1.19    6.88
   4814.532    15.778     1.51    6.44
   5184.277    17.134     3.67    4.44
   5553.936    18.203     2.89    1.91
   5923.509    18.121    -0.22    1.88
   6292.997    17.814    -0.83    2.89
   6662.399    14.284    -9.55    8.09
   7031.716     8.966   -14.40   10.00
   7400.947     4.457   -12.21    9.24
   7770.093    -0.345   -13.01    5.25
   8139.154    -2.270    -5.21    0.10
   8508.130    -2.279    -0.03    0.00
   8877.021    -2.279     0.00    0.00
   9245.826    -2.259     0.05    0.14
   9614.547     2.013    11.59    9.76
   9983.182    11.872    26.74   19.00
  10351.733    25.492    36.96   22.88
  10720.199    38.721    35.90   21.15
  11088.580    50.017    30.66   15.94
  11456.876    58.235    22.31   11.15
  11825.088    62.564    11.76    9.56
  12193.215    67.076    12.26   10.22
  12561.257    70.880    10.33   10.64
  12929.215    75.041    11.31    9.92
  13297.089    78.207     8.61    8.06
  13664.878    81.486     8.92    8.04
  14032.583    84.443     8.04    8.27
  14400.204    86.000     4.23    8.55
  14767.740    90.419    12.02    9.26
  15135.192    92.910     6.78    7.61
  15502.561    93.830     2.50    5.99
  15869.845    93.315    -1.40    6.62
  16237.045    91.054    -6.16    7.37
  16604.161    89.542    -4.12    7.52
  16971.194    87.567    -5.38    6.80
  17338.142    85.683    -5.14    8.17
  17705.007    78.825   -18.69   15.34
  18071.788    71.113   -21.02   19.23
  18438.486    64.381   -18.36   18.44
  18805.100    63.797    -1.59   17.46
  19171.630    70.197    17.46   18.80
  19538.078    76.532    17.29   16.41
  19904.441    85.884    25.53    9.72
  20270.721    90.123    11.57    9.89
  20636.918    94.942    13.16   10.75
  21003.032    97.476     6.92    9.56
  21369.063    95.976    -4.10    9.41
  21735.010    94.117    -5.08    9.52
  22100.874    90.264   -10.53    6.90
  22466.656    86.161   -11.22    5.84
  22832.354    82.664    -9.56    7.37
  23197.970    79.598    -8.39    6.07
  23563.502    77.663    -5.30    5.51
  23928.952    75.797    -5.11    6.66
  24294.319    75.151    -1.77    6.46
  24659.604    68.952   -16.97   14.78
  25024.806    62.216   -18.44   17.51
  25389.925    53.154   -24.82   17.79
  25754.962    47.268   -16.12   15.03
  26119.916    41.868   -14.80    9.21
  26484.788    45.985    11.28   13.25
  26849.578    55.990    27.43   17.21
  27214.285    65.550    26.21   15.20
  27578.910    70.834    14.49   10.48
  27943.453    73.211     6.52    4.33
  28318.122    70.635    -6.87    5.49
  28699.925    67.405    -8.46    6.03
  29081.636    64.807    -6.81    4.66
  29463.256    63.415    -3.65    4.64
  29844.783    63.478     0.17    6.25
  30226.218    65.311     4.81    7.42
  30607.562    67.627     6.07    7.98
  30988.815    69.663     5.34    7.33
  31369.975    72.038     6.23    6.34
  31751.044    71.750    -0.76    6.43
  32132.022    70.292    -3.83    6.43
  32512.908    67.996    -6.03    7.09
  32893.703    63.892   -10.77    8.09
  33274.407    60.336    -9.34    6.79
  33655.020    57.150    -8.37    4.14
  34035.541    55.292    -4.88    2.84
  34415.972    55.146    -0.39    2.81
  34796.311    54.419    -1.91    3.01
  35176.559    52.673    -4.59    3.33
  35556.717    51.853    -2.16    3.05
  35936.784    51.308    -1.44    2.52
  36316.760    51.825     1.36    2.54
  36696.645    51.662    -0.43    3.45
  37076.440    50.702    -2.53    5.31
  37456.144    50.947     0.64    8.05
  37835.758    53.768     7.43    9.17
  38215.281    56.503     7.21    7.67
  38594.714    58.443     5.11    5.61
  38974.057    58.978     1.41    5.16
  39353.309    58.278    -1.85    4.61
  39732.471    57.231    -2.76    5.09
  40111.543    57.249     0.05    5.46
  40490.526    57.358     0.29    5.59
  40869.418    58.297     2.48    5.34
  41248.220    59.940     4.34    4.19
  41626.932    62.523     6.82    5.92
  42005.555    65.645     8.25    6.86
  42384.088    69.589    10.42    5.18
  42762.531    71.606     5.33    3.81
  43140.884    72.731     2.97    3.93
  43519.149    73.240     1.35    3.02
  43897.323    71.613    -4.30    4.32
  44275.408    68.250    -8.90    6.16
  44653.404    63.909   -11.48    6.50
  45031.311    61.521    -6.32    5.31
  45409.128    61.578     0.15    5.40
  45786.856    64.445     7.59    5.85
  46164.495    68.150     9.81    4.23
  46542.045    70.197     5.42    4.31
  46919.506    71.454     3.33    4.72
  47296.878    75.646    11.11    6.98
  47674.161    82.255    17.52   10.07
  48051.356    90.423    21.65   10.54
  48428.462    94.381    10.50    7.56
  48805.479    95.221     2.23    5.77
  49182.407    92.109    -8.26    6.33
  49559.247    85.595   -17.29    8.20
  49935.999    79.061   -17.34   10.82
  50312.662    71.505   -20.06    9.46
  50689.236    66.254   -13.94    4.92
  51065.723    64.792    -3.88    3.53
  51442.121    66.854     5.48    4.67
  51818.431    71.374    12.01    6.43
  52194.652    77.835    17.17    8.77
  52570.786    83.182    14.21    7.95
  52946.832    83.981     2.12    7.39
  53322.790    81.384    -6.91    8.35
  53698.660    75.983   -14.37    6.83
  54074.442    72.469    -9.35    3.01
  54450.137    71.644    -2.19    3.27
  54825.743    70.950    -1.85    4.44
  55201.262    70.275    -1.80    5.46
  55576.694    71.221     2.52    5.93
  55952.038    72.864     4.38    6.36
  56327.295    73.643     2.08    4.75
  56702.464    72.139    -4.01    5.56
  57077.546    67.969   -11.12    6.50
  57452.540    64.951    -8.05    4.65
  57827.448    64.577    -1.00    3.47
  58202.268    65.433     2.28    3.51
  58577.001    67.352     5.12    2.85
  58951.647    68.419     2.85    2.10
  59326.206    67.585    -2.23    3.31
  59700.679    64.674    -7.77    5.32
  60075.064    60.481   -11.20    6.18
  60449.363    54.959   -14.75    6.21
  60823.575    52.282    -7.15    5.40
  61197.700    54.940     7.10    7.74
  61571.738    58.277     8.92    8.29
  61945.691    62.086    10.19    5.62
  62319.556    62.933     2.26    4.17
  62693.335    60.806    -5.69    4.91
  63067.028    58.626    -5.83    4.89
  63440.635    58.051    -1.54    4.54
  63814.155    59.938     5.05    5.34
  64187.589    63.196     8.72    6.81
  64560.937    65.457     6.06    6.01
  64934.198    67.587     5.71    5.34
  65307.374    71.064     9.32    5.80
  65680.464    72.437     3.68    6.15
  66053.468    73.125     1.84    5.31
  66426.386    76.430     8.86    6.50
  66799.218    80.168    10.03    8.16
  67171.965    84.817    12.47    7.04
  67544.626    90.404    14.99    4.99
  67917.201    95.607    13.96    7.99
  68289.691   102.113    17.47    9.88
  68662.095   109.250    19.16    8.75
  69034.414   114.831    14.99    5.75
  69406.648   117.178     6.31    3.64
  69778.796   114.944    -6.00    6.48
  70150.859   110.856   -10.99    7.53
  70522.836   105.007   -15.72    7.41
  70894.729    98.172   -18.38    7.45
  71266.536    92.112   -16.30    8.87
  71638.259    85.507   -17.77    7.27
  72009.896    80.923   -12.33    4.68
  72381.449    77.058   -10.40    4.13
  72752.916    74.321    -7.37    4.04
  73124.299    70.556   -10.14    5.52
  73495.597    66.144   -11.88    6.78
  73866.811    61.827   -11.63    8.13
  74237.940    56.081   -15.48    9.02
  74608.984    53.483    -7.00    7.76
  74979.944    51.981    -4.05    7.04
  75350.819    52.596     1.66    5.00
  75721.610    53.553     2.58    2.78
  76092.316    53.721     0.45    2.44
  76462.938    54.221     1.35    2.61
  76833.477    54.868     1.75    2.32
  77203.930    54.625    -0.66    2.11
  77574.300    53.881    -2.01    1.74
  77944.586    54.378     1.34    2.58
  78314.788    55.226     2.29    3.18
  78684.905    56.012     2.12    3.11
  79054.939    55.986    -0.07    2.82
  79424.889    55.051    -2.53    3.34
  79794.755    54.500    -1.49    3.37
  80164.538    54.929     1.16    3.85
  80534.237    56.240     3.55    3.90
  80903.852    58.507     6.13    4.11
  81273.384    62.894    11.87    7.37
  81642.832    67.541    12.58    8.92
  82012.197    72.663    13.87    6.74
  82381.478    75.603     7.96    3.22
  82750.676    74.799    -2.18    3.26
  83119.791    72.883    -5.19    3.69
  83488.823    71.150    -4.70    3.21
  83857.771    70.397    -2.04    2.66
  84226.637    69.398    -2.71    2.59
  84595.419    68.348    -2.85    3.16
  84964.118    67.857    -1.33    3.32
  85332.734    68.643     2.13    3.96
  85701.268    69.558     2.48    3.92
  86069.719    70.160     1.63    3.74
  86438.086    64.537   -15.26   10.19
  86806.372    56.711   -21.25   12.10
  87174.574    53.054    -9.93   10.58
  87542.694    51.299    -4.77    7.78
  87910.731    53.221     5.22    5.83
  88278.686    55.312     5.68    2.89
  88646.559    54.741    -1.55    3.07
  89014.349    52.245    -6.79    6.02
  89382.056    47.391   -13.20    7.31
  89749.682    43.896    -9.51    7.41
  90117.225    43.388    -1.38    8.10
  90484.686    44.454     2.90    9.19
  90852.065    43.346    -3.01   10.23
  91219.362    43.925     1.58   10.23
  91586.577    44.094     0.46    9.33
  91953.710    43.981    -0.31    8.55
  92320.761    44.973     2.70    7.33
  92687.730    44.898    -0.21    6.26
  93054.617    42.001    -7.89    4.55
  93421.423    41.442    -1.52    4.35
  93788.147    44.221     7.58    5.16
  94154.789    49.041    13.15    8.31
  94521.350    53.799    12.98    8.03
  94887.829    58.564    13.00    4.89
  95254.227    61.299     7.46    3.81
  95620.544    62.251     2.60    3.95
  95986.779    61.473    -2.12    3.81
  96352.932    60.374    -3.00    3.41
  96719.005    60.721     0.95    3.81
  97084.996    61.701     2.68    4.47
  97450.906    62.113     1.13    4.43
  97816.736    61.770    -0.94    4.85
  98182.484    60.942    -2.26    4.96
  98548.151    62.115     3.21    4.97
  98913.737    63.231     3.05    3.84
  99279.242    64.236     2.75    2.97
  99644.667    65.197     2.63    4.38
 100010.010    66.401     3.30    4.89
 100375.273    69.197     7.65    5.53
 100740.456    72.785     9.82    5.87
 101105.557    76.433     9.99    6.32
 101470.579    79.535     8.50    4.74
 101835.519    81.309     4.86    3.71
 102200.379    82.856     4.24    3.89
 102565.159    84.468     4.42    4.67
 102934.173    85.969     4.07    4.45
 103315.807    87.542     4.12    3.86
 103697.351    87.867     0.85    3.15
 104078.805    86.241    -4.26    2.98
 104460.170    82.613    -9.51    5.48
 104841.446    77.833   -12.54    6.71
 105222.632    74.274    -9.34    5.40
 105603.729    70.979    -8.65    3.70
 105984.736    69.019    -5.14    3.99
 106365.655    67.483    -4.03    3.93
 106746.484    68.426     2.47    5.50
 107127.224    71.661     8.50    6.43
 107507.875    74.654     7.86    6.50
 107888.437    76.111     3.83    6.06
 108268.911    76.878     2.02    5.25
 108649.295    78.211     3.50    5.97
 109029.591    80.956     7.22    6.41
 109409.797    83.384     6.39    6.21
 109789.916    87.818    11.66    7.67
 110169.945    91.329     9.24    8.11
 110549.886    96.176    12.76    8.05
 110929.739   100.444    11.23    6.62
 111309.503   102.652     5.82    6.43
 111689.179   104.740     5.50    6.51
 112068.767   107.582     7.49    6.35
 112448.266   108.731     3.03    6.04
 112827.677   110.211     3.90    4.73
 113207.001   110.410     0.52    4.51
 113586.236   112.799     6.30    5.11
 113965.383   115.265     6.50    4.70
 114344.442   117.021     4.63    3.22
 114723.413   117.035     0.04    2.71
 115102.296   115.911    -2.97    2.79
 115481.092   114.183    -4.56    3.71
 115859.800   111.893    -6.05    4.31
 116238.421   108.681    -8.48    6.02
 116616.953   103.558   -13.53    7.50
 116995.399    98.339   -13.79    8.22
 117373.757    94.286   -10.71    6.64
 117752.027    93.488    -2.11    6.42
 118130.210    93.405    -0.22    7.30
 118508.306    93.117    -0.76    7.49
 118886.315    92.221    -2.37    7.83
 119264.236    90.378    -4.88    7.75
 119642.071    84.438   -15.72   13.41
 120019.818    71.886   -33.23   19.38
 120397.479    61.157   -28.41   17.38
 120775.052    55.172   -15.85   12.33
 121152.539    57.592     6.41   13.21
 121529.939    65.998    22.27   12.09
 121907.252    71.167    13.70    8.71
 122284.478    73.241     5.50    6.94
 122661.618    74.976     4.60    6.02
 123038.672    77.143     5.75    5.77
 123415.638    79.481     6.20    5.99
 123792.519    82.864     8.98    5.75
 124169.313    86.265     9.02    5.89
 124546.020    90.216    10.49    5.16
 124922.642    94.266    10.75    5.32
 125299.177    99.425    13.70    6.49
 125675.626   105.333    15.69    9.30
 126051.989   111.785    17.14   10.47
 126428.266   115.779    10.61    9.42
 126804.457   116.901     2.98    7.86
 127180.562   115.594    -3.48    7.07
 127556.581   114.097    -3.98    5.22
 127932.514   113.533    -1.50    3.63
 128308.362   114.417     2.35    3.46
 128684.124   115.275     2.28    3.70
 129059.800   117.133     4.94    4.55
 129435.391   119.064     5.14    5.84
 129810.896   120.721     4.41    6.54
 130186.316   121.865     3.05    6.77
 130561.650   119.917    -5.19    7.32
 130936.899   116.762    -8.41    6.62
 131312.063   114.672    -5.57    5.18
 131687.142   112.919    -4.67    2.79
 132062.135   113.358     1.17    2.70
 132437.043   113.343    -0.04    3.08
 132811.866   112.025    -3.52    4.48
 133186.605   109.652    -6.33    5.11
 133561.258   106.466    -8.50    4.47
 133935.826   104.481    -5.30    2.83
 134310.310   104.574     0.25    2.32
 134684.709   105.582     2.69    2.90
 135059.023   108.246     7.11    4.36
 135433.252   111.829     9.57    6.17
 135807.397   116.304    11.96    6.74
 136181.457   117.790     3.97    7.22
 136555.433   116.242    -4.14    8.67
 136929.324   110.969   -14.10    9.84
 137303.131   107.211   -10.05    7.27
 137676.854   106.507    -1.88    5.59
 138050.492   108.337     4.90    6.72
 138424.047   110.005     4.47    7.39
 138797.517   111.939     5.18    8.41
 139170.903   117.519    14.94   13.61
 139544.205   125.483    21.33   15.59
 139917.423   135.388    26.54   10.15
 140290.557   138.917     9.46    4.91
 140663.607   137.221    -4.55    5.96
 141036.573   133.761    -9.28    6.26
 141409.456   130.273    -9.35    4.08
 141782.255   129.113    -3.11    3.41
 142154.970   127.943    -3.14    3.76
 142527.602   126.850    -2.93    3.94
 142900.150   125.191    -4.45    3.27
 143272.615   123.831    -3.65    3.03
 143644.996   123.117    -1.92    3.60
 144017.294   121.095    -5.43    3.71
 144389.508   120.221    -2.35    4.15
 144761.640   120.721     1.34    4.93
 145133.688   123.323     6.99    6.00
 145505.653   126.463     8.44    6.63
 145877.535   131.270    12.93    6.13
 146249.333   135.150    10.43    4.17
 146621.049   137.889     7.37    2.62
 146992.682   138.591     1.89    1.83
 147364.232   139.097     1.36    2.63
 147735.700   140.275     3.17    3.44
 148107.084   140.782     1.36    3.35
 148478.386   142.246     3.94    3.85
 148849.605   144.336     5.63    4.42
 149220.742   146.466     5.74    4.28
 149591.796   148.586     5.71    2.93
 149962.767   148.008    -1.56    4.22
 150333.656   144.277   -10.06    7.53
 150704.463   136.561   -20.81   11.19
 151075.187   127.591   -24.19   11.43
 151445.829   119.943   -20.63    8.15
 151816.389   115.909   -10.89    5.71
 152186.867   113.554    -6.36    5.03
 152557.262   111.564    -5.37    6.51
 152927.576   109.054    -6.78    6.89
 153297.808   107.345    -4.62    7.55
 153667.957   105.414    -5.22    8.13
 154038.025   102.474    -7.95    9.45
 154408.011    99.841    -7.11   10.19
 154777.915    96.438    -9.20    9.15
 155147.737    95.594    -2.28    8.50
 155517.478    95.231    -0.98    7.49
 155887.137    93.496    -4.69    8.46
 156256.714    88.968   -12.25   10.28
 156626.210    83.545   -14.68    7.57
 156995.625    82.418    -3.05    5.74
 157364.958    84.632     5.99    6.94
 157734.210    88.361    10.10    7.15
 158103.380    92.497    11.20    5.97
 158472.469    93.523     2.78    5.97
 158841.477    93.027    -1.34    5.82
 159210.404    90.672    -6.38    6.17
 159579.250    87.626    -8.26    5.78
 159948.014    84.486    -8.52    4.94
 160316.698    82.631    -5.03    4.49
 160685.301    82.640     0.02    4.55
 161053.823    82.121    -1.41    5.06
 161422.264    80.429    -4.59    5.40
 161790.624    79.819    -1.66    5.26
 162158.903    79.333    -1.32    5.13
 162527.102    79.295    -0.10    4.87
 162895.221    77.186    -5.73    7.06
 163263.258    72.371   -13.08    9.77
 163631.215    67.111   -14.29    9.80
 163999.092    62.287   -13.11    7.10
 164366.888    60.351    -5.26    5.24
 164734.604    58.949    -3.81    4.81
 165102.240    60.434     4.04    6.14
 165469.795    60.639     0.56    7.03
 165837.271    61.401     2.07    7.63
 166204.666    61.231    -0.46    7.93
 166571.981    62.281     2.86    7.99
 166939.215    61.901    -1.03    8.13
 167306.370    61.117    -2.14    8.32
 167673.445    58.672    -6.66    8.83
 168040.440    55.679    -8.15    7.64
 168407.356    53.963    -4.67    6.28
 168774.191    53.927    -0.10    6.66
 169140.947    56.145     6.05    7.95
 169507.623    58.182     5.55    8.88
 169874.219    60.575     6.53   11.05
 170240.736    60.464    -0.30   12.59
 170607.173    58.037    -6.62   12.80
 170973.531    54.496    -9.67   11.59
 171339.809    51.981    -6.86    9.17
 171706.008    52.976     2.72    8.73
 172072.128    56.671    10.09    9.95
 172438.168    60.047     9.22    9.39
 172804.130    61.879     5.01    7.96
 173170.012    63.325     3.95    6.91
 173535.814    64.721     3.82    4.97
 173901.538    64.361    -0.98    4.54
 174267.183    63.551    -2.22    4.55
 174632.749    62.701    -2.32    4.63
 174998.236    62.443    -0.71    5.22
 175363.644    63.761     3.61    6.00
 175728.973    64.867     3.03    6.54
 176094.223    65.001     0.37    6.81
 176459.395    65.803     2.19    6.49
 176824.488    67.170     3.74    5.12
 177189.503    68.398     3.36    4.11
 177554.439    69.275     2.41    2.54
 177934.738    67.850    -3.75    3.57
 178316.113    66.190    -4.35    4.27
 178697.401    65.888    -0.79    4.82
 179078.602    66.188     0.79    4.89
 179459.716    67.201     2.66    5.44
 179840.743    67.679     1.26    4.95
 180221.682    66.094    -4.16    5.04
 180602.535    65.243    -2.23    4.37
 180983.301    64.821    -1.11    4.21
 181363.979    63.429    -3.66    4.07
 181744.571    62.711    -1.89    3.29
 182125.077    61.841    -2.29    2.84
 182505.495    62.791     2.50    2.85
 182885.827    64.877     5.48    3.70
 183266.073    66.483     4.22    4.31
 183646.231    68.830     6.17    3.96
 184026.304    69.841     2.66    3.87
 184406.290    69.492    -0.92    4.02
 184786.189    67.931    -4.11    4.46
 185166.003    66.178    -4.62    3.97
 185545.730    66.802     1.64    4.39
 185925.371    67.608     2.12    4.59
 186304.926    68.741     2.99    3.43
 186684.394    68.785     0.12    2.76
 187063.777    68.021    -2.01    3.01
 187443.074    67.298    -1.91    3.95
 187822.285    66.241    -2.79    4.50
 188201.410    65.650    -1.56    4.52
 188580.449    65.881     0.61    4.57
 188959.403    66.984     2.91    4.90
 189338.271    68.792     4.77    4.30
 189717.053    69.803     2.67    3.03
 190095.750    69.246    -1.47    3.13
 190474.362    67.846    -3.70    3.02
 190852.887    67.731    -0.30    2.84
 191231.328    66.861    -2.30    3.48
 191609.683    62.251   -12.18    9.96
 191987.953    54.898   -19.44   15.76
 192366.138    44.111   -28.52   18.26
 192744.238    34.401   -25.68   16.60
 193122.252    27.527   -18.18   10.23
 193500.182    25.782    -4.62    7.98
 193878.026    24.963    -2.17    8.19
 194255.786    24.541    -1.12    7.59
 194633.461    22.180    -6.25    7.07
 195011.051    19.007    -8.40    5.25
 195388.556    19.319     0.83    5.84
 195765.977    21.681     6.26    7.98
 196143.312    23.371     4.48    9.59
 196520.564    23.551     0.48    9.78
 196897.731    22.742    -2.14    9.03
 197274.813    22.893     0.40    8.99
 197651.811    26.458     9.46   10.89
 198028.724    27.481     2.71   11.19
 198405.554    26.634    -2.25   10.77
 198782.299    26.671     0.10    9.09
 199158.960    27.136     1.23    7.91
 199535.536    29.374     5.94    8.01
 199912.029    32.189     7.48    9.16
 200288.438    32.489     0.80    8.70
 200664.762    32.637     0.39    8.06
 201041.003    35.378     7.28    8.38
 201417.160    38.068     7.15    9.31
 201793.233    41.711     9.69    8.09
 202169.222    43.950     5.95    6.48
 202545.128    43.398    -1.47    6.75
 202920.950    42.471    -2.47    7.07
 203296.688    42.086    -1.03    5.91
 203672.343    40.591    -3.98    5.56
 204047.915    39.497    -2.91    4.47
 204423.403    37.517    -5.27    5.15
 204798.807    34.732    -7.42    4.89
 205174.129    32.631    -5.60    5.37
 205549.367    29.259    -8.99    5.57
 205924.522    25.871    -9.03    6.58
 206299.594    22.106   -10.04    6.78
 206674.582    19.428    -7.14    5.66
 207049.488    17.428    -5.34    3.84
 207424.311    16.943    -1.29    2.18
 207799.050    17.804     2.30    1.96
 208173.707    18.917     2.97    3.56
 208548.281    19.144     0.60    5.40
 208922.773    21.343     5.87    8.12
 209297.181    26.191    12.95   12.32
 209671.507    36.548    27.66   16.13
 210045.750    46.509    26.61   14.99
 210419.911    56.263    26.06    7.68
 210793.990    60.111    10.29    4.32
 211167.985    63.669     9.51    5.88
 211541.899    68.507    12.93    9.86
 211915.730    73.636    13.72   10.89
 212289.479    75.731     5.60   10.74
 212663.146    71.536   -11.22   14.18
 213036.730    60.251   -30.20   18.04
 213410.232    48.742   -30.81   18.86
 213783.653    37.141   -31.06   16.03
 214156.991    29.921   -19.34    8.53
 214530.247    32.048     5.70   10.96
 214903.422    41.601    25.60   18.05
 215276.514    54.418    34.35   17.93
 215649.525    64.150    26.09   14.30
 216022.454    70.979    18.31   10.32
 216395.302    68.671    -6.19   12.00
 216768.067    61.563   -19.06   14.90
 217140.752    53.762   -20.93   14.18
 217513.354    45.895   -21.11    7.97
 217885.875    40.631   -14.13    5.73
 218258.315    34.998   -15.12    8.06
 218630.673    26.974   -21.55   11.79
 219002.950    18.596   -22.50   10.10
 219375.146    14.129   -12.00    6.94
 219747.261    13.587    -1.46    6.97
 220119.294    16.946     9.03    7.65
 220491.246    21.408    12.00    7.30
 220863.118    26.374    13.35    6.90
 221234.908    29.630     8.76    8.55
 221606.617    33.825    11.28    9.05
 221978.245    36.620     7.52    8.86
 222349.793    37.484     2.33    7.24
 222721.260    37.670     0.50    4.93
 223092.646    36.742    -2.50    3.98
 223463.951    37.119     1.01    4.27
 223835.176    39.762     7.12    6.14
 224206.320    45.893    16.52   10.26
 224577.383    53.700    21.04   13.12
 224948.366    62.884    24.75   14.83
 225319.269    71.446    23.08   13.08
 225690.091    76.911    14.74   10.52
 226060.833    78.064     3.11    8.72
 226431.495    77.569    -1.34    7.77
 226802.076    76.489    -2.91    7.22
 227172.577    76.506     0.05    6.71
 227542.998    78.165     4.48    6.06
 227913.339    79.422     3.39    4.59
 228283.600    78.761    -1.78    5.12
 228653.781    76.639    -5.73    5.99
 229023.882    73.701    -7.94    5.93
 229393.904    71.843    -5.02    5.90
 229763.845    68.237    -9.75    6.17
 230133.707    64.428   -10.30    5.45
 230503.489    62.254    -5.88    4.17
 230873.191    63.772     4.11    5.15
 231242.814    66.384     7.07    5.13
 231612.357    69.111     7.38    4.08
 231981.820    70.461     3.65    3.37
 232351.205    70.123    -0.91    4.05
 232720.509    68.507    -4.38    4.42
 233089.735    68.381    -0.34    4.89
 233458.881    69.216     2.26    5.42
 233827.948    69.623     1.10    5.26
 234196.935    69.752     0.35    4.04
 234565.844    70.654     2.45    3.56
 234934.673    72.196     4.18    3.81
 235303.423    75.731     9.59    4.69
 235672.095    78.527     7.58    4.51
 236040.687    80.599     5.62    4.17
 236409.200    82.925     6.31    2.61
 236777.635    83.109     0.50    2.15
 237145.991    81.830    -3.47    3.30
 237514.268    80.002    -4.96    4.10
 237882.466    78.097    -5.17    4.44
 238250.586    76.968    -3.07    4.05
 238618.627    76.834    -0.36    3.99
 238986.589    77.160     0.88    3.88
 239354.473    78.061     2.45    3.58
 239722.279    78.096     0.09    3.82
 240090.006    76.231    -5.07    5.11
 240457.655    73.468    -7.51    5.94
 240825.225    70.171    -8.97    4.75
 241192.718    68.678    -4.06    4.10
 241560.132    68.343    -0.91    4.61
 241927.467    67.669    -1.84    4.70
 242294.725    68.292     1.70    4.12
 242661.905    67.446    -2.31    3.42
 243029.007    66.915    -1.45    3.46
 243396.030    66.905    -0.03    3.36
 243762.976    66.536    -1.00    2.90
 244129.844    66.256    -0.76    3.52
 244496.634    65.185    -2.92    4.23
 244863.347    64.357    -2.26    3.93
 245229.981    64.216    -0.39    3.77
 245596.538    64.919     1.92    3.84
 245963.018    65.881     2.62    3.22
 246329.420    66.362     1.31    2.63
 246695.744    66.651     0.79    2.47
 247061.991    65.849    -2.19    3.14
 247428.160    63.997    -5.06    3.87
 247794.252    62.346    -4.51    3.51
 248160.267    61.037    -3.57    3.63
 248526.204    61.619     1.59    4.06
 248892.065    63.635     5.51    5.14
 249257.848    66.051     6.60    5.99
 249623.553    67.938     5.16    5.37
 249989.182    69.440     4.11    3.04
 250354.734    68.762    -1.85    2.82
 250720.209    67.619    -3.13    2.32
 251085.607    66.319    -3.56    2.35
 251450.928    65.680    -1.75    2.28
 251816.172    65.956     0.76    2.42
 252181.339    66.547     1.62    2.88
 252556.362    64.989    -4.15    5.01
 252937.571    63.667    -3.47    5.07
 253318.694    63.529    -0.36    4.60
 253699.732    64.580     2.76    5.93
 254080.685    67.886     8.68    6.09
 254461.554    70.775     7.59    6.85
 254842.337    75.578    12.61    7.73
 255223.036    79.015     9.02    5.93
 255603.650    81.105     5.49    4.59
 255984.180    82.254     3.02    3.63
 256364.625    81.825    -1.13    3.23
 256744.985    81.062    -2.01    3.39
 257125.261    79.246    -4.77    4.28
 257505.453    77.743    -3.95    4.12
 257885.560    77.226    -1.36    3.07
 258265.583    77.710     1.27    3.09
 258645.522    77.867     0.41    3.01
 259025.377    77.644    -0.59    3.37
 259405.147    77.943     0.79    3.65
 259784.833    77.015    -2.45    4.34
 260164.436    73.421    -9.46    7.25
 260543.954    69.010   -11.62    7.18
 260923.388    65.763    -8.56    4.06
 261302.739    64.232    -4.04    2.47
 261682.006    63.620    -1.61    2.84
 262061.189    62.982    -1.68    3.18
 262440.288    61.631    -3.56    2.84
 262819.304    61.954     0.85    3.20
 263198.236    63.955     5.28    4.54
 263577.084    66.588     6.95    4.04
 263955.850    67.531     2.49    2.90
 264334.531    66.580    -2.51    3.61
 264713.130    65.135    -3.81    4.10
 265091.644    64.088    -2.77    4.13
 265470.076    63.037    -2.78    4.09
 265848.425    63.117     0.21    3.67
 266226.690    64.078     2.54    3.32
 266604.872    64.862     2.07    3.01
 266982.972    64.948     0.23    2.87
 267360.988    65.341     1.04    3.03
 267738.921    65.669     0.87    3.65
 268116.772    64.139    -4.05    6.11
 268494.539    59.333   -12.72    8.83
 268872.224    54.136   -13.76    8.23
 269249.826    50.065   -10.78    4.63
 269627.346    48.742    -3.50    3.46
 270004.782    50.701     5.19    5.17
 270382.137    53.194     6.61    6.02
 270759.409    56.895     9.81    5.53
 271136.598    60.700    10.09    3.62
 271513.705    61.825     2.98    2.62
 271890.729    62.461     1.69    2.46
 272267.672    63.106     1.71    3.17
 272644.532    62.900    -0.55    3.92
 273021.309    62.523    -1.00    3.70
 273398.005    61.679    -2.24    3.23
 273774.619    61.216    -1.23    2.46
 274151.150    62.377     3.08    2.90
 274527.600    63.489     2.95    3.11
 274903.968    64.484     2.64    2.74
 275280.254    65.597     2.96    2.97
 275656.458    65.680     0.22    2.59
 276032.580    64.668    -2.69    3.02
 276408.620    64.020    -1.72    3.73
 276784.579    61.678    -6.23    3.96
 277160.457    60.242    -3.82    3.46
 277536.252    60.136    -0.28    2.84
 277911.966    59.628    -1.35    2.56
 278287.599    60.286     1.75    2.14
 278663.151    61.336     2.79    2.47
 279038.621    62.490     3.07    1.97
