-152619.495    44.135     0.00    6.86
-152241.907    43.431    -1.86    6.72
-151864.238    42.986    -1.18    7.20
-151486.487    43.904     2.43    7.41
-151108.656    42.432    -3.89    7.71
-150730.744    41.208    -3.24    6.94
-150352.750    39.391    -4.81    5.23
-149974.675    37.573    -4.81    4.50
-149596.518    36.217    -3.58    5.29
-149218.280    34.298    -5.07    5.52
-148839.961    31.500    -7.39    6.15
-148461.560    24.032   -19.73   10.17
-148083.078    18.916   -13.52    9.81
-147704.514    21.189     6.01   14.00
-147325.868    31.913    28.32   21.90
-146947.141    53.804    57.80   26.95
-146568.332    66.495    33.50   19.12
-146189.441    66.365    -0.34   18.16
-145810.468    58.859   -19.80   21.76
-145431.413    45.031   -36.48   15.66
-145052.277    41.149   -10.24   10.87
-144673.058    41.095    -0.14   10.17
-144293.757    44.787     9.73   11.33
-143914.374    50.323    14.59   11.23
-143534.909    55.620    13.96    8.27
-143155.362    63.792    21.53    9.98
-142775.732    71.385    20.00   11.84
-142396.020    84.802    35.33   17.67
-142016.225   101.791    44.73   21.18
-141636.348   117.062    40.19   18.44
-141256.389   126.926    25.96   12.42
-140876.347   133.093    16.23   13.93
-140496.223   141.033    20.89   22.32
-140116.015   164.333    61.28   42.68
-139735.725   196.273    83.98   52.69
-139355.353   225.684    77.32   46.17
-138974.897   244.798    50.23   33.11
-138594.359   242.917    -4.94   28.35
-138213.737   234.560   -21.95   13.55
-137833.033   233.343    -3.20    6.90
-137452.246   232.769    -1.51    5.49
-137071.375   232.073    -1.83    5.57
-136690.421   235.270     8.39   10.01
-136309.385   240.436    13.56   11.17
-135939.307   242.352     5.18   10.11
-135573.992   233.698   -23.69   17.36
-135208.602   220.634   -35.75   19.34
-134843.137   203.289   -47.46   18.31
-134477.596   190.292   -35.55   15.67
-134111.980   178.479   -32.31   12.42
-133746.288   171.979   -17.77    8.39
-133380.520   169.283    -7.37    5.64
-133014.677   169.525     0.66    5.02
-132648.759   169.656     0.36    5.56
-132282.764   168.594    -2.90    8.02
-131916.694   162.798   -15.83   10.80
-131550.548   154.296   -23.22   11.46
-131184.326   147.167   -19.47   10.56
-130818.028   138.185   -24.52    9.04
-130451.654   130.823   -20.09   10.61
-130085.205   122.534   -22.62   13.08
-129718.679   113.906   -23.54   13.50
-129352.077   106.380   -20.53   12.65
-128985.399    98.302   -22.03   10.96
-128618.645    92.724   -15.21    9.00
-128251.814    87.117   -15.28    6.68
-127884.908    83.135   -10.85    6.26
-127517.924    80.074    -8.34    6.25
-127150.865    78.687    -3.78    6.30
-126783.729    78.391    -0.80    6.82
-126416.517    79.938     4.21    6.88
-126049.228    80.717     2.12    6.36
-125681.863    80.926     0.57    6.34
-125314.421    79.947    -2.66    6.53
-124946.902    77.904    -5.56    7.44
-124579.306    76.010    -5.15    8.03
-124211.634    74.097    -5.20    7.15
-123843.885    73.865    -0.63    6.28
-123476.060    74.756     2.42    6.09
-123108.157    78.041     8.93    6.21
-122740.177    83.223    14.08    6.83
-122372.121    86.583     9.13    5.78
-122003.987    89.543     8.04    4.43
-121635.776    92.104     6.96    4.02
-121267.488    92.021    -0.23    5.80
-120899.123    91.747    -0.74    7.14
-120530.681    90.526    -3.32    7.46
-120162.161    87.727    -7.59    6.83
-119793.564    86.372    -3.68    5.78
-119424.890    85.722    -1.76    4.45
-119056.138    83.958    -4.78    4.32
-118687.309    80.583    -9.15    5.93
-118318.402    77.639    -7.98    6.31
-117949.418    75.000    -7.15    5.11
-117580.356    73.989    -2.74    3.84
-117211.217    74.547     1.51    4.55
-116841.999    76.138     4.31    6.02
-116472.704    77.701     4.23    7.35
-116103.331    78.920     3.30    7.03
-115733.881    80.832     5.17    5.51
-115364.352    81.780     2.57    3.81
-114994.745    81.906     0.34    4.32
-114625.061    80.719    -3.21    5.44
-114255.298    79.959    -2.06    5.32
-113885.457    78.684    -3.45    4.55
-113515.538    78.448    -0.64    4.51
-113145.541    79.484     2.80    5.29
-112775.466    81.798     6.25    5.28
-112405.312    84.856     8.26    4.58
-112035.080    87.461     7.04    3.66
-111664.769    90.084     7.08    4.31
-111294.380    91.522     3.88    3.88
-110923.913    92.729     3.26    3.63
-110553.367    94.396     4.50    2.50
-110182.742    94.740     0.93    2.24
-109812.039    94.660    -0.22    2.59
-109441.257    93.663    -2.69    2.96
-109070.397    93.155    -1.37    2.88
-108699.457    93.436     0.76    3.40
-108328.439    94.320     2.38    3.77
-107957.342    96.473     5.80    4.04
-107586.166    98.876     6.48    4.02
-107214.910    99.891     2.73    3.20
-106843.576   100.566     1.82    2.89
-106472.163   100.574     0.02    2.90
-106100.670    99.636    -2.53    2.60
-105729.099    98.710    -2.49    2.83
-105357.448    96.330    -6.40    3.58
-104985.718    93.755    -6.93    3.39
-104613.908    92.958    -2.14    3.94
-104242.019    93.480     1.40    4.59
-103870.051    94.674     3.21    4.97
-103498.003    95.296     1.67    4.38
-103125.876    94.684    -1.64    4.39
-102753.669    92.330    -6.32    4.57
-102381.382    90.055    -6.11    3.53
-102009.016    88.927    -3.03    2.76
-101636.569    88.256    -1.80    2.98
-101264.044    88.866     1.64    3.63
-100891.438    88.957     0.25    3.83
-100518.752    89.305     0.93    3.28
-100145.986    89.729     1.14    3.35
 -99773.141    89.814     0.23    3.18
 -99400.215    90.411     1.60    3.45
 -99027.209    92.536     5.70    4.18
 -98654.123    93.760     3.28    4.03
 -98280.957    95.632     5.01    4.51
 -97907.711    97.495     4.99    3.76
 -97534.384    98.989     4.00    3.23
 -97160.977    98.906    -0.22    3.17
 -96787.489    98.745    -0.43    3.11
 -96413.922    97.469    -3.41    3.05
 -96040.273    97.022    -1.20    3.08
 -95666.544    97.862     2.25    3.22
 -95292.734    98.560     1.87    2.91
 -94918.844    99.276     1.91    3.23
 -94544.873   100.426     3.07    3.31
 -94170.821   101.458     2.76    3.12
 -93796.688   102.785     3.55    3.60
 -93422.475   102.814     0.08    4.77
 -93048.180   102.337    -1.28    4.93
 -92673.805   100.865    -3.93    4.50
 -92299.348    99.439    -3.81    3.25
 -91924.811    99.074    -0.97    3.39
 -91550.192   100.454     3.68    4.34
 -91175.492   103.073     6.99    4.10
 -90800.711   105.917     7.59    3.86
 -90425.849   108.474     6.82    4.08
 -90050.905   110.619     5.72    5.81
 -89675.880   113.086     6.58    6.43
 -89300.773   114.143     2.82    6.52
 -88925.585   114.652     1.36    6.45
 -88550.315   114.293    -0.96    6.29
 -88174.964   113.424    -2.32    5.19
 -87799.531   111.208    -5.90    4.41
 -87424.017   108.769    -6.49    5.00
 -87048.420   105.459    -8.81    4.96
 -86672.742   101.798    -9.75    5.05
 -86296.982    97.958   -10.22    5.52
 -85921.140    94.589    -8.96    5.62
 -85545.216    91.714    -7.65    4.22
 -85169.210    90.489    -3.26    2.82
 -84793.122    90.153    -0.89    2.76
 -84416.951    89.719    -1.15    2.84
 -84040.699    89.299    -1.12    3.14
 -83664.364    88.916    -1.02    3.69
 -83287.947    88.929     0.03    4.07
 -82911.448    88.895    -0.09    3.94
 -82534.866    87.021    -4.98    5.04
 -82158.202    84.367    -7.04    5.39
 -81781.455    81.158    -8.52    4.81
 -81404.626    78.898    -6.00    4.36
 -81027.714    77.398    -3.98    4.98
 -80650.720    76.629    -2.04    5.47
 -80273.642    76.840     0.56    6.52
 -79896.482    77.596     2.00    6.06
 -79519.240    76.819    -2.06    5.71
 -79141.914    76.929     0.29    5.29
 -78764.505    78.250     3.50    5.74
 -78387.013    82.388    10.96    6.92
 -78009.439    88.160    15.29    5.07
 -77631.781    89.020     2.28    4.77
 -77254.040    86.473    -6.74    6.78
 -76876.216    82.121   -11.52    7.59
 -76498.308    77.978   -10.96    5.54
 -76120.318    78.755     2.06    6.14
 -75742.243    80.956     5.82    6.22
 -75364.086    82.928     5.21    4.62
 -74985.845    83.815     2.35    3.22
 -74607.520    83.818     0.01    3.58
 -74229.112    83.902     0.22    4.39
 -73850.620    85.214     3.47    5.17
 -73472.045    84.543    -1.77    6.27
 -73093.386    82.495    -5.41    6.85
 -72714.643    79.522    -7.85    7.25
 -72335.816    76.273    -8.58    5.79
 -71956.905    74.511    -4.65    4.68
 -71577.910    72.598    -5.05    3.74
 -71198.831    71.198    -3.69    2.71
 -70819.668    70.592    -1.60    2.63
 -70440.421    69.391    -3.17    2.90
 -70061.090    69.041    -0.92    2.67
 -69681.675    68.720    -0.84    2.66
 -69302.175    68.653    -0.18    2.68
 -68922.591    67.624    -2.71    3.62
 -68542.922    67.859     0.62    4.64
 -68163.169    68.798     2.47    5.96
 -67783.331    71.204     6.33    6.29
 -67403.409    74.670     9.12    3.01
 -67023.403    75.303     1.66    2.43
 -66643.311    74.368    -2.46    1.99
 -66263.135    73.490    -2.31    2.42
 -65882.874    72.600    -2.34    2.70
 -65502.528    71.848    -1.98    2.54
 -65122.097    70.935    -2.40    2.07
 -64741.582    70.357    -1.52    1.74
 -64360.981    70.032    -0.85    1.71
 -63980.295    70.122     0.24    2.08
 -63599.524    71.032     2.39    2.89
 -63218.668    72.737     4.48    3.43
 -62837.726    74.183     3.79    3.23
 -62456.700    77.020     7.45    4.03
 -62075.587    79.598     6.76    4.46
 -61694.390    82.582     7.83    5.28
 -61318.753    85.560     7.93    4.43
 -60953.674    86.153     1.62    3.36
 -60588.517    86.378     0.61    2.10
 -60223.284    85.604    -2.12    3.32
 -59857.973    84.429    -3.22    3.59
 -59492.585    83.330    -3.01    3.44
 -59127.119    82.350    -2.68    2.74
 -58761.577    82.813     1.27    3.03
 -58395.957    83.380     1.55    2.89
 -58030.259    83.745     1.00    3.34
 -57664.484    83.547    -0.54    3.13
 -57298.632    82.990    -1.52    3.31
 -56932.701    81.802    -3.25    3.90
 -56566.694    80.550    -3.42    3.88
 -56200.608    78.667    -5.14    3.62
 -55834.445    77.640    -2.80    3.55
 -55468.204    76.323    -3.60    3.43
 -55101.885    75.103    -3.33    3.00
 -54735.488    75.459     0.97    3.64
 -54369.014    74.856    -1.65    3.64
 -54002.461    75.071     0.59    3.48
 -53635.830    76.446     3.75    3.42
 -53269.121    77.838     3.80    3.05
 -52902.335    79.054     3.31    3.10
 -52535.470    79.908     2.33    2.75
 -52168.526    80.684     2.11    2.98
 -51801.505    81.052     1.00    4.14
 -51434.405    81.939     2.42    4.86
 -51067.226    82.172     0.64    5.53
 -50699.970    81.061    -3.02    5.36
 -50332.635    81.086     0.07    4.68
 -49965.221    81.929     2.30    4.70
 -49597.728    82.388     1.25    5.13
 -49230.158    82.814     1.16    4.63
 -48862.508    82.717    -0.26    4.66
 -48494.780    80.763    -5.31    4.26
 -48126.972    79.653    -3.02    4.11
 -47759.087    78.245    -3.83    4.56
 -47391.122    77.041    -3.27    4.73
 -47023.078    75.125    -5.21    5.55
 -46654.955    72.765    -6.41    6.29
 -46286.753    70.375    -6.49    7.05
 -45918.473    67.727    -7.19    6.65
 -45550.113    65.959    -4.80    6.40
 -45181.673    64.266    -4.60    5.81
 -44813.155    62.878    -3.77    4.75
 -44444.557    62.087    -2.14    4.63
 -44075.880    62.170     0.23    4.14
 -43707.124    61.763    -1.10    3.35
 -43338.288    62.120     0.97    3.38
 -42969.373    63.041     2.50    3.11
 -42600.378    63.906     2.35    4.31
 -42231.304    65.657     4.74    4.93
 -41862.150    67.698     5.53    5.87
 -41492.916    70.150     6.64    6.25
 -41123.602    73.312     8.56    7.63
 -40754.209    78.790    14.83    8.24
 -40384.736    83.271    12.13    7.12
 -40015.183    85.786     6.81    4.89
 -39645.550    85.879     0.25    4.66
 -39275.837    83.460    -6.54    5.95
 -38906.044    80.283    -8.59    6.07
 -38536.171    77.021    -8.82    5.68
 -38166.218    74.832    -5.92    5.20
 -37796.184    72.194    -7.13    4.86
 -37426.070    69.650    -6.87    4.09
 -37055.876    68.290    -3.67    2.86
 -36685.602    66.910    -3.73    2.81
 -36315.247    66.448    -1.25    3.38
 -35944.812    67.677     3.32    4.23
 -35574.296    68.475     2.15    4.53
 -35203.700    68.919     1.20    4.25
 -34833.023    68.263    -1.77    3.76
 -34462.265    67.052    -3.27    3.64
 -34091.427    67.030    -0.06    3.99
 -33720.508    67.957     2.50    4.60
 -33349.508    69.160     3.24    5.65
 -32978.427    69.642     1.30    5.99
 -32607.265    69.760     0.32    5.19
 -32236.023    69.835     0.20    4.60
 -31864.699    69.152    -1.84    4.09
 -31493.294    68.878    -0.74    4.29
 -31121.808    68.869    -0.02    5.15
 -30750.241    68.505    -0.98    4.84
 -30378.593    68.526     0.06    4.97
 -30006.863    68.931     1.09    4.58
 -29635.052    71.108     5.85    4.51
 -29263.159    74.580     9.34    5.23
 -28891.185    77.720     8.44    5.44
 -28519.130    81.680    10.64    5.14
 -28146.993    84.608     7.87    4.09
 -27774.774    87.788     8.54    4.19
 -27402.474    90.131     6.29    3.80
 -27030.092    93.800     9.85    4.89
 -26657.628    96.959     8.48    5.12
 -26285.083    95.776    -3.18    7.69
 -25912.455    91.275   -12.08   10.63
 -25539.746    84.073   -19.32   10.28
 -25166.954    78.505   -14.94    6.01
 -24794.081    76.489    -5.41    1.65
 -24421.125    78.586     5.62    5.33
 -24048.088    80.011     3.82    6.58
 -23674.968    80.000    -0.03    6.32
 -23301.766    79.670    -0.88    5.79
 -22928.481    80.300     1.69    5.49
 -22555.114    81.625     3.55    5.29
 -22181.665    83.286     4.45    4.40
 -21808.133    84.051     2.05    3.93
 -21434.519    83.828    -0.59    4.54
 -21060.822    84.182     0.95    5.02
 -20687.043    86.495     6.19    5.18
 -20313.181    89.564     8.21    3.76
 -19939.236    91.269     4.56    3.33
 -19565.208    92.455     3.17    2.89
 -19191.098    93.462     2.69    2.71
 -18816.904    92.860    -1.61    2.73
 -18442.628    91.906    -2.55    3.35
 -18068.269    89.586    -6.20    3.73
 -17693.826    87.571    -5.38    2.68
 -17319.301    86.324    -3.33    2.70
 -16944.692    84.929    -3.72    3.90
 -16570.000    82.384    -6.79    6.32
 -16195.225    79.690    -7.19    7.40
 -15820.366    76.160    -9.42    6.36
 -15445.424    74.120    -5.44    4.26
 -15070.399    73.505    -1.64    3.08
 -14695.290    71.250    -6.01    4.85
 -14320.097    68.926    -6.19    5.87
 -13944.821    66.677    -5.99    6.23
 -13569.461    63.792    -7.69    5.58
 -13194.018    61.941    -4.93    4.40
 -12818.490    62.424     1.29    3.94
 -12442.879    64.240     4.83    4.77
 -12067.184    64.750     1.36    5.63
 -11691.405    63.980    -2.05    5.52
 -11315.542    62.361    -4.31    4.37
 -10939.595    61.949    -1.10    4.76
 -10563.564    62.742     2.11    5.28
 -10187.449    64.270     4.06    6.88
  -9811.249    64.851     1.55    7.84
  -9434.965    63.596    -3.34    8.39
  -9058.597    60.602    -7.95    9.22
  -8682.144    55.500   -13.55    9.25
  -8305.607    51.455   -10.74    6.82
  -7928.986    49.276    -5.79    6.54
  -7552.280    49.366     0.24    7.80
  -7175.489    49.429     0.17    8.68
  -6798.614    52.108     7.11    9.03
  -6421.654    55.918    10.11    6.21
  -6044.609    57.416     3.97    4.82
  -5667.479    57.280    -0.36    4.13
  -5290.264    54.495    -7.38    5.69
  -4912.965    50.054   -11.77    6.24
  -4535.580    42.198   -20.82   10.68
  -4158.110    32.914   -24.60   12.82
  -3780.556    26.480   -17.04   11.21
  -3402.916    24.883    -4.23    8.78
  -3025.190    27.178     6.08    8.78
  -2647.380    25.177    -5.30   11.69
  -2269.484    16.922   -21.85   15.11
  -1891.503     9.102   -20.69   13.21
  -1513.436     2.010   -18.76    5.38
  -1135.284     0.052    -5.18    0.36
   -757.046     0.000    -0.14    0.00
   -378.722     0.000     0.00    0.00
     -0.313     0.000     0.00    0.00
    378.182     0.000     0.00    0.00
    756.763     0.370     0.98    2.12
   1135.429     3.920     9.38   10.63
   1514.182    11.210    19.25   18.96
   1893.020    15.776    12.05   20.37
   2271.945    20.200    11.68   20.05
   2650.956    23.750     9.37   18.92
   3030.052    23.071    -1.79   17.91
   3409.235    22.327    -1.96   17.31
   3788.505    17.535   -12.63   15.73
   4167.860    13.911    -9.55   12.84
   4547.302    10.434    -9.16   10.78
   4926.831     7.782    -6.99    9.86
   5306.446     4.459    -8.75    7.94
   5686.147     2.235    -5.86    5.51
   6065.936     0.253    -5.22    1.29
   6445.810     0.080    -0.45    0.51
   6825.772     0.255     0.46    0.90
   7205.820     0.960     1.85    2.99
   7585.956     1.825     2.27    4.78
   7966.178     2.356     1.40    5.68
   8346.487     2.851     1.30    6.19
   8726.883     2.970     0.31    6.34
   9107.366     3.126     0.41    6.55
   9487.937     3.861     1.93    7.74
   9868.594     3.521    -0.89    7.07
  10249.339     2.535    -2.59    5.60
  10630.171     2.032    -1.32    4.41
  11011.091     2.287     0.67    5.42
  11392.098     2.287     0.00    5.53
  11773.193     1.653    -1.66    4.90
  12154.375     1.011    -1.69    3.79
  12535.644     0.451    -1.47    2.23
  12917.002     0.043    -1.07    0.29
  13298.447     0.000    -0.11    0.00
  13663.488     0.000     0.00    0.00
  14028.407     0.000     0.00    0.00
  14393.405     0.000     0.00    0.00
  14758.482     0.000     0.00    0.00
  15123.638     0.000     0.00    0.00
  15488.872     0.000     0.00    0.00
  15854.186     0.000     0.00    0.00
  16219.580     0.000     0.00    0.00
  16585.052     0.149     0.41    0.74
  16950.604     0.490     0.93    1.27
  17316.235     1.990     4.10    4.88
  17681.945     4.510     6.89    8.34
  18047.735     6.585     5.67    9.04
  18413.604     6.782     0.54    7.33
  18779.553     6.660    -0.33    5.41
  19145.582     7.584     2.53    4.65
  19511.690     8.660     2.94    3.94
  19877.877    10.092     3.91    3.42
  20244.145    11.320     3.35    3.70
  20610.492    10.404    -2.50    4.94
  20976.919     8.059    -6.40    5.70
  21343.426     5.847    -6.04    6.05
  21710.013     3.129    -7.42    4.87
  22076.680     2.951    -0.48    6.15
  22443.427     7.020    11.10   11.97
  22810.254    14.451    20.26   16.06
  23177.162    23.375    24.32   17.85
  23544.149    33.238    26.87   15.29
  23911.217    39.093    15.95    9.04
  24278.365    41.149     5.60    5.14
  24645.593    40.460    -1.87    4.37
  25012.902    39.122    -3.64    3.66
  25380.292    39.202     0.22    3.63
  25747.761    39.562     0.98    3.61
  26115.312    39.627     0.18    3.82
  26482.943    38.639    -2.69    4.74
  26850.655    37.960    -1.85    6.35
  27218.447    37.495    -1.27    7.40
  27586.320    36.424    -2.91    8.03
  27954.274    33.931    -6.78    7.45
  28322.309    32.156    -4.82    5.02
  28690.425    31.465    -1.88    3.72
  29058.622    30.828    -1.73    3.00
  29426.900    29.800    -2.79    3.79
  29795.259    28.410    -3.77    5.28
  30163.699    27.110    -3.53    5.27
  30532.221    27.451     0.93    5.22
  30900.823    29.740     6.21    5.72
  31269.507    32.735     8.12    5.23
  31638.273    35.000     6.14    2.64
  32007.119    33.324    -4.55    3.96
  32376.048    32.010    -3.56    4.04
  32745.057    31.529    -1.30    4.00
  33114.149    32.500     2.63    4.60
  33483.322    34.188     4.57    3.79
  33852.576    35.569     3.74    2.74
  34221.913    36.367     2.16    2.78
  34591.331    37.129     2.06    2.89
  34960.831    38.734     4.34    3.65
  35330.413    41.118     6.45    3.78
  35700.077    42.530     3.82    3.22
  36069.823    42.892     0.98    2.62
  36439.651    42.902     0.03    2.78
  36809.561    42.357    -1.47    2.94
  37179.553    41.480    -2.37    3.43
  37549.628    41.366    -0.31    3.42
  37919.784    42.087     1.95    3.79
  38290.024    43.263     3.17    4.18
  38660.345    45.000     4.69    4.43
  39030.749    45.060     0.16    4.66
  39401.235    41.950    -8.39    7.26
  39771.805    37.098   -13.09    9.02
  40142.456    30.465   -17.90    7.99
  40513.190    26.069   -11.86    5.90
  40884.007    23.798    -6.12    4.34
  41254.907    25.837     5.50    5.78
  41625.890    29.105     8.81    6.53
  41996.955    31.814     7.30    6.21
  42368.104    32.660     2.28    5.34
  42739.335    31.200    -3.93    4.66
  43110.650    28.752    -6.59    3.98
  43482.047    26.590    -5.82    5.12
  43853.528    23.578    -8.11    5.85
  44225.092    20.172    -9.17    5.26
  44596.739    18.485    -4.54    5.15
  44968.470    17.473    -2.72    4.84
  45340.283    18.618     3.08    5.34
  45712.181    20.163     4.16    4.77
  46084.162    22.304     5.75    4.65
  46456.226    25.130     7.60    4.85
  46828.374    27.920     7.50    4.86
  47200.606    31.461     9.51    5.08
  47572.921    35.323    10.37    5.73
  47945.320    37.647     6.24    5.21
  48317.803    38.204     1.50    4.96
  48690.370    36.262    -5.21    4.67
  49063.021    33.681    -6.93    3.91
  49435.755    31.873    -4.85    3.14
  49808.574    31.343    -1.42    2.92
  50181.477    31.333    -0.03    3.04
  50554.464    30.653    -1.82    3.32
  50927.535    29.990    -1.78    3.88
  51300.691    29.382    -1.63    3.27
  51673.931    29.990     1.63    3.23
  52047.255    31.320     3.56    3.72
  52420.664    34.347     8.11    7.60
  52794.157    39.155    12.87   12.05
  53167.735    45.617    17.30   13.45
  53541.397    49.686    10.89   12.67
  53915.144    52.636     7.89   10.95
  54288.976    52.379    -0.69   10.08
  54662.892    51.921    -1.22    8.13
  55036.894    51.010    -2.44    6.68
  55410.980    49.931    -2.89    5.48
  55785.151    47.604    -6.22    6.20
  56159.408    44.019    -9.58    8.38
  56533.749    39.840   -11.16    8.31
  56908.175    36.863    -7.95    7.59
  57282.687    34.660    -5.88    6.64
  57657.284    36.495     4.90    6.97
  58031.966    38.532     5.44    7.62
  58406.734    43.231    12.54    8.61
  58781.586    48.350    13.66    9.28
  59156.525    49.735     3.69    9.93
  59531.549    49.485    -0.67   10.32
  59906.658    47.970    -4.04    9.59
  60281.854    46.772    -3.19    7.71
  60657.134    46.535    -0.63    6.65
  61032.501    49.068     6.75    8.81
  61407.953    51.703     7.02   10.61
  61783.492    53.721     5.37   11.56
  62159.116    56.656     7.81   11.40
  62534.826    59.291     7.01    9.56
  62910.623    62.198     7.73    9.05
  63286.505    66.214    10.68    8.91
  63662.474    69.222     8.00    9.16
  64038.528    72.534     8.81    7.76
  64414.669    76.626    10.88    6.00
  64790.897    79.284     7.07    4.41
  65167.211    81.980     7.16    5.57
  65543.611    86.843    12.92    7.69
  65920.098    91.962    13.60    9.62
  66296.671    98.673    17.82   10.06
  66673.331   103.670    13.27    8.79
  67050.078   106.270     6.90    8.38
  67426.911   106.069    -0.53    9.49
  67803.832   103.495    -6.83    9.86
  68180.839   102.563    -2.47    8.24
  68557.933   101.909    -1.73    6.23
  68935.114   103.495     4.21    5.04
  69312.382   106.115     6.94    4.46
  69689.737   108.143     5.38    5.13
  70067.180   110.656     6.66    6.27
  70444.710   113.856     8.48    6.68
  70822.326   116.713     7.57    6.86
  71200.031   118.798     5.52    6.45
  71577.822   121.162     6.26    6.09
  71955.702   122.480     3.49    5.13
  72333.668   124.277     4.75    5.24
  72711.723   125.088     2.15    7.38
  73089.865   124.126    -2.54    8.73
  73468.094   122.010    -5.60    8.95
  73846.412   119.814    -5.80    8.39
  74224.817   116.176    -9.61    5.81
  74603.310   113.265    -7.69    4.72
  74981.891   110.556    -7.16    4.48
  75360.560   109.962    -1.57    5.61
  75739.317   110.921     2.53    6.28
  76118.162   112.343     3.75    6.06
  76497.096   114.143     4.75    4.15
  76876.118   114.379     0.62    3.89
  77255.228   113.547    -2.19    4.33
  77634.426   111.943    -4.23    3.93
  78013.713   110.245    -4.48    3.47
  78393.088   108.000    -5.92    3.19
  78772.552   105.602    -6.32    3.81
  79152.105   103.413    -5.77    5.12
  79531.746    99.653    -9.91    6.84
  79911.476    95.718   -10.36    7.82
  80291.294    92.293    -9.02    7.10
  80671.202    90.096    -5.78    4.57
  81051.199    89.525    -1.50    3.94
  81431.284    87.718    -4.75    5.46
  81811.459    85.287    -6.40    7.30
  82191.722    81.233   -10.66    7.00
  82572.075    78.250    -7.84    6.04
  82952.517    78.641     1.03    8.18
  83333.048    81.951     8.70   10.79
  83713.669    87.817    15.41   11.57
  84094.379    93.412    14.70    8.66
  84475.179    98.598    13.62    6.17
  84856.068   101.602     7.89    6.54
  85237.047   103.049     3.80    7.71
  85618.115   101.461    -4.17    8.34
  85999.273    97.598   -10.13    8.81
  86380.521    92.712   -12.82    8.06
  86761.859    87.553   -13.53    5.66
  87143.287    84.529    -7.93    2.92
  87524.804    82.990    -4.03    2.28
  87906.412    81.922    -2.80    2.62
  88277.471    80.560    -3.67    3.11
  88642.147    78.019    -6.97    4.37
  89006.904    74.847    -8.70    5.72
  89371.742    71.163   -10.10    7.62
  89736.660    67.225   -10.79    8.49
  90101.659    63.039   -11.47    9.17
  90466.739    59.654    -9.27    9.77
  90831.901    55.147   -12.34    9.90
  91197.143    50.427   -12.92    9.67
  91562.466    46.550   -10.61    7.49
  91927.870    43.932    -7.16    5.56
  92293.356    42.423    -4.13    4.21
  92658.922    41.337    -2.97    3.04
  93024.570    41.282    -0.15    2.52
  93390.300    42.052     2.11    2.81
  93756.110    43.529     4.04    2.81
  94122.003    44.275     2.04    2.41
  94487.976    44.745     1.29    2.30
  94854.031    44.471    -0.75    2.47
  95220.168    43.051    -3.88    3.04
  95586.387    41.192    -5.08    2.65
  95952.687    40.225    -2.64    2.48
  96319.069    39.223    -2.74    2.26
  96685.533    38.097    -3.07    2.10
  97052.078    37.260    -2.28    2.27
  97418.706    37.171    -0.24    2.29
  97785.416    36.776    -1.08    2.27
  98152.207    35.368    -3.84    3.21
  98519.081    34.990    -1.03    3.59
  98886.037    36.311     3.60    4.43
  99253.075    38.800     6.78    5.79
  99620.195    43.596    13.06    7.39
  99987.398    50.547    18.93    9.89
 100354.683    56.265    15.57    9.34
 100722.051    60.143    10.56    6.51
 101089.501    61.971     4.97    5.19
 101457.033    62.775     2.19    6.82
 101824.648    63.771     2.71    7.24
 102192.346    64.929     3.15    7.18
 102560.126    64.695    -0.63    7.27
 102927.990    61.851    -7.73    8.51
 103295.936    58.657    -8.68    7.06
 103663.964    59.262     1.64    7.62
 104032.076    63.798    12.32   10.67
 104400.271    70.327    17.73   11.23
 104768.549    77.153    18.54    7.52
 105136.910    80.029     7.81    5.34
 105505.354    80.347     0.86    4.05
 105873.881    79.385    -2.61    3.26
 106242.491    77.874    -4.10    3.12
 106611.185    76.530    -3.64    3.55
 106979.963    75.125    -3.81    4.32
 107348.823    73.898    -3.33    4.80
 107717.767    72.943    -2.59    4.33
 108086.795    72.921    -0.06    3.61
 108455.906    71.371    -4.20    3.93
 108825.101    69.010    -6.40    4.89
 109194.380    66.786    -6.02    4.65
 109563.742    67.000     0.58    4.11
 109933.188    69.031     5.50    5.41
 110302.718    72.785    10.16    6.71
 110672.332    77.950    13.97    8.02
 111042.030    84.971    18.99   10.15
 111411.812    91.835    18.56   10.18
 111781.678    97.699    15.86    7.91
 112151.629    99.990     6.19    4.99
 112521.663    99.020    -2.62    4.66
 112891.782    95.845    -8.58    5.69
 113261.985    91.531   -11.65    7.12
 113632.272    88.308    -8.70    7.51
 114002.644    84.420   -10.50    7.49
 114373.101    80.524   -10.52    5.98
 114743.642    77.548    -8.03    4.44
 115114.267    74.980    -6.93    3.25
 115484.978    74.638    -0.92    2.98
 115855.773    75.847     3.26    3.65
 116226.652    79.029     8.58    5.00
 116597.617    82.882    10.39    5.53
 116968.667    85.913     8.17    5.46
 117339.801    88.845     7.90    5.61
 117711.021    91.748     7.82    5.02
 118082.325    93.269     4.10    4.91
 118453.715    92.277    -2.67    6.27
 118825.190    86.924   -14.41    8.87
 119196.750    80.163   -18.20    8.52
 119568.396    72.886   -19.58    8.36
 119940.126    67.505   -14.48    6.84
 120311.943    65.840    -4.48    5.76
 120683.845    68.788     7.93    8.57
 121055.832    76.077    19.59   11.13
 121427.905    82.404    17.01   10.10
 121800.063    85.121     7.30   10.11
 122172.308    83.187    -5.20   11.44
 122544.638    78.576   -12.39   10.99
 122917.054    74.875    -9.94    8.47
 123289.555    71.951    -7.85    5.65
 123662.143    69.208    -7.36    3.51
 124034.817    67.600    -4.31    3.40
 124407.577    66.798    -2.15    4.24
 124780.423    67.670     2.34    5.58
 125153.355    70.020     6.30    6.95
 125526.373    73.151     8.40    6.68
 125899.478    75.590     6.54    5.51
 126272.669    77.245     4.44    5.57
 126645.946    78.059     2.18    5.98
 127019.310    79.029     2.60    6.21
 127392.761    78.924    -0.28    5.67
 127766.298    80.231     3.50    6.38
 128139.922    81.915     4.51    6.50
 128513.632    83.882     5.26    5.20
 128887.430    85.869     5.32    4.48
 129261.314    85.255    -1.64    5.52
 129635.285    79.144   -16.34   10.20
 130009.343    69.465   -25.88   12.15
 130383.488    61.423   -21.49   11.09
 130757.720    56.564   -12.98    7.86
 131132.039    57.226     1.77   10.14
 131506.445    62.087    12.98   12.07
 131880.939    67.981    15.74    9.85
 132255.520    72.217    11.31    6.63
 132630.188    74.892     7.14    4.83
 133004.944    77.491     6.93    4.40
 133379.788    79.959     6.59    3.72
 133754.718    81.105     3.06    4.30
 134129.737    81.949     2.25    7.32
 134504.843    82.000     0.13    9.59
 134880.037    82.709     1.89   11.03
 135255.319    84.238     4.08   10.43
 135630.688    85.155     2.44    8.42
 136006.146    84.621    -1.42    6.66
 136381.691    82.745    -5.00    8.00
 136757.325    78.941   -10.13    9.50
 137133.047    73.481   -14.53   11.13
 137508.857    65.554   -21.09   11.07
 137884.755    61.657   -10.37    8.88
 138260.741    60.000    -4.41    7.28
 138636.816    66.358    16.91   11.59
 139012.979    74.089    20.55    9.98
 139389.231    77.593     9.31    6.36
 139765.571    77.068    -1.39    6.51
 140142.000    72.189   -12.96    6.89
 140518.517    67.755   -11.78    5.12
 140895.123    64.836    -7.75    3.93
