-141500.238   425.971     0.00    4.43
-141133.194   427.715     4.75    5.24
-140766.079   429.912     5.99    5.79
-140398.893   431.695     4.86    6.12
-140031.637   433.072     3.75    5.05
-139664.310   436.931    10.51    5.63
-139296.912   439.939     8.19    4.82
-138929.443   443.732    10.32    5.72
-138561.903   447.429    10.06    4.62
-138194.292   450.686     8.86    5.27
-137826.610   452.551     5.07    6.11
-137458.856   451.618    -2.54    6.46
-137091.032   450.717    -2.45    6.82
-136723.137   449.620    -2.98    7.41
-136355.170   449.718     0.27    8.16
-135987.132   454.139    12.01   12.19
-135619.023   458.517    11.89   11.92
-135250.842   460.545     5.51   10.90
-134882.590   459.596    -2.58   11.20
-134514.267   455.203   -11.93    9.10
-134145.872   449.551   -15.34   10.08
-133777.406   445.393   -11.28   11.70
-133408.868   440.031   -14.55   13.40
-133040.258   434.750   -14.33   11.55
-132671.577   434.095    -1.78   10.42
-132302.825   433.559    -1.45    9.26
-131934.000   436.427     7.77    8.07
-131565.104   439.005     6.99    7.24
-131196.136   440.382     3.73    6.16
-130827.096   440.241    -0.38    4.37
-130457.984   438.098    -5.81    5.60
-130088.801   435.420    -7.25    4.93
-129719.545   433.567    -5.02    4.61
-129350.217   432.225    -3.63    4.56
-128980.818   431.696    -1.43    4.05
-128611.346   433.142     3.92    5.44
-128241.802   435.417     6.15    6.25
-127872.186   440.888    14.80   11.85
-127502.498   445.691    12.99   13.12
-127132.737   447.854     5.85   13.42
-126762.905   446.822    -2.79   13.44
-126392.999   441.113   -15.43   11.83
-126023.022   436.028   -13.74    6.77
-125652.972   433.545    -6.71    3.33
-125282.850   432.698    -2.29    3.12
-124912.655   433.176     1.29    3.03
-124542.387   433.885     1.92    3.31
-124172.047   436.709     7.63    5.21
-123801.635   440.304     9.70    6.47
-123431.149   443.832     9.52    6.77
-123060.591   444.498     1.80    8.97
-122689.960   440.933    -9.62   14.46
-122319.257   430.966   -26.88   17.50
-121948.480   418.697   -33.09   16.09
-121577.631   407.391   -30.48   16.53
-121206.708   394.151   -35.69   18.92
-120835.713   381.611   -33.80   24.93
-120464.645   368.810   -34.50   27.63
-120093.503   355.079   -36.99   27.99
-119722.289   341.424   -36.78   31.66
-119351.001   324.933   -44.41   34.30
-118979.641   302.225   -61.14   38.16
-118608.207   273.854   -76.37   36.84
-118236.699   247.054   -72.13   30.34
-117865.119   225.420   -58.22   23.24
-117493.465   209.522   -42.77   16.63
-117121.737   198.265   -30.28   13.04
-116749.936   188.620   -25.94   11.89
-116378.062   180.276   -22.44   11.93
-116006.114   172.026   -22.18   10.96
-115634.093   161.887   -27.25   11.88
-115261.998   151.798   -27.11   13.34
-114889.829   141.480   -27.72   12.53
-114517.586   132.607   -23.83   14.00
-114145.270   122.275   -27.75   15.59
-113772.880   114.798   -20.08   13.35
-113400.416   116.029     3.30   16.68
-113027.879   123.842    20.97   21.57
-112655.267   134.438    28.43   19.82
-112282.582   143.259    23.67    9.63
-111909.822   143.025    -0.63    8.39
-111536.988   134.270   -23.48   13.94
-111164.080   125.763   -22.81   13.46
-110791.099   123.676    -5.60   14.58
-110418.042   126.905     8.66   18.86
-110044.912   136.416    25.49   21.56
-109671.707   144.869    22.65   17.16
-109298.429   148.987    11.03   14.02
-108925.075   149.727     1.98   14.03
-108551.648   147.292    -6.52   12.57
-108178.145   145.143    -5.75   12.37
-107804.569   141.391   -10.04   12.12
-107430.918   136.917   -11.97   10.70
-107057.192   133.183    -9.99    8.39
-106683.391   131.315    -5.00    7.37
-106309.516   130.548    -2.05    5.12
-105935.566   130.571     0.06    4.50
-105561.542   132.161     4.25    4.60
-105187.443   134.684     6.75    5.30
-104813.268   136.633     5.21    5.74
-104439.019   136.580    -0.14    6.81
-104064.695   135.073    -4.03    7.99
-103690.296   131.832    -8.65    7.98
-103315.822   127.442   -11.72    5.99
-102941.273   124.218    -8.61    4.67
-102566.649   122.198    -5.39    2.56
-102191.949   122.637     1.17    2.82
-101817.175   124.963     6.21    4.01
-101442.325   127.361     6.40    4.68
-101067.399   129.843     6.62    4.50
-100692.399   132.005     5.76    3.34
-100317.323   129.809    -5.85    5.42
 -99942.172   126.531    -8.74    6.85
 -99566.945   123.931    -6.93    6.71
 -99191.642   121.970    -5.23    6.12
 -98816.264   121.087    -2.35    6.22
 -98440.811   121.341     0.68    6.96
 -98065.282   120.109    -3.28    6.87
 -97689.677   118.382    -4.60    5.65
 -97313.996   116.709    -4.45    4.17
 -96938.240   115.457    -3.33    3.32
 -96562.407   112.688    -7.37    3.86
 -96186.499   110.218    -6.57    3.70
 -95810.515   108.576    -4.37    3.57
 -95434.455   107.820    -2.01    3.30
 -95058.319   108.985     3.10    3.94
 -94682.107   110.966     5.27    5.30
 -94305.818   114.663     9.82    5.95
 -93929.454   117.157     6.63    5.03
 -93553.013   117.666     1.35    4.68
 -93176.496   116.037    -4.33    5.09
 -92799.903   113.031    -7.98    5.32
 -92423.234   110.832    -5.84    4.88
 -92046.488   108.642    -5.81    4.62
 -91669.665   108.600    -0.11    5.06
 -91292.766   107.709    -2.36    5.53
 -90915.791   106.518    -3.16    5.31
 -90538.739   105.942    -1.53    5.16
 -90161.610   106.927     2.61    6.44
 -89784.405   110.176     8.61    7.26
 -89407.123   112.961     7.38    6.69
 -89029.764   114.402     3.82    7.51
 -88652.329   113.865    -1.42    7.95
 -88274.817   112.531    -3.53    7.42
 -87897.227   111.246    -3.40    5.90
 -87519.561   110.248    -2.64    4.21
 -87141.818   110.740     1.30    3.44
 -86763.998   112.238     3.96    3.32
 -86386.100   113.511     3.37    2.89
 -86008.126   114.520     2.67    2.68
 -85630.074   115.571     2.78    3.67
 -85251.945   116.965     3.69    4.13
 -84873.739   118.751     4.72    4.09
 -84495.456   120.120     3.62    2.80
 -84117.095   120.251     0.35    2.35
 -83738.656   120.494     0.64    2.41
 -83360.141   120.798     0.80    3.24
 -82981.548   121.551     1.99    3.16
 -82602.877   121.880     0.87    2.92
 -82224.128   121.073    -2.13    3.10
 -81845.302   121.077     0.01    3.65
 -81466.399   122.059     2.59    4.77
 -81087.417   125.054     7.90    6.39
 -80708.358   130.015    13.09    6.86
 -80329.221   133.728     9.79    6.26
 -79950.006   137.222     9.21    4.74
 -79570.713   139.996     7.31    5.13
 -79191.342   142.863     7.56    6.39
 -78811.893   145.809     7.76    5.98
 -78432.366   149.494     9.71    5.06
 -78052.761   150.853     3.58    4.34
 -77673.078   151.490     1.68    4.21
 -77293.316   152.202     1.88    3.96
 -76913.477   151.668    -1.41    3.60
 -76533.559   150.476    -3.14    3.02
 -76153.562   150.709     0.61    2.83
 -75773.487   151.537     2.18    2.75
 -75393.334   151.930     1.03    2.45
 -75013.102   151.898    -0.08    2.75
 -74632.792   151.117    -2.05    3.14
 -74252.403   148.653    -6.47    4.99
 -73871.935   146.088    -6.74    7.19
 -73491.389   141.998   -10.75    7.20
 -73110.764   138.626    -8.86    7.02
 -72730.060   132.742   -15.45    9.60
 -72355.832   126.309   -17.19   11.69
 -71990.065   120.398   -16.16    9.37
 -71624.227   117.124    -8.95    5.70
 -71258.317   116.639    -1.33    4.94
 -70892.335   117.161     1.43    4.89
 -70526.282   119.315     5.89    5.21
 -70160.156   122.497     8.69    7.88
 -69793.958   125.433     8.02    9.18
 -69427.688   127.594     5.90    8.73
 -69061.346   128.056     1.26    6.93
 -68694.932   128.026    -0.08    5.06
 -68328.446   127.587    -1.20    4.71
 -67961.888   128.253     1.82    5.47
 -67595.257   130.655     6.55    7.08
 -67228.554   134.014     9.16    8.79
 -66861.778   138.578    12.44   10.12
 -66494.931   143.926    14.58    8.69
 -66128.010   146.352     6.61    6.97
 -65761.018   148.333     5.40    5.92
 -65393.952   151.076     7.47    5.17
 -65026.814   153.530     6.69    5.51
 -64659.604   155.314     4.86    5.53
 -64292.321   157.162     5.03    5.11
 -63924.965   158.358     3.26    5.48
 -63557.536   159.876     4.13    5.43
 -63190.035   160.518     1.75    5.92
 -62822.461   159.798    -1.96    5.84
 -62454.814   157.520    -6.20    6.72
 -62087.094   154.037    -9.47    7.62
 -61719.301   149.228   -13.07    7.56
 -61351.435   142.537   -18.19   10.92
 -60983.496   136.912   -15.29   10.93
 -60615.484   132.314   -12.49    9.15
 -60247.399   130.109    -5.99    7.16
 -59879.240   128.994    -3.03    7.65
 -59511.009   129.520     1.43    8.26
 -59142.704   131.176     4.49    7.00
 -58774.326   132.320     3.11    7.02
 -58405.874   133.587     3.44    7.62
 -58037.349   134.331     2.02    7.34
 -57668.751   134.593     0.71    7.45
 -57300.079   133.884    -1.92    8.20
 -56931.334   132.717    -3.17    8.33
 -56562.515   130.411    -6.25    9.26
 -56193.622   127.480    -7.95   11.12
 -55824.656   123.048   -12.01   12.20
 -55455.616   119.941    -8.42   11.48
 -55086.503   117.150    -7.56    8.84
 -54717.315   116.820    -0.89    7.26
 -54348.054   117.742     2.50    6.99
 -53978.719   120.809     8.30    9.52
 -53609.310   124.559    10.15   10.59
 -53239.827   127.523     8.02    9.62
 -52870.270   129.173     4.46    9.76
 -52500.639   131.613     6.60   10.08
 -52130.934   133.054     3.90   10.42
 -51761.154   134.124     2.89    9.65
 -51391.301   134.705     1.57    7.45
 -51021.373   133.183    -4.12    7.22
 -50651.371   130.763    -6.54    9.94
 -50281.295   125.418   -14.45   12.54
 -49911.145   119.559   -15.83   13.28
 -49540.920   115.034   -12.22   11.26
 -49170.620   110.832   -11.35    8.80
 -48800.246   106.722   -11.10    8.78
 -48429.798   101.453   -14.22    8.35
 -48059.275    96.895   -12.30    7.95
 -47688.677    93.534    -9.07    8.08
 -47318.005    91.512    -5.45    8.65
 -46947.257    91.234    -0.75    7.35
 -46576.436    92.787     4.19    5.65
 -46205.539    94.841     5.54    6.43
 -45834.567    97.484     7.12    8.13
 -45463.521    99.820     6.29    9.03
 -45092.400   101.310     4.01   10.10
 -44721.203   101.352     0.12   10.39
 -44349.932    99.982    -3.69    9.77
 -43978.586    98.596    -3.73    8.53
 -43607.164    98.886     0.78    7.19
 -43235.667    99.939     2.84    7.18
 -42864.095   100.615     1.82    8.33
 -42492.448   100.220    -1.06    8.91
 -42120.726   101.357     3.06   10.08
 -41748.928   103.965     7.01   12.86
 -41377.055   108.534    12.29   14.50
 -41005.106   114.934    17.21   14.64
 -40633.082   117.927     8.04   14.59
 -40260.982   119.843     5.15   16.21
 -39888.807   117.045    -7.52   20.90
 -39516.556   112.315   -12.71   24.18
 -39144.230   106.102   -16.69   24.51
 -38771.827    98.127   -21.41   24.56
 -38399.349    91.961   -16.55   21.27
 -38026.795    86.557   -14.51   22.08
 -37654.166    80.164   -17.16   21.15
 -37281.460    74.350   -15.60   19.85
 -36908.679    66.787   -20.29   15.24
 -36535.821    63.246    -9.50   10.60
 -36162.888    61.637    -4.32    5.96
 -35789.878    62.252     1.65    4.96
 -35416.792    62.680     1.14    4.54
 -35043.631    61.101    -4.23    7.55
 -34670.392    50.798   -27.60   18.97
 -34297.078    37.457   -35.74   25.05
 -33923.687    20.447   -45.55   23.24
 -33550.220    10.487   -26.67   15.50
 -33176.677    14.160     9.83   19.13
 -32803.057    22.919    23.44   21.72
 -32429.361    36.059    35.16   19.82
 -32055.588    47.939    31.78   12.76
 -31681.738    54.700    18.08    8.71
 -31307.812    57.972     8.75    7.04
 -30933.809    59.475     4.02    6.48
 -30559.730    60.744     3.39    6.13
 -30185.573    61.897     3.08    5.25
 -29811.340    63.624     4.62    3.40
 -29437.030    64.353     1.95    3.19
 -29062.643    64.624     0.72    3.48
 -28688.179    63.843    -2.09    3.86
 -28313.638    63.483    -0.96    4.22
 -27939.020    62.548    -2.50    4.71
 -27564.325    60.896    -4.41    4.83
 -27189.553    59.492    -3.75    4.50
 -26814.703    60.024     1.42    4.26
 -26439.777    60.143     0.32    3.73
 -26064.773    59.895    -0.66    3.28
 -25689.691    58.039    -4.95    3.83
 -25314.533    55.518    -6.72    4.84
 -24939.297    53.843    -4.46    4.77
 -24563.983    54.114     0.72    4.91
 -24188.592    56.627     6.70    5.43
 -23813.123    58.798     5.78    4.90
 -23437.577    60.400     4.27    3.83
 -23061.953    61.331     2.48    4.69
 -22686.251    62.131     2.13    5.74
 -22310.471    61.701    -1.14    6.27
 -21934.614    60.991    -1.89    6.75
 -21558.679    60.174    -2.17    6.08
 -21182.666    58.023    -5.72    6.26
 -20806.575    52.646   -14.30    8.22
 -20430.406    45.113   -20.03   12.06
 -20054.159    33.624   -30.53   14.85
 -19677.833    23.431   -27.08   15.67
 -19301.430    14.646   -23.34   14.82
 -18924.948     7.520   -18.93   12.47
 -18548.389     1.918   -14.88    7.05
 -18171.750    -1.235    -8.37    2.95
 -17795.034    -2.202    -2.57    0.00
 -17418.239    -2.202     0.00    0.00
 -17041.366    -2.202     0.00    0.00
 -16664.414    -2.202     0.00    0.00
 -16287.384    -2.202     0.00    0.00
 -15910.275    -2.202     0.00    0.00
 -15533.087    -2.202     0.00    0.00
 -15155.821    -2.202     0.00    0.00
 -14778.476    -2.159     0.11    0.33
 -14401.052    -1.070     2.88    3.10
 -14023.550     3.234    11.40    9.40
 -13645.968     9.238    15.90   13.49
 -13268.308    16.692    19.74   14.48
 -12890.569    21.331    12.28   12.14
 -12512.750    24.157     7.48   10.81
 -12134.853    22.709    -3.83   10.13
 -11756.876    20.135    -6.81    8.68
 -11378.820    16.765    -8.91    6.84
 -11000.685    13.113    -9.66    3.66
 -10622.471    11.187    -5.09    3.76
 -10244.178     9.690    -3.96    2.61
  -9865.805     9.150    -1.43    1.98
  -9487.352     8.981    -0.45    2.09
  -9108.821     8.551    -1.14    1.94
  -8730.209     8.861     0.82    2.05
  -8351.518     9.270     1.08    2.14
  -7972.748    10.207     2.47    1.93
  -7593.898    10.976     2.03    1.71
  -7214.968    10.841    -0.36    1.96
  -6835.958    10.045    -2.10    1.87
  -6456.869     9.777    -0.71    1.58
  -6077.699     9.717    -0.16    1.95
  -5698.450    10.521     2.12    2.08
  -5319.121    11.062     1.43    2.10
  -4939.712    10.604    -1.21    2.11
  -4560.222    10.519    -0.23    2.09
  -4180.653    10.647     0.34    2.37
  -3801.003    10.414    -0.61    2.37
  -3421.273    10.700     0.75    2.12
  -3041.463     9.682    -2.68    3.57
  -2661.573     6.217    -9.12    5.62
  -2281.602     3.062    -8.30    6.01
  -1901.551     0.000    -8.06    4.27
  -1521.420    -2.168    -5.70    0.18
  -1141.207    -2.202    -0.09    0.00
   -760.915    -2.202     0.00    0.00
   -380.541    -2.202     0.00    0.00
     -0.087    -2.061     0.37    0.86
    380.447     1.638     9.72   10.80
    761.063    14.798    34.57   22.62
   1141.759    29.596    38.87   25.14
   1522.536    45.582    41.98   18.39
   1903.394    55.851    26.96    9.63
   2282.885    61.176    14.03    7.67
   2648.421    62.351     3.22    7.09
   3014.031    63.242     2.44    7.17
   3379.715    62.138    -3.02    6.95
   3745.473    60.775    -3.73    5.89
   4111.304    58.372    -6.57    5.17
   4477.208    57.073    -3.55    5.04
   4843.187    56.287    -2.15    5.45
   5209.239    56.400     0.31    5.39
   5575.365    56.618     0.60    4.99
   5941.565    57.075     1.25    4.61
   6307.839    57.287     0.58    4.63
   6674.187    59.053     4.82    4.36
   7040.609    59.292     0.65    5.11
   7407.105    55.968    -9.07    7.75
   7773.675    52.710    -8.89    8.46
   8140.319    52.336    -1.02    8.54
   8507.037    51.606    -1.99    8.09
   8873.830    52.418     2.21    8.19
   9240.697    51.745    -1.83    8.32
   9607.638    50.887    -2.34    8.16
   9974.654    51.977     2.97    8.83
  10341.743    51.342    -1.73    8.40
  10708.908    51.314    -0.08    9.02
  11076.147    51.843     1.44    9.22
  11443.460    49.787    -5.60    9.46
  11810.848    48.389    -3.80    8.89
  12178.311    50.287     5.16    9.96
  12545.849    50.064    -0.61    8.90
  12913.461    54.405    11.81    8.81
  13281.148    57.630     8.77    8.57
  13648.909    58.952     3.60    8.88
  14016.746    60.019     2.90    7.58
  14384.657    59.787    -0.63    7.01
  14752.644    59.106    -1.85    7.00
  15120.705    58.420    -1.86    6.25
  15488.842    55.840    -7.01    7.03
  15857.053    54.096    -4.74    7.47
  16225.340    51.852    -6.09    9.45
  16593.702    46.626   -14.19   13.29
  16962.139    42.349   -11.61   14.03
  17330.652    37.596   -12.90   12.62
  17699.239    34.120    -9.43   11.26
  18067.902    31.524    -7.04   10.22
  18436.641    35.093     9.68   13.44
  18805.455    41.415    17.14   13.89
  19174.344    47.537    16.59   11.47
  19543.309    50.387     7.73    8.04
  19912.350    46.034   -11.80   12.35
  20281.466    34.669   -30.79   18.30
  20650.658    24.979   -26.25   19.30
  21019.926    13.207   -31.88   14.36
  21389.269     6.324   -18.63    3.63
  21758.689     5.056    -3.43    1.66
  22128.184     5.075     0.05    1.36
  22497.755     5.005    -0.19    1.43
  22867.402     5.340     0.91    1.30
  23237.125     5.507     0.45    1.32
  23606.924     5.628     0.33    1.20
  23976.799     5.965     0.91    1.26
  24346.751     5.489    -1.28    2.60
  24716.778     4.647    -2.28    3.78
  25086.882     3.351    -3.50    4.32
  25457.062     2.168    -3.20    4.45
  25827.319     0.970    -3.23    4.21
  26197.651     0.234    -1.99    3.99
  26568.061    -0.572    -2.18    3.39
  26938.546    -1.417    -2.28    2.26
  27309.109    -1.847    -1.16    1.37
  27679.748    -2.118    -0.73    0.65
  28050.463    -2.180    -0.17    0.21
  28421.255    -2.202    -0.06    0.00
  28792.124    -2.202     0.00    0.00
  29163.069    -2.202     0.00    0.00
  29534.092    -2.202     0.00    0.00
  29905.191    -2.202     0.00    0.00
  30276.367    -2.202     0.00    0.00
  30647.620    -2.202     0.00    0.00
  31018.951    -2.202     0.00    0.00
  31390.358    -2.202     0.00    0.00
  31761.842    -2.202     0.00    0.00
  32133.403    -2.202     0.00    0.00
  32505.042    -2.202     0.00    0.00
  32876.758    -2.202     0.00    0.00
  33248.551    -2.202     0.00    0.00
  33620.421    -2.202     0.00    0.00
  33992.369    -2.202     0.00    0.00
  34364.394    -2.202     0.00    0.00
  34736.497    -2.202     0.00    0.00
  35108.677    -2.202     0.00    0.00
  35480.935    -1.202     2.69    4.04
  35853.270     0.950     5.78    7.17
  36225.683     3.149     5.90    7.57
  36598.174     5.065     5.14    7.22
  36970.743     8.072     8.07    6.96
  37343.389    11.585     9.43    6.23
  37716.113    13.670     5.59    3.64
  38088.915    14.192     1.40    4.14
  38461.795    14.841     1.74    4.10
  38834.753    17.356     6.74    5.85
  39207.790    21.245    10.43    7.77
  39580.904    26.608    14.38    8.12
  39954.096    30.567    10.61    6.28
  40327.367    31.366     2.14    6.80
  40700.715    31.016    -0.94    8.24
  41074.143    30.606    -1.10    8.98
  41447.648    29.635    -2.60    8.80
  41821.232    29.521    -0.30    7.65
  42194.894    28.844    -1.81    6.73
  42568.635    27.661    -3.16    6.89
  42942.454    25.996    -4.46    6.57
  43316.352    26.008     0.03    6.27
  43690.329    26.852     2.25    6.78
  44064.384    29.114     6.05    7.45
  44438.518    29.346     0.62    7.80
  44812.731    28.702    -1.72    7.53
  45187.022    27.181    -4.06    6.85
  45561.393    27.415     0.63    6.35
  45935.842    27.861     1.19    6.51
  46310.370    28.947     2.90    5.41
  46684.978    29.787     2.24    4.11
  47059.664    27.426    -6.30    5.07
  47434.430    24.566    -7.63    5.88
  47809.275    22.647    -5.12    6.17
  48184.199    21.756    -2.38    6.13
  48559.202    21.765     0.02    6.48
  48934.285    24.966     8.54    5.73
  49309.447    27.520     6.81    4.72
  49684.688    26.392    -3.01    6.69
  50060.009    22.831    -9.49    9.06
  50435.409    18.056   -12.72    9.83
  50810.889    11.498   -17.47    8.88
  51186.449     5.892   -14.93    7.20
  51562.088     1.709   -11.14    4.67
  51937.807     1.250    -1.22    5.35
  52313.606     3.786     6.75   10.02
  52689.485     8.575    12.74   11.96
  53065.443    14.246    15.09   11.71
  53441.482    18.851    12.24    9.59
  53817.600    22.963    10.93    6.37
  54193.799    26.493     9.38    4.17
  54570.077    27.404     2.42    4.89
  54946.436    29.714     6.14    6.83
  55322.875    33.457     9.95    6.85
  55699.394    37.904    11.81    5.29
  56075.993    40.831     7.77    4.17
  56452.673    42.308     3.92    3.39
  56829.433    42.809     1.33    3.70
  57206.273    43.485     1.80    4.82
  57583.194    43.088    -1.05    5.24
  57960.196    43.177     0.24    5.21
  58337.278    42.465    -1.89    4.83
  58714.441    42.251    -0.57    4.33
  59091.684    43.223     2.58    4.46
  59469.008    44.293     2.83    4.77
  59846.413    46.117     4.83    4.20
  60223.899    47.366     3.31    4.09
  60601.466    48.335     2.57    3.47
  60979.113    48.840     1.34    2.93
  61356.842    48.043    -2.11    2.65
  61734.652    47.160    -2.34    2.40
  62112.542    46.093    -2.82    2.49
  62490.514    45.221    -2.31    2.27
  62868.568    44.124    -2.90    2.86
  63246.702    43.309    -2.16    3.35
  63624.918    42.447    -2.28    3.58
  64003.215    41.798    -1.72    3.57
  64381.593    42.608     2.14    4.03
  64760.053    44.787     5.76    4.49
  65138.595    46.511     4.55    4.12
  65517.218    47.979     3.88    2.67
  65895.922    47.387    -1.56    3.16
  66274.708    42.777   -12.17    6.74
  66653.576    37.408   -14.17    8.20
  67032.526    33.266   -10.93    6.57
  67411.558    31.021    -5.92    4.28
  67790.671    33.048     5.35    7.03
  68169.867    38.830    15.25    9.77
  68549.144    45.335    17.15    9.21
  68928.504    47.362     5.34    6.52
  69307.945    44.926    -6.42    8.18
  69687.469    39.808   -13.48    8.89
  70067.075    34.056   -15.16    6.28
  70446.763    31.787    -5.97    4.59
  70826.533    33.192     3.70    5.54
  71206.386    35.404     5.83    6.85
  71586.321    39.543    10.89    7.20
  71966.338    42.351     7.39    6.16
  72346.439    45.415     8.06    4.58
  72726.621    48.228     7.40    4.25
  73106.887    49.579     3.55    4.54
  73487.234    51.192     4.24    4.41
  73867.665    52.673     3.89    2.92
  74248.179    54.013     3.52    3.58
  74628.775    55.756     4.58    5.84
  75009.454    58.963     8.42    7.76
  75390.216    62.901    10.34    8.59
  75771.061    64.928     5.32    7.47
  76151.989    66.423     3.92    7.30
  76533.000    67.787     3.58    6.71
  76914.095    68.945     3.04    5.46
  77283.459    69.131     0.50    5.36
  77648.839    68.575    -1.52    5.30
  78014.294    66.631    -5.32    4.95
  78379.825    65.345    -3.52    5.32
  78745.431    61.923    -9.36    6.23
  79111.112    57.698   -11.55    6.44
  79476.869    55.926    -4.85    5.30
  79842.701    55.798    -0.35    4.26
  80208.609    57.506     4.67    4.66
  80574.593    59.755     6.15    4.98
  80940.652    60.915     3.17    4.78
  81306.787    61.630     1.95    4.98
  81672.998    61.798     0.46    4.24
  82039.285    62.725     2.53    3.36
  82405.648    64.253     4.17    3.09
  82772.086    64.860     1.65    3.02
  83138.600    64.587    -0.74    3.77
  83505.191    65.131     1.48    4.66
  83871.857    64.138    -2.71    4.95
  84238.600    64.345     0.56    4.83
  84605.418    64.619     0.75    4.08
  84972.313    65.422     2.19    3.29
  85339.284    66.087     1.81    3.15
  85706.332    65.639    -1.22    3.01
  86073.456    66.038     1.09    3.86
  86440.656    65.428    -1.66    4.57
  86807.932    64.851    -1.57    4.52
  87175.285    64.514    -0.92    4.76
  87542.715    64.945     1.17    4.61
  87910.221    65.654     1.93    4.54
  88277.804    67.217     4.25    4.96
  88645.463    68.313     2.98    5.38
  89013.199    70.070     4.78    6.74
  89381.012    71.489     3.86    7.58
  89748.902    70.841    -1.76    7.72
  90116.869    68.538    -6.26    7.98
  90484.912    64.766   -10.25    6.40
  90853.032    62.177    -7.03    3.46
  91221.230    61.808    -1.00    3.32
  91589.504    61.798    -0.03    3.52
  91957.856    62.110     0.85    3.48
  92326.285    62.598     1.32    3.98
  92694.791    64.381     4.84    5.76
  93063.374    65.309     2.52    5.16
  93432.034    65.419     0.30    5.11
  93800.772    65.809     1.06    4.30
  94169.587    67.840     5.51    4.79
  94538.480    70.746     7.88    6.03
  94907.450    74.114     9.13    5.69
  95276.497    77.087     8.06    4.51
  95645.622    78.309     3.31    3.98
  96014.825    78.223    -0.23    3.73
  96384.106    77.442    -2.12    3.78
  96753.464    76.406    -2.81    3.95
  97122.900    75.968    -1.19    4.17
  97492.414    74.377    -4.31    4.95
  97862.005    71.851    -6.84    4.98
  98231.675    68.524    -9.00    5.29
  98601.422    65.705    -7.62    5.40
  98971.248    63.173    -6.85    4.61
  99341.152    61.437    -4.69    4.26
  99711.133    59.331    -5.69    3.43
 100081.193    56.903    -6.56    4.00
 100451.331    53.953    -7.97    4.36
 100821.548    52.386    -4.24    4.47
 101191.842    51.681    -1.90    4.52
 101562.215    50.998    -1.84    4.48
 101932.667    49.714    -3.47    4.35
 102303.197    48.808    -2.44    3.22
 102673.805    48.451    -0.97    3.46
 103044.492    48.204    -0.66    3.64
 103415.258    48.451     0.67    4.38
 103786.102    47.559    -2.41    5.43
 104157.025    46.235    -3.57    5.34
 104528.027    45.150    -2.93    4.97
 104899.107    45.447     0.80    4.43
 105270.266    46.526     2.91    4.71
 105641.505    48.097     4.23    5.91
 106012.822    50.377     6.14    7.20
 106384.218    54.056     9.91    6.76
 106755.693    56.198     5.77    5.56
 107127.248    57.110     2.46    4.57
 107498.881    55.798    -3.53    4.37
 107870.594    53.651    -5.78    4.73
 108242.386    50.413    -8.71    4.67
 108614.257    46.117   -11.55    6.11
 108986.208    40.256   -15.76    9.11
 109358.238    35.053   -13.99    8.43
 109730.347    33.602    -3.90    6.45
 110102.536    34.309     1.90    5.80
 110474.805    36.872     6.89    5.69
 110847.153    40.095     8.65    6.99
 111219.581    43.767     9.86    9.95
 111592.088    46.017     6.04    9.40
 111964.675    44.860    -3.10    9.09
 112337.342    41.724    -8.42    8.23
 112710.089    38.954    -7.43    5.82
 113082.916    36.996    -5.25    4.09
 113455.823    35.998    -2.68    4.52
 113828.810    36.767     2.06    5.54
 114201.877    37.851     2.91    7.24
 114575.024    38.920     2.87    8.83
 114948.251    39.521     1.61   10.58
 115321.558    38.063    -3.91   12.24
 115694.946    35.602    -6.59   13.77
 116068.414    31.686   -10.49   13.04
 116441.962    27.600   -10.94   11.08
 116815.591    22.633   -13.30    8.42
 117189.300    20.013    -7.01    8.06
 117563.090    16.663    -8.96    5.94
 117936.960    13.183    -9.31    6.00
 118310.911    10.941    -6.00    6.30
 118684.942     8.935    -5.36    7.06
 119059.055     7.288    -4.40    7.59
 119433.248     6.090    -3.20    8.21
 119807.522     3.366    -7.28    7.45
 120181.877     1.818    -4.14    6.86
 120556.312     0.324    -3.99    5.76
 120930.829    -1.243    -4.18    3.73
 121305.427    -2.119    -2.34    0.82
 121680.106    -2.202    -0.22    0.00
 122054.866    -2.202     0.00    0.00
 122429.707    -1.810     1.05    1.92
 122804.629    -0.424     3.70    3.92
 123179.633     2.138     6.83    5.46
 123554.718     5.320     8.48    5.52
 123929.885     8.394     8.19    4.18
 124305.133     9.298     2.41    3.43
 124680.462     9.818     1.39    3.09
 125055.873    10.637     2.18    2.79
 125431.366    11.808     3.12    3.70
 125806.940    13.406     4.26    4.95
 126182.596    15.356     5.19    5.40
 126558.334    15.830     1.26    5.16
 126934.153    16.569     1.97    4.47
 127310.055    17.082     1.37    4.15
 127686.038    16.840    -0.65    3.43
 128062.104    16.492    -0.92    3.73
 128438.251    16.324    -0.45    4.00
 128814.481    16.423     0.26    3.75
 129190.792    17.141     1.91    3.32
 129567.186    18.097     2.54    2.91
 129943.662    18.881     2.08    2.26
 130320.221    17.695    -3.15    3.59
 130696.861    15.968    -4.58    5.44
 131073.585    14.165    -4.79    6.81
 131450.390    12.386    -4.72    8.11
 131827.278    12.360    -0.07    9.53
 132204.249    12.183    -0.47   11.08
 132581.302    11.502    -1.81   11.20
 132958.438     9.965    -4.08   11.27
 133335.657     6.645    -8.80   10.46
 133712.959     2.526   -10.92    7.51
 134090.343     0.869    -4.39    5.59
 134467.810     1.200     0.88    6.11
 134845.360     7.371    16.35   10.47
 135222.993    15.042    20.32   11.55
 135600.710    21.091    16.01    9.71
 135978.509    24.526     9.09    7.85
 136356.391    25.798     3.37    8.24
 136734.357    26.369     1.51    8.38
 137112.406    26.624     0.67    7.85
 137490.538    27.787     3.07    6.64
 137868.754    25.420    -6.26    7.87
 138247.053    19.617   -15.34   11.41
 138625.436    14.257   -14.17   12.93
 139003.902     8.626   -14.88   12.48
 139382.451     2.818   -15.34    9.39
 139761.085    -1.128   -10.42    3.95
 140139.802    -2.202    -2.84    0.00
 140518.603    -2.202     0.00    0.00
 140897.487    -2.202     0.00    0.00
 141276.456    -2.202     0.00    0.00
 141655.508    -2.202     0.00    0.00
 142034.644    -2.202     0.00    0.00
 142413.865    -2.202     0.00    0.00
 142793.169    -2.202     0.00    0.00
 143172.558    -1.825     1.00    2.04
 143552.031     0.840     7.02    7.79
 143931.588     7.778    18.28   15.89
 144311.229    15.499    20.34   19.74
 144690.955    25.324    25.88   19.93
 145070.765    33.177    20.68   16.16
 145450.660    39.353    16.26    8.78
 145830.639    42.766     8.98    3.92
 146210.703    43.737     2.55    3.06
 146590.851    43.614    -0.32    3.02
 146971.084    43.165    -1.18    2.57
 147351.402    43.482     0.83    2.59
 147731.805    42.400    -2.85    2.82
 148112.292    41.923    -1.25    3.10
 148492.865    40.663    -3.31    3.40
 148873.522    39.746    -2.41    3.65
 149254.265    39.675    -0.19    3.53
 149635.092    39.979     0.80    3.09
 150016.005    39.237    -1.95    3.51
 150397.003    38.561    -1.77    3.90
 150778.086    36.829    -4.55    4.48
 151159.254    35.156    -4.39    3.90
 151540.508    34.131    -2.69    3.72
 151915.570    32.673    -3.89    3.17
 152280.712    31.237    -3.93    3.47
 152645.931    28.696    -6.96    4.36
 153011.227    25.392    -9.05    5.26
 153376.600    22.920    -6.76    4.77
 153742.050    21.254    -4.56    3.82
 154107.577    20.970    -0.78    3.92
 154473.182    21.712     2.03    4.86
 154838.864    24.458     7.51    6.37
 155204.624    26.798     6.40    6.42
 155570.461    27.840     2.85    5.49
 155936.376    27.737    -0.28    4.61
 156302.368    25.341    -6.55    4.67
 156668.437    22.798    -6.95    3.54
 157034.585    21.192    -4.39    3.33
 157400.810    19.525    -4.55    3.64
 157767.112    19.028    -1.36    4.09
 158133.493    20.177     3.14    5.86
 158499.951    23.283     8.48    7.67
 158866.488    29.254    16.29   10.25
 159233.102    36.768    20.50   12.37
 159599.794    43.187    17.51    9.82
 159966.564    44.848     4.53    8.39
 160333.413    43.631    -3.32    9.49
 160700.339    39.413   -11.50    9.67
 161067.344    34.747   -12.71    9.04
 161434.427    30.881   -10.53    7.15
 161801.588    28.444    -6.64    4.94
 162168.828    27.852    -1.61    7.11
 162536.145    27.888     0.10   10.02
 162903.542    27.377    -1.39   11.83
 163271.017    25.545    -4.98   13.62
 163638.570    24.624    -2.51   14.24
 164006.202    23.196    -3.89   15.00
 164373.913    22.169    -2.79   14.85
 164741.702    21.211    -2.61   14.78
 165109.570    21.318     0.29   14.49
 165477.517    21.626     0.84   13.25
 165845.542    21.697     0.19   11.06
 166213.647    21.471    -0.61   10.26
 166581.830    23.674     5.98    8.78
 166950.093    26.939     8.87    8.84
 167318.434    30.025     8.38    8.15
 167686.855    29.889    -0.37    8.78
 168055.355    28.468    -3.86   10.35
 168423.934    27.061    -3.82   10.63
 168792.592    26.404    -1.78   11.05
 169161.329    27.002     1.62   12.30
 169530.146    25.975    -2.78   13.30
 169899.042    24.553    -3.86   12.92
 170268.018    22.465    -5.66   10.83
 170637.073    20.714    -4.74    8.28
 171006.207    19.111    -4.34    6.57
 171375.422    19.135     0.06    6.57
 171744.716    19.508     1.01    9.02
 172114.089    21.577     5.60   11.68
 172483.543    24.778     8.67   11.95
 172853.076    27.746     8.03   10.27
 173222.689    28.118     1.00    8.22
 173592.382    29.118     2.71    7.68
 173962.154    30.084     2.61    7.72
 174332.007    30.278     0.52    6.82
 174701.940    30.454     0.48    6.32
 175071.953    30.869     1.12    6.03
 175442.046    31.602     1.98    6.47
 175812.220    31.857     0.69    6.20
 176182.473    32.066     0.56    5.74
 176552.807    30.988    -2.91    5.86
 176923.222    31.610     1.68    7.32
 177293.716    33.558     5.26   10.06
 177664.291    35.418     5.02   11.70
 178034.947    38.303     7.78   11.59
 178405.683    39.465     3.13    9.60
 178776.500    39.056    -1.10    7.75
 179147.398    39.329     0.73    6.85
 179518.376    37.551    -4.79    5.67
 179889.435    36.293    -3.39    5.90
 180260.575    34.984    -3.53    6.28
 180631.796    34.138    -2.28    6.65
 181003.098    35.954     4.89    7.91
 181374.481    39.592     9.80    9.31
 181745.944    44.758    13.91    9.23
 182117.489    49.165    11.86    7.38
 182489.115    51.081     5.15    6.63
 182860.822    52.862     4.79    6.16
 183232.611    52.909     0.13    5.61
 183604.481    51.110    -4.84    5.85
 183976.432    48.030    -8.28    6.01
 184348.464    45.148    -7.75    4.71
 184720.578    43.788    -3.66    3.59
 185092.774    43.725    -0.17    3.17
 185465.051    43.616    -0.29    2.83
 185837.410    44.104     1.31    2.82
 186209.850    42.420    -4.52    6.40
 186582.372    37.194   -14.03   12.00
 186954.976    36.850    -0.92   15.96
 187327.662    42.422    14.95   23.14
 187700.429    55.927    36.23   25.45
 188073.279    68.398    33.45   15.95
 188446.211    71.873     9.32   10.07
 188819.224    66.058   -15.59   12.84
 189192.320    55.465   -28.40   15.44
 189565.498    43.890   -31.02   13.89
 189938.758    35.949   -21.28    9.30
 190312.100    32.838    -8.34    4.56
 190685.525    34.278     3.86    5.32
 191059.032    36.594     6.20    5.19
 191432.621    37.342     2.00    5.31
 191806.293    38.145     2.15    5.83
 192180.048    38.828     1.83    6.26
 192553.885    39.110     0.75    5.72
 192927.804    39.938     2.22    5.93
 193301.807    41.669     4.63    6.44
 193675.892    44.699     8.10    6.04
 194050.060    47.145     6.54    5.21
 194424.310    47.174     0.08    6.33
 194798.644    48.056     2.36    6.51
 195173.061    49.333     3.41    5.88
 195547.560    48.545    -2.10    5.71
 195922.143    47.616    -2.48    5.39
 196296.809    48.839     3.26    8.81
 196671.558    52.604    10.05   10.39
 197046.390    57.368    12.71   10.73
 197421.306    60.573     8.55    9.39
 197796.305    59.636    -2.50    8.42
 198171.387    56.416    -8.59    9.59
 198546.553    53.937    -6.61    8.13
 198921.802    52.325    -4.30    6.13
 199297.135    53.550     3.27    5.02
 199672.552    54.819     3.38    4.63
 200048.052    55.630     2.16    3.97
 200423.636    56.543     2.43    3.84
 200799.303    56.868     0.87    3.96
 201175.055    57.499     1.68    4.63
 201550.890    59.906     6.40    6.84
 201926.810    64.196    11.41    9.43
 202302.813    68.628    11.79    9.12
 202678.901    72.384     9.99    8.93
 203055.072    76.242    10.26    8.10
 203431.328    78.008     4.69    6.64
 203807.668    77.819    -0.50    7.12
 204184.092    74.118    -9.83    9.03
 204560.601    70.298   -10.15    8.89
 204937.194    67.222    -8.17    6.67
 205313.871    63.683    -9.40    6.46
 205690.633    61.008    -7.10    7.82
 206067.480    58.987    -5.36    8.01
 206444.411    58.739    -0.66    7.50
 206821.427    61.058     6.15    8.45
 207198.527    65.588    12.01    8.36
 207575.713    68.298     7.19    5.72
 207952.983    67.828    -1.25    6.80
 208330.338    65.944    -4.99    6.85
 208707.778    64.368    -4.18    5.40
 209085.303    64.145    -0.59    4.26
 209462.914    64.828     1.81    3.98
 209840.609    67.654     7.48    5.24
 210218.389    70.273     6.93    5.17
 210596.255    70.471     0.53    5.85
 210974.206    70.308    -0.43    6.47
 211352.243    70.553     0.65    6.34
 211730.365    70.556     0.01    6.01
 212108.572    70.508    -0.13    5.03
 212486.865    69.869    -1.69    4.88
 212865.243    69.604    -0.70    5.24
 213243.707    69.747     0.38    5.04
 213622.257    69.648    -0.26    4.40
 214000.893    69.458    -0.50    3.52
 214379.614    70.488     2.72    4.18
 214758.421    70.932     1.17    4.72
 215137.314    71.228     0.78    4.74
 215516.293    71.073    -0.41    5.10
 215895.359    70.566    -1.34    5.39
 216274.510    70.471    -0.25    5.10
 216653.747    69.505    -2.55    4.70
 217033.071    68.553    -2.51    3.91
 217412.481    67.358    -3.15    3.08
 217791.977    67.533     0.46    3.63
 218171.560    66.897    -1.67    5.34
 218551.229    65.881    -2.68    7.58
 218930.985    65.491    -1.03    8.46
 219310.827    63.107    -6.28    8.05
 219690.756    61.978    -2.97    6.72
 220070.771    62.240     0.69    4.34
 220450.874    63.293     2.77    4.45
 220831.063    66.255     7.79    5.82
 221211.339    70.253    10.51    6.73
 221591.702    75.277    13.21    6.58
 221972.152    78.121     7.48    5.84
 222352.688    81.223     8.15    7.44
 222733.312    84.501     8.61    8.53
 223114.024    87.725     8.47    9.74
 223494.822    90.036     6.07    8.90
 223875.708    92.711     7.03    7.77
 224256.680    94.144     3.76    6.94
 224637.741    95.777     4.29    5.71
 225018.889    99.769    10.47    5.67
 225400.124   103.537     9.89    7.09
 225781.447   108.243    12.34    9.46
 226162.857   111.400     8.28   10.88
 226544.083   115.458    10.65   13.17
 226908.985   116.135     1.86   13.80
 227273.965   115.768    -1.00   13.68
 227639.024   112.308    -9.48   14.27
 228004.162   107.162   -14.10   14.51
 228369.379   101.174   -16.40   12.09
 228734.675    97.004   -11.42    7.13
 229100.051    96.333    -1.84    4.37
 229465.505    96.758     1.16    5.00
 229831.038    97.946     3.25    6.28
 230196.651    99.928     5.42    7.20
 230562.343   102.717     7.63    9.39
 230928.115   106.178     9.46   10.93
 231293.965   109.183     8.22   11.04
 231659.896   110.112     2.54    9.70
 232025.905   109.400    -1.94    7.76
 232391.995   107.989    -3.85    4.57
 232758.164   108.745     2.06    4.31
