-166780.212    88.061     0.00    9.45
-166401.023    82.873   -13.68   12.44
-166021.744    73.111   -25.74   18.01
-165642.373    62.220   -28.71   17.76
-165262.912    51.886   -27.23   10.83
-164883.360    48.952    -7.73    7.88
-164503.718    48.846    -0.28    6.20
-164123.984    51.327     6.53    4.97
-163744.159    52.647     3.47    3.02
-163364.243    53.624     2.57    2.79
-162984.236    54.881     3.31    3.99
-162604.137    58.150     8.60    5.76
-162223.948    63.520    14.13    7.12
-161843.667    68.651    13.49    6.53
-161463.294    71.122     6.50    4.91
-161082.831    69.231    -4.97    6.17
-160702.275    64.620   -12.12    7.53
-160321.628    60.710   -10.27    6.08
-159940.889    59.392    -3.46    6.30
-159560.059    61.792     6.30    8.86
-159179.137    66.202    11.57    9.82
-158798.123    73.689    19.65   10.44
-158417.017    78.221    11.89    9.37
-158035.819    80.915     7.07    8.11
-157654.528    78.067    -7.47    9.78
-157273.146    69.943   -21.30   12.04
-156891.672    63.594   -16.64   10.87
-156510.105    61.104    -6.53   10.45
-156128.446    61.667     1.47   10.80
-155746.694    61.953     0.75    9.94
-155380.596    56.528   -14.82   12.49
-155016.183    49.890   -18.21   11.57
-154651.687    42.766   -19.54    8.17
-154287.109    35.808   -19.09    6.97
-153922.449    32.925    -7.91    6.86
-153557.706    31.654    -3.48    5.47
-153192.880    31.404    -0.69    4.61
-152827.971    35.724    11.84    7.41
-152462.979    42.814    19.42   10.66
-152097.905    53.374    28.92   14.74
-151732.748    62.570    25.18   13.65
-151367.507    70.304    21.17    9.62
-151002.184    72.914     7.14    7.44
-150636.777    71.716    -3.28    6.98
-150271.287    68.302    -9.34    7.00
-149905.714    64.170   -11.30    7.70
-149540.058    57.740   -17.58    7.95
-149174.319    51.333   -17.52    8.45
-148808.496    44.810   -17.83    7.38
-148442.589    39.302   -15.05    6.88
-148076.599    34.377   -13.45    6.98
-147710.526    28.769   -15.32    7.66
-147344.369    24.561   -11.49    6.98
-146978.128    20.373   -11.43    4.89
-146611.804    17.896    -6.76    2.60
-146245.395    16.962    -2.55    2.99
-145878.903    15.276    -4.60    4.85
-145512.327    13.813    -3.99    5.79
-145145.667    10.748    -8.36    7.01
-144778.923     7.972    -7.57    6.90
-144412.095     6.953    -2.78    5.77
-144045.183     9.887     8.00    8.28
-143678.186    13.827    10.74    9.07
-143311.106    15.679     5.05    7.81
-142943.941    13.935    -4.75    8.78
-142576.691     9.398   -12.35    8.41
-142209.357     6.972    -6.60    6.16
-141841.939     8.896     5.24    8.18
-141474.436    15.632    18.33   10.47
-141106.849    21.308    15.44    8.42
-140739.177    24.020     7.37    5.70
-140371.420    21.542    -6.74    8.42
-140003.579    16.692   -13.18    9.81
-139635.652    11.645   -13.72    8.85
-139267.641     7.701   -10.72    6.70
-138899.545     5.346    -6.40    4.15
-138531.364     5.546     0.54    3.49
-138163.097     8.069     6.85    5.35
-137794.746     9.776     4.63    6.22
-137426.309     9.808     0.09    6.41
-137057.788     8.566    -3.37    5.91
-136689.181     8.037    -1.43    4.79
-136320.488     9.584     4.19    5.66
-135951.710    14.431    13.14    6.16
-135582.847    18.282    10.44    4.56
-135213.898    20.764     6.73    4.85
-134844.864    22.462     4.60    4.57
-134475.744    24.635     5.88    4.22
-134106.538    25.849     3.29    3.40
-133737.246    26.860     2.74    2.93
-133367.869    26.514    -0.94    3.39
-132998.406    26.394    -0.32    3.09
-132628.856    26.962     1.54    2.88
-132259.221    28.084     3.03    2.38
-131889.500    29.000     2.48    1.89
-131519.692    28.697    -0.82    2.05
-131149.799    27.810    -2.40    2.16
-130779.819    27.404    -1.10    2.19
-130409.753    27.365    -0.10    2.19
-130039.600    27.411     0.12    2.21
-129669.361    27.336    -0.20    2.36
-129299.036    28.010     1.82    2.20
-128928.624    28.229     0.59    2.18
-128558.125    28.300     0.19    2.31
-128187.540    28.110    -0.51    2.40
-127816.868    27.952    -0.43    2.57
-127446.109    27.843    -0.29    2.62
-127075.264    27.287    -1.50    2.37
-126704.331    26.154    -3.05    2.97
-126333.312    24.435    -4.63    3.49
-125962.205    21.660    -7.48    4.01
-125591.012    19.444    -5.97    3.49
-125219.731    18.683    -2.05    3.56
-124848.363    17.299    -3.73    3.77
-124476.908    16.776    -1.41    4.89
-124105.366    17.552     2.09    6.29
-123733.736    17.421    -0.35    6.53
-123362.018    18.660     3.33    5.37
-122990.213    20.130     3.95    4.57
-122618.321    21.543     3.80    5.04
-122246.341    23.167     4.36    4.54
-121874.273    23.664     1.34    3.68
-121502.118    22.383    -3.44    4.31
-121129.874    19.898    -6.68    4.06
-120757.543    17.827    -5.56    3.55
-120385.124    16.074    -4.71    4.86
-120012.617    14.740    -3.58    5.24
-119640.021    13.449    -3.47    5.68
-119267.338    11.132    -6.22    5.99
-118894.566     9.065    -5.54    5.74
-118521.707     9.206     0.38    5.86
-118148.759    11.133     5.17    6.81
-117775.722    14.654     9.44    6.17
-117402.597    17.680     8.11    3.47
-117029.384    17.164    -1.38    3.62
-116656.082    13.644    -9.43    4.64
-116282.691     9.794   -10.31    4.62
-115909.212     7.925    -5.00    3.70
-115535.644     6.916    -2.70    2.66
-115161.987     7.065     0.40    2.64
-114788.241     7.750     1.83    2.16
-114414.406     8.333     1.56    2.86
-114040.483     9.163     2.22    3.74
-113666.470    10.519     3.62    4.83
-113292.368    11.078     1.49    5.03
-112918.177    10.426    -1.74    4.72
-112543.897     9.243    -3.16    3.71
-112169.527     7.953    -3.44    1.90
-111795.068     7.514    -1.17    0.60
-111420.519     7.695     0.48    1.03
-111045.882     7.706     0.03    1.06
-110671.154     7.626    -0.21    1.21
-110296.337     7.587    -0.10    1.27
-109921.430     7.314    -0.73    0.97
-109546.433     7.321     0.02    0.92
-109171.347     7.387     0.18    0.58
-108796.171     7.380    -0.02    0.54
-108420.904     6.870    -1.36    1.52
-108045.548     5.406    -3.90    2.83
-107670.102     3.664    -4.64    3.00
-107294.565     1.838    -4.86    1.96
-106918.938     1.028    -2.16    0.17
-106543.221     1.000    -0.07    0.00
-106167.414     1.486     1.29    1.44
-105791.516     2.491     2.67    2.24
-105415.528     3.817     3.53    2.43
-105039.449     4.972     3.07    2.11
-104663.280     5.785     2.16    1.06
-104287.020     5.860     0.20    1.03
-103910.669     5.657    -0.54    0.95
-103534.228     5.595    -0.17    1.06
-103157.696     5.740     0.39    1.21
-102781.072     5.654    -0.23    1.23
-102404.358     5.980     0.86    1.44
-102027.553     5.688    -0.77    1.18
-101650.656     5.495    -0.51    1.03
-101273.669     5.280    -0.57    0.92
-100896.590     5.065    -0.57    0.40
-100519.420     5.037    -0.08    0.41
-100142.158     5.120     0.22    0.61
 -99764.805     5.094    -0.07    0.71
 -99387.361     4.972    -0.32    0.80
 -99009.825     4.648    -0.86    0.90
 -98632.197     4.273    -0.99    0.91
 -98254.478     3.769    -1.33    1.26
 -97876.667     3.229    -1.43    1.38
 -97498.764     2.819    -1.09    1.33
 -97120.769     2.250    -1.51    1.30
 -96742.682     2.103    -0.39    1.29
 -96364.503     2.065    -0.10    1.28
 -95986.232     1.766    -0.79    1.17
 -95607.869     1.607    -0.42    1.09
 -95229.414     1.833     0.60    1.19
 -94850.866     2.364     1.40    1.49
 -94472.226     2.826     1.22    1.48
 -94093.494     3.200     0.99    1.55
 -93714.669     2.591    -1.61    1.79
 -93335.751     1.650    -2.48    1.64
 -92956.741     1.110    -1.42    1.49
 -92577.638     0.456    -1.72    0.52
 -92198.443     0.321    -0.36    0.47
 -91819.154     0.206    -0.30    0.41
 -91439.773     0.092    -0.30    0.29
 -91060.298     0.056    -0.10    0.33
 -90680.731     1.045     2.61    2.44
 -90301.071     3.380     6.15    6.29
 -89921.317     8.417    13.26   10.39
 -89541.470    15.009    17.35   12.82
 -89161.530    25.243    26.93   14.05
 -88781.496    33.642    22.10   12.33
 -88401.369    39.291    14.86    7.79
 -88021.149    41.312     5.31    6.90
 -87640.835    41.616     0.80    6.04
 -87260.427    39.853    -4.63    6.05
 -86879.925    38.356    -3.93    6.91
 -86499.330    35.413    -7.73    9.53
 -86118.641    31.486   -10.32   11.32
 -85737.858    30.385    -2.89   11.44
 -85356.981    28.189    -5.77   11.94
 -84976.010    28.373     0.48   12.19
 -84594.945    27.769    -1.59   13.30
 -84213.786    28.330     1.47   15.19
 -83832.532    29.426     2.87   17.18
 -83451.184    29.852     1.12   18.40
 -83069.742    27.578    -5.96   17.97
 -82688.205    25.084    -6.54   16.60
 -82306.573    22.748    -6.12   14.65
 -81924.847    23.981     3.23   16.46
 -81543.027    25.927     5.10   19.00
 -81161.111    28.698     7.25   20.53
 -80788.318    30.440     4.67   20.71
 -80424.148    30.952     1.41   19.83
 -80059.895    33.252     6.31   19.48
 -79695.556    33.714     1.27   19.30
 -79331.134    36.645     8.04   18.85
 -78966.627    36.364    -0.77   18.24
 -78602.035    35.094    -3.48   16.40
 -78237.359    34.074    -2.80   14.26
 -77872.598    33.009    -2.92   11.09
 -77507.753    32.895    -0.31    7.13
 -77142.823    31.856    -2.85    4.61
 -76777.808    31.000    -2.34    3.43
 -76412.708    29.578    -3.89    3.17
 -76047.523    30.155     1.58    4.99
 -75682.254    30.547     1.07    5.62
 -75316.899    32.099     4.25    6.33
 -74951.460    36.840    12.97    9.35
 -74585.935    42.981    16.80   10.16
 -74220.325    48.091    13.97    8.70
 -73854.630    51.757    10.03    4.41
 -73488.849    51.764     0.02    3.55
 -73122.983    51.486    -0.76    3.56
 -72757.032    51.523     0.10    4.88
 -72390.995    51.339    -0.50    5.55
 -72024.872    51.760     1.15    5.94
 -71658.664    52.855     2.99    5.20
 -71292.371    54.159     3.56    4.21
 -70925.991    54.709     1.50    2.79
 -70559.526    54.658    -0.14    2.19
 -70192.975    54.533    -0.34    2.40
 -69826.338    53.807    -1.98    3.54
 -69459.615    52.000    -4.93    4.58
 -69092.806    48.731    -8.91    6.10
 -68725.911    43.787   -13.48    8.58
 -68358.929    34.830   -24.41   11.78
 -67991.862    25.064   -26.61   13.12
 -67624.708    15.689   -25.53   10.11
 -67257.468     9.595   -16.59    6.13
 -66890.142     7.134    -6.70    3.62
 -66522.729     6.411    -1.97    3.22
 -66155.229     5.464    -2.58    3.15
 -65787.643     4.519    -2.57    3.03
 -65419.971     2.908    -4.38    2.31
 -65052.211     2.275    -1.72    1.32
 -64684.365     3.454     3.20    3.48
 -64316.432     6.243     7.58    6.30
 -63948.412    10.712    12.14    8.04
 -63580.306    18.155    20.22   10.07
 -63212.112    27.250    24.70   11.11
 -62843.831    37.477    27.77   12.10
 -62475.463    46.636    24.86   10.94
 -62107.008    53.413    18.39    7.95
 -61738.466    56.045     7.14    5.65
 -61369.836    55.692    -0.96    5.76
 -61001.119    52.615    -8.34    5.68
 -60632.314    49.908    -7.34    5.66
 -60263.422    48.724    -3.21    6.14
 -59894.443    50.205     4.02    6.94
 -59525.376    53.387     8.62    6.77
 -59156.221    57.223    10.39    6.16
 -58786.978    59.955     7.40    5.20
 -58417.648    62.991     8.22    5.67
 -58048.230    65.135     5.80    6.33
 -57678.723    67.137     5.42    6.31
 -57309.129    66.973    -0.44    5.34
 -56939.447    63.630    -9.04    7.29
 -56569.677    58.872   -12.87    7.88
 -56199.818    55.300    -9.66    6.98
 -55829.871    54.802    -1.35    6.97
 -55459.836    59.300    12.16   10.32
 -55089.713    65.435    16.58   10.62
 -54719.501    70.881    14.71    6.28
 -54349.201    71.431     1.49    5.24
 -53978.812    68.110    -8.97    7.09
 -53608.334    63.595   -12.19    6.98
 -53237.768    58.240   -14.45    5.60
 -52867.113    53.234   -13.51    5.87
 -52496.369    48.890   -11.72    6.12
 -52125.537    45.973    -7.87    4.91
 -51754.615    45.287    -1.85    4.29
 -51383.604    46.311     2.76    4.14
 -51012.505    46.892     1.56    4.18
 -50641.316    46.856    -0.10    4.43
 -50270.038    46.063    -2.14    4.03
 -49898.671    45.055    -2.71    3.09
 -49527.214    44.422    -1.70    2.29
 -49155.668    43.784    -1.72    2.76
 -48784.033    44.229     1.20    3.89
 -48412.308    47.063     7.63    5.75
 -48040.494    52.065    13.45    9.15
 -47668.590    59.264    19.36   11.25
 -47296.596    66.791    20.23   11.21
 -46924.512    74.596    20.98    8.87
 -46552.339    79.360    12.80    6.51
 -46180.076    80.558     3.22    5.48
 -45807.722    75.315   -14.08   11.00
 -45435.279    67.850   -20.04   13.35
 -45062.746    57.266   -28.41   12.67
 -44690.122    49.266   -21.47    9.98
 -44317.408    42.606   -17.87    7.03
 -43944.604    38.643   -10.63    4.99
 -43571.710    36.096    -6.83    3.22
 -43198.725    32.802    -8.83    4.31
 -42825.650    29.694    -8.33    5.93
 -42452.484    27.189    -6.71    5.14
 -42079.228    26.700    -1.31    4.16
 -41705.881    28.927     5.97    4.87
 -41332.443    31.661     7.32    4.78
 -40958.914    33.547     5.05    5.33
 -40585.295    35.173     4.35    6.00
 -40211.584    35.533     0.96    6.16
 -39837.783    32.000    -9.45    7.25
 -39463.890    27.899   -10.97    6.99
 -39089.907    24.064   -10.26    5.43
 -38715.832    21.214    -7.62    4.95
 -38341.666    18.880    -6.24    5.16
 -37967.408    17.450    -3.82    5.00
 -37593.060    17.740     0.77    5.31
 -37218.619    21.708    10.60    8.57
 -36844.087    27.679    15.94   10.14
 -36469.464    34.550    18.34    9.09
 -36094.749    38.920    11.66    6.54
 -35719.942    39.935     2.71    4.81
 -35345.043    36.171   -10.04    7.46
 -34970.053    29.233   -18.50    9.51
 -34594.971    21.214   -21.38    9.82
 -34219.796    14.896   -16.84    6.98
 -33844.530    10.901   -10.65    3.52
 -33469.171     9.083    -4.84    2.29
 -33093.720     9.127     0.12    2.68
 -32718.177     9.768     1.71    3.43
 -32342.542    11.385     4.31    3.47
 -31966.814    12.319     2.48    2.97
 -31590.993    12.019    -0.80    3.17
 -31215.081    11.062    -2.54    4.28
 -30839.075     9.869    -3.17    4.28
 -30462.977     8.670    -3.19    3.14
 -30086.786     8.118    -1.47    1.60
 -29710.503     8.277     0.42    1.23
 -29334.126     8.358     0.22    1.24
 -28957.656     8.872     1.36    1.97
 -28581.094     9.694     2.18    2.65
 -28204.438    10.721     2.73    2.70
 -27827.690    11.321     1.59    2.28
 -27450.848    10.574    -1.98    2.79
 -27073.912     9.694    -2.34    2.89
 -26696.884     9.275    -1.11    2.57
 -26319.762    10.685     3.74    3.07
 -25942.546    13.265     6.84    3.58
 -25565.237    15.611     6.22    2.95
 -25187.835    16.545     2.47    1.94
 -24810.338    16.821     0.73    1.76
 -24432.748    16.513    -0.81    2.01
 -24055.064    15.904    -1.61    2.09
 -23677.286    15.540    -0.96    2.12
 -23299.414    14.299    -3.28    2.61
 -22921.448    11.679    -6.93    3.87
 -22543.388    10.911    -2.03    3.55
 -22165.234    11.577     1.76    4.08
 -21786.986    13.577     5.29    4.96
 -21408.643    15.879     6.08    3.30
 -21030.206    15.857    -0.06    3.23
 -20651.674    14.721    -3.00    3.89
 -20273.048    13.089    -4.31    4.21
 -19894.327    10.491    -6.86    4.81
 -19515.512     7.973    -6.65    4.71
 -19136.602     5.630    -6.18    3.65
 -18757.597     3.973    -4.37    2.24
 -18378.497     3.955    -0.05    2.41
 -17999.302     4.315     0.95    2.57
 -17620.012     4.864     1.45    2.81
 -17240.627     4.771    -0.25    2.80
 -16861.147     3.805    -2.54    2.79
 -16481.572     2.269    -4.05    2.08
 -16101.901     1.150    -2.95    1.65
 -15722.135     0.343    -2.13    0.88
 -15342.273     0.000    -0.90    0.00
 -14962.316     0.000     0.00    0.00
 -14582.264     0.000     0.00    0.00
 -14202.116     0.000     0.00    0.00
 -13821.872     0.000     0.00    0.00
 -13441.532     0.000     0.00    0.00
 -13061.096     0.000     0.00    0.00
 -12680.565     0.000     0.00    0.00
 -12299.937     0.000     0.00    0.00
 -11919.213     0.000     0.00    0.00
 -11538.393     0.000     0.00    0.00
 -11157.477     0.000     0.00    0.00
 -10776.465     0.000     0.00    0.00
 -10395.356     0.009     0.02    0.09
 -10014.151     0.009     0.00    0.10
  -9632.849     0.000    -0.02    0.00
  -9251.451     0.000     0.00    0.00
  -8869.956     0.000     0.00    0.00
  -8488.364     0.000     0.00    0.00
  -8106.675     0.000     0.00    0.00
  -7724.890     0.000     0.00    0.00
  -7343.007     0.000     0.00    0.00
  -6961.028     0.161     0.42    0.51
  -6578.951     0.798     1.67    1.22
  -6198.941     1.664     2.28    1.59
  -5835.017     2.481     2.25    1.34
  -5471.007     2.589     0.30    1.24
  -5106.910     2.306    -0.78    1.39
  -4742.728     2.083    -0.61    1.31
  -4378.459     2.393     0.85    1.50
  -4014.104     2.881     1.34    1.59
  -3649.663     3.589     1.94    1.31
  -3285.135     3.625     0.10    1.40
  -2920.522     3.000    -1.71    1.88
  -2555.821     2.097    -2.48    1.95
  -2191.034     1.243    -2.34    1.67
  -1826.160     0.550    -1.90    1.12
  -1461.200     0.150    -1.09    0.57
  -1096.153     0.000    -0.41    0.00
   -731.019     0.000     0.00    0.00
   -365.799     0.000     0.00    0.00
     -0.491     0.000     0.00    0.00
    364.903     0.000     0.00    0.00
    730.385     0.000     0.00    0.00
   1095.954     0.000     0.00    0.00
   1461.609     0.000     0.00    0.00
   1827.353     0.074     0.20    0.40
   2193.183     0.398     0.89    1.06
   2559.101     0.891     1.35    1.48
   2925.106     1.455     1.54    1.71
   3291.198     2.053     1.63    1.75
   3657.378     2.639     1.60    2.01
   4023.646     3.895     3.43    3.13
   4390.001     4.820     2.53    3.34
   4756.444     5.171     0.96    3.26
   5122.975     5.628     1.25    3.13
   5489.594     5.468    -0.44    3.26
   5856.301     6.487     2.78    3.47
   6223.095     7.839     3.69    3.12
   6589.978     8.827     2.69    2.25
   6956.949     9.526     1.90    1.16
   7324.007     9.688     0.44    2.20
   7691.155     9.088    -1.63    3.72
   8058.390     8.513    -1.57    4.26
   8425.714     8.782     0.73    5.07
   8793.126     9.217     1.19    5.91
   9160.627    10.423     3.28    6.71
   9528.216    10.860     1.19    6.37
   9895.894     9.921    -2.55    6.08
  10263.660     7.909    -5.47    4.27
  10631.515     7.274    -1.73    3.76
  10999.459     7.757     1.31    4.57
  11367.492    10.140     6.48    6.40
  11735.614    12.526     6.48    7.43
  12103.825    15.670     8.54    6.79
  12472.125    17.939     6.16    4.84
  12840.514    18.101     0.44    3.89
  13208.992    14.623    -9.44    6.70
  13577.559    12.851    -4.81    7.23
  13946.216    11.532    -3.58    6.85
  14314.962    12.746     3.29    5.94
  14683.798    15.537     7.57    3.57
  15052.723    17.237     4.61    3.19
  15421.738    16.929    -0.83    3.90
  15790.842    14.405    -6.84    6.86
  16160.036    10.496   -10.59    8.70
  16529.320     6.415   -11.05    8.40
  16898.693     2.843    -9.67    5.56
  17268.157     2.812    -0.08    5.79
  17637.710     7.036    11.43    8.75
  18007.354    11.602    12.35    8.83
  18377.087    16.885    14.29    5.03
  18746.911    18.469     4.28    1.57
  19116.825    18.114    -0.96    1.31
  19486.829    16.723    -3.76    2.73
  19856.924    15.278    -3.90    4.10
  20227.109    14.278    -2.70    4.26
  20597.384    14.080    -0.54    3.45
  20967.750    13.838    -0.65    2.53
  21338.207    11.973    -5.03    2.96
  21708.755     9.711    -6.11    3.10
  22079.393     7.853    -5.01    2.73
  22450.122     7.026    -2.23    2.27
  22820.942     7.300     0.74    2.58
  23191.852     8.982     4.54    3.35
  23562.854    11.268     6.16    3.45
  23933.947    13.874     7.02    2.74
  24305.131    14.140     0.72    3.99
  24676.406    13.308    -2.24    5.53
  25047.773    11.080    -6.00    6.46
  25419.231     9.544    -4.14    6.27
  25790.780     9.136    -1.10    5.66
  26162.421     8.243    -2.40    5.36
  26534.153     6.389    -4.99    4.53
  26905.977     7.535     3.08    5.02
  27277.893     9.559     5.44    5.67
  27649.901    12.411     7.67    5.10
  28022.000    14.150     4.68    3.75
  28394.191    13.865    -0.77    4.41
  28766.474    12.983    -2.37    4.90
  29138.849    12.280    -1.89    5.27
  29511.317    11.442    -2.25    5.41
  29883.876    10.699    -2.00    5.26
  30256.528    10.207    -1.32    5.09
  30629.272    10.365     0.42    4.98
  31002.108    10.528     0.44    4.55
  31375.037     9.956    -1.53    4.06
  31748.058    10.000     0.12    3.51
  32121.172     9.789    -0.56    3.71
  32494.378     9.070    -1.93    3.68
  32867.677     9.279     0.56    3.78
  33241.069     9.209    -0.19    3.63
  33614.554     8.733    -1.27    3.44
  33988.132     9.000     0.71    3.33
  34361.802     9.584     1.56    3.23
  34735.566     9.544    -0.11    3.30
  35109.423     9.635     0.24    3.37
  35483.373     9.838     0.54    3.52
  35857.416     9.670    -0.45    3.45
  36231.553     9.046    -1.67    3.47
  36605.783     8.165    -2.35    3.18
  36980.106     7.711    -1.21    2.82
  37354.523     7.071    -1.71    3.03
  37729.034     6.711    -0.96    3.86
  38103.638     6.280    -1.15    4.77
  38478.336     6.104    -0.47    4.98
  38853.128     5.330    -2.07    5.00
  39228.014     3.965    -3.64    4.84
  39602.994     2.289    -4.47    4.08
  39978.068     0.894    -3.72    2.54
  40353.235     0.164    -1.95    0.65
  40728.497     0.171     0.02    0.73
  41103.854     0.078    -0.25    0.38
  41479.304     0.393     0.84    1.34
  41854.849     2.235     4.90    3.67
  42230.489     4.123     5.03    4.22
  42606.222     6.053     5.14    3.92
  42982.051     6.939     2.36    3.64
  43357.974     6.645    -0.78    3.86
  43733.992     6.226    -1.11    4.02
  44110.105     5.791    -1.16    4.00
  44486.312     5.165    -1.66    4.01
  44862.615     4.115    -2.79    4.05
  45239.012     2.861    -3.33    3.78
  45615.505     1.395    -3.89    2.88
  45992.093     0.234    -3.08    0.94
  46368.776     0.000    -0.62    0.00
  46745.554     0.036     0.10    0.27
  47122.428     0.904     2.30    2.14
  47499.397     1.670     2.03    2.67
  47876.461     1.800     0.35    2.52
  48253.622     1.825     0.07    2.48
  48630.877     1.465    -0.95    2.17
  49008.229     1.336    -0.34    2.20
  49385.676     1.427     0.24    2.41
  49763.220     1.704     0.73    3.00
  50140.859     2.476     2.04    4.46
  50518.594     2.948     1.25    5.47
  50896.426     2.814    -0.35    5.52
  51274.353     1.728    -2.87    3.75
  51652.377     0.948    -2.06    2.08
  52030.497     0.540    -1.08    1.33
  52408.713     0.322    -0.58    0.95
  52787.026     0.181    -0.37    0.73
  53165.436     0.069    -0.30    0.52
  53543.942     0.000    -0.18    0.00
  53922.545     0.209     0.55    0.82
  54301.244     0.956     1.97    2.06
  54680.040     2.461     3.97    3.17
  55058.934     3.478     2.69    3.27
  55437.924     4.196     1.90    3.00
  55817.011     3.670    -1.39    3.16
  56196.196     2.706    -2.54    2.90
  56575.477     1.765    -2.48    2.40
  56954.856     0.855    -2.40    1.88
  57334.332     1.435     1.53    2.91
  57713.906     1.752     0.84    3.93
  58093.577     1.843     0.24    4.15
  58473.345     1.330    -1.35    3.56
  58853.212     0.464    -2.28    1.72
  59233.176     0.122    -0.90    0.76
  59613.237     0.000    -0.32    0.00
  59993.397     0.000     0.00    0.00
  60373.655     0.000     0.00    0.00
  60754.010     0.000     0.00    0.00
  61134.464     0.000     0.00    0.00
  61515.016     0.000     0.00    0.00
  61895.666     0.000     0.00    0.00
  62276.414     0.000     0.00    0.00
  62657.261     0.000     0.00    0.00
  63038.206     0.000     0.00    0.00
  63419.250     0.148     0.39    0.75
  63800.393     0.618     1.23    2.08
  64181.634     0.517    -0.26    1.84
  64562.974     0.257    -0.68    1.08
  64944.412     0.164    -0.24    0.77
  65325.950     0.425     0.68    1.22
  65707.586     0.991     1.48    1.99
  66089.322     1.319     0.86    2.16
  66471.157     1.807     1.28    3.20
  66853.091     2.626     2.14    4.56
  67235.124     3.796     3.06    4.66
  67617.257     5.376     4.13    4.90
  67999.489     6.982     4.20    5.48
  68381.821     7.457     1.24    5.79
  68750.864     7.642     0.50    6.52
  69114.630     8.698     2.90    7.75
  69478.484    10.276     4.34    8.15
  69842.426    12.027     4.81    7.84
  70206.455    15.615     9.86    7.58
  70570.573    19.114     9.61    8.39
  70934.779    21.779     7.32    8.46
  71299.072    26.000    11.59    8.02
  71663.454    28.009     5.51    7.66
  72027.924    27.328    -1.87    7.26
  72392.482    25.713    -4.43    7.26
  72757.129    22.165    -9.73    6.67
  73121.864    18.284   -10.64    4.93
  73486.687    15.579    -7.42    2.75
  73851.599    15.105    -1.30    2.01
  74216.600    15.932     2.26    3.55
  74581.689    18.622     7.37    5.80
  74946.867    22.070     9.44    5.91
  75312.134    23.521     3.97    4.91
  75677.489    22.826    -1.90    4.78
  76042.934    19.128   -10.12    6.03
  76408.467    16.327    -7.66    5.09
  76774.090    14.478    -5.06    3.71
  77139.801    14.256    -0.61    3.33
  77505.602    16.126     5.11    4.79
  77871.492    18.643     6.88    6.81
  78237.471    21.104     6.72    7.26
  78603.540    23.115     5.49    6.40
  78969.698    23.778     1.81    5.84
  79335.946    23.435    -0.94    6.15
  79702.283    25.122     4.61    7.41
  80068.710    26.761     4.47    8.18
  80435.226    28.376     4.41    8.14
  80801.832    32.017     9.93    7.30
  81168.528    34.552     6.91    6.88
  81535.314    35.447     2.44    6.38
  81902.190    35.815     1.00    5.91
  82269.156    33.930    -5.14    7.93
  82636.212    31.310    -7.14    9.20
  83003.358    31.025    -0.78    9.16
  83370.595    29.291    -4.72    8.05
  83737.921    30.009     1.95    6.64
  84105.338    29.938    -0.19    5.81
  84472.846    30.526     1.60    7.62
  84840.444    33.672     8.56    8.66
  85208.132    35.591     5.22    7.24
  85575.911    34.069    -4.14    7.93
  85943.781    31.112    -8.04    9.04
  86311.741    26.186   -13.39    7.46
  86679.793    23.695    -6.77    5.77
  87047.935    23.384    -0.84    5.83
  87416.168    24.716     3.62    6.18
  87784.493    24.802     0.23    5.58
  88152.908    23.920    -2.39    6.71
  88521.414    23.828    -0.25    6.58
  88890.012    23.535    -0.79    6.44
  89258.701    26.222     7.29    8.74
  89627.481    29.667     9.34    7.88
  89996.353    29.899     0.63    8.13
  90365.316    25.248   -12.61   11.18
  90734.371    21.362   -10.53   10.46
  91103.518    21.426     0.17   10.29
  91472.756    24.371     7.98   10.67
  91842.086    26.636     6.13    9.52
  92211.508    27.897     3.41    7.20
  92581.021    26.940    -2.59    7.59
  92950.627    23.009   -10.64    6.87
  93320.325    18.707   -11.64    4.96
  93690.115    16.312    -6.48    3.47
  94059.997    16.248    -0.17    3.47
  94429.971    17.259     2.73    4.25
  94800.038    19.897     7.13    5.26
  95170.197    21.709     4.90    4.27
  95540.448    22.473     2.06    3.85
  95910.792    21.948    -1.42    3.80
  96281.228    20.422    -4.12    2.50
  96651.758    19.619    -2.17    1.62
  97022.380    19.462    -0.42    1.35
  97393.094    19.591     0.35    1.54
  97763.902    19.949     0.97    1.59
  98134.802    20.162     0.57    1.85
  98505.796    20.841     1.83    2.24
  98876.883    21.136     0.79    2.05
  99248.062    20.807    -0.88    2.52
  99619.336    19.492    -3.54    3.21
  99990.702    17.947    -4.16    2.93
 100362.161    16.841    -2.98    2.41
 100733.715    16.602    -0.64    2.51
 101105.361    17.282     1.83    2.94
 101477.101    17.949     1.79    3.37
 101848.935    18.759     2.18    3.39
 102220.863    19.897     3.06    3.36
 102592.884    19.923     0.07    3.50
 102964.999    20.384     1.24    3.83
 103337.208    20.179    -0.55    3.98
 103709.511    19.690    -1.32    3.95
 104081.908    18.862    -2.22    3.37
 104454.400    18.462    -1.08    3.13
 104826.985    19.264     2.15    3.56
 105199.665    21.797     6.80    5.69
 105572.439    24.491     7.23    5.64
 105945.308    26.774     6.12    4.92
 106318.271    28.000     3.29    5.07
 106691.328    29.955     5.24    5.55
 107064.481    32.347     6.41    5.56
 107437.728    35.214     7.68    4.72
 107811.069    37.500     6.12    4.29
 108184.506    38.890     3.72    4.84
 108558.037    39.237     0.93    5.50
 108931.664    39.933     1.86    5.02
 109305.385    39.691    -0.65    3.78
 109679.202    39.474    -0.58    2.92
 110053.114    40.291     2.18    3.48
 110427.121    41.259     2.59    3.90
 110801.224    42.790     4.09    5.43
 111175.422    45.627     7.58    6.87
 111549.715    51.347    15.28   10.19
 111924.104    57.060    15.26   11.22
 112298.589    62.864    15.50   11.38
 112673.170    66.759    10.40   11.53
 113047.846    68.562     4.81   12.07
 113422.618    67.085    -3.94   12.12
 113797.486    65.036    -5.47   10.50
 114172.450    65.314     0.74   10.40
 114547.510    71.655    16.91   13.44
 114922.667    81.000    24.91   12.11
 115297.919    86.303    14.13   10.21
 115673.268    88.336     5.42   10.47
 116048.713    89.529     3.18   10.71
 116424.255    92.966     9.15   10.61
 116799.893    99.689    17.90   11.58
 117175.628   104.060    11.63    9.83
 117551.460   103.896    -0.44    8.96
 117927.388    98.950   -13.16   11.39
 118303.413    90.478   -22.53   10.41
 118679.535    81.508   -23.85   10.46
 119055.754    71.602   -26.33   13.03
 119432.070    60.162   -30.40   14.48
 119808.483    51.136   -23.98   12.93
 120184.993    42.783   -22.19    7.38
 120561.601    39.966    -7.48    3.27
 120938.306    39.713    -0.67    3.30
 121315.108    39.471    -0.64    3.83
 121692.008    37.802    -4.43    4.39
 122069.006    34.795    -7.98    4.37
 122446.101    32.445    -6.23    3.88
 122823.294    30.948    -3.97    3.59
 123200.584    30.706    -0.64    4.16
 123577.973    31.150     1.18    6.08
 123955.459    33.000     4.90    7.41
 124333.044    33.521     1.38    7.27
 124710.726    31.444    -5.50    8.08
 125088.507    27.727    -9.84    9.11
 125466.386    23.629   -10.85    6.82
 125844.364    21.227    -6.36    3.37
 126222.439    21.306     0.21    3.18
 126600.614    21.630     0.86    4.03
 126978.887    21.828     0.52    4.99
 127357.258    22.686     2.27    5.92
 127735.728    22.430    -0.68    6.02
 128114.297    22.862     1.14    4.84
 128492.965    22.942     0.21    3.56
 128871.732    22.631    -0.82    2.95
 129250.598    23.225     1.57    3.38
 129629.563    23.104    -0.32    3.71
 130008.627    22.347    -2.00    4.11
 130387.790    21.992    -0.94    3.45
 130767.053    22.009     0.04    3.31
 131146.415    24.075     5.45    4.19
 131525.876    27.100     7.97    3.55
 131905.437    28.033     2.46    3.05
 132285.098    27.821    -0.56    3.65
 132664.859    26.094    -4.55    4.13
 133044.719    23.655    -6.42    3.47
 133424.679    22.619    -2.73    4.04
 133804.739    22.529    -0.23    4.94
 134184.899    23.079     1.45    5.11
 134565.160    24.620     4.05    4.59
 134945.520    27.382     7.26    3.23
 135325.981    29.355     5.19    3.87
 135706.542    31.823     6.48    4.04
 136087.203    33.356     4.03    4.18
 136467.965    33.429     0.19    4.37
 136848.828    32.873    -1.46    4.51
 137229.791    31.667    -3.17    4.39
 137610.855    29.491    -5.71    3.50
 137992.020    27.917    -4.13    4.41
 138373.286    27.691    -0.59    4.56
 138754.652    28.893     3.15    5.93
 139136.120    31.956     8.03    6.85
 139517.689    36.059    10.76    5.81
 139899.359    37.252     3.13    5.22
 140281.130    35.602    -4.32    7.46
 140663.003    34.267    -3.50    6.87
 141044.977    33.372    -2.34    6.29
 141427.053    35.545     5.69    6.29
 141809.231    36.455     2.38    4.27
 142191.510    34.603    -4.84    6.05
 142573.890    35.635     2.70    7.32
 142956.373    37.322     4.41    8.18
 143333.230    37.681     0.95    8.37
 143696.755    34.119    -9.80    9.86
 144060.370    28.842   -14.51    7.36
 144424.074    27.093    -4.81    6.81
 144787.868    31.102    11.02   11.82
 145151.751    38.083    19.19   12.39
 145515.724    42.803    12.97    8.69
 145879.786    44.000     3.29    6.83
 146243.939    40.267   -10.25    7.56
 146608.181    35.100   -14.19    6.59
 146972.513    30.686   -12.12    8.95
 147336.935    26.479   -11.55    8.95
 147701.447    22.754   -10.22    7.67
 148066.050    21.373    -3.79    6.76
 148430.742    20.277    -3.00    5.47
 148795.525    18.690    -4.35    5.22
 149160.398    16.926    -4.83    4.83
 149525.362    15.239    -4.62    4.29
 149890.416    16.297     2.90    5.17
 150255.560    19.884     9.83    7.18
 150620.796    25.901    16.47    8.40
 150986.121    33.881    21.85   10.16
 151351.538    42.107    22.51   10.97
 151717.045    52.553    28.58   11.20
 152082.644    63.739    30.60   14.11
 152448.333    73.186    25.84   12.28
 152814.113    77.809    12.64    8.29
 153179.984    74.636    -8.67   10.56
 153545.947    66.655   -21.81   12.31
 153912.000    55.576   -30.27   12.07
 154278.145    47.058   -23.27   11.20
 154644.381    41.526   -15.11   10.23
 155010.709    37.777   -10.24   10.17
 155377.128    35.792    -5.42   10.02
 155743.639    33.122    -7.29    9.59
 156110.241    34.835     4.67    8.52
 156476.935    37.568     7.45    6.69
 156843.721    39.018     3.95    6.87
 157210.599    41.287     6.19    6.55
 157577.568    42.303     2.77    5.63
 157944.630    38.169   -11.26    8.90
