# NaN NaN NaN ;Mean Elev.(m), Avg Gradient(m/km), RMS Gradient(m/km) - SRTM1     
#  -12.822  -4.357   9.182 ;Mean Elev.(m), Avg Gradient(m/km), RMS Gradient(m/km) - ASTER GDEM
#    1.240  -4.700   7.738 ;Mean Elev.(m), Avg Gradient(m/km), RMS Gradient(m/km) - GMTED2010 
  6    12.320 52439.23530796 23.47  86.423428  67.463445  8.864
  6    13.752 52439.23530860 18.34  86.419858  67.460385  8.864
  6    25.594 52439.23530925 15.56  86.416298  67.457325  8.864
  6    19.163 52439.23530989 13.96  86.412728  67.454265  8.864
  6    19.091 52439.23531054 14.43  86.409168  67.451215  8.864
  6    20.542 52439.23531118 13.95  86.405598  67.448155  8.864
  6    22.100 52439.23531183 13.92  86.402038  67.445095  8.864
  6    23.882 52439.23531247 14.34  86.398472  67.442037 21.373
  6    25.219 52439.23531312 15.07  86.394912  67.438977 21.373
  6    26.083 52439.23531376 16.30  86.391352  67.435917 21.373
  6    24.891 52439.23531441 19.61  86.387792  67.432857 21.373
  6    28.010 52439.23531505 20.87  86.384242  67.429797 21.373
  7    13.140 52474.23530796 15.63  86.419655  67.457226 15.304
  7    12.145 52474.23530861 16.88  86.416095  67.454172 20.912
  7     0.888 52474.23530925 17.58  86.412525  67.451112 20.912
  7     0.870 52474.23531248 25.48  86.394715  67.435822 20.912
  7    23.818 52474.23531312 19.20  86.391155  67.432762 20.912
  7     1.747 52474.23531377 28.76  86.387605  67.429702 20.912
  7     3.516 52474.23531441 29.28  86.384045  67.426642 20.912
  8    10.681 52509.23527244 17.57  86.418321  67.455958 16.614
  8    11.104 52509.23527308 13.40  86.414751  67.452908 16.614
  8    17.707 52509.23527373 12.63  86.411191  67.449848 16.614
  8    18.478 52509.23527437 13.20  86.407633  67.446788 19.251
  8    20.028 52509.23527502 12.87  86.404073  67.443728 19.251
  8    20.992 52509.23527566 14.25  86.400503  67.440668 19.251
  8    22.199 52509.23527631 14.92  86.396953  67.437608 19.251
  8    22.222 52509.23527695 17.38  86.393393  67.434548 19.251
  8    22.184 52509.23527759 21.78  86.389833  67.431498 19.251
  8    23.434 52509.23527824 20.46  86.386273  67.428438 19.251
  9    13.344 52544.23527140 18.69  86.430629  67.446236 11.061
  9    15.663 52544.23527204 16.25  86.427069  67.443176 11.061
  9    18.185 52544.23527269 15.28  86.423499  67.440126 11.061
  9    20.178 52544.23527333 13.58  86.419939  67.437066 11.061
  9    20.884 52544.23527398 15.34  86.416379  67.434006 11.061
  9    22.164 52544.23527462 14.92  86.412819  67.430946 11.061
  9    22.753 52544.23527527 17.74  86.409259  67.427886 11.061
  9    23.652 52544.23527591 19.50  86.405699  67.424826 11.061
 10    15.735 52579.23531045 12.48  86.422513  67.454258  7.593
 10    17.001 52579.23531110 12.98  86.418943  67.451198  7.593
 10     0.684 52579.23531239 28.17  86.411823  67.445078  7.593
 10     0.596 52579.23531303 28.70  86.408253  67.442018  7.593
 10     0.795 52579.23531368 28.82  86.404693  67.438968  7.593
 10     1.083 52579.23531432 27.13  86.401133  67.435908  7.593
 10     1.364 52579.23531496 26.47  86.397570  67.432848  4.554
 10     1.598 52579.23531561 26.87  86.394020  67.429788  4.554
 11    43.526 52614.23527505  8.65  86.421623  67.466353  4.473
 11    41.364 52614.23527569  9.91  86.418053  67.463303  4.473
 11    39.374 52614.23527634  9.32  86.414493  67.460243  4.473
 11    37.561 52614.23527698  7.90  86.410923  67.457183  4.473
 11    34.767 52614.23527763  8.01  86.407363  67.454123  4.473
 11    31.262 52614.23527827  7.18  86.403803  67.451063  4.473
 11    19.259 52614.23527892 11.29  86.400243  67.448003  4.473
 11     8.980 52614.23527956 15.18  86.396683  67.444953  4.473
 11     0.100 52614.23528021 16.20  86.393123  67.441893  4.473
 11     0.244 52614.23528085 17.20  86.389560  67.438830  3.428
 11     0.640 52614.23528149 15.80  86.386000  67.435770  3.428
 11    17.540 52614.23528214 14.58  86.382440  67.432710  3.428
 11    23.079 52614.23528278 13.72  86.378890  67.429650  3.428
 12    35.491 52649.23525847  6.06  86.424683  67.449318  3.890
 12    31.582 52649.23525912  6.78  86.421123  67.446258  3.890
 12    18.951 52649.23525976  7.22  86.417563  67.443198  3.890
 12    20.111 52649.23526040  7.18  86.413993  67.440138  3.890
 12    20.381 52649.23526105  9.52  86.410433  67.437088  3.890
 12    19.982 52649.23526169 12.44  86.406873  67.434028  3.890
 12    21.545 52649.23526234 11.82  86.403315  67.430967  2.827
 12    22.658 52649.23526298 12.13  86.399755  67.427907  2.827
 12    23.618 52649.23526363 11.15  86.396205  67.424847  2.827
 13    39.067 52684.23523792  5.56  86.421945  67.456361  3.352
 13    36.855 52684.23523856  4.27  86.418375  67.453301  3.352
 13    19.303 52684.23523920  5.45  86.414815  67.450251  3.352
 13    31.456 52684.23523985  4.78  86.411255  67.447191  3.352
 13    20.747 52684.23524049  5.84  86.407694  67.444130  3.133
 13    24.811 52684.23524114  5.82  86.404134  67.441070  3.133
 13    11.713 52684.23524178 11.65  86.400574  67.438010  3.133
 13    13.176 52684.23524243 11.42  86.397014  67.434950  3.133
 13    21.575 52684.23524307 11.32  86.393454  67.431890  3.133
 13    21.549 52684.23524372 11.01  86.389904  67.428840  3.133
 13    23.500 52684.23524436 10.13  86.386344  67.425780  3.133
 14    38.837 52719.23529216  3.12  86.422501  67.454210  3.175
 14    11.961 52719.23529280  9.77  86.418931  67.451150  3.175
 14     3.847 52719.23529345 10.88  86.415371  67.448100  3.175
 14    18.517 52719.23529409  7.48  86.411811  67.445040  3.175
 14    26.543 52719.23529474  5.21  86.408251  67.441980  3.175
 14    25.803 52719.23529538  4.22  86.404687  67.438923  3.083
 14    23.888 52719.23529603  4.98  86.401127  67.435863  3.083
 14    25.882 52719.23529667  4.48  86.397567  67.432803  3.083
 14    24.533 52719.23529732  4.80  86.394007  67.429743  3.083
 14    23.506 52719.23529796  6.77  86.390447  67.426683  3.083
 16    17.684 52789.23526518 24.64  86.429781  67.446127 12.581
 16    17.805 52789.23526582 23.59  86.426211  67.443067 12.581
 16    17.300 52789.23526646 23.92  86.422651  67.440007 12.581
 16    18.022 52789.23526711 25.10  86.419092  67.436954 15.374
 16    18.092 52789.23526775 22.91  86.415522  67.433894 15.374
 16    17.795 52789.23526840 23.74  86.411962  67.430834 15.374
 16    18.037 52789.23526904 24.39  86.408402  67.427774 15.374
 16    17.954 52789.23526969 28.57  86.404842  67.424714 15.374
 17    12.487 52824.23533544 22.30  86.427721  67.448170 13.575
 17    12.783 52824.23533608 17.14  86.424161  67.445120 13.575
 17     2.665 52824.23533673 16.07  86.420591  67.442060 13.575
 17     2.494 52824.23533737 16.62  86.417031  67.439000 13.575
 18    13.381 52859.23538187 13.30  86.426830  67.447120 14.599
 18    14.383 52859.23538251 12.31  86.423260  67.444060 14.599
 18     1.617 52859.23538316 14.48  86.419700  67.441010 14.599
 18     1.872 52859.23538380 14.42  86.416140  67.437950 14.599
 18     2.230 52859.23538445 16.71  86.412577  67.434892 20.727
 18     2.456 52859.23538509 19.62  86.409017  67.431832 20.727
 18     2.553 52859.23538573 22.15  86.405457  67.428772 20.727
 18     2.396 52859.23538638 26.00  86.401897  67.425712 20.727
 19    12.596 52894.23541171 21.17  86.418835  67.455954 16.656
 19    -3.490 52894.23541236 22.00  86.415265  67.452894 16.656
 19    -2.499 52894.23541300 22.89  86.411705  67.449834 16.656
 19    -1.548 52894.23541365 23.74  86.408145  67.446774 16.656
 19    -0.430 52894.23541429 24.99  86.404575  67.443714 16.656
 19     0.171 52894.23541494 27.54  86.401015  67.440664 16.656
 19     0.299 52894.23541558 28.34  86.397455  67.437604 16.656
 19     0.965 52894.23541623 28.06  86.393898  67.434541 12.102
 19     1.626 52894.23541687 25.50  86.390338  67.431481 12.102
 20    13.217 52929.23535911 17.81  86.420298  67.470262  8.422
 20    13.206 52929.23535976 21.54  86.416728  67.467202  8.422
 20    12.954 52929.23536040 22.26  86.413168  67.464142  8.422
 20    11.603 52929.23536105 25.17  86.409598  67.461082  8.422
 20    11.467 52929.23536169 22.98  86.406038  67.458022  8.422
 20    11.507 52929.23536233 21.51  86.402478  67.454962  8.422
 20    11.721 52929.23536298 18.64  86.398908  67.451912  8.422
 20    21.012 52929.23536362 17.49  86.395348  67.448852  8.422
 20    22.238 52929.23536427 16.28  86.391788  67.445792  8.422
 20    23.365 52929.23536491 16.65  86.388228  67.442732  8.422
 20    24.641 52929.23536556 16.63  86.384678  67.439672  8.422
 20    25.279 52929.23536620 18.70  86.381118  67.436612  8.422
 20    24.863 52929.23536685 22.35  86.377562  67.433552 21.159
 20    26.014 52929.23536749 23.82  86.374002  67.430492 21.159
 21    11.655 52964.23534795 21.90  86.432981  67.447839  4.346
 21     0.498 52964.23534859 22.44  86.429411  67.444779  4.346
 21    10.627 52964.23534923 22.37  86.425851  67.441729  4.346
 21     0.679 52964.23534988 22.85  86.422291  67.438669  4.346
 21     0.889 52964.23535052 22.67  86.418731  67.435609  4.346
 21     0.842 52964.23535117 22.71  86.415161  67.432549  4.346
 21     0.612 52964.23535181 22.94  86.411601  67.429489  4.346
 21    20.026 52964.23535246 21.79  86.408051  67.426439  4.346
 21    22.202 52964.23535310 21.43  86.404491  67.423379  4.346
 22    13.341 52999.23538243 12.88  86.421624  67.460331  5.610
 22    13.934 52999.23538307 12.18  86.418064  67.457281  5.610
 22    15.914 52999.23538372 12.07  86.414494  67.454221  5.610
 22    11.268 52999.23538436 16.34  86.410934  67.451161  5.610
 22     0.723 52999.23538501 17.23  86.407371  67.448106  3.904
 22     0.640 52999.23538565 17.03  86.403811  67.445046  3.904
 22     0.720 52999.23538630 16.69  86.400241  67.441986  3.904
 22     0.807 52999.23538694 16.79  86.396681  67.438926  3.904
 22    22.314 52999.23538759 16.02  86.393121  67.435866  3.904
 22    22.843 52999.23538823 15.72  86.389561  67.432806  3.904
 22    23.481 52999.23538888 14.92  86.386011  67.429756  3.904
 22    23.397 52999.23538952 14.31  86.382451  67.426696  3.904
 23    12.281 53034.23533236 11.79  86.422314  67.469274  5.628
 23    11.958 53034.23533300 10.88  86.418744  67.466214  5.628
 23    12.919 53034.23533365 10.28  86.415174  67.463154  5.628
 23    12.754 53034.23533429 10.60  86.411614  67.460104  5.628
 23    12.661 53034.23533494 10.14  86.408054  67.457044  5.628
 23    10.862 53034.23533558 14.97  86.404484  67.453984  5.628
 23     0.693 53034.23533623 17.12  86.400924  67.450924  5.628
 23     0.617 53034.23533687 17.50  86.397364  67.447864  5.628
 23     0.773 53034.23533752 17.74  86.393804  67.444804  5.628
 23     0.848 53034.23533816 18.10  86.390244  67.441754  5.628
 23     1.007 53034.23533881 17.82  86.386682  67.438688  3.969
 23     1.362 53034.23533945 16.44  86.383132  67.435628  3.969
 24    14.752 53069.23535126 10.25  86.425518  67.454081  4.970
 24    14.783 53069.23535190  9.81  86.421948  67.451021  4.970
 24    16.036 53069.23535255 10.04  86.418388  67.447961  4.970
 24    18.454 53069.23535319  8.46  86.414821  67.444906  3.801
 24    19.998 53069.23535384  8.08  86.411261  67.441846  3.801
 24    19.437 53069.23535448 11.65  86.407701  67.438786  3.801
 24    21.091 53069.23535512 12.94  86.404141  67.435726  3.801
 24    21.670 53069.23535577 12.81  86.400581  67.432666  3.801
 24    22.653 53069.23535641 12.94  86.397021  67.429606  3.801
 24    23.595 53069.23535706 12.48  86.393461  67.426556  3.801
 25    29.158 53104.23533476  9.46  86.415104  67.467371  5.823
 25    13.076 53104.23533541  8.65  86.411544  67.464311  5.823
 25    11.360 53104.23533605 10.81  86.407974  67.461261  5.823
 25    11.858 53104.23533669  8.94  86.404414  67.458201  5.823
 25    12.086 53104.23533734  9.31  86.400854  67.455141  5.823
 25    19.940 53104.23533798  7.55  86.397284  67.452081  5.823
 25    22.083 53104.23533863  6.25  86.393724  67.449021  5.823
 25    10.255 53104.23533927 12.03  86.390164  67.445961  5.823
 25     1.032 53104.23533992 12.29  86.386604  67.442901  5.823
 25     1.260 53104.23534056 12.47  86.383047  67.439843  3.260
 25    15.533 53104.23534121 11.86  86.379487  67.436783  3.260
 25    22.484 53104.23534185 10.74  86.375937  67.433733  3.260
 25    23.647 53104.23534250 10.06  86.372377  67.430673  3.260
 28    14.224 53209.23541112 12.92  86.421198  67.457943 15.759
 28    12.237 53209.23541176 15.38  86.417628  67.454883 15.759
 28    13.362 53209.23541241 11.34  86.414068  67.451823 15.759
 28    18.763 53209.23541305 11.48  86.410498  67.448763 15.759
 28    20.039 53209.23541369 12.24  86.406938  67.445713 15.759
 28    20.056 53209.23541434 14.40  86.403378  67.442653 15.759
 28    21.383 53209.23541498 14.42  86.399816  67.439592 22.189
 28     1.427 53209.23541563 20.30  86.396256  67.436532 22.189
 28    23.208 53209.23541627 18.11  86.392696  67.433472 22.189
 28     2.346 53209.23541692 22.16  86.389146  67.430412 22.189
 28    23.199 53209.23541756 23.03  86.385586  67.427352 22.189
 29     1.241 53244.23538199 37.06  86.403221  67.443063  8.525
 29     1.301 53244.23538264 36.30  86.399660  67.440000  5.792
 29     1.341 53244.23538328 36.23  86.396100  67.436940  5.792
 29     1.425 53244.23538392 35.60  86.392540  67.433880  5.792
 29     1.524 53244.23538457 34.08  86.388980  67.430820  5.792
 29     1.540 53244.23538521 34.24  86.385430  67.427760  5.792
 30     9.990 53279.23535951 27.74  86.430257  67.448783 19.639
 30    18.170 53279.23536015 13.83  86.426686  67.445725 11.907
 30    18.382 53279.23536080 14.39  86.423126  67.442665 11.907
 30    19.648 53279.23536144 14.30  86.419566  67.439615 11.907
 30    19.759 53279.23536208 17.31  86.415996  67.436555 11.907
 30    22.051 53279.23536273 15.72  86.412436  67.433495 11.907
 30    21.797 53279.23536337 18.89  86.408876  67.430435 11.907
 30    23.509 53279.23536402 18.84  86.405316  67.427375 11.907
 30    24.312 53279.23536466 19.51  86.401756  67.424325 11.907
 31    15.361 53314.23538222  8.57  86.424132  67.454620  5.196
 31    18.432 53314.23538286  7.98  86.420562  67.451570  5.196
 31    32.724 53314.23538351  7.15  86.417002  67.448510  5.196
 31    22.295 53314.23538415  7.14  86.413442  67.445450  5.196
 31     1.621 53314.23538609 31.38  86.402758  67.436274  9.782
 31     1.725 53314.23538673 30.51  86.399198  67.433214  9.782
 31     2.145 53314.23538737 30.64  86.395638  67.430154  9.782
 31     1.088 53314.23538802 32.59  86.392078  67.427104  9.782
 32    41.079 53349.23534805  3.59  86.420005  67.454711  3.775
 32    38.146 53349.23534870  4.37  86.416435  67.451651  3.775
 32    33.055 53349.23534934  5.07  86.412875  67.448601  3.775
 32    31.032 53349.23534999  4.98  86.409315  67.445541  3.775
 32    27.883 53349.23535063  5.71  86.405755  67.442482  3.238
 32    25.897 53349.23535128  5.53  86.402195  67.439422  3.238
 32    21.569 53349.23535192 11.54  86.398635  67.436362  3.238
 32     1.244 53349.23535257 13.17  86.395075  67.433302  3.238
 32    22.390 53349.23535321 12.90  86.391515  67.430242  3.238
 32    23.049 53349.23535386 11.82  86.387955  67.427192  3.238
 33    35.359 53384.23532305  3.40  86.428919  67.447970  3.658
 33    31.115 53384.23532370  4.27  86.425349  67.444910  3.658
 33    20.856 53384.23532434  5.02  86.421785  67.441849  2.624
 33    26.919 53384.23532499  5.08  86.418225  67.438799  2.624
 33    21.004 53384.23532563  6.24  86.414665  67.435739  2.624
 33    20.342 53384.23532628  9.48  86.411105  67.432679  2.624
 33    21.857 53384.23532692  9.04  86.407545  67.429619  2.624
 33    23.216 53384.23532757  8.50  86.403985  67.426559  2.624
 34    37.274 53419.23532901  4.35  86.425895  67.451418  3.211
 34    32.552 53419.23532965  5.58  86.422335  67.448368  3.211
 34    31.472 53419.23533030  5.96  86.418765  67.445308  3.211
 34    27.065 53419.23533094  6.67  86.415204  67.442250  2.666
 34    23.873 53419.23533159  6.85  86.411644  67.439190  2.666
 34    22.458 53419.23533223  7.40  86.408084  67.436130  2.666
 34    21.507 53419.23533288 10.66  86.404524  67.433070  2.666
 34    22.284 53419.23533352 11.00  86.400964  67.430010  2.666
 34    23.476 53419.23533417 10.30  86.397414  67.426950  2.666
 35    36.260 53454.23533536  1.88  86.435132  67.446961  2.815
 35    31.667 53454.23533601  3.69  86.431572  67.443901  2.815
 35    29.182 53454.23533665  4.41  86.428009  67.440842  2.732
 35    20.933 53454.23533730  4.26  86.424439  67.437792  2.732
 35    21.667 53454.23533794  5.09  86.420879  67.434732  2.732
 35    19.100 53454.23533859  8.59  86.417319  67.431672  2.732
 35    20.959 53454.23533923  8.99  86.413759  67.428612  2.732
 35    22.341 53454.23533988  8.35  86.410199  67.425552  2.732
 36    43.632 53489.23541884  2.37  86.421365  67.458464  2.058
 36    41.436 53489.23541948  2.63  86.417805  67.455414  2.058
 36    37.825 53489.23542013  2.71  86.414235  67.452354  2.058
 36    36.154 53489.23542077  3.47  86.410675  67.449294  2.058
 36    36.016 53489.23542142  4.00  86.407109  67.446237  2.641
 36    34.653 53489.23542206  4.75  86.403549  67.443177  2.641
 36    27.842 53489.23542271  5.32  86.399979  67.440117  2.641
 36    28.919 53489.23542335  5.42  86.396419  67.437057  2.641
 36    24.950 53489.23542400  7.58  86.392859  67.433997  2.641
 36    24.312 53489.23542464  9.78  86.389299  67.430947  2.641
 36    25.198 53489.23542529  8.74  86.385749  67.427887  2.641
 37    15.363 53524.23540649 25.32  86.423451  67.452774 14.170
 37    15.548 53524.23540713 27.23  86.419891  67.449714 14.170
 37    16.070 53524.23540778 31.56  86.416331  67.446654 14.170
 37    15.798 53524.23540842 37.64  86.412766  67.443595 23.300
 37    15.737 53524.23540907 32.53  86.409206  67.440535 23.300
 37    15.688 53524.23540971 28.11  86.405646  67.437475 23.300
 37    15.203 53524.23541036 25.21  86.402086  67.434415 23.300
 37    23.327 53524.23541100 22.78  86.398526  67.431355 23.300
 38     2.392 53559.23543524 45.46  86.400575  67.445663 19.326
 38     2.339 53559.23543589 47.57  86.397015  67.442603 19.326
 38     2.335 53559.23543653 46.46  86.393455  67.439543 19.326
 38     2.293 53559.23543718 46.31  86.389895  67.436483 19.326
 38     2.196 53559.23543782 46.95  86.386335  67.433423 19.326
 38     2.268 53559.23543847 43.85  86.382775  67.430373 19.326
 39    14.523 53594.23537049 11.77  86.419259  67.456797 16.698
 39    12.843 53594.23537113 13.26  86.415699  67.453737 16.698
 39    12.951 53594.23537177 12.03  86.412129  67.450687 16.698
 39     1.750 53594.23537242 13.13  86.408569  67.447627 16.698
 39     1.130 53594.23537306 14.04  86.405006  67.444564 20.878
 39     1.097 53594.23537371 17.49  86.401446  67.441504 20.878
 39     2.711 53594.23537435 16.28  86.397896  67.438444 20.878
 39     1.465 53594.23537500 17.77  86.394336  67.435384 20.878
 39     1.587 53594.23537564 22.14  86.390776  67.432334 20.878
 39     2.326 53594.23537629 23.82  86.387216  67.429274 20.878
 39    24.651 53594.23537693 20.88  86.383666  67.426214 20.878
 40     9.520 53629.23536397 29.15  86.429469  67.448811 17.445
 40    13.268 53629.23536461 13.91  86.425899  67.445751 17.445
 40     1.175 53629.23536526 16.23  86.422333  67.442692 15.859
 40     0.620 53629.23536590 17.00  86.418773  67.439642 15.859
 40     0.803 53629.23536655 18.55  86.415213  67.436582 15.859
 40     1.690 53629.23536719 17.52  86.411643  67.433522 15.859
 40     2.295 53629.23536784 19.49  86.408083  67.430462 15.859
 40     2.686 53629.23536848 21.08  86.404523  67.427402 15.859
 40     1.598 53629.23536913 26.69  86.400963  67.424352 15.859
 41    -1.700 53664.23538833 27.06  86.415574  67.449891 12.639
 41    -1.264 53664.23538897 26.14  86.412004  67.446831 12.639
 41    -0.385 53664.23538961 24.81  86.408444  67.443775  6.144
 41     0.404 53664.23539026 25.28  86.404884  67.440715  6.144
 41     1.333 53664.23539155 25.29  86.397764  67.434595  6.144
 41     0.854 53664.23539219 22.45  86.394204  67.431535  6.144
 41     2.439 53664.23539284 29.07  86.390644  67.428475  6.144
 42    24.266 53699.23534493 10.19  86.420837  67.458430  7.226
 42    30.347 53699.23534557  6.72  86.417277  67.455370  7.226
 42    19.472 53699.23534622  6.73  86.413707  67.452310  7.226
 42    32.203 53699.23534686  6.09  86.410147  67.449260  7.226
 42     0.843 53699.23534944 20.21  86.395909  67.437020  5.488
 42     1.096 53699.23535009 19.97  86.392349  67.433960  5.488
 42     1.536 53699.23535073 19.84  86.388789  67.430900  5.488
 42     1.298 53699.23535137 19.68  86.385229  67.427840  5.488
 43    44.111 53734.23526594  4.87  86.421732  67.465416  3.226
 43    42.057 53734.23526658  5.28  86.418162  67.462356  3.226
 43    40.363 53734.23526723  4.46  86.414602  67.459296  3.226
 43    38.048 53734.23526787  4.05  86.411032  67.456236  3.226
 43    34.618 53734.23526852  5.01  86.407472  67.453176  3.226
 43    31.791 53734.23526916  4.55  86.403912  67.450116  3.226
 43    29.192 53734.23526981  4.76  86.400352  67.447066  3.226
 43    26.000 53734.23527045  5.20  86.396790  67.444001  3.636
 43    22.391 53734.23527174 11.67  86.389680  67.437881  3.636
 43    23.614 53734.23527238 11.34  86.386120  67.434831  3.636
 43    25.096 53734.23527303 10.37  86.382560  67.431771  3.636
 43    26.018 53734.23527367  9.72  86.379010  67.428711  3.636
 44    33.186 53769.23525249  5.16  86.426881  67.449393  4.112
 44    30.916 53769.23525314  5.98  86.423311  67.446333  4.112
 44    18.273 53769.23525378  6.03  86.419751  67.443273  4.112
 44    25.025 53769.23525442  5.66  86.416194  67.440216  2.721
 44    20.013 53769.23525507  7.77  86.412624  67.437156  2.721
 44    18.768 53769.23525571 11.48  86.409064  67.434096  2.721
 44    20.422 53769.23525636 11.76  86.405514  67.431036  2.721
 44    22.026 53769.23525700 10.86  86.401954  67.427976  2.721
 44    22.419 53769.23525765 10.82  86.398394  67.424926  2.721
 45    42.541 53804.23524593  5.21  86.424019  67.462841  3.197
 45    40.110 53804.23524657  5.82  86.420449  67.459781  3.197
 45    39.661 53804.23524722  2.85  86.416889  67.456721  3.197
 45    36.686 53804.23524786  3.81  86.413329  67.453661  3.197
 45    33.752 53804.23524851  3.93  86.409759  67.450601  3.197
 45    31.207 53804.23524915  4.22  86.406199  67.447551  3.197
 45    28.487 53804.23524980  4.39  86.402637  67.444489  3.152
 45    25.635 53804.23525044  4.23  86.399077  67.441429  3.152
 45    22.179 53804.23525109  8.88  86.395517  67.438369  3.152
 45    19.585 53804.23525173 10.10  86.391967  67.435309  3.152
 45    21.838 53804.23525238  9.34  86.388407  67.432249  3.152
 45    24.811 53804.23525302  9.01  86.384847  67.429199  3.152
 46    33.224 53839.23526819  4.40  86.426922  67.447440  3.082
 46    32.352 53839.23526884  4.98  86.423352  67.444380  3.082
 46    27.849 53839.23526948  4.31  86.419791  67.441318  2.720
 46    26.051 53839.23527013  4.45  86.416231  67.438268  2.720
 46    19.388 53839.23527077  9.33  86.412671  67.435208  2.720
 46    20.135 53839.23527142  9.50  86.409101  67.432148  2.720
 46    21.007 53839.23527206  9.77  86.405551  67.429088  2.720
 46    21.809 53839.23527270  9.72  86.401991  67.426028  2.720
 47     2.362 53874.23531350 27.99  86.425010  67.452661 10.000
 47     1.140 53874.23531414 25.77  86.421450  67.449601 10.000
 47     1.874 53874.23531479 15.93  86.417880  67.446541 10.000
 47     1.738 53874.23531543 14.53  86.414317  67.443485  8.231
 47     1.378 53874.23531608 14.42  86.410757  67.440425  8.231
 47     1.748 53874.23531672 15.65  86.407197  67.437365  8.231
 48    12.690 53909.23535752 22.88  86.423152  67.455737 10.430
 48    22.613 53909.23535816 16.51  86.419592  67.452687 10.430
 48    29.698 53909.23535880 11.36  86.416022  67.449627 10.430
 48    27.193 53909.23536009 11.75  86.408895  67.443510 16.412
 48    25.645 53909.23536074 12.53  86.405335  67.440450 16.412
 48    25.545 53909.23536138 13.08  86.401775  67.437390 16.412
 48    25.349 53909.23536203 15.03  86.398215  67.434330 16.412
 48    27.796 53909.23536267 16.94  86.394655  67.431270 16.412
 48    28.435 53909.23536332 19.82  86.391095  67.428210 16.412
 49    13.803 53944.23537848 17.48  86.422832  67.465170  9.141
 49    15.037 53944.23537913 11.84  86.419262  67.462110  9.141
 49    15.198 53944.23537977  9.86  86.415702  67.459050  9.141
 49    13.304 53944.23538042 11.99  86.412132  67.455990  9.141
 49    17.625 53944.23538106 11.59  86.408572  67.452930  9.141
 49    19.544 53944.23538170 11.35  86.405002  67.449880  9.141
 49     2.373 53944.23538235 13.65  86.401442  67.446820  9.141
 49    22.605 53944.23538299 12.71  86.397875  67.443760 18.157
 49    23.827 53944.23538364 11.71  86.394315  67.440700 18.157
 49    24.495 53944.23538428 13.00  86.390755  67.437640 18.157
 49    27.684 53944.23538493 11.20  86.387195  67.434580 18.157
 49    25.181 53944.23538557 17.16  86.383645  67.431520 18.157
 49    28.393 53944.23538622 15.82  86.380085  67.428470 18.157
 50    15.068 53979.23532749 19.98  86.422545  67.467322  8.767
 50    13.684 53979.23532814 15.49  86.418975  67.464272  8.767
 50    13.522 53979.23532878 14.50  86.415415  67.461212  8.767
 50    12.656 53979.23532943 12.20  86.411855  67.458152  8.767
 50    11.178 53979.23533007 15.73  86.408285  67.455092  8.767
 50     0.827 53979.23533071 16.50  86.404725  67.452032  8.767
 50     0.682 53979.23533136 15.33  86.401165  67.448972  8.767
 50     0.467 53979.23533200 16.31  86.397605  67.445922  8.767
 50     0.403 53979.23533265 17.30  86.394044  67.442858 19.662
 50    22.988 53979.23533329 16.02  86.390484  67.439798 19.662
 50    24.173 53979.23533394 15.30  86.386924  67.436738 19.662
 50     1.582 53979.23533458 20.34  86.383364  67.433678 19.662
 50    24.678 53979.23533523 20.82  86.379814  67.430618 19.662
 51    13.834 54014.23534489 22.28  86.431731  67.445840 14.960
 51    14.540 54014.23534554 20.06  86.428161  67.442780 14.960
 51    18.419 54014.23534618 15.22  86.424597  67.439718  9.039
 51    20.378 54014.23534683 14.55  86.421037  67.436668  9.039
 51    21.226 54014.23534747 15.54  86.417477  67.433608  9.039
 51    22.234 54014.23534812 17.42  86.413917  67.430548  9.039
 51    23.302 54014.23534876 17.77  86.410357  67.427488  9.039
 51    24.065 54014.23534941 19.58  86.406797  67.424428  9.039
 54    45.727 54119.23526714  6.01  86.421419  67.472117  4.137
 54    44.047 54119.23526778  8.67  86.417849  67.469067  4.137
 54    42.460 54119.23526842  7.60  86.414289  67.466007  4.137
 54    12.252 54119.23526907 10.56  86.410719  67.462947  4.137
 54    12.553 54119.23526971  8.89  86.407159  67.459887  4.137
 54    36.763 54119.23527036  5.99  86.403599  67.456827  4.137
 54    20.141 54119.23527100  7.23  86.400029  67.453767  4.137
 54    32.345 54119.23527165  5.76  86.396469  67.450707  4.137
 54    22.140 54119.23527229  7.92  86.392909  67.447657  4.137
 54     0.752 54119.23527358 14.28  86.385793  67.441529  6.028
 54     0.915 54119.23527423 15.61  86.382243  67.438479  6.028
 54     0.942 54119.23527487 16.20  86.378683  67.435419  6.028
 54    22.630 54119.23527552 14.14  86.375123  67.432359  6.028
 55    38.980 54154.23529749  2.99  86.420270  67.454112  3.047
 55    36.639 54154.23529813  3.99  86.416710  67.451052  3.047
 55    34.258 54154.23529878  4.29  86.413150  67.448002  3.047
 55    30.583 54154.23529942  5.06  86.409580  67.444942  3.047
 55    28.292 54154.23530006  5.46  86.406019  67.441884  2.441
 55    26.184 54154.23530071  5.85  86.402459  67.438824  2.441
 55    24.088 54154.23530135  7.45  86.398899  67.435764  2.441
 55    25.208 54154.23530200  8.24  86.395339  67.432704  2.441
 55    25.723 54154.23530264  8.04  86.391789  67.429644  2.441
 55    27.463 54154.23530329  7.46  86.388229  67.426584  2.441
 56    43.966 54189.23526385  2.72  86.419657  67.466078  3.133
 56    41.680 54189.23526449  2.89  86.416087  67.463018  3.133
 56    39.458 54189.23526514  3.31  86.412527  67.459958  3.133
 56    38.162 54189.23526578  2.78  86.408967  67.456908  3.133
 56    28.302 54189.23526643  4.38  86.405397  67.453848  3.133
 56    31.975 54189.23526707  4.04  86.401837  67.450788  3.133
 56    28.835 54189.23526772  4.46  86.398277  67.447728  3.133
 56    22.556 54189.23526836  5.98  86.394717  67.444668  3.133
 56    23.259 54189.23526901  7.43  86.391157  67.441608  3.133
 56    22.121 54189.23526965 10.21  86.387597  67.438548  3.133
 56    24.349 54189.23527029  9.26  86.384047  67.435488  3.133
 56    25.301 54189.23527094  8.99  86.380487  67.432438  3.133
 56    26.964 54189.23527158  8.31  86.376927  67.429378  3.133
 57    31.261 54224.23530802  7.37  86.423735  67.452825  7.599
 57    30.346 54224.23530867  6.68  86.420175  67.449775  7.599
 57    29.503 54224.23530931  5.06  86.416605  67.446715  7.599
 57     1.876 54224.23531125 18.99  86.405925  67.437535  7.599
 57     2.279 54224.23531189 19.54  86.402365  67.434475  7.599
 57     2.582 54224.23531254 17.57  86.398805  67.431425  7.599
 57     2.832 54224.23531318 20.76  86.395245  67.428365  7.599
 57     3.456 54224.23531382 20.31  86.391685  67.425305  7.599
 58    12.375 54259.23532865 26.73  86.422853  67.455057 14.535
 58    11.176 54259.23532929 30.42  86.419293  67.451997 14.535
 58    11.313 54259.23532994 23.49  86.415723  67.448947 14.535
 58    11.287 54259.23533058 19.54  86.412163  67.445887 14.535
 58    10.937 54259.23533123 19.95  86.408603  67.442827 14.535
 59    12.368 54294.23533226 20.85  86.422612  67.454027 11.904
 59    13.154 54294.23533290 12.80  86.419052  67.450967 11.904
 59    17.969 54294.23533355 10.85  86.415482  67.447917 11.904
 59    18.096 54294.23533419 11.96  86.411922  67.444857 11.904
 59    19.941 54294.23533484 12.96  86.408362  67.441797 11.904
 59    21.468 54294.23533548 13.91  86.404802  67.438737 11.904
 59    22.297 54294.23533613 15.06  86.401242  67.435677 11.904
 59    23.266 54294.23533677 15.84  86.397682  67.432617 11.904
 59     3.179 54294.23533742 21.43  86.394122  67.429567 11.904
 59    25.546 54294.23533806 17.29  86.390562  67.426507 11.904
 60    12.895 54329.23532561 15.76  86.421370  67.457712 12.356
 60    11.947 54329.23532626 18.69  86.417810  67.454662 12.356
 60    17.903 54329.23532690 12.76  86.414240  67.451602 12.356
 60    19.036 54329.23532755 11.69  86.410680  67.448542 12.356
 60    20.700 54329.23532819 12.99  86.407120  67.445482 12.356
 60    21.362 54329.23532884 13.61  86.403560  67.442422 12.356
 60    23.235 54329.23532948 12.41  86.400000  67.439362 12.356
 60    23.862 54329.23533012 13.73  86.396440  67.436302 12.356
 60    24.855 54329.23533077 14.76  86.392880  67.433242 12.356
 60    24.042 54329.23533141 20.01  86.389330  67.430192 12.356
 60    23.010 54329.23533206 23.98  86.385770  67.427132 12.356
 61    26.416 54364.23527024 17.70  86.420448  67.467784  8.297
 61    27.994 54364.23527089 14.26  86.416888  67.464724  8.297
 61    27.853 54364.23527153 11.71  86.413318  67.461664  8.297
 61    29.609 54364.23527217 11.33  86.409758  67.458604  8.297
 61    25.924 54364.23527282 11.64  86.406188  67.455544  8.297
 61    20.014 54364.23527346 12.86  86.402628  67.452494  8.297
 61    21.887 54364.23527411 12.33  86.399068  67.449434  8.297
 61    22.063 54364.23527475 13.32  86.395508  67.446374  8.297
 61    22.785 54364.23527540 15.79  86.391948  67.443314  8.297
 61    23.698 54364.23527604 15.24  86.388388  67.440254  8.297
 61    24.341 54364.23527669 17.51  86.384828  67.437194  8.297
 61    25.414 54364.23527733 18.36  86.381278  67.434134  8.297
 61    26.168 54364.23527798 20.72  86.377718  67.431074  8.297
 62     1.763 54399.23526777 30.66  86.420159  67.449897 12.995
 62     1.413 54399.23526841 30.24  86.416599  67.446837 12.995
 62     1.242 54399.23526906 26.21  86.413039  67.443777 12.995
 62     0.973 54399.23526970 24.77  86.409479  67.440727 12.995
 62     0.958 54399.23527035 24.86  86.405909  67.437667 12.995
 62     1.762 54399.23527099 21.59  86.402359  67.434607 12.995
 62     2.262 54399.23527164 24.30  86.398799  67.431547 12.995
 62     2.520 54399.23527228 25.89  86.395239  67.428487 12.995
 62     1.814 54399.23527292 27.75  86.391679  67.425427 12.995
 63    41.902 54434.23522319  8.18  86.420434  67.462967  6.589
 63    40.099 54434.23522383  6.50  86.416874  67.459917  6.589
 63     0.680 54434.23522448 16.33  86.413304  67.456857  6.589
 63    -0.004 54434.23522512 19.54  86.409744  67.453797  6.589
 63     0.108 54434.23522577 20.48  86.406184  67.450737  6.589
 63     0.334 54434.23522641 21.16  86.402624  67.447677  6.589
 63     0.728 54434.23522706 20.15  86.399064  67.444617  6.589
 63     1.032 54434.23522770 20.71  86.395504  67.441557  6.589
 63     1.030 54434.23522835 20.60  86.391944  67.438507  6.589
 63     1.302 54434.23522899 20.24  86.388384  67.435447  6.589
 63     1.300 54434.23522963 19.75  86.384824  67.432387  6.589
 63     1.006 54434.23523028 19.06  86.381274  67.429327  6.589
 64    15.115 54469.23525062  7.67  86.427289  67.449560  4.646
 64    17.524 54469.23525127  6.13  86.423729  67.446500  4.646
 64    18.210 54469.23525191  6.33  86.420169  67.443440  4.646
 64    20.909 54469.23525256  5.73  86.416599  67.440380  4.646
 64     0.761 54469.23525449 15.90  86.405919  67.431210  4.646
 64     0.886 54469.23525514 15.02  86.402359  67.428150  4.646
 64    21.380 54469.23525578 14.15  86.398799  67.425090  4.646
 65    13.287 54504.23523812  8.56  86.421210  67.462738  6.545
 65    15.174 54504.23523876  6.22  86.417650  67.459678  6.545
 65    16.734 54504.23523941  6.13  86.414090  67.456618  6.545
 65    18.601 54504.23524005  5.76  86.410520  67.453558  6.545
 65    24.151 54504.23524069  4.99  86.406960  67.450498  6.545
 65    23.987 54504.23524134  5.36  86.403400  67.447438  6.545
 65    22.753 54504.23524198  5.63  86.399840  67.444378  6.545
 65     1.192 54504.23524392 14.37  86.389162  67.435204  5.213
 65     1.469 54504.23524456 13.66  86.385602  67.432144  5.213
 65    19.530 54504.23524521 13.11  86.382042  67.429084  5.213
 66    32.785 54539.23526492  3.29  86.423555  67.455688  3.391
 66    28.897 54539.23526556  5.29  86.419995  67.452628  3.391
 66    20.917 54539.23526621  5.52  86.416425  67.449568  3.391
 66    20.232 54539.23526685  5.70  86.412862  67.446512  3.430
 66    21.603 54539.23526750  5.46  86.409302  67.443452  3.430
 66    25.524 54539.23526814  5.85  86.405742  67.440392  3.430
 66    21.852 54539.23526879  9.24  86.402182  67.437332  3.430
 66    21.009 54539.23527008 13.31  86.395062  67.431222  3.430
 66    23.116 54539.23527072 11.02  86.391502  67.428162  3.430
 67    45.819 54574.23523803  0.89  86.422084  67.465287  2.302
 67    43.549 54574.23523868  2.16  86.418524  67.462237  2.302
 67    41.380 54574.23523932  1.64  86.414954  67.459177  2.302
 67    39.022 54574.23523997  1.72  86.411394  67.456117  2.302
 67    36.347 54574.23524061  2.82  86.407834  67.453057  2.302
 67    35.694 54574.23524126  3.07  86.404264  67.449997  2.302
 67    33.579 54574.23524190  3.89  86.400704  67.446937  2.302
 67    30.647 54574.23524255  4.34  86.397144  67.443887  2.302
 67    31.998 54574.23524319  4.71  86.393587  67.440821  2.236
 67    28.168 54574.23524384  4.86  86.390027  67.437761  2.236
 67    26.501 54574.23524448  6.31  86.386477  67.434701  2.236
 67    29.227 54574.23524513  5.88  86.382917  67.431651  2.236
 67    30.064 54574.23524577  5.74  86.379357  67.428591  2.236
 68    11.464 54609.23525762 22.25  86.422538  67.455063  7.074
 68    10.051 54609.23525826 19.23  86.418978  67.452003  7.074
 68    10.071 54609.23525890 17.86  86.415408  67.448953  7.074
 68    10.111 54609.23525955 17.08  86.411848  67.445893  7.074
 68    10.213 54609.23526019 18.08  86.408281  67.442834 13.892
 68    10.133 54609.23526084 19.27  86.404721  67.439774 13.892
 69    13.325 54644.23526551 17.61  86.421293  67.456464 13.175
 69    12.345 54644.23526616 16.79  86.417733  67.453404 13.175
 69    26.371 54644.23526680 11.67  86.414163  67.450354 13.175
 69    21.299 54644.23526745 12.07  86.410603  67.447294 13.175
 69    23.477 54644.23526809 12.24  86.407037  67.444236 22.096
 69    25.120 54644.23526874 11.78  86.403477  67.441176 22.096
 69    24.715 54644.23526938 12.61  86.399917  67.438116 22.096
 69    25.456 54644.23527002 14.07  86.396357  67.435056 22.096
 69    27.756 54644.23527067 15.00  86.392807  67.431996 22.096
 69    28.434 54644.23527131 16.29  86.389247  67.428936 22.096
 69    28.779 54644.23527196 20.39  86.385687  67.425886 22.096
 70    12.035 54679.23526731 19.38  86.420075  67.454880 14.276
 70    12.200 54679.23526795 15.33  86.416515  67.451820 14.276
 70    11.933 54679.23526860 12.23  86.412945  67.448770 14.276
 70    11.099 54679.23526924 12.47  86.409385  67.445710 14.276
 70    20.404 54679.23526988 12.24  86.405823  67.442650 18.659
 70    21.254 54679.23527053 14.10  86.402263  67.439590 18.659
 70    22.673 54679.23527117 13.55  86.398703  67.436530 18.659
 70    24.003 54679.23527182 13.89  86.395143  67.433470 18.659
 70    24.535 54679.23527246 14.09  86.391583  67.430410 18.659
 70    26.682 54679.23527311 16.08  86.388033  67.427360 18.659
 71    14.230 54714.23521670 22.16  86.422841  67.467658  6.482
 71    13.667 54714.23521735 17.12  86.419271  67.464598  6.482
 71    13.795 54714.23521799 12.79  86.415711  67.461548  6.482
 71    16.210 54714.23521864 10.36  86.412151  67.458488  6.482
 71    12.721 54714.23521928 11.70  86.408581  67.455428  6.482
 71    19.467 54714.23521993 11.36  86.405021  67.452368  6.482
 71    20.544 54714.23522057 11.43  86.401461  67.449308  6.482
 71    21.402 54714.23522122 12.80  86.397901  67.446248  6.482
 71    22.082 54714.23522186 14.26  86.394341  67.443188  6.482
 71    22.764 54714.23522251 14.44  86.390786  67.440130 18.659
 71    23.264 54714.23522315 16.84  86.387226  67.437070 18.659
 71    24.854 54714.23522379 16.75  86.383666  67.434020 18.659
 71    26.774 54714.23522444 15.00  86.380106  67.430960 18.659
 72    12.492 54749.23523733 27.57  86.425404  67.453693 17.842
 72    12.307 54749.23523798 20.67  86.421834  67.450633 17.842
 72    12.610 54749.23523862 14.68  86.418274  67.447573 17.842
 72    19.456 54749.23523926 12.10  86.414715  67.444519 20.346
 72    20.955 54749.23523991 11.71  86.411145  67.441459 20.346
 72    21.563 54749.23524055 13.47  86.407585  67.438399 20.346
 72    22.681 54749.23524120 13.34  86.404025  67.435339 20.346
 72    25.247 54749.23524313 18.85  86.393355  67.426169 20.346
 73    14.425 54784.23520627 10.43  86.421383  67.459660  5.557
 73    18.749 54784.23520691  9.31  86.417823  67.456600  5.557
 73    19.497 54784.23520756 10.68  86.414253  67.453540  5.557
 73    19.428 54784.23520820 10.37  86.410693  67.450490  5.557
 73     0.727 54784.23521014 30.62  86.400011  67.441311  6.040
 73     0.639 54784.23521078 30.70  86.396451  67.438251  6.040
 73     0.802 54784.23521143 30.34  86.392891  67.435191  6.040
 73     1.203 54784.23521207 27.58  86.389331  67.432131  6.040
 73     1.399 54784.23521272 26.23  86.385781  67.429081  6.040
 74    38.940 54819.23522984  5.54  86.425970  67.452635  3.869
 74    33.523 54819.23523048  5.54  86.422400  67.449575  3.869
 74    18.127 54819.23523113  5.65  86.418840  67.446515  3.869
 74    27.689 54819.23523177  5.81  86.415274  67.443460  3.298
 74    27.131 54819.23523242  5.87  86.411714  67.440400  3.298
 74     0.132 54819.23523371 14.85  86.404594  67.434280  3.298
 74     0.083 54819.23523435 14.94  86.401034  67.431220  3.298
 74     0.164 54819.23523500 13.71  86.397474  67.428160  3.298
 74    20.355 54819.23523564 12.90  86.393914  67.425110  3.298
 75    39.163 54854.23520353  4.46  86.418296  67.456820  4.595
 75    36.582 54854.23520418  3.86  86.414736  67.453760  4.595
 75    19.082 54854.23520482  4.79  86.411176  67.450700  4.595
 75    31.412 54854.23520547  4.16  86.407616  67.447650  4.595
 75    21.195 54854.23520611  5.26  86.404046  67.444590  4.595
 75     0.926 54854.23520740 12.13  86.396929  67.438469  3.411
 75     0.717 54854.23520805 12.12  86.393369  67.435409  3.411
 75     0.988 54854.23520869 11.81  86.389819  67.432349  3.411
 75    22.668 54854.23520933 10.88  86.386259  67.429289  3.411
 76    39.135 54889.23523418  3.84  86.421805  67.456641  3.208
 76    36.701 54889.23523482  3.94  86.418235  67.453581  3.208
 76    33.860 54889.23523547  5.00  86.414675  67.450521  3.208
 76    31.408 54889.23523611  4.46  86.411115  67.447461  3.208
 76    28.005 54889.23523676  4.49  86.407554  67.444406  2.973
 76    25.837 54889.23523740  4.83  86.403994  67.441346  2.973
 76    12.215 54889.23523805 11.22  86.400434  67.438286  2.973
 76    14.817 54889.23523869 11.41  86.396874  67.435226  2.973
 76    18.607 54889.23523934 11.03  86.393314  67.432166  2.973
 76    23.743 54889.23523998 10.63  86.389754  67.429106  2.973
 76    25.696 54889.23524063  9.55  86.386194  67.426056  2.973
 77    45.505 54924.23520061  3.09  86.421098  67.470374  2.786
 77    44.237 54924.23520126  2.83  86.417528  67.467314  2.786
 77    42.823 54924.23520190  2.33  86.413968  67.464264  2.786
 77    40.320 54924.23520255  3.25  86.410398  67.461204  2.786
 77    38.169 54924.23520319  3.19  86.406838  67.458144  2.786
 77    35.489 54924.23520384  3.56  86.403278  67.455084  2.786
 77    32.891 54924.23520448  3.57  86.399708  67.452024  2.786
 77    28.326 54924.23520513  3.74  86.396148  67.448964  2.786
 77    22.602 54924.23520577  6.81  86.392588  67.445904  2.786
 77    15.436 54924.23520642  9.52  86.389032  67.442847  2.871
 77     1.307 54924.23520706 10.98  86.385472  67.439787  2.871
 77    17.124 54924.23520771 10.42  86.381922  67.436727  2.871
 77    19.424 54924.23520835  9.97  86.378362  67.433677  2.871
 77    26.048 54924.23520899  9.27  86.374802  67.430617  2.871
 78    25.830 54959.23523177  6.07  86.425373  67.453730  2.441
 78    32.863 54959.23523242  2.84  86.421803  67.450680  2.441
 78    35.473 54959.23523306  1.95  86.418243  67.447620  2.441
 78    31.522 54959.23523370  2.33  86.414678  67.444563  6.686
 78    27.002 54959.23523435  3.26  86.411118  67.441503  6.686
 78     1.870 54959.23523628 14.74  86.400428  67.432323  6.686
 78     1.849 54959.23523693 19.35  86.396878  67.429263  6.686
 78     2.337 54959.23523757 19.73  86.393318  67.426213  6.686
 79    12.949 54994.23525348 26.01  86.421496  67.457335 14.576
 79    12.801 54994.23525413 25.47  86.417926  67.454285 14.576
 79    12.766 54994.23525477 23.01  86.414366  67.451225 14.576
 79    12.694 54994.23525542 21.92  86.410806  67.448165 14.576
 79    12.739 54994.23525606 19.73  86.407240  67.445108 16.079
 79    21.681 54994.23525671 17.99  86.403680  67.442048 16.079
 79    23.544 54994.23525735 16.63  86.400120  67.438988 16.079
 79    24.102 54994.23525799 16.25  86.396560  67.435928 16.079
 79    24.412 54994.23525864 18.50  86.393000  67.432868 16.079
 79    28.209 54994.23525928 19.87  86.389440  67.429808 16.079
 79    28.749 54994.23525993 21.40  86.385880  67.426758 16.079
 80     2.111 55029.23524352 21.52  86.421833  67.457536 11.077
 80    11.149 55029.23524417 21.15  86.418273  67.454486 11.077
 80     2.306 55029.23524481 21.24  86.414703  67.451426 11.077
 80     2.279 55029.23524546 20.38  86.411143  67.448366 11.077
 80     1.943 55029.23524610 20.05  86.407583  67.445307 11.894
 80     2.004 55029.23524675 19.23  86.404013  67.442247 11.894
 80     2.055 55029.23524739 19.17  86.400453  67.439187 11.894
 80     1.950 55029.23524803 19.40  86.396903  67.436127 11.894
 80     2.069 55029.23524868 20.67  86.393343  67.433067 11.894
 80     2.337 55029.23524932 19.74  86.389783  67.430017 11.894
 80     2.466 55029.23524997 23.53  86.386223  67.426957 11.894
 81     2.356 55064.23523500 30.82  86.420986  67.456683 14.210
 81     1.393 55064.23523564 26.06  86.417426  67.453623 14.210
 81     0.568 55064.23523629 25.51  86.413856  67.450563 14.210
 81     0.433 55064.23523693 24.97  86.410296  67.447513 14.210
 81     0.584 55064.23523758 24.22  86.406736  67.444453 14.210
 81     1.000 55064.23523822 23.10  86.403178  67.441391 11.525
 81     0.918 55064.23523887 22.64  86.399618  67.438331 11.525
 81     1.518 55064.23523951 22.63  86.396058  67.435271 11.525
 81     2.669 55064.23524016 21.13  86.392498  67.432211 11.525
 81     2.424 55064.23524080 26.77  86.388938  67.429151 11.525
 81     3.437 55064.23524145 25.07  86.385378  67.426101 11.525
 82    33.136 55099.23517737 11.14  86.420378  67.470706  5.779
 82    30.132 55099.23517801 11.38  86.416808  67.467646  5.779
 82    14.592 55099.23517866 13.10  86.413248  67.464586  5.779
 82    12.885 55099.23517930 14.00  86.409678  67.461536  5.779
 82    14.822 55099.23517995 13.11  86.406118  67.458476  5.779
 82    18.049 55099.23518059 13.54  86.402558  67.455416  5.779
 82    19.727 55099.23518124 13.42  86.398988  67.452356  5.779
 82     9.183 55099.23518188 14.35  86.395428  67.449296  5.779
 82    20.176 55099.23518252 16.24  86.391868  67.446236  5.779
 82    24.223 55099.23518317 14.13  86.388318  67.443176  5.779
 82    23.782 55099.23518381 14.98  86.384754  67.440118 15.172
 82    25.628 55099.23518446 14.93  86.381194  67.437058 15.172
 82    25.407 55099.23518510 17.96  86.377644  67.433998 15.172
 82    37.612 55099.23518575 16.30  86.374084  67.430948 15.172
 83     1.156 55134.23518046 40.24  86.422949  67.451908 14.270
 83     1.164 55134.23518110 43.80  86.419389  67.448848 14.270
 83     0.429 55134.23518174 44.22  86.415825  67.445794 10.567
 83     1.751 55134.23518239 37.96  86.412265  67.442734 10.567
 83     1.850 55134.23518303 37.33  86.408695  67.439674 10.567
 83     1.287 55134.23518368 38.92  86.405135  67.436614 10.567
 83     1.472 55134.23518432 33.07  86.401575  67.433554 10.567
 83     1.940 55134.23518497 36.06  86.398025  67.430504 10.567
 83     1.416 55134.23518561 34.36  86.394465  67.427444 10.567
 84    13.574 55169.23514285 13.33  86.422365  67.462279  5.637
 84    13.266 55169.23514350 12.78  86.418795  67.459219  5.637
 84    13.248 55169.23514414 12.14  86.415235  67.456159  5.637
 84    11.838 55169.23514479 14.75  86.411675  67.453099  5.637
 84    11.887 55169.23514543 15.67  86.408105  67.450039  5.637
 84    10.513 55169.23514608 15.46  86.404545  67.446989  5.637
 84     9.872 55169.23514672 16.06  86.400982  67.443927  3.735
 84    19.676 55169.23514737 15.47  86.397422  67.440867  3.735
 84    22.010 55169.23514801 14.70  86.393872  67.437807  3.735
 84    23.023 55169.23514866 13.84  86.390312  67.434747  3.735
 84    23.278 55169.23514930 13.58  86.386752  67.431687  3.735
 84    24.822 55169.23514995 12.54  86.383192  67.428637  3.735
 85    35.374 55204.23517291 10.12  86.424680  67.453303  4.234
 85    33.699 55204.23517355  7.54  86.421120  67.450243  4.234
 85    12.714 55204.23517420 10.95  86.417550  67.447183  4.234
 85    11.185 55204.23517484 12.44  86.413984  67.444128  3.198
 85    10.381 55204.23517549 12.75  86.410424  67.441068  3.198
 85    18.352 55204.23517613 12.34  86.406864  67.438008  3.198
 85    20.965 55204.23517678 11.81  86.403304  67.434948  3.198
 85    21.822 55204.23517742 11.52  86.399744  67.431888  3.198
 85    23.459 55204.23517806 10.91  86.396184  67.428838  3.198
 85    24.334 55204.23517871 10.58  86.392624  67.425778  3.198
 86    42.503 55239.23514959  7.18  86.420804  67.464442  3.391
 86    40.240 55239.23515024  6.80  86.417234  67.461382  3.391
 86    38.128 55239.23515088  7.73  86.413664  67.458322  3.391
 86    36.207 55239.23515153  6.86  86.410104  67.455262  3.391
 86    32.550 55239.23515217  7.05  86.406544  67.452202  3.391
 86    19.895 55239.23515282  7.03  86.402984  67.449152  3.391
 86    10.296 55239.23515346 11.07  86.399424  67.446092  3.391
 86    10.356 55239.23515411 11.36  86.395863  67.443030  3.305
 86    21.022 55239.23515475 12.50  86.392303  67.439970  3.305
 86    15.229 55239.23515540 12.43  86.388743  67.436910  3.305
 86    23.900 55239.23515604 12.29  86.385183  67.433850  3.305
 86    21.017 55239.23515669 10.79  86.381633  67.430800  3.305
 87    37.501 55274.23516648  5.83  86.419717  67.456217  3.334
 87    35.876 55274.23516713  6.46  86.416157  67.453157  3.334
 87    32.286 55274.23516777  6.18  86.412587  67.450097  3.334
 87    29.832 55274.23516842  5.24  86.409029  67.447040  3.223
 87    19.172 55274.23516906  7.29  86.405469  67.443980  3.223
 87    10.916 55274.23516971 11.22  86.401909  67.440920  3.223
 87    12.787 55274.23517035 11.06  86.398349  67.437860  3.223
 87    14.153 55274.23517099 11.14  86.394789  67.434800  3.223
 87    21.885 55274.23517164 10.65  86.391229  67.431740  3.223
 87    23.695 55274.23517228 10.07  86.387669  67.428690  3.223
 88    23.679 55309.23513283  4.62  86.418504  67.463565  3.056
 88    32.078 55309.23513348  3.00  86.414944  67.460515  3.056
 88    37.735 55309.23513412  1.59  86.411384  67.457455  3.056
 88    36.811 55309.23513476  0.80  86.407814  67.454395  3.056
 88    34.787 55309.23513541  0.48  86.404254  67.451335  3.056
 88    35.700 55309.23513605  0.99  86.400694  67.448275  3.056
 88    27.743 55309.23513670  3.11  86.397134  67.445215  3.056
 88    21.099 55309.23513734  6.72  86.393574  67.442155  3.056
 88    13.388 55309.23513863  8.29  86.386459  67.436046  3.564
 88    19.782 55309.23513928  8.08  86.382899  67.432986  3.564
 88    23.033 55309.23513992  7.61  86.379339  67.429926  3.564
 89     8.185 55344.23513483 30.00  86.421706  67.453832 11.774
 89     7.827 55344.23513547 23.45  86.418146  67.450782 11.774
 89     7.710 55344.23513612 21.17  86.414586  67.447722 11.774
 89     7.651 55344.23513676 18.65  86.411016  67.444662 11.774
 89     7.207 55344.23513741 16.23  86.407459  67.441603  9.164
 89     7.044 55344.23513805 15.85  86.403899  67.438543  9.164
 89     7.779 55344.23513870 15.58  86.400339  67.435483  9.164
 89     7.921 55344.23513934 14.86  86.396779  67.432423  9.164
 90    14.656 55379.23512855 16.75  86.421662  67.460304 11.834
 90    13.401 55379.23512920 15.76  86.418092  67.457244 11.834
 90    19.006 55379.23512984 15.92  86.414532  67.454184 11.834
 90    19.331 55379.23513049 14.86  86.410972  67.451134 11.834
 90    20.858 55379.23513113 14.81  86.407402  67.448074 11.834
 90    21.844 55379.23513178 13.95  86.403846  67.445013 17.149
 90    23.822 55379.23513242 13.53  86.400286  67.441953 17.149
 90    24.339 55379.23513307 14.18  86.396726  67.438893 17.149
 90    25.327 55379.23513371 14.94  86.393166  67.435833 17.149
 90    26.778 55379.23513435 16.64  86.389606  67.432773 17.149
 90    27.482 55379.23513500 18.29  86.386056  67.429723 17.149
 90    31.171 55379.23513564 20.20  86.382496  67.426663 17.149
 91    12.139 55414.23515487 21.65  86.426407  67.452753 14.225
 91    13.556 55414.23515551 13.99  86.422837  67.449693 14.225
 91    12.786 55414.23515616 13.41  86.419277  67.446633 14.225
 91    18.874 55414.23515680 13.93  86.415718  67.443577 21.999
 91    20.007 55414.23515745 14.21  86.412148  67.440517 21.999
 91    20.567 55414.23515809 16.28  86.408588  67.437457 21.999
 91    22.060 55414.23515874 17.45  86.405028  67.434397 21.999
 91    22.893 55414.23515938 17.72  86.401468  67.431337 21.999
 91    23.324 55414.23516002 19.72  86.397908  67.428277 21.999
 91     2.167 55414.23516067 29.51  86.394348  67.425227 21.999
 92    12.923 55449.23514216 17.90  86.417669  67.456039 14.183
 92    25.234 55449.23514281 12.76  86.414109  67.452979 14.183
 92    24.226 55449.23514345 10.99  86.410549  67.449919 14.183
 92    23.815 55449.23514410 11.10  86.406989  67.446859 14.183
 92    24.544 55449.23514474 11.05  86.403429  67.443809 14.183
 92    24.889 55449.23514539 11.90  86.399864  67.440746 15.298
 92    25.799 55449.23514603 12.50  86.396304  67.437686 15.298
 92    25.711 55449.23514668 14.96  86.392744  67.434626 15.298
 92    27.375 55449.23514732 15.26  86.389184  67.431566 15.298
 92    29.034 55449.23514796 17.33  86.385634  67.428506 15.298
 93    44.648 55484.23506605 11.11  86.420610  67.469539  6.073
 93    11.959 55484.23506670 17.55  86.417040  67.466479  6.073
 93    13.500 55484.23506734 17.93  86.413480  67.463419  6.073
 93    15.421 55484.23506799 15.89  86.409910  67.460369  6.073
 93    17.226 55484.23506863 16.22  86.406350  67.457309  6.073
 93    19.664 55484.23506927 13.24  86.402790  67.454249  6.073
 93    20.777 55484.23506992 13.35  86.399230  67.451189  6.073
 93    22.141 55484.23507056 14.31  86.395670  67.448129  6.073
 93    22.897 55484.23507121 15.17  86.392110  67.445069  6.073
 93    23.663 55484.23507185 16.87  86.388550  67.442009  6.073
 93    24.410 55484.23507250 18.39  86.384996  67.438951 18.398
 93    25.269 55484.23507314 19.71  86.381436  67.435891 18.398
 93    25.700 55484.23507379 20.71  86.377876  67.432831 18.398
 93    26.320 55484.23507443 23.01  86.374326  67.429781 18.398
