# NaN NaN NaN ;Mean Elev.(m), Avg Gradient(m/km), RMS Gradient(m/km) - SRTM1     
#    0.667  -0.389   3.459 ;Mean Elev.(m), Avg Gradient(m/km), RMS Gradient(m/km) - ASTER GDEM
#    0.143  -0.126   2.404 ;Mean Elev.(m), Avg Gradient(m/km), RMS Gradient(m/km) - GMTED2010 
  6     1.760 52419.25463594 36.07  82.995705  70.276561 28.978
  6     1.651 52419.25463658 27.18  82.991175  70.273581 28.978
  6     1.298 52419.25463723 21.33  82.986639  70.270604 39.829
  6     1.351 52419.25463787 26.55  82.982109  70.267624 39.829
  6     1.568 52419.25463852 39.66  82.977579  70.264644 39.829
  6     1.555 52419.25463916 40.41  82.973049  70.261664 39.829
  6     1.557 52419.25463981 41.20  82.968529  70.258684 39.829
  6     1.596 52419.25464045 43.05  82.963999  70.255714 39.829
  6     1.633 52419.25464110 39.90  82.959479  70.252734 39.829
  6     1.673 52419.25464174 38.53  82.954949  70.249754 39.829
  6     1.729 52419.25464238 41.39  82.950429  70.246774 39.829
  6     1.772 52419.25464303 45.43  82.945909  70.243794 39.829
  6     1.796 52419.25464432 40.55  82.936869  70.237834 39.829
  6     1.781 52419.25464496 40.53  82.932349  70.234854 39.829
  6     1.738 52419.25464754 33.56  82.914299  70.222934 39.829
  6     1.517 52419.25464819 33.93  82.909789  70.219954 39.829
  6     1.571 52419.25464883 48.74  82.905279  70.216974 39.829
  8    28.690 52489.25463869 15.06  82.991224  70.276096 15.619
  8    28.845 52489.25463934 15.98  82.986694  70.273116 15.619
  8    -0.215 52489.25463998 17.94  82.982164  70.270136 15.619
  8     0.053 52489.25464063 21.36  82.977634  70.267166 15.619
  8     0.336 52489.25464127 25.82  82.973109  70.264188 20.635
  8     0.441 52489.25464192 33.64  82.968579  70.261208 20.635
  8     0.551 52489.25464256 37.94  82.964059  70.258228 20.635
  8     0.631 52489.25464321 35.59  82.959529  70.255248 20.635
  8     0.534 52489.25464385 35.49  82.955009  70.252268 20.635
  8     0.475 52489.25464450 31.86  82.950489  70.249288 20.635
  8     0.545 52489.25464514 25.56  82.945969  70.246308 20.635
  8     0.894 52489.25464579 31.53  82.941449  70.243328 20.635
  8     0.707 52489.25464643 29.93  82.936929  70.240348 20.635
  8     0.360 52489.25464708 27.80  82.932419  70.237368 20.635
  8     0.886 52489.25464772 25.11  82.927899  70.234388 20.635
  8     0.484 52489.25464965 32.89  82.914369  70.225448 20.635
  8     0.340 52489.25465030 25.15  82.909859  70.222468 20.635
  8     0.653 52489.25465094 22.47  82.905349  70.219488 20.635
  9    27.821 52524.25461391 12.31  82.987148  70.282798 15.287
  9    27.720 52524.25461456 14.22  82.982618  70.279818 15.287
  9    27.929 52524.25461520 14.31  82.978088  70.276838 15.287
  9     0.356 52524.25461584 18.24  82.973558  70.273858 15.287
  9     0.230 52524.25461649 21.04  82.969028  70.270888 15.287
  9    -0.115 52524.25461713 25.08  82.964498  70.267908 15.287
  9    -0.123 52524.25461778 29.93  82.959978  70.264928 15.287
  9     0.344 52524.25461842 32.15  82.955448  70.261948 15.287
  9     0.626 52524.25461907 31.47  82.950928  70.258968 15.287
  9     0.551 52524.25461971 29.18  82.946408  70.255988 15.287
  9    21.532 52524.25462294  0.57  82.923819  70.241087 21.872
  9     0.560 52524.25462487 24.57  82.910279  70.232147 21.872
  9     0.460 52524.25462551 24.98  82.905759  70.229167 21.872
  9     0.106 52524.25462616 24.60  82.901249  70.226187 21.872
  9     0.550 52524.25462680 21.68  82.896749  70.223207 21.872
  9     2.094 52524.25462745 21.67  82.892239  70.220227 21.872
 11    -0.607 52594.25466688 21.95  82.992018  70.281644  3.447
 11    -0.598 52594.25466753 22.79  82.987488  70.278664  3.447
 11    -0.514 52594.25466817 22.76  82.982958  70.275684  3.447
 11    -0.439 52594.25466882 23.68  82.978428  70.272704  3.447
 11    -0.495 52594.25466946 23.71  82.973898  70.269734  3.447
 11    -0.518 52594.25467011 23.26  82.969368  70.266754  3.447
 11    -0.439 52594.25467075 22.81  82.964841  70.263769  2.995
 11    -0.500 52594.25467140 22.87  82.960311  70.260789  2.995
 11    -0.631 52594.25467204 22.48  82.955791  70.257819  2.995
 11    -0.499 52594.25467269 21.99  82.951261  70.254839  2.995
 11    -0.403 52594.25467333 21.74  82.946741  70.251859  2.995
 11    -0.162 52594.25467398 21.23  82.942221  70.248879  2.995
 11    -0.151 52594.25467462 20.67  82.937701  70.245899  2.995
 11    -0.272 52594.25467527 20.87  82.933181  70.242919  2.995
 11    -0.246 52594.25467591 20.40  82.928661  70.239939  2.995
 11    -0.342 52594.25467656 20.10  82.924151  70.236959  2.995
 11    -0.469 52594.25467720 20.18  82.919631  70.233979  2.995
 11    -0.582 52594.25467784 20.46  82.915121  70.230999  2.995
 11    -0.629 52594.25467849 20.67  82.910611  70.228019  2.995
 11    -0.309 52594.25467913 19.42  82.906091  70.225039  2.995
 11    -0.086 52594.25467978 18.66  82.901581  70.222059  2.995
 11     0.226 52594.25468042 18.34  82.897081  70.219079  2.995
 13     0.011 52664.25462928 10.23  82.991392  70.277785  1.826
 13     0.115 52664.25462992 10.38  82.986862  70.274805  1.826
 13     0.174 52664.25463057 10.45  82.982332  70.271825  1.826
 13     0.138 52664.25463121 10.61  82.977792  70.268845  1.826
 13     0.052 52664.25463185 11.00  82.973272  70.265865  1.826
 13    -0.026 52664.25463250 11.36  82.968742  70.262885  1.826
 13     0.195 52664.25463314 11.21  82.964212  70.259915  1.826
 13     0.143 52664.25463379 11.57  82.959689  70.256935  2.365
 13     0.290 52664.25463443 11.15  82.955169  70.253955  2.365
 13     0.412 52664.25463508 11.11  82.950649  70.250975  2.365
 13     0.306 52664.25463572 11.64  82.946129  70.247995  2.365
 13     0.260 52664.25463637 11.62  82.941609  70.245015  2.365
 13     0.100 52664.25463701 11.69  82.937089  70.242035  2.365
 13     0.098 52664.25463766 11.71  82.932569  70.239055  2.365
 13     0.229 52664.25463830 11.05  82.928059  70.236075  2.365
 13     0.107 52664.25464024 11.51  82.914509  70.227135  2.365
 13     0.444 52664.25464088 11.24  82.909999  70.224155  2.365
 13     0.561 52664.25464153 12.40  82.905489  70.221175  2.365
 13     0.700 52664.25464217 10.27  82.900979  70.218195  2.365
 14    -0.245 52699.25460510  8.27  83.002601  70.266521  1.809
 14    -0.178 52699.25460575  8.51  82.998071  70.263541  1.809
 14     0.041 52699.25460639  8.40  82.993541  70.260561  1.809
 14     0.246 52699.25460703  8.88  82.989011  70.257581  1.809
 14    -0.105 52699.25461284  9.61  82.948313  70.230773  1.960
 14    -0.104 52699.25461348  9.51  82.943803  70.227793  1.960
 14    -0.122 52699.25461413  9.29  82.939283  70.224813  1.960
 14     0.001 52699.25461606  8.82  82.925743  70.215873  1.960
 14     0.117 52699.25461670  8.86  82.921243  70.212893  1.960
 14     0.560 52699.25461735  8.67  82.916733  70.209913  1.960
 14     1.255 52699.25461799  8.40  82.912223  70.206933  1.960
 14    -0.003 52699.25461864  8.57  82.907713  70.203953  1.960
 15     0.265 52734.25463057  8.57  82.993065  70.275986  2.692
 15     1.061 52734.25463121  8.94  82.988525  70.273006  2.692
 15     0.177 52734.25463186 10.35  82.984005  70.270026  2.692
 15     0.193 52734.25463250  9.96  82.979475  70.267046  2.692
 15     0.098 52734.25463315 10.17  82.974945  70.264066  2.692
 15     0.214 52734.25463379 10.86  82.970415  70.261086  2.692
 15     0.311 52734.25463444 10.17  82.965895  70.258116  2.692
 15     0.624 52734.25463508  9.96  82.961375  70.255136  2.692
 15     0.523 52734.25463573 10.27  82.956845  70.252156  2.692
 15     0.632 52734.25463637 10.06  82.952325  70.249176  2.692
 15     0.462 52734.25463702 10.46  82.947805  70.246196  2.692
 15     0.454 52734.25463766 10.47  82.943295  70.243216  2.692
 15     0.251 52734.25463831 10.26  82.938775  70.240232  1.626
 15     0.421 52734.25463895 10.32  82.934255  70.237252  1.626
 15     0.413 52734.25463959 10.21  82.929745  70.234272  1.626
 15     0.271 52734.25464153  9.86  82.916205  70.225332  1.626
 15     0.418 52734.25464217  9.43  82.911695  70.222352  1.626
 15     0.502 52734.25464282  9.42  82.907195  70.219372  1.626
 15     0.517 52734.25464346  9.18  82.902685  70.216392  1.626
 16     2.794 52769.25462528 16.92  82.987263  70.286360  6.701
 16     1.719 52769.25462592 15.43  82.982733  70.283380  6.701
 16     0.714 52769.25462657 12.05  82.978193  70.280400  6.701
 16    -0.705 52769.25462721 10.89  82.973663  70.277420  6.701
 16    -1.845 52769.25462786 10.04  82.969143  70.274440  6.701
 16    -3.794 52769.25462850 10.23  82.964613  70.271460  6.701
 16    -0.231 52769.25462915  9.57  82.960083  70.268480  6.701
 16     0.240 52769.25462979  8.27  82.955553  70.265500  6.701
 16     0.218 52769.25463044  9.18  82.951033  70.262530  6.701
 16     0.532 52769.25463108 10.85  82.946513  70.259550  6.701
 16     0.482 52769.25463172 10.43  82.941993  70.256570  6.701
 16     0.416 52769.25463237 10.99  82.937463  70.253590  6.701
 16     0.465 52769.25463301 12.93  82.932943  70.250610  6.701
 16     0.640 52769.25463366 11.66  82.928430  70.247623 12.344
 16     0.517 52769.25463430 13.89  82.923910  70.244643 12.344
 16     0.304 52769.25463495 15.77  82.919400  70.241663 12.344
 16    -0.220 52769.25463559 15.36  82.914880  70.238683 12.344
 16    -0.553 52769.25463624 13.65  82.910370  70.235703 12.344
 16    -1.020 52769.25463688 13.09  82.905860  70.232723 12.344
 16    -0.186 52769.25463753 12.91  82.901350  70.229743 12.344
 16     0.201 52769.25463817 11.84  82.896840  70.226763 12.344
 16     0.859 52769.25463882 13.12  82.892330  70.223783 12.344
 16     1.642 52769.25463946 14.88  82.887820  70.220803 12.344
 17    30.411 52804.25465604 24.81  83.001206  70.269921 18.379
 17    30.642 52804.25465669 20.46  82.996673  70.266948  8.073
 17    30.316 52804.25465733 16.73  82.992143  70.263968  8.073
 17    28.848 52804.25465798 15.48  82.987613  70.260988  8.073
 17     4.236 52804.25466378 23.83  82.946903  70.234178  8.073
 17     3.891 52804.25466443 23.24  82.942383  70.231198  8.073
 17     3.826 52804.25466507 23.02  82.937873  70.228218  8.073
 17     4.579 52804.25466700 22.30  82.924333  70.219278  8.073
 17     4.615 52804.25466765 23.59  82.919823  70.216298  8.073
 17     4.404 52804.25466829 25.27  82.915313  70.213318  8.073
 17     4.243 52804.25466894 26.66  82.910803  70.210338  8.073
 18    28.942 52839.25471822 15.71  82.998639  70.271639  7.713
 18    29.237 52839.25471886 16.34  82.994109  70.268659  7.713
 18    -0.076 52839.25471950 20.68  82.989579  70.265679  7.713
 18     0.587 52839.25472015 23.52  82.985055  70.262699 14.930
 18    -1.354 52839.25472595 28.05  82.944345  70.235889 14.930
 18    -1.493 52839.25472660 26.78  82.939825  70.232909 14.930
 18    -1.463 52839.25472724 25.54  82.935315  70.229929 14.930
 18     2.209 52839.25472918 20.84  82.921775  70.220989 14.930
 18     1.920 52839.25472982 20.03  82.917265  70.218009 14.930
 18     1.913 52839.25473046 18.47  82.912755  70.215029 14.930
 18     2.659 52839.25473111 18.04  82.908245  70.212049 14.930
 19    31.803 52874.25475728 13.98  82.997012  70.274706 13.270
 19     0.139 52874.25475792 17.35  82.992482  70.271736 13.270
 19    -0.293 52874.25475857 19.68  82.987952  70.268756 13.270
 19     0.346 52874.25475921 20.06  82.983422  70.265776 13.270
 19     0.585 52874.25475986 24.25  82.978894  70.262794 21.972
 19     0.357 52874.25476050 34.11  82.974364  70.259814 21.972
 19     1.156 52874.25476115 36.64  82.969834  70.256834 21.972
 19     1.110 52874.25476179 31.70  82.965314  70.253854 21.972
 19     1.242 52874.25476888 23.17  82.915624  70.221084 21.972
 19     0.521 52874.25476953 22.29  82.911114  70.218104 21.972
 19     2.136 52874.25477017 24.47  82.906604  70.215124 21.972
 21     0.230 52944.25466975 28.92  83.007700  70.268049  5.253
 21     0.300 52944.25467039 29.14  83.003160  70.265079  5.253
 21     0.234 52944.25467103 29.34  82.998630  70.262099  5.253
 21     0.070 52944.25467168 30.39  82.994100  70.259119  5.253
 21     0.117 52944.25467232 29.68  82.989580  70.256139  5.253
 21     0.555 52944.25467813 26.18  82.948884  70.229332  6.956
 21     0.241 52944.25467877 26.35  82.944364  70.226352  6.956
 21     0.055 52944.25467942 26.64  82.939854  70.223372  6.956
 21     0.266 52944.25468135 41.26  82.926314  70.214432  6.956
 21     0.201 52944.25468199 32.75  82.921804  70.211452  6.956
 21     0.263 52944.25468264 30.37  82.917304  70.208472  6.956
 21     0.436 52944.25468328 28.63  82.912794  70.205492  6.956
 21     0.353 52944.25468393 26.75  82.908284  70.202512  6.956
 22     0.430 52979.25472318 17.44  82.996360  70.271213  3.085
 22     0.432 52979.25472382 17.79  82.991820  70.268233  3.085
 22     0.321 52979.25472447 17.99  82.987300  70.265253  3.085
 22     0.385 52979.25472511 18.54  82.982770  70.262273  3.085
 22     1.227 52979.25473091 17.44  82.942064  70.235467  2.444
 22     0.836 52979.25473156 17.37  82.937544  70.232487  2.444
 22     0.424 52979.25473414 18.16  82.919494  70.220567  2.444
 22     0.876 52979.25473478 16.87  82.914984  70.217587  2.444
 22     0.809 52979.25473543 16.67  82.910474  70.214607  2.444
 23     0.074 53014.25471937 12.42  82.991368  70.282603  1.815
 23     0.242 53014.25472001 12.72  82.986838  70.279623  1.815
 23     0.044 53014.25472066 12.54  82.982308  70.276643  1.815
 23     0.034 53014.25472130 13.26  82.977778  70.273673  1.815
 23     0.050 53014.25472194 13.11  82.973248  70.270693  1.815
 23    -0.079 53014.25472259 12.89  82.968718  70.267713  1.815
 23    -0.027 53014.25472323 13.27  82.964188  70.264733  1.815
 23     0.059 53014.25472388 13.43  82.959668  70.261753  1.815
 23     0.126 53014.25472452 13.26  82.955138  70.258773  1.815
 23     0.294 53014.25472517 13.48  82.950618  70.255793  1.815
 23     0.327 53014.25472581 13.08  82.946101  70.252816  1.736
 23     0.440 53014.25472646 13.08  82.941581  70.249836  1.736
 23     0.440 53014.25472710 13.45  82.937061  70.246856  1.736
 23     0.600 53014.25472775 13.33  82.932541  70.243876  1.736
 23     0.370 53014.25472839 12.94  82.928021  70.240896  1.736
 23     0.285 53014.25472904 13.16  82.923511  70.237916  1.736
 23     0.119 53014.25472968 13.00  82.918991  70.234936  1.736
 23     0.133 53014.25473033 13.11  82.914481  70.231956  1.736
 23     0.221 53014.25473097 12.90  82.909971  70.228976  1.736
 23     0.275 53014.25473161 12.77  82.905451  70.225996  1.736
 23     0.421 53014.25473226 12.62  82.900941  70.223016  1.736
 23     0.576 53014.25473290 12.46  82.896441  70.220036  1.736
 24    -0.239 53049.25469323 11.02  82.998666  70.270590  1.657
 24    -0.178 53049.25469388 11.15  82.994136  70.267610  1.657
 24    -0.020 53049.25469452 11.36  82.989606  70.264630  1.657
 24     0.070 53049.25469517 11.46  82.985076  70.261650  1.657
 24    -0.082 53049.25470097 12.14  82.944368  70.234845  1.794
 24     0.042 53049.25470161 12.20  82.939858  70.231865  1.794
 24     0.097 53049.25470226 12.10  82.935338  70.228885  1.794
 24     0.089 53049.25470419 11.64  82.921798  70.219945  1.794
 24     0.218 53049.25470484 11.71  82.917288  70.216965  1.794
 24     0.289 53049.25470548 11.62  82.912778  70.213985  1.794
 24     1.472 53049.25470612 11.21  82.908268  70.211005  1.794
 25    -0.383 53084.25472723 10.05  82.987379  70.282839  1.815
 25    -0.156 53084.25472788 10.08  82.982849  70.279869  1.815
 25    -0.265 53084.25472852 10.57  82.978319  70.276889  1.815
 25    -0.422 53084.25472917 10.36  82.973789  70.273909  1.815
 25    -0.401 53084.25472981 10.80  82.969259  70.270929  1.815
 25    -0.407 53084.25473046 10.79  82.964729  70.267949  1.815
 25    -0.372 53084.25473110 10.95  82.960199  70.264969  1.815
 25    -0.422 53084.25473175 11.11  82.955679  70.261989  1.815
 25    -0.202 53084.25473239 10.68  82.951149  70.259017  1.737
 25    -0.159 53084.25473304 10.89  82.946629  70.256037  1.737
 25     0.048 53084.25473368 10.62  82.942109  70.253057  1.737
 25    -0.086 53084.25473433 11.02  82.937589  70.250077  1.737
 25    -0.065 53084.25473497 10.89  82.933069  70.247097  1.737
 25     0.042 53084.25473562 10.60  82.928549  70.244117  1.737
 25     0.010 53084.25473626 10.58  82.924029  70.241137  1.737
 25    -0.124 53084.25473691 10.53  82.919509  70.238157  1.737
 25    -0.101 53084.25473755 10.22  82.914999  70.235177  1.737
 25    -0.073 53084.25473819  9.97  82.910489  70.232197  1.737
 25    -0.120 53084.25473884 10.00  82.905969  70.229217  1.737
 25     0.007 53084.25473948  9.80  82.901459  70.226237  1.737
 25     0.319 53084.25474013  9.39  82.896949  70.223257  1.737
 25     0.169 53084.25474077  9.37  82.892449  70.220277  1.737
 26    -1.739 53119.25469851  8.74  82.998176  70.274660  1.622
 26    -0.706 53119.25469916  9.11  82.993636  70.271680  1.622
 26    -0.483 53119.25469980  9.10  82.989106  70.268700  1.622
 26    -0.239 53119.25470044  9.18  82.984576  70.265720  1.622
 26    -0.136 53119.25470109  9.69  82.980046  70.262750  1.622
 26    -0.148 53119.25470173  9.40  82.975526  70.259770  1.622
 26    -0.003 53119.25470238  9.86  82.970992  70.256785  1.924
 26    -0.203 53119.25470367 10.01  82.961942  70.250835  1.924
 26    -0.144 53119.25470431 10.03  82.957422  70.247855  1.924
 26    -0.262 53119.25470689  9.87  82.939342  70.235935  1.924
 26    -0.108 53119.25470754  9.63  82.934822  70.232955  1.924
 26    -0.259 53119.25471011  9.22  82.916772  70.221035  1.924
 26    -0.001 53119.25471076  8.82  82.912262  70.218055  1.924
 26     0.133 53119.25471140  8.71  82.907752  70.215075  1.924
 27     1.731 53154.25474954 24.73  82.995317  70.278556 15.150
 27     1.665 53154.25475018 21.75  82.990787  70.275576 15.150
 27     1.446 53154.25475083 19.78  82.986257  70.272596 15.150
 27     1.186 53154.25475147 21.78  82.981727  70.269616 15.150
 27     1.325 53154.25475212 27.72  82.977197  70.266646 15.150
 27     1.673 53154.25475276 31.14  82.972667  70.263666 15.150
 27     1.648 53154.25475341 30.32  82.968139  70.260681 23.939
 27     1.714 53154.25475405 33.26  82.963609  70.257701 23.939
 27     1.610 53154.25475470 33.48  82.959089  70.254721 23.939
 27     1.507 53154.25475534 32.57  82.954559  70.251751 23.939
 27     1.523 53154.25475598 33.75  82.950039  70.248771 23.939
 27     1.563 53154.25475663 37.86  82.945519  70.245791 23.939
 27     1.597 53154.25475727 33.04  82.940999  70.242811 23.939
 27     1.565 53154.25475792 28.23  82.936479  70.239831 23.939
 27     1.499 53154.25475856 27.57  82.931959  70.236851 23.939
 27     1.518 53154.25475921 31.14  82.927449  70.233871 23.939
 27     1.581 53154.25476114 27.40  82.913909  70.224931 23.939
 27     1.539 53154.25476179 26.49  82.909389  70.221951 23.939
 27     1.517 53154.25476243 29.82  82.904879  70.218971 23.939
 28    31.471 53189.25473960 13.24  82.997495  70.274153 12.360
 28    30.656 53189.25474024 12.84  82.992965  70.271173 12.360
 28    29.908 53189.25474089 13.33  82.988435  70.268203 12.360
 28     0.523 53189.25474153 15.65  82.983905  70.265223 12.360
 28     2.215 53189.25475120 21.08  82.916116  70.220527 21.718
 28     3.277 53189.25475185 18.42  82.911616  70.217547 21.718
 28     4.106 53189.25475249 21.81  82.907106  70.214567 21.718
 29     3.295 53224.25475237 10.69  82.993811  70.279987 10.639
 29     4.062 53224.25475302  9.13  82.989281  70.277007 10.639
 29     2.382 53224.25475366  9.23  82.984751  70.274027 10.639
 29     1.221 53224.25475431  9.77  82.980221  70.271057 10.639
 29     0.839 53224.25475495 10.82  82.975691  70.268077 10.639
 29     0.438 53224.25475560 12.82  82.971161  70.265097 10.639
 29     0.318 53224.25475624 16.01  82.966641  70.262117 10.639
 29     0.660 53224.25475688 17.83  82.962111  70.259137 10.639
 29     0.868 53224.25475753 18.68  82.957591  70.256157 10.639
 29     0.904 53224.25475817 20.33  82.953065  70.253181 23.040
 29     1.019 53224.25475882 19.44  82.948545  70.250201 23.040
 29     1.242 53224.25475946 18.82  82.944025  70.247221 23.040
 29     1.313 53224.25476011 17.98  82.939505  70.244241 23.040
 29     1.245 53224.25476075 17.87  82.934985  70.241261 23.040
 29     1.223 53224.25476140 17.34  82.930475  70.238281 23.040
 29     1.510 53224.25476204 16.02  82.925955  70.235301 23.040
 29     1.335 53224.25476333 35.14  82.916935  70.229341 23.040
 29     1.150 53224.25476398 26.85  82.912425  70.226361 23.040
 29     0.891 53224.25476462 19.66  82.907915  70.223381 23.040
 29     1.281 53224.25476527 20.16  82.903405  70.220401 23.040
 29     1.397 53224.25476591 21.97  82.898895  70.217421 23.040
 30     2.332 53259.25472703 15.05  82.984248  70.283916 12.678
 30    -0.231 53259.25472768 15.56  82.979718  70.280936 12.678
 30    -0.482 53259.25472832 17.68  82.975188  70.277956 12.678
 30    -0.484 53259.25472897 18.94  82.970658  70.274986 12.678
 30    -0.896 53259.25472961 21.19  82.966128  70.272006 12.678
 30    -0.763 53259.25473026 25.02  82.961598  70.269026 12.678
 30    -0.408 53259.25473090 25.45  82.957078  70.266046 12.678
 30    -0.126 53259.25473155 26.67  82.952548  70.263066 12.678
 30    -0.149 53259.25473219 26.12  82.948028  70.260086 12.678
 30    -0.064 53259.25473284 24.80  82.943508  70.257106 12.678
 30    -0.307 53259.25473348 26.84  82.938982  70.254126 25.248
 30    -0.098 53259.25473413 26.64  82.934462  70.251146 25.248
 30     0.254 53259.25473477 29.03  82.929942  70.248166 25.248
 30     0.380 53259.25473542 30.27  82.925422  70.245186 25.248
 30     0.559 53259.25473606 29.47  82.920912  70.242206 25.248
 30     0.522 53259.25473670 30.17  82.916392  70.239226 25.248
 30     0.532 53259.25473735 30.28  82.911882  70.236246 25.248
 30     0.359 53259.25473799 29.70  82.907372  70.233266 25.248
 30     0.319 53259.25473864 30.75  82.902862  70.230286 25.248
 30     0.047 53259.25473928 27.96  82.898352  70.227306 25.248
 30    -0.047 53259.25473993 25.58  82.893842  70.224326 25.248
 30     0.719 53259.25474057 23.94  82.889332  70.221346 25.248
 31     0.447 53294.25475330 20.76  82.994674  70.275334  9.430
 31     0.438 53294.25475395 21.47  82.990134  70.272354  9.430
 31     0.196 53294.25475459 22.31  82.985604  70.269384  9.430
 31     0.088 53294.25475524 22.53  82.981074  70.266404  9.430
 31     0.148 53294.25475588 22.45  82.976544  70.263424  9.430
 31     0.627 53294.25475653 22.20  82.972020  70.260443 13.554
 31     0.550 53294.25475717 23.41  82.967490  70.257463 13.554
 31     0.721 53294.25475782 22.52  82.962960  70.254483 13.554
 31     0.844 53294.25475846 24.81  82.958440  70.251513 13.554
 31     0.904 53294.25475911 23.65  82.953920  70.248533 13.554
 31     1.285 53294.25475975 21.70  82.949390  70.245553 13.554
 31     0.991 53294.25476104 24.04  82.940350  70.239593 13.554
 31     0.546 53294.25476168 23.59  82.935840  70.236613 13.554
 31     0.472 53294.25476233 25.44  82.931320  70.233633 13.554
 31     0.566 53294.25476426 31.61  82.917770  70.224693 13.554
 31     0.502 53294.25476491 32.71  82.913260  70.221713 13.554
 31     0.553 53294.25476555 34.23  82.908750  70.218733 13.554
 31     0.568 53294.25476620 36.96  82.904240  70.215753 13.554
 32     0.127 53329.25472609 13.86  82.995439  70.278456  2.122
 32     0.209 53329.25472673 13.62  82.990909  70.275476  2.122
 32     0.303 53329.25472737 14.49  82.986379  70.272496  2.122
 32     0.171 53329.25472802 14.97  82.981849  70.269516  2.122
 32     0.225 53329.25472866 14.90  82.977319  70.266536  2.122
 32     0.182 53329.25472931 15.48  82.972789  70.263566  2.122
 32     0.340 53329.25472995 15.05  82.968267  70.260588  2.187
 32     0.256 53329.25473060 15.35  82.963737  70.257608  2.187
 32     0.327 53329.25473124 15.07  82.959217  70.254628  2.187
 32     0.208 53329.25473189 15.55  82.954687  70.251648  2.187
 32     0.352 53329.25473253 15.05  82.950167  70.248668  2.187
 32     0.398 53329.25473318 14.65  82.945647  70.245688  2.187
 32     0.529 53329.25473382 15.07  82.941137  70.242708  2.187
 32     0.370 53329.25473447 15.09  82.936617  70.239728  2.187
 32     0.361 53329.25473511 14.43  82.932097  70.236748  2.187
 32     0.307 53329.25473576 14.43  82.927587  70.233768  2.187
 32     0.210 53329.25473769 14.09  82.914047  70.224828  2.187
 32     0.392 53329.25473833 13.52  82.909537  70.221848  2.187
 32     0.379 53329.25473898 13.38  82.905027  70.218868  2.187
 34    -0.979 53399.25470188  9.11  82.997024  70.274305  1.676
 34    -0.397 53399.25470252  9.34  82.992494  70.271325  1.676
 34    -0.401 53399.25470317  9.76  82.987964  70.268355  1.676
 34    -0.106 53399.25470381  9.90  82.983434  70.265375  1.676
 34    -0.217 53399.25470446  9.55  82.978904  70.262395  1.676
 34     0.091 53399.25470510 10.03  82.974379  70.259412  2.078
 34     0.342 53399.25470575 10.07  82.969849  70.256432  2.078
 34     0.600 53399.25470639 10.41  82.965329  70.253462  2.078
 34     0.522 53399.25470703 10.35  82.960799  70.250482  2.078
 34     0.395 53399.25470768 10.73  82.956279  70.247502  2.078
 34     0.128 53399.25471026 10.51  82.938199  70.235582  2.078
 34     0.195 53399.25471090 10.34  82.933689  70.232602  2.078
 34     0.161 53399.25471348 10.19  82.915639  70.220682  2.078
 34     0.284 53399.25471413  9.74  82.911129  70.217702  2.078
 34     0.249 53399.25471477  9.73  82.906619  70.214722  2.078
 35    -1.344 53434.25469111  9.16  82.992097  70.282254  1.716
 35    -1.338 53434.25469175  9.07  82.987567  70.279274  1.716
 35    -1.344 53434.25469240  8.96  82.983027  70.276294  1.716
 35    -1.442 53434.25469304  9.63  82.978497  70.273314  1.716
 35    -0.440 53434.25469369  9.49  82.973977  70.270334  1.716
 35    -0.511 53434.25469433  9.67  82.969447  70.267354  1.716
 35    -0.173 53434.25469498  9.60  82.964917  70.264374  1.716
 35    -0.510 53434.25469562  9.74  82.960390  70.261402  1.786
 35     0.004 53434.25469627 10.02  82.955870  70.258422  1.786
 35    -0.240 53434.25469691 10.07  82.951350  70.255442  1.786
 35    -0.019 53434.25469756  9.72  82.946830  70.252462  1.786
 35    -0.110 53434.25469820  9.96  82.942310  70.249482  1.786
 35    -0.123 53434.25469884 10.08  82.937790  70.246502  1.786
 35    -0.010 53434.25469949 10.02  82.933270  70.243522  1.786
 35     0.009 53434.25470013  9.74  82.928760  70.240542  1.786
 35     0.035 53434.25470078  9.70  82.924240  70.237562  1.786
 35    -0.025 53434.25470142  9.44  82.919730  70.234582  1.786
 35    -0.098 53434.25470207  9.36  82.915210  70.231602  1.786
 35    -0.058 53434.25470271  9.16  82.910700  70.228622  1.786
 35    -0.163 53434.25470336  8.92  82.906190  70.225642  1.786
 35     0.130 53434.25470400  8.58  82.901680  70.222662  1.786
 35     0.267 53434.25470465  8.50  82.897180  70.219682  1.786
 36    -0.913 53469.25473514  7.95  82.997343  70.272028  1.637
 36    -1.191 53469.25473578  8.11  82.992813  70.269058  1.637
 36     0.010 53469.25473643  8.45  82.988283  70.266078  1.637
 36     0.154 53469.25473707  8.73  82.983753  70.263098  1.637
 36     0.133 53469.25473772  9.24  82.979226  70.260118  1.934
 36    -0.097 53469.25474287  9.15  82.943046  70.236288  1.934
 36     0.101 53469.25474352  9.01  82.938526  70.233308  1.934
 36     0.338 53469.25474416  8.80  82.934006  70.230328  1.934
 36     0.245 53469.25474610  8.52  82.920466  70.221388  1.934
 36     0.216 53469.25474674  8.16  82.915956  70.218408  1.934
 36     0.392 53469.25474739  7.90  82.911446  70.215428  1.934
 37    29.211 53504.25477748  7.30  82.992271  70.279996  2.635
 37    29.036 53504.25477813  8.09  82.987731  70.277016  2.635
 37    27.770 53504.25477877  9.46  82.983201  70.274036  2.635
 37    24.477 53504.25477942  9.66  82.978671  70.271056  2.635
 37    23.515 53504.25478006 10.68  82.974141  70.268076  2.635
 37    18.928 53504.25478071 11.20  82.969611  70.265106  2.635
 37    18.772 53504.25478135 11.09  82.965081  70.262128  2.642
 37    15.753 53504.25478199 11.63  82.960561  70.259148  2.642
 37     1.230 53504.25478264 11.73  82.956031  70.256168  2.642
 37     2.369 53504.25478328 12.12  82.951511  70.253188  2.642
 37     2.261 53504.25478393 11.61  82.946991  70.250208  2.642
 37     2.529 53504.25478457 11.90  82.942471  70.247228  2.642
 37     2.792 53504.25478522 11.82  82.937951  70.244248  2.642
 37     2.444 53504.25478586 12.13  82.933431  70.241268  2.642
 37     2.615 53504.25478651 11.76  82.928911  70.238288  2.642
 37     2.645 53504.25478715 11.99  82.924401  70.235308  2.642
 37     2.011 53504.25478844 11.82  82.915371  70.229348  2.642
 37     2.040 53504.25478909 11.76  82.910861  70.226368  2.642
 37     1.848 53504.25478973 11.36  82.906351  70.223388  2.642
 37     2.935 53504.25479038 11.24  82.901841  70.220408  2.642
 37     3.072 53504.25479102 11.00  82.897331  70.217428  2.642
 38    28.892 53539.25477554 11.63  82.994478  70.279840 13.657
 38    29.170 53539.25477619 11.08  82.989938  70.276860 13.657
 38    29.498 53539.25477683 11.25  82.985408  70.273880 13.657
 38    29.054 53539.25477748 12.34  82.980878  70.270900 13.657
 38    27.019 53539.25477812 12.91  82.976348  70.267920 13.657
 38     1.215 53539.25477877 15.04  82.971818  70.264950 13.657
 38     1.179 53539.25477941 17.52  82.967292  70.261971 25.277
 38     1.372 53539.25478006 19.10  82.962772  70.258991 25.277
 38     1.450 53539.25478070 23.31  82.958242  70.256011 25.277
 38     1.756 53539.25478135 27.48  82.953722  70.253031 25.277
 38     1.771 53539.25478199 25.12  82.949202  70.250051 25.277
 38     1.997 53539.25478264 25.85  82.944682  70.247071 25.277
 38     1.731 53539.25478779 23.39  82.908562  70.223231 25.277
 38     1.924 53539.25478844 25.44  82.904052  70.220251 25.277
 38     2.092 53539.25478908 31.02  82.899542  70.217271 25.277
 39     0.770 53574.25477276 14.18  82.989951  70.282338 11.547
 39     0.301 53574.25477341 14.38  82.985421  70.279358 11.547
 39    -0.062 53574.25477405 15.80  82.980891  70.276378 11.547
 39    -0.734 53574.25477470 19.54  82.976361  70.273398 11.547
 39    -0.730 53574.25477534 25.07  82.971831  70.270418 11.547
 39    -0.278 53574.25477598 26.22  82.967301  70.267438 11.547
 39    -0.018 53574.25477663 30.53  82.962771  70.264468 11.547
 39     0.032 53574.25477727 31.39  82.958250  70.261488 24.212
 39     0.060 53574.25477792 32.58  82.953730  70.258508 24.212
 39     0.141 53574.25477856 30.92  82.949200  70.255528 24.212
 39     0.212 53574.25477921 28.66  82.944680  70.252548 24.212
 39     0.120 53574.25477985 27.09  82.940160  70.249568 24.212
 39     0.109 53574.25478050 28.96  82.935640  70.246588 24.212
 39     0.332 53574.25478114 29.31  82.931120  70.243608 24.212
 39     0.211 53574.25478179 29.76  82.926610  70.240628 24.212
 39     0.117 53574.25478243 29.26  82.922090  70.237648 24.212
 39     0.180 53574.25478308 33.03  82.917580  70.234668 24.212
 39     0.460 53574.25478372 38.07  82.913060  70.231688 24.212
 39     0.520 53574.25478437 36.94  82.908550  70.228708 24.212
 39     0.394 53574.25478501 28.02  82.904040  70.225728 24.212
 39     0.003 53574.25478565 25.78  82.899530  70.222748 24.212
 39     0.364 53574.25478630 24.55  82.895020  70.219768 24.212
 40    27.557 53609.25472390  9.67  82.975374  70.278578 15.779
 40     0.975 53609.25472454 10.37  82.970844  70.275598 15.779
 40     1.035 53609.25472519 11.30  82.966324  70.272618 15.779
 40     0.650 53609.25472583 12.93  82.961794  70.269638 15.779
 40     0.423 53609.25472648 13.75  82.957264  70.266658 15.779
 40     0.182 53609.25472712 15.80  82.952740  70.263683 23.019
 40     0.186 53609.25472777 17.18  82.948220  70.260703 23.019
 40     0.151 53609.25472841 19.06  82.943700  70.257723 23.019
 40     0.068 53609.25472906 19.75  82.939180  70.254743 23.019
 40    -0.195 53609.25472970 23.15  82.934660  70.251763 23.019
 40     0.208 53609.25473035 25.00  82.930140  70.248783 23.019
 40     0.451 53609.25473099 25.90  82.925620  70.245803 23.019
 40     0.766 53609.25473164 28.47  82.921100  70.242823 23.019
 40     0.742 53609.25473228 30.14  82.916590  70.239843 23.019
 40     0.644 53609.25473292 32.62  82.912080  70.236863 23.019
 40     0.492 53609.25473357 30.42  82.907560  70.233883 23.019
 40     0.097 53609.25473421 28.64  82.903050  70.230903 23.019
 40    -0.316 53609.25473486 25.59  82.898540  70.227923 23.019
 40     0.057 53609.25473550 22.07  82.894030  70.224943 23.019
 40     1.487 53609.25473615 19.80  82.889530  70.221963 23.019
 41     0.424 53644.25472711 12.96  82.998586  70.270186  8.962
 41     0.405 53644.25472775 15.28  82.994056  70.267216  8.962
 41     0.177 53644.25472840 18.35  82.989526  70.264236  8.962
 41     0.862 53644.25472904 23.61  82.984996  70.261256  8.962
 41     3.450 53644.25473807 18.17  82.921716  70.219545 19.585
 41     2.807 53644.25473871 15.15  82.917206  70.216565 19.585
 41     3.056 53644.25473936 15.21  82.912696  70.213585 19.585
 41     3.773 53644.25474000 15.47  82.908186  70.210605 19.585
 42     0.268 53679.25474356 28.88  82.988853  70.279834  5.280
 42     0.470 53679.25474420 29.20  82.984313  70.276854  5.280
 42     0.576 53679.25474485 30.06  82.979783  70.273874  5.280
 42     0.636 53679.25474549 30.14  82.975253  70.270894  5.280
 42     0.447 53679.25474614 30.21  82.970723  70.267914  5.280
 42     0.440 53679.25474678 30.52  82.966203  70.264934  5.280
 42     0.463 53679.25474743 32.19  82.961673  70.261954  5.280
 42     0.538 53679.25474807 31.78  82.957151  70.258984  6.082
 42     0.586 53679.25474872 31.17  82.952621  70.256004  6.082
 42     0.537 53679.25474936 31.69  82.948101  70.253024  6.082
 42     0.563 53679.25475000 32.53  82.943581  70.250044  6.082
 42     0.399 53679.25475065 30.85  82.939061  70.247064  6.082
 42     0.486 53679.25475129 29.03  82.934541  70.244084  6.082
 42     0.469 53679.25475194 28.86  82.930021  70.241104  6.082
 42     0.505 53679.25475258 28.17  82.925511  70.238124  6.082
 42     0.438 53679.25475323 27.60  82.920991  70.235144  6.082
 42     0.394 53679.25475452 24.95  82.911961  70.229184  6.082
 42     0.427 53679.25475516 25.13  82.907451  70.226204  6.082
 42     0.627 53679.25475581 23.35  82.902941  70.223224  6.082
 42     0.685 53679.25475645 28.72  82.898431  70.220244  6.082
 43    -1.001 53714.25467143 13.92  82.990292  70.281835  2.050
 43    -0.854 53714.25467207 14.11  82.985762  70.278855  2.050
 43    -0.790 53714.25467272 14.39  82.981232  70.275875  2.050
 43    -0.448 53714.25467336 14.66  82.976702  70.272895  2.050
 43    -0.200 53714.25467401 15.01  82.972172  70.269915  2.050
 43     0.169 53714.25467465 15.46  82.967642  70.266935  2.050
 43     0.393 53714.25467530 15.88  82.963122  70.263955  2.050
 43     0.325 53714.25467594 16.55  82.958596  70.260981  3.003
 43     0.472 53714.25467659 17.23  82.954076  70.258001  3.003
 43     0.605 53714.25467723 17.02  82.949546  70.255021  3.003
 43     0.531 53714.25467788 17.89  82.945026  70.252041  3.003
 43     0.562 53714.25467852 18.38  82.940506  70.249061  3.003
 43     0.588 53714.25467917 18.37  82.935996  70.246081  3.003
 43     0.484 53714.25467981 17.04  82.931476  70.243101  3.003
 43     0.336 53714.25468045 17.30  82.926956  70.240121  3.003
 43     0.376 53714.25468110 16.61  82.922446  70.237141  3.003
 43     0.503 53714.25468174 17.60  82.917936  70.234161  3.003
 43     0.706 53714.25468239 18.11  82.913416  70.231181  3.003
 43     0.490 53714.25468303 15.41  82.908906  70.228201  3.003
 43     0.205 53714.25468368 15.25  82.904396  70.225221  3.003
 43     0.510 53714.25468432 14.98  82.899896  70.222241  3.003
 43     0.635 53714.25468497 14.78  82.895386  70.219261  3.003
 44    -0.418 53749.25458835 11.41  83.006206  70.268407  2.270
 44    -0.072 53749.25458899 11.61  83.001676  70.265437  2.270
 44     0.305 53749.25458964 12.03  82.997146  70.262457  2.270
 44     0.606 53749.25459028 12.31  82.992616  70.259477  2.270
 44     0.412 53749.25459092 12.88  82.988087  70.256498  2.491
 44     0.229 53749.25459673 13.38  82.947397  70.229688  2.491
 44     0.257 53749.25459737 13.15  82.942877  70.226708  2.491
 44     0.217 53749.25459802 12.66  82.938367  70.223728  2.491
 44     0.068 53749.25459995 12.03  82.924827  70.214788  2.491
 44     0.010 53749.25460059 11.94  82.920317  70.211808  2.491
 44     0.125 53749.25460124 11.46  82.915807  70.208828  2.491
 44    -0.028 53749.25460188 11.48  82.911307  70.205848  2.491
 45    -0.341 53784.25461760 10.30  82.994668  70.277968  1.690
 45    -0.497 53784.25461825 10.52  82.990138  70.274988  1.690
 45    -0.123 53784.25461889 10.64  82.985608  70.272008  1.690
 45     0.156 53784.25461954 10.54  82.981078  70.269028  1.690
 45     0.129 53784.25462018 11.23  82.976548  70.266048  1.690
 45     0.439 53784.25462083 11.41  82.972028  70.263078  1.690
 45     0.468 53784.25462147 11.85  82.967498  70.260099  2.054
 45     0.629 53784.25462211 11.74  82.962978  70.257119  2.054
 45     0.721 53784.25462276 11.90  82.958448  70.254139  2.054
 45     0.788 53784.25462340 11.70  82.953928  70.251159  2.054
 45     0.831 53784.25462405 11.94  82.949408  70.248179  2.054
 45     0.823 53784.25462469 12.05  82.944888  70.245199  2.054
 45     0.635 53784.25462534 11.63  82.940368  70.242219  2.054
 45     0.407 53784.25462598 11.85  82.935858  70.239239  2.054
 45     0.462 53784.25462663 11.33  82.931338  70.236259  2.054
 45     0.321 53784.25462727 12.36  82.926828  70.233279  2.054
 45     0.237 53784.25462921 11.43  82.913288  70.224339  2.054
 45     0.509 53784.25462985 10.89  82.908778  70.221359  2.054
 45     0.671 53784.25463050 10.35  82.904268  70.218379  2.054
 46    -1.309 53819.25457780  9.90  82.984246  70.284565  1.705
 46    -1.354 53819.25457845  9.99  82.979706  70.281585  1.705
 46    -0.928 53819.25457909  9.87  82.975176  70.278615  1.705
 46    -0.923 53819.25457974 10.22  82.970656  70.275635  1.705
 46    -0.934 53819.25458038 10.45  82.966126  70.272655  1.705
 46    -0.819 53819.25458102 10.64  82.961596  70.269675  1.705
 46    -0.541 53819.25458167 10.52  82.957076  70.266695  1.705
 46    -0.337 53819.25458231 10.69  82.952546  70.263715  1.705
 46    -0.118 53819.25458296 10.80  82.948022  70.260734  1.803
 46    -0.070 53819.25458360 10.65  82.943502  70.257754  1.803
 46    -0.023 53819.25458425 10.60  82.938982  70.254774  1.803
 46     0.054 53819.25458489 10.63  82.934462  70.251794  1.803
 46    -0.002 53819.25458554 10.81  82.929952  70.248814  1.803
 46     0.221 53819.25458618 10.41  82.925432  70.245834  1.803
 46     0.038 53819.25458683 10.40  82.920912  70.242854  1.803
 46    -0.085 53819.25458747 10.73  82.916402  70.239874  1.803
 46    -0.118 53819.25458812 10.46  82.911892  70.236894  1.803
 46    -0.065 53819.25458876 10.41  82.907382  70.233914  1.803
 46     0.171 53819.25458941  9.96  82.902872  70.230934  1.803
 46    -0.041 53819.25459005  9.95  82.898362  70.227954  1.803
 46     0.299 53819.25459069  9.73  82.893852  70.224974  1.803
 46     0.563 53819.25459134  9.47  82.889342  70.221994  1.803
 47    -1.587 53854.25465920  8.43  82.997920  70.275989  1.607
 47    -0.848 53854.25465984  8.39  82.993380  70.273009  1.607
 47    -0.235 53854.25466049  8.55  82.988850  70.270029  1.607
 47    -0.205 53854.25466113  8.54  82.984320  70.267049  1.607
 47    -0.282 53854.25466178  8.85  82.979790  70.264079  1.607
 47    -0.044 53854.25466242  9.03  82.975260  70.261099  1.607
 47     0.270 53854.25466307  8.96  82.970739  70.258114  1.861
 47     0.341 53854.25466371  9.36  82.966209  70.255134  1.861
 47     0.470 53854.25466436  9.38  82.961679  70.252164  1.861
 47     0.616 53854.25466500  9.73  82.957159  70.249184  1.861
 47     0.708 53854.25466564  9.40  82.952639  70.246204  1.861
 47     0.292 53854.25466758  9.28  82.939079  70.237264  1.861
 47     0.071 53854.25466822  9.31  82.934559  70.234284  1.861
 47     0.309 53854.25467080  8.67  82.916509  70.222364  1.861
 47     0.347 53854.25467145  8.29  82.911999  70.219384  1.861
 47     0.672 53854.25467209  8.22  82.907489  70.216404  1.861
 48     2.533 53889.25466854 29.84  82.996842  70.272554 21.120
 48     2.088 53889.25466919 23.62  82.992312  70.269574 21.120
 48     2.176 53889.25466983 24.62  82.987782  70.266604 21.120
 48     2.306 53889.25467048 27.02  82.983252  70.263624 21.120
 48     2.133 53889.25467112 26.05  82.978723  70.260638 38.689
 48     2.126 53889.25467692 26.80  82.938043  70.233828 38.689
 48     2.202 53889.25467757 31.32  82.933523  70.230848 38.689
 48     2.168 53889.25467950 26.68  82.919993  70.221908 38.689
 48     2.093 53889.25468015 25.36  82.915483  70.218928 38.689
 48     2.241 53889.25468079 28.09  82.910973  70.215948 38.689
 49     3.298 53924.25473459 13.29  82.989033  70.278373 10.647
 49    -0.054 53924.25473523 15.35  82.984493  70.275393 10.647
 49    -0.907 53924.25473588 17.17  82.979963  70.272413 10.647
 49    -0.530 53924.25473652 20.61  82.975433  70.269433 10.647
 49    -0.057 53924.25473717 22.30  82.970903  70.266463 10.647
 49     0.249 53924.25473781 25.16  82.966373  70.263483 10.647
 49     0.316 53924.25473846 26.06  82.961842  70.260496 17.563
 49     0.400 53924.25473910 27.32  82.957322  70.257516 17.563
 49     0.410 53924.25473975 27.65  82.952792  70.254546 17.563
 49     0.381 53924.25474039 27.05  82.948272  70.251566 17.563
 49     0.245 53924.25474104 26.10  82.943752  70.248586 17.563
 49     0.964 53924.25474168 24.61  82.939232  70.245606 17.563
 49     0.999 53924.25474232 24.04  82.934712  70.242626 17.563
 49     0.619 53924.25474297 24.80  82.930192  70.239646 17.563
 49     0.315 53924.25474361 26.58  82.925672  70.236666 17.563
 49     0.850 53924.25474426 26.13  82.921162  70.233686 17.563
 49     1.174 53924.25474490 29.39  82.916642  70.230706 17.563
 49     1.387 53924.25474555 23.90  82.912132  70.227726 17.563
 49     1.266 53924.25474619 21.71  82.907622  70.224746 17.563
 49     1.522 53924.25474684 20.64  82.903112  70.221766 17.563
 49     2.084 53924.25474748 22.28  82.898602  70.218786 17.563
 50     0.741 53959.25472427 13.57  82.988956  70.284103 15.203
 50     0.356 53959.25472492 14.20  82.984426  70.281123 15.203
 50    -0.079 53959.25472556 17.91  82.979896  70.278143 15.203
 50    -0.673 53959.25472620 20.41  82.975356  70.275163 15.203
 50    -0.735 53959.25472685 21.59  82.970826  70.272183 15.203
 50    -0.568 53959.25472749 26.77  82.966306  70.269203 15.203
 50    -0.185 53959.25472814 26.26  82.961776  70.266223 15.203
 50    -0.018 53959.25472878 27.86  82.957246  70.263243 15.203
 50     0.012 53959.25472943 28.83  82.952716  70.260271 22.568
 50     0.009 53959.25473007 30.69  82.948196  70.257291 22.568
 50     0.141 53959.25473072 28.89  82.943676  70.254311 22.568
 50     0.317 53959.25473136 27.02  82.939156  70.251331 22.568
 50     0.290 53959.25473201 28.13  82.934636  70.248351 22.568
 50     0.105 53959.25473265 30.39  82.930116  70.245371 22.568
 50     0.173 53959.25473330 29.23  82.925596  70.242391 22.568
 50     0.146 53959.25473394 27.98  82.921086  70.239411 22.568
 50     0.167 53959.25473459 26.58  82.916566  70.236431 22.568
 50     0.343 53959.25473523 28.97  82.912056  70.233451 22.568
 50     0.353 53959.25473587 27.69  82.907536  70.230471 22.568
 50     0.214 53959.25473652 28.19  82.903026  70.227491 22.568
 50    -0.078 53959.25473716 27.21  82.898516  70.224511 22.568
 50     0.132 53959.25473781 26.08  82.894006  70.221531 22.568
 50     0.576 53959.25473845 30.01  82.889496  70.218551 22.568
 51    -0.723 53994.25465825 19.01  83.009822  70.267583 15.520
 51    -0.427 53994.25465889 23.07  83.005292  70.264603 15.520
 51    -0.071 53994.25465954 28.36  83.000752  70.261623 15.520
 51     0.244 53994.25466018 30.49  82.996222  70.258643 15.520
 51     0.464 53994.25466083 35.27  82.991695  70.255666 22.160
 51     0.206 53994.25466663 26.09  82.950995  70.228856 22.160
 51     0.324 53994.25466727 35.94  82.946475  70.225876 22.160
 51     0.413 53994.25466792 36.46  82.941965  70.222896 22.160
 51     2.247 53994.25466985 19.76  82.928425  70.213956 22.160
 51     0.543 53994.25467050 21.17  82.923915  70.210976 22.160
 51     3.432 53994.25467114 17.95  82.919405  70.207996 22.160
 51     2.318 53994.25467179 19.98  82.914895  70.205016 22.160
 51     2.943 53994.25467243 21.73  82.910385  70.202036 22.160
 52     0.036 54029.25471662 50.16  83.000459  70.271160 14.537
 52     0.197 54029.25471726 52.75  82.995929  70.268180 14.537
 52     0.041 54029.25471791 53.06  82.991399  70.265210 14.537
 52     0.147 54029.25471855 48.29  82.986869  70.262230 14.537
 52     0.145 54029.25472500 38.29  82.941643  70.232437 12.475
 52     0.013 54029.25472564 38.82  82.937133  70.229457 12.475
 52     0.058 54029.25472822 34.21  82.919083  70.217537 12.475
 52     0.008 54029.25472887 32.45  82.914573  70.214557 12.475
 52     0.083 54029.25472951 29.53  82.910063  70.211577 12.475
 53     0.098 54064.25470944 19.22  82.994718  70.278157  2.659
 53     0.220 54064.25471009 18.80  82.990188  70.275177  2.659
 53     0.266 54064.25471073 19.28  82.985658  70.272197  2.659
 53     0.200 54064.25471138 19.68  82.981128  70.269217  2.659
 53     0.172 54064.25471202 19.73  82.976598  70.266237  2.659
 53     0.152 54064.25471267 20.13  82.972068  70.263257  2.659
 53     0.206 54064.25471331 19.88  82.967548  70.260277  2.659
 53     0.036 54064.25471396 19.66  82.963023  70.257306  2.290
 53     0.120 54064.25471460 19.51  82.958493  70.254326  2.290
 53     0.184 54064.25471525 19.07  82.953973  70.251346  2.290
 53     0.320 54064.25471589 18.43  82.949453  70.248366  2.290
 53     0.202 54064.25471654 18.02  82.944933  70.245386  2.290
 53     0.322 54064.25471718 17.80  82.940423  70.242406  2.290
 53     0.405 54064.25471782 17.74  82.935903  70.239426  2.290
 53     0.416 54064.25471847 17.36  82.931383  70.236446  2.290
 53     0.197 54064.25471911 17.40  82.926873  70.233466  2.290
 53     0.199 54064.25472105 16.88  82.913333  70.224526  2.290
 53     0.352 54064.25472169 16.78  82.908823  70.221546  2.290
 53     0.663 54064.25472234 16.13  82.904323  70.218566  2.290
 54    -0.070 54099.25467496 14.08  82.989258  70.283874  2.108
 54     0.064 54099.25467560 14.22  82.984728  70.280904  2.108
 54     0.036 54099.25467625 14.82  82.980198  70.277924  2.108
 54     0.090 54099.25467689 14.76  82.975668  70.274944  2.108
 54     0.053 54099.25467754 14.87  82.971138  70.271964  2.108
 54    -0.047 54099.25467818 15.84  82.966608  70.268984  2.108
 54     0.042 54099.25467883 15.43  82.962088  70.266004  2.108
 54    -0.019 54099.25467947 15.69  82.957558  70.263024  2.108
 54     0.064 54099.25468012 15.52  82.953040  70.260049  1.878
 54     0.228 54099.25468076 15.03  82.948510  70.257069  1.878
 54     0.324 54099.25468141 14.89  82.943990  70.254089  1.878
 54     0.335 54099.25468205 14.58  82.939470  70.251109  1.878
 54     0.362 54099.25468270 15.14  82.934950  70.248129  1.878
 54     0.432 54099.25468334 14.87  82.930430  70.245149  1.878
 54     0.293 54099.25468398 14.54  82.925920  70.242169  1.878
 54     0.232 54099.25468463 14.44  82.921400  70.239189  1.878
 54     0.097 54099.25468527 14.40  82.916890  70.236209  1.878
 54     0.175 54099.25468592 14.18  82.912380  70.233229  1.878
 54     0.103 54099.25468656 13.93  82.907860  70.230249  1.878
 54     0.138 54099.25468721 13.83  82.903350  70.227269  1.878
 54     0.358 54099.25468785 13.60  82.898850  70.224289  1.878
 54     0.930 54099.25468850 13.52  82.894340  70.221309  1.878
 55    -0.576 54134.25463457 11.69  83.001201  70.272251  1.764
 55    -0.370 54134.25463521 11.62  82.996671  70.269271  1.764
 55    -0.159 54134.25463586 11.62  82.992141  70.266301  1.764
 55    -0.172 54134.25463650 11.93  82.987611  70.263321  1.764
 55    -0.094 54134.25463715 11.98  82.983081  70.260341  1.764
 55    -0.087 54134.25464295 11.71  82.942373  70.233529  1.825
 55     0.045 54134.25464359 11.48  82.937863  70.230549  1.825
 55     0.164 54134.25464617 10.72  82.919813  70.218629  1.825
 55     0.669 54134.25464682 10.46  82.915293  70.215649  1.825
 55     1.078 54134.25464746 10.39  82.910793  70.212669  1.825
 57    29.839 54204.25463889  3.81  82.999449  70.272056  2.442
 57    26.684 54204.25463953  5.37  82.994915  70.269082  3.306
 57    22.011 54204.25464018  7.24  82.990385  70.266102  3.306
 57    21.460 54204.25464082  7.26  82.985855  70.263122  3.306
 57     3.758 54204.25464727  6.09  82.940625  70.233332  3.306
 57     3.327 54204.25464791  5.85  82.936115  70.230352  3.306
 57     1.536 54204.25465049  5.49  82.918065  70.218432  3.306
 57     2.000 54204.25465114  5.21  82.913555  70.215452  3.306
 57     2.142 54204.25465178  5.05  82.909045  70.212472  3.306
 59     1.847 54274.25468983 23.28  82.992530  70.276558  6.893
 59     1.581 54274.25469047 20.58  82.988000  70.273578  6.893
 59     1.378 54274.25469111 21.76  82.983470  70.270598  6.893
 59     1.400 54274.25469176 23.66  82.978945  70.267614 23.470
 59     1.959 54274.25469240 30.38  82.974415  70.264634 23.470
 59     1.805 54274.25469305 29.02  82.969885  70.261664 23.470
 59     1.917 54274.25469369 30.25  82.965365  70.258684 23.470
 59     1.766 54274.25469434 29.84  82.960835  70.255704 23.470
 59     1.747 54274.25469498 29.03  82.956315  70.252724 23.470
 59     1.624 54274.25469563 28.63  82.951795  70.249744 23.470
 59     1.718 54274.25469627 27.77  82.947275  70.246764 23.470
 59     1.893 54274.25469692 26.46  82.942755  70.243784 23.470
 59     1.985 54274.25469756 40.19  82.938235  70.240804 23.470
 59     1.980 54274.25469821 48.14  82.933715  70.237824 23.470
 59     1.978 54274.25469885 51.14  82.929205  70.234844 23.470
 59     2.045 54274.25470078 46.74  82.915665  70.225904 23.470
 59     1.999 54274.25470143 28.76  82.911155  70.222924 23.470
 59     1.604 54274.25470207 23.10  82.906645  70.219944 23.470
 59     1.964 54274.25470272 31.15  82.902135  70.216964 23.470
 60     0.349 54309.25469179 18.42  82.993499  70.275085 13.990
 60    -0.955 54309.25469244 23.56  82.988969  70.272105 13.990
 60    -0.334 54309.25469308 24.28  82.984443  70.269124 31.859
 60     0.037 54309.25469373 27.41  82.979913  70.266144 31.859
 60     0.207 54309.25469437 31.01  82.975383  70.263164 31.859
 60     0.343 54309.25469502 38.02  82.970853  70.260184 31.859
 60     0.397 54309.25469566 39.72  82.966333  70.257214 31.859
 60     0.417 54309.25469631 36.76  82.961803  70.254234 31.859
 60     0.467 54309.25469695 36.49  82.957283  70.251254 31.859
 60     0.219 54309.25469759 38.87  82.952763  70.248274 31.859
 60     0.245 54309.25469824 42.24  82.948243  70.245294 31.859
 60     0.227 54309.25469953 36.94  82.939203  70.239334 31.859
 60     0.278 54309.25470017 30.99  82.934683  70.236354 31.859
 60     0.279 54309.25470082 35.31  82.930173  70.233374 31.859
 60     0.216 54309.25470275 36.98  82.916633  70.224434 31.859
 60     0.050 54309.25470340 34.38  82.912123  70.221454 31.859
 60     0.276 54309.25470404 34.68  82.907613  70.218474 31.859
 61    27.946 54344.25466772 15.07  82.988078  70.282279 14.443
 61    27.693 54344.25466837 16.58  82.983548  70.279299 14.443
 61     0.021 54344.25466901 17.37  82.979018  70.276319 14.443
 61     0.014 54344.25466966 19.27  82.974488  70.273349 14.443
 61    -0.367 54344.25467030 21.66  82.969965  70.270370 25.767
 61    -0.095 54344.25467095 23.97  82.965435  70.267390 25.767
 61     0.181 54344.25467159 25.27  82.960905  70.264410 25.767
 61     0.434 54344.25467224 27.56  82.956385  70.261430 25.767
 61     0.473 54344.25467288 30.09  82.951865  70.258450 25.767
 61     0.461 54344.25467353 31.80  82.947335  70.255470 25.767
 61     0.887 54344.25467417 40.92  82.942815  70.252490 25.767
 61     0.386 54344.25467933 31.30  82.906695  70.228650 25.767
 61     0.322 54344.25467997 29.87  82.902185  70.225670 25.767
 61     0.457 54344.25468062 28.39  82.897675  70.222690 25.767
 61     0.411 54344.25468126 37.74  82.893175  70.219710 25.767
 62    30.386 54379.25462815 11.44  82.995528  70.271878 21.938
 62    29.908 54379.25462880 11.76  82.990998  70.268898 21.938
 62    28.686 54379.25462944 15.30  82.986468  70.265918 21.938
 62    27.958 54379.25463008 13.50  82.981938  70.262938 21.938
 62    29.118 54379.25463589 21.62  82.941228  70.236128 21.938
 62     2.630 54379.25463976 20.65  82.914148  70.218248 21.938
 62     2.913 54379.25464040 20.39  82.909648  70.215268 21.938
 63    -0.386 54414.25461619 24.62  82.992665  70.279732  3.317
 63    -0.243 54414.25461683 25.15  82.988135  70.276752  3.317
 63    -0.182 54414.25461748 25.21  82.983603  70.273772  2.934
 63    -0.321 54414.25461812 25.33  82.979073  70.270792  2.934
 63    -0.244 54414.25461877 25.39  82.974543  70.267812  2.934
 63    -0.147 54414.25461941 25.09  82.970023  70.264842  2.934
 63    -0.075 54414.25462006 25.40  82.965493  70.261862  2.934
 63    -0.213 54414.25462070 25.56  82.960973  70.258882  2.934
 63    -0.203 54414.25462135 25.08  82.956443  70.255902  2.934
 63    -0.075 54414.25462199 24.81  82.951923  70.252922  2.934
 63    -0.034 54414.25462264 25.09  82.947403  70.249942  2.934
 63    -0.480 54414.25462328 24.86  82.942883  70.246962  2.934
 63    -0.229 54414.25462393 24.37  82.938363  70.243982  2.934
 63    -0.117 54414.25462457 24.06  82.933843  70.241002  2.934
 63    -0.029 54414.25462522 23.74  82.929333  70.238022  2.934
 63     0.124 54414.25462586 22.81  82.924813  70.235042  2.934
 63     0.105 54414.25462715 22.38  82.915793  70.229082  2.934
 63     0.170 54414.25462779 22.22  82.911273  70.226102  2.934
 63     0.335 54414.25462844 21.50  82.906763  70.223122  2.934
 63     0.443 54414.25462908 21.01  82.902263  70.220142  2.934
 64    -0.113 54449.25459503 14.28  83.000092  70.271819  1.727
 64     0.071 54449.25459567 14.30  82.995562  70.268839  1.727
 64     0.200 54449.25459632 14.33  82.991032  70.265859  1.727
 64     0.402 54449.25459696 14.42  82.986502  70.262879  1.727
 64     0.545 54449.25460341 14.95  82.941272  70.233089  1.727
 64     0.300 54449.25460405 15.03  82.936762  70.230109  1.727
 64     0.617 54449.25460663 14.73  82.918712  70.218189  1.727
 64     1.237 54449.25460728 14.67  82.914202  70.215209  1.727
 64     1.343 54449.25460792 14.28  82.909690  70.212235  1.723
 65    -1.185 54484.25461114 10.86  82.994525  70.275552  1.610
 65    -1.043 54484.25461179 10.91  82.989995  70.272572  1.610
 65    -0.655 54484.25461243 10.82  82.985465  70.269592  1.610
 65    -0.758 54484.25461308 11.26  82.980935  70.266612  1.610
 65    -0.444 54484.25461372 11.05  82.976415  70.263642  1.610
 65     0.174 54484.25461437 11.13  82.971882  70.260656  1.589
 65     0.309 54484.25461501 11.40  82.967362  70.257676  1.589
 65     0.563 54484.25461566 11.29  82.962832  70.254706  1.589
 65     0.596 54484.25461630 11.35  82.958312  70.251726  1.589
 65     0.619 54484.25461695 11.52  82.953792  70.248746  1.589
 65     0.645 54484.25461759 11.31  82.949272  70.245766  1.589
 65     0.501 54484.25461888 11.36  82.940232  70.239806  1.589
 65     0.273 54484.25461952 11.47  82.935712  70.236826  1.589
 65     0.498 54484.25462017 11.38  82.931202  70.233846  1.589
 65     0.392 54484.25462210 11.03  82.917662  70.224906  1.589
 65     0.400 54484.25462275 10.99  82.913152  70.221926  1.589
 65     0.528 54484.25462339 10.52  82.908642  70.218946  1.589
 65     0.811 54484.25462404 10.51  82.904132  70.215966  1.589
 66    -1.309 54519.25460874 10.22  82.997913  70.271910  1.588
 66    -0.985 54519.25460938 10.09  82.993383  70.268930  1.588
 66    -0.174 54519.25461003 10.22  82.988856  70.265953  1.672
 66     0.010 54519.25461067 10.25  82.984326  70.262973  1.672
 66    -0.123 54519.25461647 10.51  82.943616  70.236163  1.672
 66    -0.380 54519.25461712 10.67  82.939096  70.233183  1.672
 66     0.026 54519.25461776 10.34  82.934586  70.230203  1.672
 66    -0.059 54519.25461970  9.97  82.921046  70.221263  1.672
 66     0.184 54519.25462034  9.77  82.916536  70.218283  1.672
 66     0.160 54519.25462099  9.50  82.912026  70.215303  1.672
 67    -1.020 54554.25462201  9.27  82.988301  70.281071  1.691
 67    -0.513 54554.25462266  9.38  82.983771  70.278091  1.691
 67    -0.540 54554.25462330  9.50  82.979241  70.275111  1.691
 67    -0.464 54554.25462395  9.62  82.974711  70.272131  1.691
 67    -0.416 54554.25462459 10.14  82.970181  70.269151  1.691
 67    -0.389 54554.25462524  9.88  82.965651  70.266171  1.691
 67    -0.120 54554.25462588  9.73  82.961127  70.263200  1.671
 67    -0.022 54554.25462653 10.02  82.956607  70.260220  1.671
 67     0.067 54554.25462717 10.15  82.952077  70.257240  1.671
 67     0.072 54554.25462781 10.20  82.947557  70.254260  1.671
 67     0.162 54554.25462846  9.99  82.943037  70.251280  1.671
 67     0.013 54554.25462910  9.90  82.938517  70.248300  1.671
 67    -0.084 54554.25462975  9.75  82.933997  70.245320  1.671
 67    -0.116 54554.25463039  9.96  82.929487  70.242340  1.671
 67     0.085 54554.25463104  9.76  82.924967  70.239360  1.671
 67     0.022 54554.25463168  9.59  82.920457  70.236380  1.671
 67     0.068 54554.25463297  9.21  82.911427  70.230420  1.671
 67     0.122 54554.25463362  9.00  82.906917  70.227440  1.671
 67     0.126 54554.25463426  9.03  82.902407  70.224460  1.671
 67     0.278 54554.25463491  8.87  82.897897  70.221480  1.671
 67     0.466 54554.25463555  8.69  82.893387  70.218500  1.671
 68    24.966 54589.25460366  4.88  82.997947  70.276248  2.693
 68    21.635 54589.25460431  4.72  82.993417  70.273278  2.693
 68    20.798 54589.25460495  4.20  82.988877  70.270298  2.693
 68    20.889 54589.25460560  4.37  82.984347  70.267318  2.693
 68    20.806 54589.25460624  4.07  82.979818  70.264334  2.928
 68    19.930 54589.25460689  5.01  82.975298  70.261354  2.928
 68     1.405 54589.25460753  5.48  82.970768  70.258374  2.928
 68     1.504 54589.25460818  5.58  82.966238  70.255404  2.928
 68     1.343 54589.25460882  6.37  82.961718  70.252424  2.928
 68     1.668 54589.25460947  7.04  82.957198  70.249444  2.928
 68     2.229 54589.25461011  6.98  82.952678  70.246464  2.928
 68     1.378 54589.25461205  7.03  82.939118  70.237524  2.928
 68     1.999 54589.25461269  6.74  82.934598  70.234544  2.928
 68     1.431 54589.25461527  6.24  82.916548  70.222624  2.928
 68     1.307 54589.25461591  5.88  82.912038  70.219644  2.928
 68     1.899 54589.25461656  5.75  82.907528  70.216664  2.928
 69     5.808 54624.25462047 21.07  82.994733  70.279882 17.433
 69     5.206 54624.25462111 22.56  82.990193  70.276902 17.433
 69     5.199 54624.25462176 22.32  82.985663  70.273922 17.433
 69     5.465 54624.25462240 19.59  82.981133  70.270952 17.433
 69     5.577 54624.25462305 26.77  82.976603  70.267972 17.433
 69     5.593 54624.25462369 28.47  82.972078  70.264987 25.735
 69     5.586 54624.25462434 27.47  82.967558  70.262007 25.735
 69     5.573 54624.25462498 30.77  82.963028  70.259027 25.735
 69     5.473 54624.25462562 30.86  82.958508  70.256057 25.735
 69     5.520 54624.25462627 29.27  82.953978  70.253077 25.735
 69     5.552 54624.25462691 29.90  82.949458  70.250097 25.735
 69     5.573 54624.25462756 29.55  82.944938  70.247117 25.735
 69     5.582 54624.25462820 32.99  82.940418  70.244137 25.735
 69     5.626 54624.25462885 31.12  82.935908  70.241157 25.735
 69     5.664 54624.25462949 31.64  82.931388  70.238177 25.735
 69     5.718 54624.25463014 33.34  82.926868  70.235197 25.735
 69     5.849 54624.25463207 29.38  82.913328  70.226257 25.735
 69     5.858 54624.25463272 29.10  82.908818  70.223277 25.735
 69     5.913 54624.25463336 29.35  82.904318  70.220297 25.735
 69     5.931 54624.25463401 33.95  82.899808  70.217317 25.735
 70    28.646 54659.25462976 10.97  82.991965  70.276734 12.920
 70    28.680 54659.25463041 10.78  82.987435  70.273754 12.920
 70    28.476 54659.25463105 12.05  82.982905  70.270774 12.920
 70     0.367 54659.25463170 14.42  82.978375  70.267804 12.920
 70     0.300 54659.25463234 20.08  82.973845  70.264824 12.920
 70     0.545 54659.25463299 23.99  82.969315  70.261844 12.920
 70     0.596 54659.25463363 25.52  82.964795  70.258864 12.920
 70     0.638 54659.25463428 26.35  82.960265  70.255884 12.920
 70     0.707 54659.25463492 28.87  82.955745  70.252904 12.920
 70     0.634 54659.25463557 26.32  82.951225  70.249924 12.920
 70     1.542 54659.25463621 20.63  82.946705  70.246944 12.920
 70     1.621 54659.25463685 20.88  82.942185  70.243964 12.920
 70     1.200 54659.25463750 21.17  82.937665  70.240984 12.920
 70     0.610 54659.25463814 22.85  82.933145  70.238004 12.920
 70     0.536 54659.25463879 22.71  82.928625  70.235024 12.920
 70     0.886 54659.25464072 29.46  82.915085  70.226084 12.920
 70     1.062 54659.25464137 17.73  82.910577  70.223111 29.057
 70     1.463 54659.25464201 17.30  82.906067  70.220131 29.057
 70     2.214 54659.25464266 20.89  82.901557  70.217151 29.057
 71    -1.435 54694.25460961 27.77  82.989164  70.278727  4.318
 71    -1.408 54694.25461025 28.09  82.984634  70.275747  4.318
 71    -0.967 54694.25461089 27.79  82.980104  70.272767  4.318
 71    -0.570 54694.25461154 27.79  82.975574  70.269787  4.318
 71    -0.109 54694.25461218 28.67  82.971044  70.266807  4.318
 71     0.246 54694.25461283 30.40  82.966514  70.263827  4.318
 71     0.352 54694.25461347 40.21  82.961994  70.260847  4.318
 71     0.338 54694.25461412 50.50  82.957471  70.257872 32.452
 71     0.407 54694.25461476 53.91  82.952941  70.254892 32.452
 71     0.381 54694.25461541 52.27  82.948421  70.251912 32.452
 71     0.254 54694.25461605 52.72  82.943901  70.248932 32.452
 71     0.246 54694.25461670 44.92  82.939381  70.245952 32.452
 71     0.314 54694.25461734 47.38  82.934871  70.242972 32.452
 71     0.379 54694.25461799 38.03  82.930351  70.239992 32.452
 71     0.372 54694.25461863 46.94  82.925831  70.237012 32.452
 71     0.391 54694.25461928 48.35  82.921321  70.234032 32.452
 71     0.436 54694.25462057 37.92  82.912291  70.228072 32.452
 71     0.347 54694.25462121 31.12  82.907781  70.225092 32.452
 71     0.285 54694.25462185 33.10  82.903271  70.222112 32.452
 71     0.227 54694.25462250 47.49  82.898771  70.219132 32.452
 72    29.373 54729.25458471 12.67  82.996579  70.272078 11.416
 72    -0.261 54729.25458535 16.96  82.992049  70.269098 11.416
 72     0.150 54729.25458600 20.00  82.987519  70.266118 11.416
 72     0.413 54729.25458664 23.12  82.982987  70.263137 19.802
 72     0.641 54729.25458729 31.74  82.978467  70.260157 19.802
 72     0.792 54729.25459244 21.05  82.942287  70.236327 19.802
 72    -1.140 54729.25459309 20.98  82.937767  70.233347 19.802
 72     0.394 54729.25459373 20.00  82.933257  70.230367 19.802
 72     1.565 54729.25459567 19.27  82.919717  70.221427 19.802
 72     2.076 54729.25459631 17.33  82.915207  70.218447 19.802
 72     1.701 54729.25459696 17.74  82.910697  70.215467 19.802
 73     1.075 54764.25458784 36.12  82.993832  70.277448 13.675
 73     1.112 54764.25458849 37.67  82.989302  70.274468 13.675
 73     1.133 54764.25458913 31.76  82.984772  70.271488 13.675
 73     0.856 54764.25458977 31.31  82.980242  70.268518 13.675
 73     0.905 54764.25459042 30.47  82.975712  70.265538 13.675
 73     1.036 54764.25459106 32.49  82.971191  70.262554 23.326
 73     1.090 54764.25459171 33.20  82.966661  70.259574 23.326
 73     0.971 54764.25459235 33.50  82.962141  70.256604 23.326
 73     1.033 54764.25459300 35.22  82.957611  70.253624 23.326
 73     0.977 54764.25459364 31.59  82.953091  70.250644 23.326
 73     1.016 54764.25459429 34.75  82.948571  70.247664 23.326
 73     1.076 54764.25459493 38.38  82.944051  70.244684 23.326
 73     1.113 54764.25459558 38.83  82.939531  70.241704 23.326
 73     1.118 54764.25459622 41.02  82.935011  70.238724 23.326
 73     1.113 54764.25459687 39.76  82.930501  70.235744 23.326
 73     1.090 54764.25459751 37.22  82.925981  70.232764 23.326
 73     1.108 54764.25459880 37.50  82.916961  70.226804 23.326
 73     1.095 54764.25459944 37.67  82.912451  70.223824 23.326
 73     1.125 54764.25460009 37.79  82.907941  70.220844 23.326
 73     1.083 54764.25460073 33.94  82.903431  70.217864 23.326
 74    -0.581 54799.25457823 15.11  83.000519  70.272000  1.824
 74    -0.366 54799.25457887 15.32  82.995979  70.269020  1.824
 74    -0.197 54799.25457951 15.36  82.991448  70.266045  2.032
 74    -0.237 54799.25458016 15.49  82.986918  70.263065  2.032
 74     0.304 54799.25458661 14.04  82.941688  70.233275  2.032
 74     0.384 54799.25458725 13.96  82.937178  70.230295  2.032
 74     0.139 54799.25458983 13.34  82.919128  70.218375  2.032
 74     0.852 54799.25459047 13.10  82.914618  70.215395  2.032
 74     0.859 54799.25459112 12.88  82.910108  70.212415  2.032
 75    -0.065 54834.25457860 12.54  82.991363  70.277134  1.713
 75    -0.058 54834.25457925 12.60  82.986833  70.274154  1.713
 75     0.039 54834.25457989 12.99  82.982303  70.271174  1.713
 75     0.066 54834.25458054 13.15  82.977773  70.268194  1.713
 75     0.136 54834.25458118 13.47  82.973243  70.265224  1.713
 75     0.123 54834.25458183 13.15  82.968718  70.262246  1.851
 75     0.516 54834.25458247 13.42  82.964198  70.259266  1.851
 75     0.764 54834.25458312 13.19  82.959668  70.256286  1.851
 75     0.796 54834.25458376 12.95  82.955148  70.253306  1.851
 75     0.735 54834.25458441 13.01  82.950628  70.250326  1.851
 75     0.823 54834.25458505 12.82  82.946108  70.247346  1.851
 75     0.641 54834.25458569 13.14  82.941588  70.244366  1.851
 75     0.527 54834.25458634 12.74  82.937068  70.241386  1.851
 75     0.233 54834.25458698 12.67  82.932548  70.238406  1.851
 75     0.181 54834.25458763 12.41  82.928038  70.235426  1.851
 75     0.112 54834.25458956 11.95  82.914498  70.226486  1.851
 75     0.156 54834.25459021 11.91  82.909988  70.223506  1.851
 75     0.364 54834.25459085 11.65  82.905478  70.220526  1.851
 75     0.492 54834.25459150 11.34  82.900968  70.217546  1.851
 76    -0.630 54869.25457502 11.22  83.001310  70.271887  1.559
 76    -0.457 54869.25457566 11.65  82.996770  70.268907  1.559
 76    -0.016 54869.25457630 11.59  82.992242  70.265932  1.895
 76     0.073 54869.25457695 11.97  82.987712  70.262952  1.895
 76    -0.013 54869.25458340 11.43  82.942482  70.233162  1.895
 76     0.158 54869.25458404 11.76  82.937972  70.230182  1.895
 76     0.109 54869.25458662 10.67  82.919922  70.218262  1.895
 76     0.120 54869.25458726 10.31  82.915412  70.215282  1.895
 76     0.154 54869.25458791 10.37  82.910902  70.212302  1.895
 77    -0.427 54904.25458706 10.98  82.988180  70.283169  1.725
 77    -0.294 54904.25458770 10.94  82.983650  70.280189  1.725
 77    -0.195 54904.25458834 11.04  82.979110  70.277209  1.725
 77    -0.259 54904.25458899 11.12  82.974580  70.274229  1.725
 77    -0.263 54904.25458963 11.52  82.970060  70.271249  1.725
 77    -0.148 54904.25459028 11.67  82.965530  70.268279  1.725
 77    -0.206 54904.25459092 11.60  82.961005  70.265299  1.760
 77    -0.156 54904.25459157 11.58  82.956475  70.262319  1.760
 77     0.091 54904.25459221 11.68  82.951955  70.259339  1.760
 77     0.071 54904.25459286 11.55  82.947435  70.256359  1.760
 77     0.281 54904.25459350 11.42  82.942905  70.253379  1.760
 77     0.229 54904.25459415 11.48  82.938385  70.250399  1.760
 77     0.060 54904.25459479 11.69  82.933875  70.247419  1.760
 77     0.136 54904.25459544 11.09  82.929355  70.244439  1.760
 77     0.251 54904.25459608 10.74  82.924835  70.241459  1.760
 77     0.127 54904.25459673 10.77  82.920325  70.238479  1.760
 77     0.067 54904.25459737 10.74  82.915805  70.235499  1.760
 77     0.046 54904.25459801 10.52  82.911295  70.232519  1.760
 77     0.029 54904.25459866 10.11  82.906785  70.229539  1.760
 77     0.125 54904.25459930  9.89  82.902275  70.226559  1.760
 77     0.188 54904.25459995  9.79  82.897765  70.223579  1.760
 77     0.235 54904.25460059  9.83  82.893255  70.220599  1.760
 78    16.626 54939.25456559  9.93  82.999087  70.274893  2.963
 78     0.360 54939.25456623 10.03  82.994557  70.271913  2.963
 78     0.362 54939.25456688 10.11  82.990027  70.268933  2.963
 78     0.442 54939.25456752 10.39  82.985497  70.265963  2.963
 78     0.370 54939.25456817 10.68  82.980967  70.262983  2.963
 78     0.683 54939.25456881 10.53  82.976437  70.260003  2.963
 78     0.762 54939.25456946 10.98  82.971917  70.257023  2.963
 78     0.617 54939.25457397 10.24  82.940267  70.236163  2.963
 78     0.845 54939.25457461 10.03  82.935747  70.233183  2.963
 78     1.013 54939.25457719  9.35  82.917697  70.221271  1.494
 78     0.977 54939.25457784  9.19  82.913187  70.218291  1.494
 78     1.122 54939.25457848  8.88  82.908677  70.215311  1.494
 79     1.707 54974.25459599 11.93  82.996980  70.277187  8.943
 79     0.493 54974.25459663 15.37  82.992440  70.274207  8.943
 79     0.967 54974.25459728 19.32  82.987910  70.271237  8.943
 79     1.321 54974.25459792 21.17  82.983380  70.268257  8.943
 79     1.280 54974.25459857 25.61  82.978849  70.265274 25.111
 79     1.165 54974.25459921 35.17  82.974329  70.262294 25.111
 79     1.264 54974.25459986 30.69  82.969799  70.259314 25.111
 79     1.356 54974.25460050 28.53  82.965269  70.256344 25.111
 79     1.297 54974.25460115 32.47  82.960749  70.253364 25.111
 79     1.258 54974.25460179 32.02  82.956229  70.250384 25.111
 79     1.297 54974.25460244 34.50  82.951709  70.247404 25.111
 79     1.239 54974.25460308 32.09  82.947189  70.244424 25.111
 79     1.123 54974.25460437 27.70  82.938149  70.238464 25.111
 79     1.321 54974.25460501 28.64  82.933629  70.235484 25.111
 79     1.424 54974.25460566 34.01  82.929119  70.232504 25.111
 79     1.248 54974.25460759 28.35  82.915579  70.223564 25.111
 79     1.228 54974.25460824 28.43  82.911069  70.220584 25.111
 79     1.008 54974.25460888 25.04  82.906559  70.217604 25.111
 80     2.975 55009.25460913 17.60  82.993951  70.280821  8.766
 80     1.462 55009.25460978 18.35  82.989411  70.277841  8.766
 80     1.508 55009.25461042 17.99  82.984881  70.274861  8.766
 80     1.381 55009.25461107 19.20  82.980351  70.271881  8.766
 80     1.248 55009.25461171 19.30  82.975821  70.268911  8.766
 80     1.021 55009.25461236 21.93  82.971301  70.265931  8.766
 80     1.131 55009.25461300 22.32  82.966768  70.262944 13.430
 80     1.281 55009.25461365 22.05  82.962248  70.259964 13.430
 80     1.358 55009.25461429 23.01  82.957718  70.256994 13.430
 80     1.325 55009.25461494 24.11  82.953198  70.254014 13.430
 80     1.352 55009.25461558 24.94  82.948678  70.251034 13.430
 80     1.456 55009.25461623 25.81  82.944158  70.248054 13.430
 80     1.503 55009.25461687 24.59  82.939638  70.245074 13.430
 80     1.519 55009.25461752 23.46  82.935118  70.242094 13.430
 80     1.686 55009.25461816 22.58  82.930598  70.239114 13.430
 80     1.512 55009.25461880 23.38  82.926088  70.236134 13.430
 80     1.718 55009.25462074 25.55  82.912548  70.227194 13.430
 80     1.595 55009.25462138 24.31  82.908038  70.224214 13.430
 80     1.563 55009.25462203 24.63  82.903528  70.221234 13.430
 80     1.784 55009.25462267 29.36  82.899018  70.218254 13.430
 81     0.801 55044.25459956 16.52  82.996637  70.277650 11.872
 81     3.096 55044.25460021 12.24  82.992107  70.274670 11.872
 81     0.083 55044.25460085 13.62  82.987567  70.271690 11.872
 81    -0.149 55044.25460150 18.35  82.983037  70.268720 11.872
 81     0.156 55044.25460214 22.27  82.978507  70.265740 11.872
 81     0.472 55044.25460279 30.33  82.973984  70.262754 21.711
 81     0.424 55044.25460343 37.97  82.969454  70.259774 21.711
 81     0.495 55044.25460408 36.92  82.964934  70.256804 21.711
 81     0.509 55044.25460472 33.56  82.960414  70.253824 21.711
 81     0.479 55044.25460536 31.60  82.955884  70.250844 21.711
 81     0.596 55044.25460601 23.44  82.951364  70.247864 21.711
 81     1.040 55044.25460665 22.68  82.946844  70.244884 21.711
 81     0.415 55044.25460794 36.72  82.937804  70.238924 21.711
 81     0.446 55044.25460859 27.62  82.933294  70.235944 21.711
 81     0.425 55044.25460923 20.50  82.928774  70.232964 21.711
 81     0.896 55044.25461117 19.81  82.915234  70.224024 21.711
 81     1.244 55044.25461181 19.71  82.910724  70.221044 21.711
 81     1.495 55044.25461246 18.60  82.906214  70.218064 21.711
 82     0.353 55079.25457582 12.93  82.987556  70.280766  9.991
 82     0.115 55079.25457647 13.99  82.983026  70.277786  9.991
 82    -0.018 55079.25457711 15.22  82.978496  70.274806  9.991
 82    -0.356 55079.25457776 17.01  82.973966  70.271826  9.991
 82    -0.331 55079.25457840 18.68  82.969436  70.268846  9.991
 82    -0.138 55079.25457905 21.95  82.964906  70.265866  9.991
 82     0.027 55079.25457969 26.33  82.960386  70.262886  9.991
 82     0.134 55079.25458034 28.12  82.955861  70.259911 22.966
 82     0.050 55079.25458098 28.77  82.951341  70.256931 22.966
 82     0.214 55079.25458163 28.43  82.946811  70.253951 22.966
 82     0.289 55079.25458227 26.34  82.942291  70.250971 22.966
 82     0.216 55079.25458292 25.39  82.937771  70.247991 22.966
 82     0.189 55079.25458356 27.57  82.933261  70.245011 22.966
 82     0.312 55079.25458421 28.13  82.928741  70.242031 22.966
 82     0.192 55079.25458485 28.55  82.924221  70.239051 22.966
 82     0.104 55079.25458549 28.89  82.919711  70.236071 22.966
 82     0.468 55079.25458614 29.86  82.915201  70.233091 22.966
 82     0.455 55079.25458678 27.74  82.910681  70.230111 22.966
 82     0.222 55079.25458743 27.06  82.906171  70.227131 22.966
 82    -0.127 55079.25458807 25.98  82.901661  70.224151 22.966
 82     0.527 55079.25458872 23.72  82.897161  70.221171 22.966
 82     0.538 55079.25458936 39.46  82.892651  70.218191 22.966
 83    -1.689 55114.25453247 25.37  82.997832  70.274549 13.160
 83     1.656 55114.25453311 25.31  82.993302  70.271569 13.160
 83     0.377 55114.25453376 26.64  82.988772  70.268599 13.160
 83     0.209 55114.25453440 29.83  82.984242  70.265619 13.160
 83     0.669 55114.25453505 29.89  82.979712  70.262639 13.160
 83     1.023 55114.25453569 31.77  82.975190  70.259656 20.715
 83     1.113 55114.25453633 35.27  82.970660  70.256676 20.715
 83     0.219 55114.25454149 32.60  82.934500  70.232846 20.715
 83     1.156 55114.25454407 28.17  82.916450  70.220926 20.715
 83     1.894 55114.25454472 27.55  82.911940  70.217946 20.715
 83     1.716 55114.25454536 29.13  82.907430  70.214966 20.715
 84    -0.573 55149.25453211 21.16  82.993070  70.278274  3.832
 84    -0.571 55149.25453275 23.20  82.988540  70.275294  3.832
 84    -0.616 55149.25453340 22.99  82.984010  70.272314  3.832
 84    -0.515 55149.25453404 23.66  82.979480  70.269344  3.832
 84    -0.263 55149.25453469 23.46  82.974950  70.266364  3.832
 84     0.180 55149.25453533 23.31  82.970424  70.263379  3.888
 84     0.332 55149.25453598 22.78  82.965894  70.260399  3.888
 84     0.057 55149.25453662 23.16  82.961374  70.257429  3.888
 84    -0.037 55149.25453727 22.98  82.956844  70.254449  3.888
 84    -0.123 55149.25453791 22.17  82.952324  70.251469  3.888
 84    -0.378 55149.25453855 22.58  82.947804  70.248489  3.888
 84    -0.099 55149.25453920 21.99  82.943284  70.245509  3.888
 84    -0.564 55149.25453984 21.80  82.938764  70.242529  3.888
 84    -0.230 55149.25454049 21.41  82.934244  70.239549  3.888
 84    -0.037 55149.25454113 21.00  82.929734  70.236569  3.888
 84    -0.012 55149.25454178 20.69  82.925214  70.233589  3.888
 84    -0.398 55149.25454307 21.21  82.916194  70.227629  3.888
 84    -0.239 55149.25454371 21.17  82.911684  70.224649  3.888
 84    -0.083 55149.25454436 21.97  82.907174  70.221669  3.888
 84     0.101 55149.25454500 19.83  82.902664  70.218689  3.888
 85    -0.301 55184.25451588 13.06  82.998588  70.271378  1.983
 85    -0.200 55184.25451652 13.63  82.994058  70.268398  1.983
 85     0.025 55184.25451717 14.20  82.989525  70.265421  2.234
 85     0.272 55184.25451781 14.23  82.984995  70.262441  2.234
 85    -0.061 55184.25452362 15.01  82.944285  70.235631  2.234
 85     0.163 55184.25452426 14.45  82.939765  70.232651  2.234
 85     0.121 55184.25452490 14.41  82.935255  70.229671  2.234
 85    -0.029 55184.25452684 14.19  82.921715  70.220731  2.234
 85     0.156 55184.25452748 13.95  82.917205  70.217751  2.234
 85     0.150 55184.25452813 13.51  82.912695  70.214771  2.234
 85     0.261 55184.25452877 13.61  82.908185  70.211791  2.234
 86     0.460 55219.25452945 13.94  82.993327  70.280821  4.148
 86     0.605 55219.25453010 13.60  82.988787  70.277841  4.148
 86     0.570 55219.25453074 14.78  82.984257  70.274861  4.148
 86     0.474 55219.25453139 15.42  82.979727  70.271881  4.148
 86     0.620 55219.25453203 16.18  82.975197  70.268911  4.148
 86     0.803 55219.25453268 16.69  82.970677  70.265931  4.148
 86     0.795 55219.25453332 18.88  82.966147  70.262944  8.438
 86     0.827 55219.25453397 19.29  82.961617  70.259964  8.438
 86     0.606 55219.25453461 20.64  82.957097  70.256994  8.438
 86     0.656 55219.25453526 21.97  82.952577  70.254014  8.438
 86     1.034 55219.25453590 22.21  82.948057  70.251034  8.438
 86     1.098 55219.25453655 28.05  82.943537  70.248054  8.438
 86     0.885 55219.25453719 22.86  82.939017  70.245074  8.438
 86     0.790 55219.25453783 22.15  82.934497  70.242094  8.438
 86     0.781 55219.25453848 21.43  82.929977  70.239114  8.438
 86     0.893 55219.25453912 21.77  82.925467  70.236134  8.438
 86     0.973 55219.25454041 23.35  82.916437  70.230174  8.438
 86     0.823 55219.25454106 23.54  82.911927  70.227194  8.438
 86     0.682 55219.25454170 25.30  82.907417  70.224214  8.438
 86     0.984 55219.25454235 24.40  82.902907  70.221234  8.438
 86     1.123 55219.25454299 25.56  82.898397  70.218254  8.438
 87    -0.551 55254.25451164 10.93  83.000280  70.273557  1.748
 87    -0.311 55254.25451229 10.66  82.995740  70.270577  1.748
 87    -0.066 55254.25451293 10.86  82.991212  70.267602  2.398
 87     0.127 55254.25451358 11.07  82.986682  70.264622  2.398
 87     0.404 55254.25451422 11.33  82.982152  70.261642  2.398
 87     0.843 55254.25452002 13.36  82.941452  70.234832  2.398
 87     0.882 55254.25452067 13.14  82.936942  70.231852  2.398
 87     0.729 55254.25452325 14.12  82.918892  70.219932  2.398
 87     0.744 55254.25452389 13.26  82.914382  70.216952  2.398
 87     0.653 55254.25452454 12.54  82.909872  70.213972  2.398
 88    -0.251 55289.25451887 11.40  82.988133  70.283033  1.745
 88    -0.116 55289.25451951 11.55  82.983593  70.280053  1.745
 88    -0.140 55289.25452016 11.77  82.979063  70.277073  1.745
 88    -0.059 55289.25452080 11.74  82.974533  70.274093  1.745
 88    -0.004 55289.25452145 12.31  82.970003  70.271113  1.745
 88     0.123 55289.25452209 12.26  82.965483  70.268133  1.745
 88     0.096 55289.25452274 12.64  82.960953  70.265153  1.745
 88     0.255 55289.25452338 12.33  82.956433  70.262179  2.099
 88     0.317 55289.25452403 12.59  82.951903  70.259199  2.099
 88     0.340 55289.25452467 12.78  82.947383  70.256219  2.099
 88     0.433 55289.25452532 12.82  82.942863  70.253239  2.099
 88     0.418 55289.25452596 12.85  82.938343  70.250259  2.099
 88     0.471 55289.25452661 13.22  82.933823  70.247279  2.099
 88     0.486 55289.25452725 13.38  82.929303  70.244299  2.099
 88     0.540 55289.25452789 13.24  82.924793  70.241319  2.099
 88     0.555 55289.25452854 13.15  82.920273  70.238339  2.099
 88     0.621 55289.25452918 12.59  82.915763  70.235359  2.099
 88     0.735 55289.25452983 12.80  82.911243  70.232379  2.099
 88     0.426 55289.25453047 12.91  82.906733  70.229399  2.099
 88     0.370 55289.25453112 13.51  82.902223  70.226419  2.099
 88     0.476 55289.25453176 12.38  82.897713  70.223439  2.099
 88     0.871 55289.25453241 12.27  82.893213  70.220459  2.099
 89     0.380 55324.25449783  7.93  82.993206  70.277793  2.539
 89     0.359 55324.25449847  8.09  82.988676  70.274813  2.539
 89     0.354 55324.25449912  8.59  82.984146  70.271833  2.539
 89     0.328 55324.25449976  8.81  82.979616  70.268853  2.539
 89     0.588 55324.25450041  8.83  82.975086  70.265883  2.539
 89     0.503 55324.25450105  9.19  82.970555  70.262896  2.233
 89     0.767 55324.25450169  9.23  82.966025  70.259916  2.233
 89     0.761 55324.25450234  9.15  82.961505  70.256946  2.233
 89     0.711 55324.25450298  9.63  82.956975  70.253966  2.233
 89     0.910 55324.25450363  9.42  82.952455  70.250986  2.233
 89     0.945 55324.25450427  9.39  82.947935  70.248006  2.233
 89     0.849 55324.25450492  9.36  82.943415  70.245026  2.233
 89     0.980 55324.25450556  9.22  82.938895  70.242046  2.233
 89     1.083 55324.25450621  9.14  82.934375  70.239066  2.233
 89     1.070 55324.25450685  9.08  82.929865  70.236086  2.233
 89     0.947 55324.25450750  8.68  82.925345  70.233106  2.233
 89     0.891 55324.25450879  8.76  82.916325  70.227146  2.233
 89     1.101 55324.25450943  8.59  82.911815  70.224166  2.233
 89     0.900 55324.25451008  8.59  82.907295  70.221186  2.233
 89     1.152 55324.25451072  8.46  82.902795  70.218206  2.233
 90     6.010 55359.25449604 31.90  82.991274  70.278300 25.305
 90     4.123 55359.25449669 27.86  82.986744  70.275320 25.305
 90     4.195 55359.25449733 33.05  82.982214  70.272340 25.305
 90     4.354 55359.25449798 45.05  82.977684  70.269360 25.305
 90     4.341 55359.25449862 47.18  82.973154  70.266390 25.305
 90     4.388 55359.25449926 38.69  82.968624  70.263403 33.288
 90     4.320 55359.25449991 35.74  82.964104  70.260423 33.288
 90     4.377 55359.25450055 40.72  82.959574  70.257453 33.288
 90     4.282 55359.25450120 39.39  82.955054  70.254473 33.288
 90     4.562 55359.25450184 41.22  82.950534  70.251493 33.288
 90     4.605 55359.25450249 43.79  82.946014  70.248513 33.288
 90     4.392 55359.25450313 40.30  82.941494  70.245533 33.288
 90     4.352 55359.25450378 45.62  82.936974  70.242553 33.288
 90     4.323 55359.25450442 34.23  82.932454  70.239573 33.288
 90     4.569 55359.25450507 35.82  82.927944  70.236593 33.288
 90     4.508 55359.25450571 35.62  82.923424  70.233613 33.288
 90     4.567 55359.25450700 37.54  82.914404  70.227653 33.288
 90     4.476 55359.25450765 32.47  82.909894  70.224673 33.288
 90     4.221 55359.25450829 25.41  82.905384  70.221693 33.288
 90     3.975 55359.25450893 25.65  82.900874  70.218713 33.288
 91    29.796 55394.25450082 19.03  82.996323  70.273798  9.822
 91    29.452 55394.25450146 20.74  82.991793  70.270818  9.822
 91     0.232 55394.25450211 23.50  82.987263  70.267838  9.822
 91     0.286 55394.25450275 27.84  82.982734  70.264858 18.605
 91     0.552 55394.25450340 31.22  82.978204  70.261878 18.605
 91     1.088 55394.25450404 31.40  82.973674  70.258898 18.605
 91     0.525 55394.25451178 33.43  82.919454  70.223148 18.605
 91     0.684 55394.25451242 23.99  82.914934  70.220168 18.605
 91     0.504 55394.25451307 21.69  82.910424  70.217188 18.605
 91     2.367 55394.25451371 20.19  82.905924  70.214208 18.605
 92    29.160 55429.25451212 14.70  82.993579  70.275349 12.059
 92    29.457 55429.25451276 13.69  82.989049  70.272369 12.059
 92     0.072 55429.25451341 18.01  82.984519  70.269389 12.059
 92     0.526 55429.25451405 20.35  82.979989  70.266409 12.059
 92     0.684 55429.25451470 24.27  82.975469  70.263439 12.059
 92     0.687 55429.25451534 27.03  82.970936  70.260451 18.666
 92     0.916 55429.25451599 31.53  82.966416  70.257481 18.666
 92     1.159 55429.25451663 31.60  82.961886  70.254501 18.666
 92     0.907 55429.25451728 31.87  82.957366  70.251521 18.666
 92    20.202 55429.25452050  0.49  82.934766  70.236621 18.666
 92    20.733 55429.25452114  0.26  82.930256  70.233641 18.666
 92     1.178 55429.25452308 26.60  82.916716  70.224701 18.666
 92     0.001 55429.25452372 24.81  82.912206  70.221721 18.666
 92     0.462 55429.25452437 22.88  82.907696  70.218741 18.666
 93    -0.227 55464.25447350 30.25  82.990731  70.284231  4.857
 93    -0.201 55464.25447415 31.17  82.986201  70.281261  4.857
 93    -0.171 55464.25447479 31.96  82.981671  70.278281  4.857
 93    -0.184 55464.25447544 33.08  82.977141  70.275301  4.857
 93    -0.232 55464.25447608 34.02  82.972611  70.272321  4.857
 93    -0.232 55464.25447673 34.68  82.968081  70.269341  4.857
 93    -0.160 55464.25447737 35.09  82.963561  70.266361  4.857
 93    -0.039 55464.25447802 35.27  82.959031  70.263381  4.857
 93    -0.015 55464.25447866 35.19  82.954505  70.260406 18.321
 93     0.022 55464.25447931 35.68  82.949985  70.257426 18.321
 93     0.021 55464.25447995 35.55  82.945465  70.254446 18.321
 93     0.062 55464.25448060 36.06  82.940945  70.251466 18.321
 93     0.019 55464.25448124 36.29  82.936425  70.248486 18.321
 93    -0.089 55464.25448188 38.50  82.931905  70.245506 18.321
 93    -0.078 55464.25448253 37.54  82.927395  70.242526 18.321
 93    -0.062 55464.25448317 38.07  82.922875  70.239546 18.321
 93     0.163 55464.25448382 41.78  82.918365  70.236566 18.321
 93     0.175 55464.25448446 44.24  82.913855  70.233586 18.321
 93     0.187 55464.25448511 45.28  82.909345  70.230606 18.321
 93     0.096 55464.25448575 38.98  82.904825  70.227626 18.321
 93     0.208 55464.25448640 40.69  82.900325  70.224646 18.321
 93     0.226 55464.25448704 49.56  82.895815  70.221666 18.321
 93     0.231 55464.25448769 47.08  82.891305  70.218686 18.321
