# NaN NaN NaN ;Mean Elev.(m), Avg Gradient(m/km), RMS Gradient(m/km) - SRTM1     
#  -15.000  -5.178   7.950 ;Mean Elev.(m), Avg Gradient(m/km), RMS Gradient(m/km) - ASTER GDEM
#    1.342  -3.025   5.861 ;Mean Elev.(m), Avg Gradient(m/km), RMS Gradient(m/km) - GMTED2010 
  7    20.934 52471.23148861 14.55  86.913171  66.619427 10.407
  7    21.078 52471.23148925 11.61  86.909831  66.616357 10.407
  7    18.499 52471.23148990 12.59  86.906491  66.613277 10.407
  7     3.159 52471.23149054 13.51  86.903151  66.610197 10.407
  7     3.376 52471.23149119 13.35  86.899811  66.607127 10.407
  7     4.121 52471.23149183 13.80  86.896471  66.604047 10.407
  7     3.156 52471.23149248 14.44  86.893131  66.600967 10.407
  7     2.411 52471.23149312 17.74  86.889791  66.597897 10.407
  7    -0.846 52471.23149376 23.67  86.886451  66.594817 10.407
  7    -0.116 52471.23149441 21.78  86.883121  66.591737 10.407
  8     3.953 52506.23146762 42.03  86.914484  66.621478  9.640
  8     3.957 52506.23146826 40.94  86.911134  66.618398  9.640
  8     4.299 52506.23146891 40.15  86.907794  66.615318  9.640
  8     4.181 52506.23146955 40.52  86.904454  66.612248  9.640
  8     4.145 52506.23147020 39.56  86.901114  66.609168  9.640
  8     4.135 52506.23147084 38.97  86.897774  66.606098  9.640
  8     4.114 52506.23147148 38.70  86.894434  66.603014 11.093
  8     4.369 52506.23147213 40.53  86.891094  66.599934 11.093
  9    23.823 52541.23145046 14.26  86.934551  66.615468 14.936
  9    22.828 52541.23145111 12.96  86.931211  66.612388 14.936
  9    22.377 52541.23145175 13.63  86.927863  66.609317 13.789
  9    20.626 52541.23145239 14.51  86.924523  66.606237 13.789
  9     4.780 52541.23145304 16.01  86.921183  66.603157 13.789
  9     4.922 52541.23145368 16.78  86.917843  66.600087 13.789
  9     6.134 52541.23145433 18.52  86.914503  66.597007 13.789
  9     4.295 52541.23145497 19.39  86.911163  66.593937 13.789
  9    13.187 52541.23145562 19.92  86.907823  66.590857 13.789
  9    13.902 52541.23145626 22.00  86.904483  66.587777 13.789
 10     3.317 52576.23149843 32.59  86.915480  66.618323  8.067
 10     3.373 52576.23149907 35.01  86.912140  66.615253  8.067
 10     3.087 52576.23149972 36.16  86.908790  66.612173  8.067
 10     3.258 52576.23150036 35.44  86.905450  66.609093  8.067
 10     3.044 52576.23150101 38.25  86.902110  66.606023  8.067
 10     3.179 52576.23150165 41.45  86.898770  66.602944 11.409
 10     3.382 52576.23150230 41.49  86.895430  66.599864 11.409
 10     3.340 52576.23150294 45.62  86.892090  66.596794 11.409
 10     3.299 52576.23150359 47.76  86.888760  66.593714 11.409
 10     3.372 52576.23150423 44.70  86.885420  66.590634 11.409
 11    20.139 52611.23146064 13.60  86.910785  66.619188  6.382
 11     2.898 52611.23146129 14.66  86.907444  66.616110  3.453
 11     2.176 52611.23146193 16.20  86.904104  66.613030  3.453
 11     1.988 52611.23146258 17.10  86.900764  66.609960  3.453
 11     2.162 52611.23146322 17.04  86.897424  66.606880  3.453
 11     2.278 52611.23146386 16.67  86.894084  66.603800  3.453
 11     5.746 52611.23146451 15.83  86.890744  66.600730  3.453
 11     8.669 52611.23146515 15.84  86.887404  66.597650  3.453
 11    10.991 52611.23146580 14.89  86.884074  66.594570  3.453
 11    11.796 52611.23146644 14.90  86.880734  66.591500  3.453
 12     9.185 52646.23144756 11.70  86.923672  66.618268  3.603
 12     7.836 52646.23144820 12.69  86.920332  66.615198  3.603
 12     5.951 52646.23144885 13.41  86.916982  66.612118  3.603
 12     2.781 52646.23144949 14.69  86.913641  66.609043  2.767
 12     4.150 52646.23145014 14.58  86.910301  66.605963  2.767
 12     3.674 52646.23145078 14.13  86.906961  66.602883  2.767
 12     6.043 52646.23145143 14.43  86.903621  66.599813  2.767
 12     7.454 52646.23145207 15.14  86.900281  66.596733  2.767
 12     9.179 52646.23145271 14.51  86.896941  66.593663  2.767
 12    10.972 52646.23145336 13.97  86.893601  66.590583  2.767
 13    20.804 52681.23141974  8.28  86.919487  66.619612  4.908
 13    17.938 52681.23142039  9.36  86.916147  66.616532  4.908
 13     7.723 52681.23142103 10.87  86.912807  66.613462  4.908
 13     6.106 52681.23142168 10.62  86.909467  66.610382  4.908
 13     4.740 52681.23142232 11.17  86.906127  66.607302  4.908
 13     3.867 52681.23142297 11.56  86.902787  66.604232  4.908
 13     5.466 52681.23142361 11.69  86.899447  66.601152  4.908
 13     8.675 52681.23142426 11.65  86.896107  66.598072  4.908
 13    12.049 52681.23142490 11.04  86.892773  66.594996  2.683
 13    12.605 52681.23142555 10.72  86.889433  66.591926  2.683
 15    22.805 52751.23150038  9.49  86.898972  66.621290  3.352
 15    21.213 52751.23150103 10.81  86.895632  66.618211  2.814
 15     2.587 52751.23150167 12.40  86.892292  66.615131  2.814
 15     2.409 52751.23150232 12.60  86.888952  66.612061  2.814
 15     2.690 52751.23150296 12.72  86.885612  66.608981  2.814
 15     3.292 52751.23150361 12.55  86.882272  66.605901  2.814
 15     5.911 52751.23150425 12.10  86.878932  66.602831  2.814
 15     8.321 52751.23150490 11.91  86.875592  66.599751  2.814
 15    10.811 52751.23150554 11.45  86.872262  66.596671  2.814
 15    13.372 52751.23150619 11.58  86.868922  66.593601  2.814
 16    23.268 52786.23144390 22.47  86.932548  66.616842 15.376
 16    18.031 52786.23144454 22.07  86.929206  66.613763 20.612
 16    17.472 52786.23144519 23.77  86.925866  66.610693 20.612
 16    16.807 52786.23144583 24.95  86.922516  66.607613 20.612
 16    15.671 52786.23144648 26.77  86.919176  66.604543 20.612
 16    14.961 52786.23144712 28.20  86.915836  66.601463 20.612
 16    15.992 52786.23144777 28.11  86.912496  66.598383 20.612
 16    16.552 52786.23144841 31.10  86.909156  66.595313 20.612
 16    17.041 52786.23144906 31.37  86.905816  66.592233 20.612
 16    17.558 52786.23144970 34.24  86.902476  66.589163 20.612
 17     4.392 52821.23151770 49.01  86.929313  66.617610 14.122
 17     5.424 52821.23151834 36.16  86.925963  66.614530 14.122
 17     5.113 52821.23151899 43.78  86.922627  66.611458 32.006
 17     4.968 52821.23151963 46.30  86.919277  66.608378 32.006
 17     5.129 52821.23152027 45.50  86.915937  66.605298 32.006
 17     4.902 52821.23152092 45.74  86.912597  66.602228 32.006
 17     4.877 52821.23152156 44.26  86.909257  66.599148 32.006
 17     4.883 52821.23152221 49.41  86.905917  66.596078 32.006
 17     5.015 52821.23152285 46.35  86.902577  66.592998 32.006
 17     4.788 52821.23152350 42.68  86.899237  66.589918 32.006
 18    22.071 52856.23156556  9.65  86.925966  66.616655 14.217
 18     6.060 52856.23156620 10.83  86.922626  66.613575 14.217
 18     2.474 52856.23156685 12.01  86.919282  66.610500 20.528
 18     2.514 52856.23156749 12.94  86.915932  66.607420 20.528
 18     2.690 52856.23156814 13.03  86.912592  66.604340 20.528
 18     2.711 52856.23156878 12.87  86.909252  66.601270 20.528
 18     2.544 52856.23156942 13.34  86.905912  66.598190 20.528
 18    13.934 52856.23157007 12.53  86.902572  66.595110 20.528
 18    14.572 52856.23157071 13.02  86.899242  66.592040 20.528
 18    15.165 52856.23157136 13.47  86.895902  66.588960 20.528
 19    19.729 52891.23159765 13.32  86.917598  66.620679 10.135
 19    18.619 52891.23159830 12.22  86.914258  66.617599 10.135
 19     2.516 52891.23159894 12.53  86.910908  66.614529 10.135
 19     2.446 52891.23159959 12.54  86.907567  66.611452 20.654
 19     2.362 52891.23160023 13.20  86.904227  66.608372 20.654
 19     4.461 52891.23160088 12.01  86.900887  66.605292 20.654
 19     6.148 52891.23160152 12.14  86.897547  66.602222 20.654
 19     7.193 52891.23160217 13.10  86.894207  66.599142 20.654
 19     8.817 52891.23160281 13.60  86.890867  66.596062 20.654
 19    15.687 52891.23160346 11.62  86.887527  66.592992 20.654
 20    18.410 52926.23155068 19.00  86.903604  66.620844 13.932
 20    17.968 52926.23155132 17.48  86.900254  66.617764 13.932
 20     1.898 52926.23155197 17.84  86.896914  66.614694 13.932
 20     2.106 52926.23155261 18.26  86.893579  66.611611 10.244
 20     1.984 52926.23155326 19.28  86.890239  66.608541 10.244
 20     2.080 52926.23155390 19.46  86.886899  66.605461 10.244
 20     2.403 52926.23155454 19.32  86.883559  66.602381 10.244
 20    11.535 52926.23155519 19.32  86.880229  66.599301 10.244
 20    10.114 52926.23155583 19.47  86.876889  66.596231 10.244
 20    13.291 52926.23155648 19.77  86.873559  66.593151 10.244
 21     9.262 52961.23151891 17.73  86.933543  66.614553  5.655
 21     1.185 52961.23151956 19.33  86.930193  66.611473  5.655
 21     1.169 52961.23152020 19.17  86.926856  66.608401  4.340
 21     1.164 52961.23152085 19.78  86.923516  66.605321  4.340
 21     1.029 52961.23152149 20.50  86.920176  66.602241  4.340
 21     1.065 52961.23152214 20.80  86.916826  66.599171  4.340
 21     1.204 52961.23152278 20.34  86.913486  66.596091  4.340
 21     1.348 52961.23152342 19.66  86.910156  66.593011  4.340
 21     9.350 52961.23152407 18.49  86.906816  66.589941  4.340
 21    10.844 52961.23152471 18.15  86.903476  66.586861  4.340
 22     9.586 52996.23155771 13.52  86.919598  66.619090  3.437
 22     8.412 52996.23155836 14.45  86.916258  66.616010  3.437
 22     7.204 52996.23155900 15.29  86.912918  66.612940  3.437
 22     1.346 52996.23155965 17.11  86.909578  66.609860  3.437
 22     1.617 52996.23156029 16.97  86.906238  66.606790  3.437
 22     1.464 52996.23156094 17.42  86.902888  66.603710  3.437
 22     1.399 52996.23156158 17.05  86.899558  66.600630  3.437
 22     7.159 52996.23156223 15.89  86.896218  66.597560  3.437
 22     8.512 52996.23156287 15.64  86.892878  66.594480  3.437
 22    11.301 52996.23156352 15.14  86.889538  66.591400  3.437
 23     9.111 53031.23151943 12.91  86.906333  66.621670  7.911
 23     2.100 53031.23152007 13.84  86.902990  66.618590  3.749
 23     2.251 53031.23152072 14.81  86.899650  66.615510  3.749
 23     1.899 53031.23152136 15.67  86.896310  66.612440  3.749
 23     1.677 53031.23152201 16.90  86.892970  66.609360  3.749
 23     1.694 53031.23152265 18.08  86.889630  66.606280  3.749
 23     1.934 53031.23152330 17.66  86.886290  66.603210  3.749
 23     2.412 53031.23152394 18.11  86.882950  66.600130  3.749
 23     2.205 53031.23152458 18.27  86.879620  66.597050  3.749
 23     2.864 53031.23152523 18.65  86.876280  66.593980  3.749
 24    18.610 53066.23152715 10.89  86.926044  66.618710  3.068
 24     8.822 53066.23152779 12.24  86.922704  66.615630  3.068
 24    13.967 53066.23152843 13.10  86.919364  66.612550  3.068
 24     6.357 53066.23152908 13.73  86.916014  66.609480  3.068
 24     2.711 53066.23152972 14.61  86.912674  66.606400  3.068
 24     3.974 53066.23153037 14.43  86.909334  66.603330  3.068
 24     5.422 53066.23153101 14.77  86.905994  66.600250  3.068
 24     7.128 53066.23153166 14.56  86.902654  66.597170  3.068
 24     9.399 53066.23153230 13.99  86.899324  66.594100  3.068
 24    10.501 53066.23153295 13.39  86.895984  66.591020  3.068
 25    18.682 53101.23152718 11.44  86.902144  66.621239  6.580
 25     7.608 53101.23152783 12.90  86.898804  66.618159  6.580
 25     2.290 53101.23152847 13.53  86.895464  66.615089  6.580
 25     1.971 53101.23152912 14.11  86.892124  66.612009  6.580
 25     2.139 53101.23152976 14.31  86.888784  66.608929  6.580
 25     3.280 53101.23153041 13.93  86.885446  66.605853  3.006
 25     2.286 53101.23153105 14.16  86.882106  66.602783  3.006
 25     2.426 53101.23153170 13.67  86.878766  66.599703  3.006
 25    10.383 53101.23153234 13.59  86.875436  66.596623  3.006
 25    14.479 53101.23153299 13.66  86.872096  66.593543  3.006
 26     2.442 53136.23152873 16.94  86.928051  66.617463 10.332
 26     1.972 53136.23152938 15.51  86.924701  66.614383 10.332
 26     2.464 53136.23153002  6.15  86.921361  66.611313 10.332
 26    16.316 53136.23153066  2.41  86.918021  66.608233 10.332
 26     8.135 53136.23153131  3.27  86.914681  66.605163 10.332
 26     9.063 53136.23153195  4.66  86.911341  66.602083 10.332
 26     1.912 53136.23153260  6.79  86.908001  66.599003 10.332
 26     2.300 53136.23153324  7.87  86.904661  66.595933 10.332
 26     2.469 53136.23153389 10.70  86.901321  66.592853 10.332
 26     2.734 53136.23153453 15.52  86.897981  66.589773 10.332
 27    16.328 53171.23158081 47.67  86.920321  66.618819 16.777
 27    16.285 53171.23158145 49.35  86.916971  66.615739 16.777
 27    16.320 53171.23158210 49.62  86.913631  66.612669 16.777
 27    16.176 53171.23158274 46.79  86.910289  66.609593 30.425
 27    16.236 53171.23158339 48.70  86.906949  66.606513 30.425
 27    16.256 53171.23158403 49.12  86.903609  66.603443 30.425
 27    16.250 53171.23158468 52.61  86.900269  66.600363 30.425
 27    16.236 53171.23158532 52.49  86.896929  66.597283 30.425
 27    16.045 53171.23158597 50.77  86.893589  66.594213 30.425
 27    16.070 53171.23158661 47.51  86.890249  66.591133 30.425
 28    19.950 53206.23159425 13.77  86.915179  66.618597  9.431
 28    18.942 53206.23159489 14.09  86.911839  66.615527  9.431
 28     3.936 53206.23159554 14.46  86.908499  66.612447  9.431
 28     3.843 53206.23159618 15.15  86.905159  66.609367  9.431
 28     3.869 53206.23159683 15.82  86.901819  66.606297  9.431
 28     3.879 53206.23159747 15.82  86.898479  66.603217  9.431
 28     3.904 53206.23159812 16.21  86.895139  66.600137  9.431
 28     4.226 53206.23159876 16.14  86.891799  66.597067  9.431
 28     3.895 53206.23159941 17.48  86.888459  66.593987  9.431
 28    16.337 53206.23160005 16.64  86.885129  66.590907  9.431
 29    20.158 53241.23156170 13.45  86.915611  66.620496 11.681
 29    19.669 53241.23156234 10.13  86.912271  66.617426 11.681
 29    18.649 53241.23156299 12.27  86.908933  66.614346 15.649
 29     3.731 53241.23156363 11.76  86.905583  66.611266 15.649
 29     3.819 53241.23156428 11.69  86.902243  66.608196 15.649
 29     4.846 53241.23156492 12.08  86.898913  66.605116 15.649
 29     5.853 53241.23156557 12.24  86.895573  66.602036 15.649
 29    10.904 53241.23156621 11.68  86.892233  66.598966 15.649
 29    14.655 53241.23156685 11.03  86.888893  66.595886 15.649
 29    15.929 53241.23156750 11.21  86.885563  66.592806 15.649
 30     4.976 53276.23153148 19.49  86.935848  66.616852 17.070
 30     5.235 53276.23153213 19.28  86.932498  66.613782 17.070
 30     4.914 53276.23153277 20.69  86.929158  66.610702 17.070
 30     4.335 53276.23153342 21.33  86.925808  66.607622 17.070
 30     4.252 53276.23153406 21.26  86.922468  66.604552 17.070
 30     4.226 53276.23153471 22.54  86.919128  66.601472 17.070
 30     4.291 53276.23153535 22.42  86.915788  66.598402 17.070
 30     4.225 53276.23153600 22.61  86.912448  66.595322 17.070
 30    13.799 53276.23153664 21.98  86.909108  66.592242 17.070
 30    14.870 53276.23153729 22.60  86.905768  66.589172 17.070
 31     3.515 53311.23157298 40.49  86.920016  66.620698  8.076
 31    -3.204 53311.23157363 49.23  86.916680  66.617626 15.637
 31     3.856 53311.23157427 45.03  86.913330  66.614546 15.637
 31     3.395 53311.23157492 44.94  86.909990  66.611466 15.637
 31     3.166 53311.23157556 37.33  86.906650  66.608396 15.637
 31     4.189 53311.23157621 41.13  86.903310  66.605316 15.637
 31     3.753 53311.23157685 41.13  86.899970  66.602236 15.637
 31     3.872 53311.23157750 40.58  86.896630  66.599166 15.637
 31     4.102 53311.23157814 41.01  86.893290  66.596086 15.637
 32    17.803 53346.23153893  8.51  86.916926  66.621257  4.846
 32     5.005 53346.23153957  9.93  86.913580  66.618181  4.833
 32     3.305 53346.23154022 10.91  86.910240  66.615101  4.833
 32     2.686 53346.23154086 12.11  86.906890  66.612031  4.833
 32     2.706 53346.23154151 12.34  86.903550  66.608951  4.833
 32     2.664 53346.23154215 12.82  86.900210  66.605871  4.833
 32     2.656 53346.23154280 13.00  86.896880  66.602801  4.833
 32     2.965 53346.23154344 12.17  86.893540  66.599721  4.833
 32     9.596 53346.23154409 11.89  86.890200  66.596641  4.833
 32     9.931 53346.23154473 12.07  86.886860  66.593571  4.833
 32    11.876 53346.23154537 12.13  86.883530  66.590491  4.833
 33    12.630 53381.23149655  7.73  86.935452  66.616868  3.613
 33    12.208 53381.23149719  8.13  86.932102  66.613798  3.613
 33     7.632 53381.23149784  9.22  86.928762  66.610718  3.613
 33     6.353 53381.23149848 10.12  86.925412  66.607648  3.613
 33     3.874 53381.23149913 10.86  86.922072  66.604568  3.613
 33     3.830 53381.23149977 10.82  86.918732  66.601488  3.613
 33     5.889 53381.23150042 12.58  86.915392  66.598418  3.613
 33     7.794 53381.23150106 11.09  86.912052  66.595338  3.613
 33    11.653 53381.23150171 11.23  86.908712  66.592268  3.613
 33    12.844 53381.23150235 10.62  86.905372  66.589188  3.613
 34    19.290 53416.23151701  9.16  86.924069  66.619327  5.275
 34    18.308 53416.23151765  9.60  86.920732  66.616253  3.953
 34    17.004 53416.23151830 10.92  86.917392  66.613173  3.953
 34     2.856 53416.23151894 11.48  86.914052  66.610093  3.953
 34     2.177 53416.23151959 12.27  86.910712  66.607023  3.953
 34     4.568 53416.23152023 12.29  86.907362  66.603943  3.953
 34     5.292 53416.23152087 13.07  86.904032  66.600863  3.953
 34     6.835 53416.23152152 12.73  86.900692  66.597793  3.953
 34     9.247 53416.23152216 12.13  86.897352  66.594713  3.953
 34    10.522 53416.23152281 11.74  86.894012  66.591643  3.953
 35    15.593 53451.23151431  7.03  86.937206  66.615832  2.484
 35    12.475 53451.23151495  8.02  86.933856  66.612762  2.484
 35    11.257 53451.23151560  9.02  86.930516  66.609682  2.484
 35     5.499 53451.23151624  9.38  86.927176  66.606612  2.484
 35     4.312 53451.23151689  9.97  86.923826  66.603532  2.484
 35     4.991 53451.23151753 10.08  86.920486  66.600452  2.484
 35     6.146 53451.23151818 10.89  86.917146  66.597382  2.484
 35     7.597 53451.23151882 10.64  86.913806  66.594302  2.484
 35     9.170 53451.23151946 10.13  86.910466  66.591232  2.484
 35    10.476 53451.23152011  9.79  86.907126  66.588152  2.484
 36    30.844 53486.23159908  5.35  86.917734  66.621486  4.689
 36    27.383 53486.23159973  5.89  86.914388  66.618413  4.202
 36    20.279 53486.23160037  7.52  86.911048  66.615333  4.202
 36    18.984 53486.23160102  8.29  86.907708  66.612253  4.202
 36     5.389 53486.23160166  9.45  86.904358  66.609183  4.202
 36     2.689 53486.23160231 11.49  86.901018  66.606103  4.202
 36     2.752 53486.23160295 10.69  86.897678  66.603033  4.202
 36     2.376 53486.23160360 11.98  86.894338  66.599953  4.202
 36     2.608 53486.23160424 11.65  86.890998  66.596873  4.202
 36    11.179 53486.23160488 10.19  86.887668  66.593803  4.202
 36    10.307 53486.23160553 10.65  86.884328  66.590723  4.202
 37    17.195 53521.23159279 27.85  86.918819  66.618451 12.202
 37    17.497 53521.23159344 28.12  86.915475  66.615373 26.787
 37    18.046 53521.23159408 28.53  86.912125  66.612293 26.787
 37    18.179 53521.23159473 28.88  86.908785  66.609223 26.787
 37    18.431 53521.23159537 29.29  86.905445  66.606143 26.787
 37    18.637 53521.23159602 33.90  86.902105  66.603063 26.787
 37    18.473 53521.23159666 44.17  86.898775  66.599993 26.787
 37    18.427 53521.23159731 49.29  86.895435  66.596913 26.787
 37    18.545 53521.23159795 48.36  86.892095  66.593833 26.787
 37    18.411 53521.23159859 48.67  86.888755  66.590763 26.787
 38    19.042 53556.23161694 11.97  86.910809  66.620153 16.829
 38    20.376 53556.23161758 10.82  86.907469  66.617073 16.829
 38    18.655 53556.23161823 11.96  86.904119  66.613993 16.829
 38     6.039 53556.23161887 11.83  86.900779  66.610923 16.829
 38     4.924 53556.23161952 12.43  86.897439  66.607843 16.829
 38     5.427 53556.23162016 12.22  86.894099  66.604763 16.829
 38    10.111 53556.23162081 12.56  86.890759  66.601693 16.829
 38    13.432 53556.23162145 12.13  86.887419  66.598613 16.829
 38    15.721 53556.23162210 11.74  86.884089  66.595533 16.829
 38    16.452 53556.23162274 14.19  86.880749  66.592463 16.829
 39    19.986 53591.23155637 13.94  86.916364  66.619855 11.036
 39    19.400 53591.23155702 11.00  86.913020  66.616776 14.607
 39    18.657 53591.23155766 11.27  86.909680  66.613696 14.607
 39     2.869 53591.23155831 12.15  86.906340  66.610626 14.607
 39     3.129 53591.23155895 11.71  86.903000  66.607546 14.607
 39     5.120 53591.23155960 11.95  86.899660  66.604466 14.607
 39     6.598 53591.23156024 11.73  86.896320  66.601396 14.607
 39     8.626 53591.23156089 12.52  86.892980  66.598316 14.607
 39    14.891 53591.23156153 11.76  86.889650  66.595236 14.607
 39    15.896 53591.23156218 11.39  86.886310  66.592156 14.607
 40    23.700 53626.23154257 12.57  86.929063  66.617745 10.805
 40    23.057 53626.23154321 10.54  86.925713  66.614675 10.805
 40    22.386 53626.23154386 10.47  86.922373  66.611595 10.805
 40    20.836 53626.23154450 10.97  86.919033  66.608525 10.805
 40     5.409 53626.23154515 11.48  86.915683  66.605445 10.805
 40     6.951 53626.23154579 11.38  86.912343  66.602365 10.805
 40     8.664 53626.23154644 12.30  86.909003  66.599295 10.805
 40    12.349 53626.23154708 11.55  86.905663  66.596215 10.805
 40    13.660 53626.23154773 11.04  86.902323  66.593135 10.805
 40    14.006 53626.23154837 10.96  86.898983  66.590065 10.805
 41    19.997 53661.23156879 18.57  86.920130  66.617399 13.454
 41    18.999 53661.23156944 20.09  86.916790  66.614329 13.454
 41     1.568 53661.23157008 21.10  86.913450  66.611249 13.454
 41     2.410 53661.23157073 21.13  86.910100  66.608179 13.454
 41     2.768 53661.23157137 21.42  86.906760  66.605099 13.454
 41     2.950 53661.23157202 22.64  86.903420  66.602019 13.454
 41     3.129 53661.23157266 24.14  86.900080  66.598949 13.454
 41     3.514 53661.23157331 23.82  86.896740  66.595869 13.454
 41     3.377 53661.23157395 26.92  86.893410  66.592799 13.454
 41     3.450 53661.23157460 30.01  86.890070  66.589719 13.454
 42     1.789 53696.23153791 20.95  86.913570  66.621776  7.210
 42     1.987 53696.23153855 21.60  86.910229  66.618699  5.151
 42     2.115 53696.23153920 22.92  86.906879  66.615619  5.151
 42     2.097 53696.23153984 23.42  86.903539  66.612549  5.151
 42     2.193 53696.23154049 24.51  86.900199  66.609469  5.151
 42     1.918 53696.23154113 25.37  86.896859  66.606389  5.151
 42     1.933 53696.23154178 25.21  86.893529  66.603319  5.151
 42     2.001 53696.23154242 24.90  86.890189  66.600239  5.151
 42     2.124 53696.23154307 24.95  86.886849  66.597159  5.151
 42     2.136 53696.23154371 24.06  86.883509  66.594089  5.151
 42     2.154 53696.23154435 23.33  86.880179  66.591009  5.151
 43     8.670 53731.23146067 12.59  86.910152  66.622068  6.659
 43     0.883 53731.23146131 13.47  86.906812  66.618988  3.559
 43     1.140 53731.23146196 13.99  86.903462  66.615908  3.559
 43     1.123 53731.23146260 13.93  86.900122  66.612838  3.559
 43     0.886 53731.23146325 15.59  86.896792  66.609758  3.559
 43     1.103 53731.23146389 15.42  86.893452  66.606678  3.559
 43     1.191 53731.23146454 15.03  86.890112  66.603608  3.559
 43     1.351 53731.23146518 14.77  86.886772  66.600528  3.559
 43     9.075 53731.23146583 13.78  86.883442  66.597448  3.559
 43    11.413 53731.23146647 13.72  86.880102  66.594368  3.559
 44     9.001 53766.23143217 11.15  86.929667  66.616560  2.793
 44     7.519 53766.23143281 11.82  86.926327  66.613490  2.793
 44     3.727 53766.23143346 12.24  86.922977  66.610410  2.793
 44     1.584 53766.23143410 13.72  86.919637  66.607340  2.793
 44     3.119 53766.23143475 13.61  86.916297  66.604260  2.793
 44     4.407 53766.23143539 14.22  86.912957  66.601180  2.793
 44     6.509 53766.23143604 14.65  86.909617  66.598110  2.793
 44     8.104 53766.23143668 13.63  86.906277  66.595030  2.793
 44     9.829 53766.23143732 12.90  86.902937  66.591960  2.793
 44    11.429 53766.23143797 12.71  86.899607  66.588880  2.793
 45    19.690 53801.23143464 10.24  86.911749  66.619355  2.847
 45     2.263 53801.23143528 12.04  86.908409  66.616275  2.847
 45     2.199 53801.23143592 12.79  86.905069  66.613205  2.847
 45     1.608 53801.23143657 13.50  86.901729  66.610125  2.847
 45     2.198 53801.23143721 14.13  86.898389  66.607045  2.847
 45     4.560 53801.23143786 13.18  86.895049  66.603975  2.847
 45     6.206 53801.23143850 12.64  86.891719  66.600895  2.847
 45     8.885 53801.23143915 12.40  86.888379  66.597815  2.847
 45    11.497 53801.23143979 12.22  86.885039  66.594745  2.847
 45    12.895 53801.23144044 12.08  86.881709  66.591665  2.847
 46     9.345 53836.23144132 10.63  86.930924  66.615339  2.756
 46     7.561 53836.23144196 11.73  86.927584  66.612269  2.756
 46     5.821 53836.23144261 12.26  86.924234  66.609189  2.756
 46     2.352 53836.23144325 13.23  86.920894  66.606119  2.756
 46     3.032 53836.23144390 13.18  86.917554  66.603039  2.756
 46     3.772 53836.23144454 13.65  86.914214  66.599959  2.756
 46     6.800 53836.23144519 13.06  86.910864  66.596889  2.756
 46     7.977 53836.23144583 12.83  86.907534  66.593809  2.756
 46    10.060 53836.23144648 12.61  86.904194  66.590739  2.756
 46    11.247 53836.23144712 12.40  86.900854  66.587659  2.756
 47     2.768 53871.23149747 29.54  86.921835  66.618314  8.616
 47     2.411 53871.23149811 25.18  86.918495  66.615234  8.616
 47     2.545 53871.23149876 20.31  86.915155  66.612154  8.616
 47     2.224 53871.23149940 15.81  86.911805  66.609084  8.616
 47     1.378 53871.23150005 16.80  86.908465  66.606004  8.616
 47     1.596 53871.23150069 16.69  86.905125  66.602934  8.616
 47     1.878 53871.23150133 15.56  86.901785  66.599854  8.616
 47     2.616 53871.23150198 14.27  86.898445  66.596774  8.616
 47     2.757 53871.23150262 14.84  86.895115  66.593704  8.616
 47     3.115 53871.23150327 15.71  86.891775  66.590624  8.616
 48    20.131 53906.23153558 21.82  86.918957  66.619453 15.154
 48    12.154 53906.23153622 22.27  86.915607  66.616383 15.154
 48    11.942 53906.23153687 23.77  86.912267  66.613303 15.154
 48    11.993 53906.23153751 24.37  86.908927  66.610223 15.154
 48    11.884 53906.23153816 25.09  86.905587  66.607153 15.154
 48    11.787 53906.23153880 25.60  86.902247  66.604073 15.154
 48    11.746 53906.23153945 25.58  86.898907  66.600993 15.154
 48    11.781 53906.23154009 25.65  86.895567  66.597923 15.154
 48    11.879 53906.23154074 26.60  86.892227  66.594843 15.154
 48    12.024 53906.23154138 27.16  86.888887  66.591763 15.154
 49    19.808 53941.23156459 18.63  86.911834  66.621549 15.396
 49    19.689 53941.23156524 11.16  86.908490  66.618473 15.153
 49     3.939 53941.23156588 13.04  86.905140  66.615393 15.153
 49     3.762 53941.23156653 13.86  86.901800  66.612323 15.153
 49     3.513 53941.23156717 14.46  86.898460  66.609243 15.153
 49     4.145 53941.23156782 14.73  86.895120  66.606163 15.153
 49     3.907 53941.23156846 14.90  86.891780  66.603093 15.153
 49     4.294 53941.23156911 15.21  86.888440  66.600013 15.153
 49     8.120 53941.23156975 15.42  86.885100  66.596933 15.153
 49     9.975 53941.23157040 15.41  86.881770  66.593863 15.153
 50     9.230 53976.23152086 16.43  86.906056  66.620546 16.099
 50     4.133 53976.23152150 12.85  86.902713  66.617466 18.603
 50     3.901 53976.23152215 12.25  86.899373  66.614386 18.603
 50     3.462 53976.23152279 13.00  86.896033  66.611316 18.603
 50     3.402 53976.23152344 13.16  86.892693  66.608236 18.603
 50     3.603 53976.23152408 13.37  86.889353  66.605156 18.603
 50     4.027 53976.23152473 13.01  86.886013  66.602086 18.603
 50     4.048 53976.23152537 13.31  86.882673  66.599006 18.603
 50     3.743 53976.23152602 15.42  86.879343  66.595926 18.603
 50    16.034 53976.23152666 14.66  86.876003  66.592856 18.603
 51     9.393 54011.23152248 13.85  86.932955  66.614529 13.227
 51     8.424 54011.23152313 13.31  86.929615  66.611459 13.227
 51     6.302 54011.23152377 13.89  86.926265  66.608379 13.227
 51     5.308 54011.23152442 14.88  86.922925  66.605309 13.227
 51     3.441 54011.23152506 14.88  86.919585  66.602229 13.227
 51    10.052 54011.23152571 14.94  86.916245  66.599149 13.227
 51    11.948 54011.23152635 15.04  86.912905  66.596079 13.227
 51    13.098 54011.23152700 15.18  86.909565  66.592999 13.227
 51    14.038 54011.23152764 15.36  86.906225  66.589919 13.227
 51    14.199 54011.23152829 17.95  86.902885  66.586849 13.227
 52     2.215 54046.23153685 13.76  86.926396  66.616610  7.319
 52     2.073 54046.23153749 14.92  86.923058  66.613536  3.742
 52     2.065 54046.23153814 15.68  86.919718  66.610456  3.742
 52     2.328 54046.23153878 15.40  86.916378  66.607376  3.742
 52     2.137 54046.23153943 16.04  86.913038  66.604306  3.742
 52     2.206 54046.23154007 15.59  86.909688  66.601226  3.742
 52     2.085 54046.23154072 15.65  86.906358  66.598156  3.742
 52    12.847 54046.23154136 14.76  86.903018  66.595076  3.742
 52    12.945 54046.23154201 14.09  86.899678  66.591996  3.742
 52    14.144 54046.23154265 13.60  86.896338  66.588926  3.742
 54    23.084 54116.23146275 11.01  86.903972  66.621712  8.970
 54    21.846 54116.23146340 11.48  86.900629  66.618629  5.646
 54     2.830 54116.23146404 12.11  86.897289  66.615549  5.646
 54     2.074 54116.23146469 13.61  86.893949  66.612479  5.646
 54     2.452 54116.23146533 14.55  86.890609  66.609399  5.646
 54     2.618 54116.23146598 15.15  86.887269  66.606319  5.646
 54     5.587 54116.23146662 15.15  86.883939  66.603249  5.646
 54     6.166 54116.23146727 16.57  86.880599  66.600169  5.646
 54     2.607 54116.23146791 17.63  86.877269  66.597089  5.646
 54    10.632 54116.23146856 15.84  86.873929  66.594019  5.646
 55    28.971 54151.23147954  5.83  86.919881  66.619844  4.336
 55    25.708 54151.23148019  6.78  86.916533  66.616770  2.729
 55    22.140 54151.23148083  8.19  86.913193  66.613690  2.729
 55    18.546 54151.23148148  8.92  86.909853  66.610620  2.729
 55    17.457 54151.23148212  9.32  86.906513  66.607540  2.729
 55    13.612 54151.23148277  9.30  86.903173  66.604460  2.729
 55    12.394 54151.23148341  9.36  86.899833  66.601390  2.729
 55    11.382 54151.23148406  9.53  86.896493  66.598310  2.729
 55    11.903 54151.23148470  9.14  86.893153  66.595230  2.729
 55    12.016 54151.23148535  8.91  86.889813  66.592160  2.729
 56    32.453 54186.23145480  3.59  86.907296  66.622430  4.894
 56    21.937 54186.23145544  6.04  86.903956  66.619360  4.894
 56    20.678 54186.23145609  7.26  86.900619  66.616279  2.766
 56    19.029 54186.23145673  8.23  86.897279  66.613199  2.766
 56     3.951 54186.23145738  9.04  86.893939  66.610129  2.766
 56     3.198 54186.23145802  9.27  86.890599  66.607049  2.766
 56     5.456 54186.23145867  9.56  86.887259  66.603969  2.766
 56    10.565 54186.23145931  8.51  86.883929  66.600899  2.766
 56     9.246 54186.23145995  8.47  86.880589  66.597819  2.766
 56    11.393 54186.23146060  8.24  86.877259  66.594739  2.766
 57     4.196 54221.23148907 17.38  86.923878  66.618827  6.770
 57     4.192 54221.23148971 18.89  86.920528  66.615747  6.770
 57     3.955 54221.23149036 19.87  86.917184  66.612672  7.688
 57     3.790 54221.23149100 21.18  86.913844  66.609592  7.688
 57     4.169 54221.23149165 21.59  86.910504  66.606522  7.688
 57     4.333 54221.23149229 21.15  86.907164  66.603442  7.688
 57     4.091 54221.23149294 21.99  86.903824  66.600362  7.688
 57     4.176 54221.23149358 21.66  86.900484  66.597292  7.688
 57     4.261 54221.23149423 21.80  86.897144  66.594212  7.688
 57     4.357 54221.23149487 25.86  86.893804  66.591132  7.688
 58    14.198 54256.23151240 27.74  86.917049  66.618133 14.828
 58    14.470 54256.23151304 29.50  86.913699  66.615063 14.828
 58    14.734 54256.23151369 30.83  86.910359  66.611984 24.153
 58    14.990 54256.23151433 38.96  86.907019  66.608904 24.153
 58    14.884 54256.23151497 45.78  86.903679  66.605834 24.153
 58    14.338 54256.23151562 49.93  86.900339  66.602754 24.153
 58    14.698 54256.23151626 50.63  86.896999  66.599674 24.153
 58    14.457 54256.23151691 46.02  86.893659  66.596604 24.153
 58    14.415 54256.23151755 34.83  86.890319  66.593524 24.153
 58    14.653 54256.23151820 34.53  86.886989  66.590444 24.153
 59    23.048 54291.23151393 15.84  86.920767  66.619604  8.638
 59    22.435 54291.23151458 13.73  86.917427  66.616524  8.638
 59    19.207 54291.23151522 13.48  86.914082  66.613448 18.121
 59     6.079 54291.23151587 13.64  86.910742  66.610368 18.121
 59     5.734 54291.23151651 14.03  86.907402  66.607298 18.121
 59     5.699 54291.23151715 14.46  86.904062  66.604218 18.121
 59     6.109 54291.23151780 13.98  86.900722  66.601138 18.121
 59     9.004 54291.23151844 13.61  86.897382  66.598068 18.121
 59    14.852 54291.23151909 13.56  86.894052  66.594988 18.121
 59    15.816 54291.23151973 13.18  86.890712  66.591908 18.121
 60     4.067 54326.23151140 41.03  86.918441  66.620124  9.722
 60     3.707 54326.23151205 32.81  86.915091  66.617054  9.722
 60     4.517 54326.23151269 26.64  86.911751  66.613977 20.995
 60     4.484 54326.23151334 27.87  86.908411  66.610897 20.995
 60     4.312 54326.23151398 29.41  86.905071  66.607827 20.995
 60     4.536 54326.23151463 30.78  86.901731  66.604747 20.995
 60     4.526 54326.23151527 31.84  86.898391  66.601667 20.995
 60     4.648 54326.23151592 39.21  86.895051  66.598597 20.995
 60     4.379 54326.23151656 42.06  86.891721  66.595517 20.995
 60     4.168 54326.23151721 44.97  86.888381  66.592437 20.995
 61     4.873 54361.23146315 48.82  86.904634  66.621288 16.996
 61     5.179 54361.23146380 47.42  86.901294  66.618218 16.996
 61     5.170 54361.23146444 42.73  86.897947  66.615134 14.286
 61     5.029 54361.23146509 38.03  86.894617  66.612064 14.286
 61     4.810 54361.23146573 33.52  86.891277  66.608984 14.286
 61     4.042 54361.23146638 30.92  86.887937  66.605904 14.286
 61     3.595 54361.23146702 30.19  86.884597  66.602834 14.286
 61     3.240 54361.23146767 28.14  86.881267  66.599754 14.286
 61     3.532 54361.23146831 27.61  86.877927  66.596674 14.286
 61     5.805 54361.23146896 28.07  86.874587  66.593594 14.286
 62     3.133 54396.23145131 45.60  86.924059  66.619585 18.009
 62     3.222 54396.23145196 46.83  86.920719  66.616505 18.009
 62     2.578 54396.23145260 49.23  86.917379  66.613425 18.009
 62     3.401 54396.23145325 40.90  86.914039  66.610355 18.009
 62     3.249 54396.23145389 41.77  86.910689  66.607275 18.009
 62     3.463 54396.23145453 40.76  86.907349  66.604195 18.009
 62     3.190 54396.23145518 37.82  86.904009  66.601125 18.009
 62     3.209 54396.23145582 43.17  86.900669  66.598045 18.009
 62     3.461 54396.23145647 46.82  86.897339  66.594975 18.009
 62     3.517 54396.23145711 48.57  86.893999  66.591895 18.009
 62     3.372 54396.23145776 48.35  86.890659  66.588815 18.009
 63     1.519 54431.23141303 23.43  86.912141  66.621306  3.809
 63     1.408 54431.23141368 24.85  86.908791  66.618226  3.809
 63     1.768 54431.23141432 24.67  86.905451  66.615156  3.809
 63     1.611 54431.23141497 25.64  86.902111  66.612076  3.809
 63     1.305 54431.23141561 26.54  86.898771  66.608996  3.809
 63     1.096 54431.23141625 27.54  86.895431  66.605926  3.809
 63     1.175 54431.23141690 26.79  86.892101  66.602846  3.809
 63     1.276 54431.23141754 26.13  86.888761  66.599766  3.809
 63     1.406 54431.23141819 25.32  86.885421  66.596696  3.809
 63     1.329 54431.23141883 24.74  86.882091  66.593616  3.809
 64     1.600 54466.23143209 19.07  86.927663  66.618541  3.569
 64     1.737 54466.23143273 19.93  86.924313  66.615461  3.569
 64     1.743 54466.23143337 20.94  86.920973  66.612381  3.569
 64     1.642 54466.23143402 21.99  86.917633  66.609311  3.569
 64     1.729 54466.23143466 21.70  86.914293  66.606231  3.569
 64     1.813 54466.23143531 22.57  86.910943  66.603161  3.569
 64     1.949 54466.23143595 22.30  86.907603  66.600081  3.569
 64     1.814 54466.23143660 21.88  86.904273  66.597001  3.569
 64     1.933 54466.23143724 21.48  86.900933  66.593931  3.569
 64     1.588 54466.23143789 21.28  86.897593  66.590851  3.569
 65     0.541 54501.23142614 17.27  86.915796  66.621818  7.386
 65     0.895 54501.23142678 18.34  86.912456  66.618738  7.386
 65     1.497 54501.23142742 17.65  86.909106  66.615668  7.386
 65     1.235 54501.23142807 18.98  86.905766  66.612588  7.386
 65     1.525 54501.23142871 19.84  86.902426  66.609508  7.386
 65     1.734 54501.23142936 19.35  86.899086  66.606438  7.386
 65     1.804 54501.23143000 20.01  86.895751  66.603356  6.284
 65     1.917 54501.23143065 20.57  86.892411  66.600276  6.284
 65     2.142 54501.23143129 19.94  86.889081  66.597206  6.284
 65     2.472 54501.23143194 20.09  86.885741  66.594126  6.284
 65     2.280 54501.23143258 20.19  86.882401  66.591046  6.284
 66    16.904 54536.23144758 10.69  86.918131  66.617738  4.214
 66     8.920 54536.23144822 11.31  86.914781  66.614658  4.214
 66     7.057 54536.23144887 13.00  86.911441  66.611588  4.214
 66     2.101 54536.23144951 13.11  86.908101  66.608508  4.214
 66     3.441 54536.23145015 13.02  86.904761  66.605428  4.214
 66     3.366 54536.23145080 13.87  86.901421  66.602358  4.214
 66     2.476 54536.23145144 13.44  86.898081  66.599278  4.214
 66     8.135 54536.23145209 13.32  86.894751  66.596208  4.214
 66     9.672 54536.23145273 13.40  86.891411  66.593128  4.214
 66    10.948 54536.23145338 13.92  86.888071  66.590048  4.214
 67    29.453 54571.23142862  7.83  86.909145  66.621043  3.513
 67    20.547 54571.23142926 10.21  86.905805  66.617963  3.513
 67     7.176 54571.23142991 11.24  86.902466  66.614890  2.598
 67     2.210 54571.23143055 12.71  86.899126  66.611820  2.598
 67     5.092 54571.23143120 12.60  86.895786  66.608740  2.598
 67     4.474 54571.23143184 11.96  86.892446  66.605660  2.598
 67     5.130 54571.23143249 11.40  86.889116  66.602580  2.598
 67    10.701 54571.23143313 11.13  86.885776  66.599510  2.598
 67    11.281 54571.23143378 10.87  86.882436  66.596430  2.598
 67    12.718 54571.23143442 10.59  86.879106  66.593350  2.598
 68    16.653 54606.23144084 25.07  86.921054  66.619817 16.037
 68    16.659 54606.23144148 29.29  86.917705  66.616742 25.506
 68    16.758 54606.23144213 30.08  86.914365  66.613662 25.506
 68    16.698 54606.23144277 30.49  86.911025  66.610582 25.506
 68    16.629 54606.23144341 31.54  86.907685  66.607512 25.506
 68    16.611 54606.23144406 33.30  86.904345  66.604432 25.506
 68    16.556 54606.23144470 34.30  86.901005  66.601352 25.506
 68    16.611 54606.23144535 34.87  86.897665  66.598282 25.506
 68    16.524 54606.23144599 35.46  86.894325  66.595202 25.506
 68    16.514 54606.23144664 35.70  86.890985  66.592122 25.506
 69    20.245 54641.23145076 18.71  86.914089  66.618562 14.238
 69     8.430 54641.23145140 20.08  86.910749  66.615482 14.238
 69     8.188 54641.23145204 20.38  86.907409  66.612402 14.238
 69     8.072 54641.23145269 22.67  86.904069  66.609332 14.238
 69     8.372 54641.23145333 22.41  86.900729  66.606252 14.238
 69     8.695 54641.23145398 21.96  86.897389  66.603182 14.238
 69     8.855 54641.23145462 22.73  86.894049  66.600102 14.238
 69     8.816 54641.23145527 23.61  86.890709  66.597022 14.238
 69     9.094 54641.23145591 22.99  86.887369  66.593952 14.238
 69    16.434 54641.23145656 23.88  86.884039  66.590872 14.238
 70     5.059 54676.23145243 41.08  86.917887  66.620058  9.287
 70     4.711 54676.23145307 41.75  86.914544  66.616982 14.487
 70     4.686 54676.23145371 41.63  86.911204  66.613902 14.487
 70     4.501 54676.23145436 43.14  86.907864  66.610832 14.487
 70     4.970 54676.23145500 41.04  86.904524  66.607752 14.487
 70     4.948 54676.23145565 43.20  86.901184  66.604672 14.487
 70     4.478 54676.23145629 44.29  86.897844  66.601602 14.487
 70     4.624 54676.23145694 42.65  86.894504  66.598522 14.487
 70     4.635 54676.23145758 40.18  86.891164  66.595442 14.487
 70     4.735 54676.23145823 38.38  86.887824  66.592372 14.487
 71     7.462 54711.23140799 13.42  86.909057  66.620298 13.211
 71    18.191 54711.23140864 12.35  86.905717  66.617228 13.211
 71     5.326 54711.23140928 12.10  86.902374  66.614145 16.720
 71     6.691 54711.23140992 10.73  86.899034  66.611065 16.720
 71     5.159 54711.23141057 11.06  86.895694  66.607995 16.720
 71     6.034 54711.23141121 11.50  86.892354  66.604915 16.720
 71     6.865 54711.23141186 11.42  86.889014  66.601835 16.720
 71    11.185 54711.23141250 11.70  86.885684  66.598765 16.720
 71    14.507 54711.23141315 11.54  86.882344  66.595685 16.720
 71    17.031 54711.23141379 11.47  86.879014  66.592605 16.720
 72    21.968 54746.23142018 18.11  86.923047  66.620285  8.885
 72    23.168 54746.23142083 15.01  86.919703  66.617213 16.221
 72    22.897 54746.23142147 13.60  86.916353  66.614133 16.221
 72    21.635 54746.23142212 13.88  86.913013  66.611053 16.221
 72    20.200 54746.23142276 13.24  86.909673  66.607983 16.221
 72    16.606 54746.23142341 13.41  86.906333  66.604903 16.221
 72    14.858 54746.23142405 12.61  86.902993  66.601823 16.221
 72    11.000 54746.23142470 12.89  86.899653  66.598753 16.221
 72    13.908 54746.23142534 12.28  86.896313  66.595673 16.221
 72    13.604 54746.23142599 12.23  86.892973  66.592603 16.221
 72    14.686 54746.23142663 12.32  86.889643  66.589523 16.221
 73     2.800 54781.23139344 27.13  86.915451  66.618747  6.495
 73     2.655 54781.23139408 28.97  86.912111  66.615667  6.495
 73     2.894 54781.23139473 29.24  86.908771  66.612587  6.495
 73     2.595 54781.23139537 29.25  86.905421  66.609517  6.495
 73     2.562 54781.23139602 31.49  86.902081  66.606437  6.495
 73     2.576 54781.23139666 30.20  86.898751  66.603357  6.495
 73     2.842 54781.23139731 29.85  86.895411  66.600287  6.495
 73     2.788 54781.23139795 31.04  86.892071  66.597207  6.495
 73     2.692 54781.23139860 30.78  86.888731  66.594137  6.495
 73     2.625 54781.23139924 28.66  86.885401  66.591057  6.495
 74     1.499 54816.23141362 16.09  86.922942  66.617754  3.020
 74     1.673 54816.23141427 16.48  86.919602  66.614674  3.020
 74     1.558 54816.23141491 17.18  86.916262  66.611594  3.020
 74     1.747 54816.23141556 17.34  86.912912  66.608524  3.020
 74     1.701 54816.23141620 17.46  86.909572  66.605444  3.020
 74     1.619 54816.23141685 18.03  86.906232  66.602364  3.020
 74     1.709 54816.23141749 17.31  86.902892  66.599294  3.020
 74     1.840 54816.23141814 17.20  86.899552  66.596214  3.020
 74     2.175 54816.23141878 16.61  86.896222  66.593144  3.020
 74     2.193 54816.23141943 16.31  86.892882  66.590064  3.020
 75     1.964 54851.23139142 13.27  86.912646  66.618956  6.147
 75     2.020 54851.23139206 13.20  86.909308  66.615878  2.844
 75     1.973 54851.23139271 14.61  86.905968  66.612798  2.844
 75     2.137 54851.23139335 14.60  86.902628  66.609728  2.844
 75     2.519 54851.23139400 14.86  86.899288  66.606648  2.844
 75     2.572 54851.23139464 15.01  86.895948  66.603568  2.844
 75     2.755 54851.23139528 14.72  86.892608  66.600498  2.844
 75     8.994 54851.23139593 13.93  86.889268  66.597418  2.844
 75    11.159 54851.23139657 13.63  86.885938  66.594338  2.844
 75    11.521 54851.23139722 13.20  86.882598  66.591268  2.844
 76     9.123 54886.23141740  9.71  86.921353  66.620375  2.697
 76     7.971 54886.23141805 11.07  86.918013  66.617295  2.697
 76     7.706 54886.23141869 11.76  86.914673  66.614215  2.697
 76     1.724 54886.23141933 12.54  86.911323  66.611145  2.697
 76     1.642 54886.23141998 13.09  86.907983  66.608065  2.697
 76     2.618 54886.23142062 13.11  86.904643  66.604995  2.697
 76     4.077 54886.23142127 13.12  86.901303  66.601915  2.697
 76     7.671 54886.23142191 12.45  86.897963  66.598835  2.697
 76     8.362 54886.23142256 12.27  86.894633  66.595765  2.697
 76    10.070 54886.23142320 12.16  86.891293  66.592685  2.697
 76    12.327 54886.23142385 12.08  86.887953  66.589605  2.697
 77    22.679 54921.23139242  8.96  86.902007  66.621397  4.426
 77     3.787 54921.23139307 10.14  86.898667  66.618317  4.426
 77     2.444 54921.23139371 11.63  86.895321  66.615243  2.824
 77     1.976 54921.23139436 12.45  86.891991  66.612173  2.824
 77     2.175 54921.23139500 12.52  86.888651  66.609093  2.824
 77     4.034 54921.23139565 12.66  86.885311  66.606013  2.824
 77     5.035 54921.23139629 11.78  86.881971  66.602943  2.824
 77     7.771 54921.23139694 11.71  86.878641  66.599863  2.824
 77     9.454 54921.23139758 11.40  86.875301  66.596783  2.824
 77    13.362 54921.23139822 11.17  86.871961  66.593703  2.824
 78     3.452 54956.23141339 19.54  86.921779  66.617660  4.790
 78     3.323 54956.23141403 15.57  86.918439  66.614580  4.790
 78     3.026 54956.23141467 16.63  86.915099  66.611500  4.790
 78     3.249 54956.23141532 14.13  86.911749  66.608430  4.790
 78     3.118 54956.23141596 14.99  86.908409  66.605350  4.790
 78     3.178 54956.23141661 15.44  86.905069  66.602270  4.790
 78     3.645 54956.23141725 13.62  86.901729  66.599200  4.790
 78     3.710 54956.23141790 13.86  86.898389  66.596120  4.790
 78     4.029 54956.23141854 13.07  86.895059  66.593050  4.790
 78     3.895 54956.23141919 12.88  86.891719  66.589970  4.790
 79    19.912 54991.23143662 22.03  86.916943  66.619327 18.308
 79    19.001 54991.23143726 20.39  86.913603  66.616247 18.308
 79    16.178 54991.23143791 19.03  86.910253  66.613167 18.308
 79    15.050 54991.23143855 22.68  86.906913  66.610097 18.308
 79    13.543 54991.23143920 22.67  86.903573  66.607017 18.308
 79    14.213 54991.23143984 25.52  86.900233  66.603947 18.308
 79    15.060 54991.23144049 27.67  86.896893  66.600867 18.308
 79    15.110 54991.23144113 31.10  86.893553  66.597787 18.308
 79    15.871 54991.23144178 29.07  86.890213  66.594717 18.308
 79    16.331 54991.23144242 27.08  86.886883  66.591637 18.308
 80    19.681 55026.23142759 16.51  86.915319  66.619732 13.255
 80    19.792 55026.23142823  9.63  86.911979  66.616652 13.255
 80    18.634 55026.23142888 10.33  86.908639  66.613572 13.255
 80     5.018 55026.23142952 11.81  86.905299  66.610502 13.255
 80     4.681 55026.23143016 11.66  86.901959  66.607422 13.255
 80     5.330 55026.23143081 11.26  86.898619  66.604342 13.255
 80    10.109 55026.23143145 10.96  86.895279  66.601272 13.255
 80    12.762 55026.23143210 10.99  86.891939  66.598192 13.255
 80    15.840 55026.23143274 10.43  86.888599  66.595122 13.255
 80    16.476 55026.23143339 10.81  86.885269  66.592042 13.255
 81     2.443 55061.23142097 31.95  86.917131  66.618852  8.428
 81     2.373 55061.23142161 32.53  86.913787  66.615774 15.644
 81     2.115 55061.23142226 34.02  86.910437  66.612694 15.644
 81     2.207 55061.23142290 34.93  86.907097  66.609624 15.644
 81     2.001 55061.23142355 36.19  86.903757  66.606544 15.644
 81     2.021 55061.23142419 36.43  86.900417  66.603464 15.644
 81     2.318 55061.23142484 36.47  86.897087  66.600394 15.644
 81     2.412 55061.23142548 37.46  86.893747  66.597314 15.644
 81     2.645 55061.23142613 40.88  86.890407  66.594234 15.644
 82    10.056 55096.23137054 18.27  86.905386  66.623213 14.563
 82     2.908 55096.23137118 17.39  86.902046  66.620133 14.563
 82     8.818 55096.23137183 13.27  86.898706  66.617053 14.563
 82     6.066 55096.23137376 10.51  86.888687  66.607829 18.384
 82     9.150 55096.23137441 10.41  86.885357  66.604749 18.384
 82    11.586 55096.23137505 10.49  86.882017  66.601669 18.384
 82    12.791 55096.23137570 11.16  86.878677  66.598599 18.384
 82    15.965 55096.23137634 12.35  86.875347  66.595519 18.384
 82    16.433 55096.23137698 14.95  86.872007  66.592439 18.384
 83     2.498 55131.23136354 40.87  86.921847  66.619640 19.126
 83     2.500 55131.23136419 41.69  86.918507  66.616560 19.126
 83     2.836 55131.23136483 43.82  86.915167  66.613480 19.126
 83     2.706 55131.23136548 46.89  86.911817  66.610410 19.126
 83     2.163 55131.23136612 45.15  86.908477  66.607330 19.126
 83     2.408 55131.23136676 41.35  86.905137  66.604260 19.126
 83     2.594 55131.23136741 39.52  86.901797  66.601180 19.126
 83     2.526 55131.23136805 44.16  86.898457  66.598100 19.126
 83     2.415 55131.23136870 45.76  86.895127  66.595030 19.126
 83     2.260 55131.23136934 49.46  86.891787  66.591950 19.126
 84     1.347 55166.23133291 19.21  86.915322  66.620194  3.094
 84     1.324 55166.23133356 20.82  86.911982  66.617124  3.094
 84     1.490 55166.23133420 21.29  86.908641  66.614045  3.607
 84     1.328 55166.23133485 22.10  86.905291  66.610965  3.607
 84     1.224 55166.23133549 23.08  86.901951  66.607895  3.607
 84     1.303 55166.23133614 22.63  86.898621  66.604815  3.607
 84     1.402 55166.23133678 21.90  86.895281  66.601735  3.607
 84     1.495 55166.23133743 21.60  86.891941  66.598665  3.607
 84     1.419 55166.23133807 20.26  86.888601  66.595585  3.607
 84     9.427 55166.23133872 20.10  86.885271  66.592505  3.607
 85     8.670 55201.23135564 13.45  86.921322  66.618623  2.642
 85     1.421 55201.23135629 13.96  86.917982  66.615543  2.642
 85     1.452 55201.23135693 14.89  86.914642  66.612463  2.642
 85     1.402 55201.23135758 15.97  86.911292  66.609393  2.642
 85     1.375 55201.23135822 16.18  86.907952  66.606313  2.642
 85     1.407 55201.23135887 16.51  86.904612  66.603233  2.642
 85     1.523 55201.23135951 16.64  86.901272  66.600163  2.642
 85     1.842 55201.23136016 16.09  86.897932  66.597083  2.642
 85     7.821 55201.23136080 15.53  86.894602  66.594013  2.642
 85     8.452 55201.23136145 15.08  86.891262  66.590933  2.642
 86     6.130 55236.23133936 12.78  86.910165  66.621099  3.654
 86     4.223 55236.23134001 13.34  86.906828  66.618022  2.367
 86     2.245 55236.23134065 13.67  86.903488  66.614942  2.367
 86     1.736 55236.23134130 14.98  86.900148  66.611872  2.367
 86     2.066 55236.23134194 14.55  86.896808  66.608792  2.367
 86     2.333 55236.23134259 14.48  86.893468  66.605712  2.367
 86     2.175 55236.23134323 14.67  86.890128  66.602642  2.367
 86     2.297 55236.23134387 14.48  86.886788  66.599562  2.367
 86     7.291 55236.23134452 14.21  86.883458  66.596482  2.367
 86     7.023 55236.23134516 14.03  86.880118  66.593412  2.367
 87     4.726 55271.23134994 12.33  86.918844  66.619898  2.553
 87     2.337 55271.23135058 12.71  86.915504  66.616818  2.553
 87     2.482 55271.23135123 13.34  86.912154  66.613738  2.553
 87     2.126 55271.23135187 14.13  86.908814  66.610668  2.553
 87     2.178 55271.23135252 14.63  86.905474  66.607588  2.553
 87     2.203 55271.23135316 14.49  86.902134  66.604518  2.553
 87     2.233 55271.23135381 14.28  86.898794  66.601438  2.553
 87     2.389 55271.23135445 14.38  86.895454  66.598358  2.553
 87     2.618 55271.23135509 13.59  86.892114  66.595288  2.553
 87     3.350 55271.23135574 13.37  86.888784  66.592208  2.553
 88     3.781 55306.23132106 20.12  86.905297  66.619769  6.391
 88     3.598 55306.23132170 16.11  86.901957  66.616695  2.730
 88     3.253 55306.23132234 14.87  86.898617  66.613625  2.730
 88     3.057 55306.23132299 12.78  86.895277  66.610545  2.730
 88    17.734 55306.23132363 11.41  86.891937  66.607465  2.730
 88     5.360 55306.23132428 11.99  86.888597  66.604395  2.730
 88    11.191 55306.23132492 12.15  86.885267  66.601315  2.730
 88    14.654 55306.23132557 11.03  86.881927  66.598235  2.730
 88    14.234 55306.23132621 10.47  86.878597  66.595155  2.730
 88    14.351 55306.23132686 10.04  86.875257  66.592085  2.730
 89     9.950 55341.23132070 40.86  86.918670  66.618236 13.366
 89    10.047 55341.23132135 32.16  86.915334  66.615160 25.149
 89    10.083 55341.23132199 28.61  86.911994  66.612080 25.149
 89    10.046 55341.23132263 27.86  86.908644  66.609010 25.149
 89    10.471 55341.23132328 43.60  86.905304  66.605930 25.149
 89    10.722 55341.23132392 48.11  86.901964  66.602850 25.149
 89    10.124 55341.23132457 41.89  86.898634  66.599780 25.149
 89     9.967 55341.23132521 41.34  86.895294  66.596700 25.149
 89    10.003 55341.23132586 32.20  86.891954  66.593620 25.149
 89    10.041 55341.23132650 45.08  86.888614  66.590550 25.149
 90    20.233 55376.23131373 20.76  86.914138  66.619454 12.378
 90    20.142 55376.23131437 15.29  86.910798  66.616374 12.378
 90    19.024 55376.23131501 13.66  86.907458  66.613304 12.378
 90    20.151 55376.23131566 12.67  86.904108  66.610224 12.378
 90    18.751 55376.23131630 11.91  86.900768  66.607144 12.378
 90    17.156 55376.23131695 12.02  86.897438  66.604074 12.378
 90    16.204 55376.23131759 11.70  86.894098  66.600994 12.378
 90    16.154 55376.23131824 11.85  86.890758  66.597914 12.378
 90    17.430 55376.23131888 12.92  86.887418  66.594844 12.378
 90    16.722 55376.23131953 16.69  86.884088  66.591764 12.378
 91    22.679 55411.23133617 18.61  86.924044  66.619282 10.222
 91    22.974 55411.23133682 12.98  86.920704  66.616202 10.222
 91    22.348 55411.23133746 11.56  86.917364  66.613122 10.222
 91    21.456 55411.23133811 11.52  86.914014  66.610052 10.222
 91    20.276 55411.23133875 12.15  86.910674  66.606972 10.222
 91    16.433 55411.23133939 12.68  86.907334  66.603902 10.222
 91    11.322 55411.23134004 12.60  86.903994  66.600822 10.222
 91    13.179 55411.23134068 11.98  86.900654  66.597742 10.222
 91    14.716 55411.23134133 11.54  86.897314  66.594672 10.222
 91    14.627 55411.23134197 11.62  86.893984  66.591592 10.222
 92    19.764 55446.23132870 27.40  86.918231  66.620897 11.613
 92    20.267 55446.23132934 17.56  86.914891  66.617827 11.613
 92    -0.656 55446.23132999 19.46  86.911547  66.614748 19.962
 92     1.628 55446.23133063 20.47  86.908207  66.611668 19.962
 92     2.942 55446.23133128 21.84  86.904867  66.608598 19.962
 92     3.108 55446.23133192 23.33  86.901527  66.605518 19.962
 92     3.868 55446.23133257 23.12  86.898187  66.602438 19.962
 92     4.275 55446.23133321 25.24  86.894847  66.599368 19.962
 92     4.372 55446.23133386 27.39  86.891517  66.596288 19.962
 92     4.328 55446.23133450 29.02  86.888177  66.593208 19.962
 92     4.531 55446.23133515 30.28  86.884837  66.590138 19.962
 93     2.985 55481.23126172 36.05  86.903682  66.621962 11.073
 93     4.151 55481.23126237 25.32  86.900342  66.618882 11.073
 93     3.712 55481.23126301 23.59  86.897002  66.615802 11.073
 93     3.084 55481.23126366 24.42  86.893657  66.612728  7.827
 93     2.701 55481.23126430 25.75  86.890327  66.609658  7.827
 93     2.909 55481.23126495 24.96  86.886987  66.606578  7.827
 93     3.830 55481.23126559 23.89  86.883647  66.603498  7.827
 93     3.922 55481.23126623 23.67  86.880307  66.600418  7.827
 93     4.351 55481.23126688 23.97  86.876977  66.597348  7.827
