# NaN NaN NaN ;Mean Elev.(m), Avg Gradient(m/km), RMS Gradient(m/km) - SRTM1     
#  -30.766  -0.616  13.374 ;Mean Elev.(m), Avg Gradient(m/km), RMS Gradient(m/km) - ASTER GDEM
#    3.279   0.517   4.850 ;Mean Elev.(m), Avg Gradient(m/km), RMS Gradient(m/km) - GMTED2010 
  7  85.847431  69.276574     5.136     4.832  3 52445.24291310 45.502
  8  85.845922  69.274683     9.530    10.098  3 52480.24290577 19.657
  9  85.846674  69.276435    10.002    10.321  4 52515.24285436 19.490
 10  85.853731  69.266905     3.453     1.280  4 52550.24290199 31.831
 11  85.851231  69.269497     3.041     2.680  4 52585.24287944 18.023
 12  85.842742  69.279353     7.034     7.248  4 52620.24285861 12.294
 15  85.852100  69.271615     7.335     7.335  2 52725.24288656  7.011
 16  85.843412  69.285836     8.320     8.345  4 52760.24290239  7.216
 17  85.855656  69.261636    11.068    10.947  4 52795.24286270 29.129
 18  85.855988  69.260422    10.456    10.360  4 52830.24292969 19.589
 19  85.853896  69.263913     0.661     0.640  3 52865.24297326 50.405
 20  85.846021  69.275537    10.494    10.533  3 52900.24300036 18.650
 21  85.845277  69.283337    -0.170    -0.179  4 52935.24294159 31.527
 22  85.850488  69.266868     8.067     8.202  4 52970.24296353 15.714
 23  85.847976  69.276877     9.016     9.396  3 53005.24297834 11.308
 24  85.856072  69.264322     7.091     7.001  4 53040.24293021 10.405
 25  85.847528  69.276770     7.699     7.874  3 53075.24296041  8.863
 26  85.853882  69.266925     4.397     4.394  4 53110.24293188  9.072
 27  85.849446  69.269536     7.393     7.488  4 53145.24297330 11.203
 28  85.849903  69.269749     5.507     5.506  4 53180.24298496 47.621
 29  85.849362  69.273505    10.238    10.246  3 53215.24300650 17.158
 30  85.843561  69.279130     5.845     5.793  4 53250.24297789 21.834
 31  85.853494  69.267799     9.680    10.217  4 53285.24297553 22.655
 32  85.853937  69.266924     1.323     1.340  4 53320.24295865 23.175
 33  85.845682  69.274513     7.037     6.956  3 53355.24292593 11.522
 34  85.852127  69.263020     4.895     4.944  4 53390.24293560 10.345
 35  85.849834  69.272414     6.145     6.603  3 53425.24293170  9.220
 36  85.855708  69.261742     2.122     1.992  4 53460.24293958  9.528
 37  85.849574  69.274353     9.822     9.550  3 53495.24302150  7.100
 38  85.850388  69.270684    10.783    10.823  3 53530.24299763 21.828
 39  85.845040  69.278549     1.151     1.176  4 53565.24302578 47.361
 40  85.846335  69.276134     9.361     9.808  4 53600.24296872 21.060
 41  85.852613  69.266646     9.043     9.710  4 53635.24296692 21.230
 42  85.847187  69.272419     0.662     0.673  3 53670.24298749 47.757
 43  85.847757  69.272782     1.139     1.304  4 53705.24292276 14.255
 44  85.843393  69.283542     5.414     5.697  5 53740.24283251 12.154
 45  85.853250  69.266675     2.520     2.243  4 53775.24285585 10.974
 46  85.843995  69.279589     5.220     5.356  4 53810.24283588 10.386
 47  85.851592  69.267178     1.418     0.905  3 53845.24288202 10.012
 48  85.853046  69.266515     1.280     1.272  4 53880.24290924 31.760
 49  85.848619  69.275992     2.512     2.467  3 53915.24296501 44.771
 50  85.844865  69.278214    10.034    10.308  3 53950.24297382 18.665
 51  85.845259  69.278900     9.343     9.798  4 53985.24291083 20.071
 52  85.852690  69.264428     7.553     8.478  4 54020.24295073 22.421
 53  85.854103  69.266635     2.482     1.879  4 54055.24294165 16.906
 54  85.846942  69.277023     6.931     6.990  3 54090.24292776 12.363
 55  85.855885  69.262804     4.677     4.178  4 54125.24285749 11.265
 57  85.853516  69.263910     1.871     1.640  4 54195.24285912  9.029
 58  85.849625  69.269652     2.278     2.319  3 54230.24290848 22.761
 59  85.849416  69.269545    10.639    10.659  4 54265.24292616 22.730
 61  85.847474  69.275212     8.231     9.886  4 54335.24291876 25.775
 63  85.847981  69.273996     1.359     1.372  4 54405.24286331 40.405
 64  85.856983  69.261212     8.399     8.603  4 54440.24282276 10.669
 65  85.850306  69.268666     7.263     7.015  3 54475.24285123  9.115
 66  85.853709  69.262402     2.443     2.117  4 54510.24283701  8.588
 67  85.849388  69.273577     6.932     6.834  3 54545.24286474  9.032
 68  85.850325  69.268376    11.385    11.597  3 54580.24283249  6.173
 69  85.850647  69.272167     8.111     7.807  3 54615.24285429 26.022
 70  85.849883  69.271087    10.506    10.802  3 54650.24286654 20.448
 71  85.845704  69.274954     7.484     9.613  3 54685.24286002 19.712
 72  85.854651  69.261978     5.858     5.759  4 54720.24281198 21.791
 73  85.849334  69.271105     9.056     9.517  3 54755.24283489 22.402
 74  85.854054  69.263461     0.350     0.353  4 54790.24280549 23.943
 75  85.851058  69.268061     4.324     3.036  3 54825.24283139 13.891
 76  85.856001  69.263939     2.034     1.957  4 54860.24279850 11.896
 77  85.848002  69.275126     5.786     6.496  4 54895.24283162 10.533
 78  85.851386  69.264759     9.165     9.057  4 54930.24279700  9.454
 79  85.849227  69.271353     1.843     1.855  4 54965.24283225 21.918
 80  85.848588  69.273305    10.893    10.890  4 55000.24285226 22.557
 81  85.851029  69.269932     8.221    10.281  4 55035.24283809 23.077
 82  85.846852  69.277235     9.273    10.172  3 55070.24282690 17.954
 83  85.854152  69.264897     3.001     3.995  4 55105.24277081 25.493
 84  85.850052  69.273561     0.871     0.815  3 55140.24277592 23.058
 85  85.854232  69.260936     3.081     2.161  4 55175.24273867 14.063
 86  85.850227  69.270267     3.154     2.874  3 55210.24277159 11.771
 87  85.853268  69.266254     3.922     3.168  4 55245.24274421 10.090
 88  85.848207  69.275622     5.563     6.026  3 55280.24276448  9.183
 89  85.848993  69.270353     6.357     6.443  4 55315.24273089  7.091
 90  85.848305  69.274736     6.843     6.848  3 55350.24273596 34.639
 91  85.852656  69.265401    10.579    10.550  3 55385.24273104 18.829
 92  85.849616  69.270072     0.528     0.646  3 55420.24275520 33.079
 93  85.846605  69.277753     6.340     6.444  4 55455.24273088 24.972
