-256044.875   329.316     0.00   17.20
-255674.072   318.740   -28.52   10.80
-255303.200   311.587   -19.28   10.16
-254932.259   303.294   -22.35   11.31
-254561.249   296.997   -16.97   11.13
-254190.169   292.144   -13.08   10.14
-253819.020   291.601    -1.46   10.28
-253447.801   293.659     5.54   10.52
-253076.513   297.084     9.22   10.16
-252705.155   301.119    10.87   10.74
-252333.728   305.322    11.31   11.39
-251962.231   311.066    15.46   11.17
-251590.665   316.072    13.47   12.34
-251219.029   321.799    15.41   15.48
-250847.323   328.785    18.79   17.82
-250475.547   336.967    22.00   20.29
-250103.702   348.470    30.93   22.85
-249731.787   363.011    39.09   24.38
-249359.802   376.119    35.23   22.30
-248987.747   390.481    38.60   21.50
-248615.622   408.090    47.31   25.96
-248243.427   426.330    49.00   26.01
-247871.163   438.950    33.90   18.51
-247498.828   447.219    22.20   10.39
-247126.423   441.992   -14.03   12.99
-246753.948   433.453   -22.92   10.12
-246381.402   428.567   -13.11    8.06
-246008.787   425.811    -7.39    6.58
-245636.101   425.579    -0.62    6.88
-245263.345   424.058    -4.08    7.31
-244890.518   423.601    -1.22    7.63
-244517.621   423.760     0.43    7.88
-244144.654   423.785     0.07    8.26
-243771.617   423.326    -1.23   10.25
-243398.508   421.885    -3.86   11.04
-243025.330   417.576   -11.54   10.92
-242652.080   411.413   -16.51    9.14
-242278.760   405.772   -15.11    9.68
-241905.370   402.171    -9.64    9.35
-241531.909   399.539    -7.05    7.59
-241158.377   402.135     6.95    8.25
-240784.774   408.268    16.41    9.07
-240411.100   415.997    20.68   10.80
-240037.356   423.539    20.18   10.16
-239663.541   430.927    19.76   12.07
-239289.654   436.576    15.11   11.80
-238915.697   440.222     9.75   12.22
-238541.669   441.576     3.62   12.42
-238167.569   433.404   -21.84   15.37
-237793.399   420.464   -34.58   22.48
-237419.157   401.287   -51.23   30.43
-237044.845   382.764   -49.48   27.67
-236670.461   368.705   -37.55   29.73
-236296.006   358.376   -27.58   32.66
-235921.479   348.555   -26.22   32.96
-235546.881   335.726   -34.24   26.74
-235172.212   324.671   -29.50   22.12
-234797.471   312.651   -32.07   14.56
-234422.659   307.988   -12.44   11.37
-234047.776   303.714   -11.40   10.23
-233672.820   306.566     7.61   13.46
-233297.794   311.226    12.42   13.40
-232922.695   315.125    10.39   11.49
-232547.525   321.201    16.19   10.99
-232172.283   329.452    21.98   12.19
-231796.970   339.861    27.73   13.45
-231421.585   356.880    45.33   21.50
-231046.128   376.836    53.14   24.69
-230670.599   394.874    48.03   21.59
-230294.998   405.429    28.10   11.47
-229919.325   403.797    -4.34   11.66
-229543.580   398.030   -15.35   13.57
-229167.763   395.670    -6.28   16.10
-228791.874   393.857    -4.82   19.93
-228415.913   387.705   -16.36   24.52
-228039.880   372.447   -40.57   31.60
-227663.775   348.624   -63.33   34.16
-227287.597   321.437   -72.26   32.50
-226911.347   299.670   -57.84   23.59
-226535.025   283.962   -41.73   12.42
-226158.630   277.635   -16.80   10.40
-225782.163   274.540    -8.22    9.61
-225405.623   277.276     7.26   16.13
-225029.012   286.369    24.14   27.34
-224652.327   304.319    47.64   38.16
-224275.570   333.843    78.35   43.08
-223898.740   357.242    62.08   40.50
-223521.838   378.252    55.73   31.45
-223144.863   384.635    16.93   30.16
-222767.815   374.204   -27.66   35.58
-222390.694   355.565   -49.41   35.45
-222013.501   337.113   -48.91   28.66
-221636.235   331.843   -13.97   25.14
-221258.896   336.357    11.96   23.25
-220881.483   346.485    26.83   21.72
-220503.998   358.427    31.63   18.77
-220126.440   371.818    35.46   26.32
-219748.809   393.705    57.95   37.21
-219371.105   417.409    62.75   35.02
-218993.327   438.476    55.76   24.39
-218615.476   449.447    29.03   19.09
-218237.552   453.958    11.93   18.12
-217859.555   456.964     7.95   16.59
-217481.485   464.147    19.00   18.78
-217103.341   472.001    20.77   20.04
-216725.123   476.283    11.32   18.13
-216346.832   477.317     2.73   16.47
-215968.468   473.785    -9.33   13.61
-215590.030   472.107    -4.43   12.28
-215211.519   476.452    11.48   16.90
-214832.934   487.637    29.54   21.99
-214454.275   500.348    33.56   25.64
-214075.543   514.241    36.68   23.64
-213696.736   522.406    21.55   20.79
-213317.856   530.892    22.39   14.70
-212938.902   536.351    14.40   10.16
-212559.875   542.939    17.38    9.76
-212180.773   547.739    12.66   11.02
-211801.597   551.693    10.43   13.96
-211422.348   550.372    -3.48   14.99
-211043.024   543.840   -17.22   15.11
-210663.626   535.776   -21.25   10.51
-210284.154   530.340   -14.32   10.16
-209904.608   525.732   -12.14   14.70
-209524.988   516.829   -23.45   19.47
-209145.293   504.857   -31.52   16.36
-208765.524   495.298   -25.17   10.40
-208385.681   491.712    -9.44    8.52
-208005.763   494.567     7.51   10.16
-207625.771   494.182    -1.01   10.57
-207245.704   486.302   -20.73   18.43
-206865.563   479.144   -18.83   18.77
-206485.348   474.705   -11.67   15.61
-206105.057   474.264    -1.16   15.81
-205724.692   477.976     9.76   15.85
-205351.762   481.199     8.64   17.75
-204985.592   484.280     8.41   16.73
-204619.352   488.268    10.89   12.06
-204253.045   488.820     1.51    9.07
-203886.669   487.947    -2.38    7.65
-203520.224   482.306   -15.39    8.18
-203153.711   476.284   -16.43   10.34
-202787.129   466.942   -25.48   15.62
-202420.478   451.915   -40.98   22.05
-202053.759   431.417   -55.89   25.62
-201686.971   419.992   -31.14   21.73
-201320.114   421.849     5.06   24.16
-200953.188   427.954    16.64   22.85
-200586.194   437.043    24.76   15.95
-200219.131   443.625    17.93   12.76
-199851.998   445.661     5.55   14.33
-199484.797   456.351    29.11   19.74
-199117.527   466.066    26.45   20.96
-198750.187   462.096   -10.81   24.73
-198382.779   455.614   -17.64   25.17
-198015.302   454.739    -2.38   23.36
-197647.755   462.589    21.35   25.72
-197280.139   480.579    48.93   26.48
-196912.454   497.994    47.36   17.54
-196544.699   504.465    17.59   11.43
-196176.876   502.486    -5.38   10.48
-195808.983   496.566   -16.09   11.12
-195441.020   492.972    -9.77   12.69
-195072.988   496.045     8.35   15.73
-194704.887   497.302     3.42   16.34
-194336.716   499.590     6.21   13.68
-193968.475   501.545     5.31   11.47
-193600.165   502.684     3.09   11.63
-193231.785   507.385    12.76   10.30
-192863.336   511.357    10.78    6.65
-192494.817   510.374    -2.67   11.15
-192126.228   505.735   -12.58   17.58
-191757.569   502.417    -9.00   24.11
-191388.841   496.161   -16.97   31.40
-191020.043   481.067   -40.92   36.61
-190651.174   459.578   -58.25   39.52
-190282.236   431.935   -74.91   37.40
-189913.228   409.485   -60.83   29.68
-189544.150   388.762   -56.14   19.60
-189175.001   376.681   -32.72   13.24
-188805.783   369.435   -19.62   10.48
-188436.495   367.017    -6.55    9.85
-188067.136   368.211     3.23    9.64
-187697.707   370.488     6.16   10.17
-187328.208   375.171    12.67   10.88
-186958.638   381.101    16.04   12.84
-186588.998   388.880    21.04   13.71
-186219.288   392.501     9.79   12.39
-185849.507   397.870    14.52    9.12
-185479.656   398.170     0.81    9.26
-185109.734   397.638    -1.44   10.23
-184739.742   402.567    13.32   12.42
-184369.679   407.305    12.80   13.62
-183999.546   412.314    13.53   14.01
-183629.342   416.825    12.18   12.82
-183259.067   422.431    15.14   10.99
-182888.721   429.319    18.60    9.43
-182518.305   435.946    17.89    9.70
-182147.817   443.450    20.25   12.92
-181777.259   453.211    26.34   15.05
-181406.630   461.739    23.01   15.37
-181035.930   465.545    10.26   10.51
-180665.160   463.508    -5.49   10.41
-180294.318   455.817   -20.74   12.64
-179923.404   448.625   -19.39   11.54
-179552.420   444.851   -10.17   13.19
-179181.365   444.113    -1.99   14.82
-178810.238   442.331    -4.80   13.27
-178439.041   437.988   -11.70   13.20
-178067.772   427.854   -27.29   15.92
-177696.431   412.147   -42.29   22.06
-177325.020   393.530   -50.12   22.21
-176953.537   384.238   -25.01   17.51
-176581.982   384.625     1.04   18.47
-176210.356   397.283    34.06   24.05
-175838.658   414.894    47.37   23.21
-175466.889   427.690    34.42   16.44
-175095.048   432.138    11.96   12.18
-174723.136   427.340   -12.90   17.24
-174351.152   414.223   -35.26   21.85
-173979.096   401.107   -35.25   24.57
-173606.969   385.114   -42.97   24.67
-173234.769   371.219   -37.33   21.27
-172862.498   360.748   -28.13   15.26
-172490.155   352.557   -22.00   10.39
-172117.740   347.131   -14.57    8.48
-171745.253   337.840   -24.94   12.78
-171372.694   327.911   -26.65   13.45
-171000.063   318.181   -26.11   11.75
-170627.359   313.078   -13.69    7.36
-170254.584   315.279     5.90   11.89
-169881.736   324.154    23.80   22.46
-169508.817   337.815    36.63   29.81
-169135.825   352.314    38.87   33.34
-168762.760   369.920    47.19   32.61
-168389.624   377.567    20.49   29.22
-168016.414   384.749    19.24   27.63
-167643.133   392.555    20.91   32.00
-167269.779   399.954    19.81   36.70
-166896.352   413.976    37.55   41.47
-166522.853   421.646    20.53   41.76
-166149.282   427.008    14.35   37.76
-165775.637   431.343    11.60   31.18
-165401.920   430.567    -2.08   19.84
-165028.130   430.659     0.25    9.36
-164654.268   433.272     6.99    8.05
-164280.332   440.253    18.67   11.54
-163906.324   453.147    34.47   20.28
-163532.243   472.129    50.74   27.84
-163158.089   492.997    55.76   28.85
-162783.862   516.522    62.86   22.92
-162409.562   533.257    44.70   15.95
-162035.189   547.226    37.31   12.58
-161660.742   555.152    21.16    9.85
-161286.223   557.437     6.10    9.70
-160911.630   539.399   -48.15   35.86
-160536.965   502.022   -99.75   57.54
-160162.225   457.636  -118.43   60.65
-159787.413   409.927  -127.27   43.00
-159412.527   378.834   -82.93   26.93
-159037.568   357.340   -57.32   17.68
-158662.535   346.478   -28.96   11.74
-158287.429   345.008    -3.92   13.73
-157912.249   352.287    19.40   22.90
-157536.996   368.394    42.92   30.84
-157161.669   393.961    68.11   41.22
-156786.269   418.783    66.11   45.58
-156410.794   444.101    67.42   43.16
-156035.246   461.988    47.62   41.01
-155659.624   469.302    19.47   40.96
-155283.929   472.420     8.30   40.72
-154908.159   469.253    -8.43   39.49
-154532.316   460.567   -23.11   40.64
-154156.398   456.253   -11.47   43.18
-153780.407   450.647   -14.91   43.49
-153404.341   457.681    18.70   40.11
-153028.201   454.365    -8.81   40.52
-152651.988   443.027   -30.14   48.68
-152275.700   408.455   -91.86   63.20
-151899.337   370.976   -99.57   60.94
-151522.901   335.226   -94.96   46.05
-151146.390   309.981   -67.04   33.35
-150769.805   289.915   -53.28   20.17
-150393.145   278.762   -29.61   15.13
-150016.411   269.147   -25.52    8.85
-149639.603   263.374   -15.32    5.52
-149262.720   257.479   -15.64    7.55
-148885.762   250.846   -17.60    9.97
-148508.730   241.329   -25.24   11.93
-148131.623   232.877   -22.41   11.40
-147754.441   225.283   -20.13    8.67
-147377.185   220.229   -13.39    7.02
-146999.854   215.017   -13.81    8.31
-146622.448   210.008   -13.27    8.54
-146244.967   206.242    -9.98    6.14
-145867.411   205.590    -1.73    5.24
-145489.780   208.557     7.86    5.26
-145112.074   211.178     6.94    4.70
-144734.293   212.129     2.52    5.55
-144356.437   214.180     5.43    5.82
-143978.506   216.969     7.38    8.16
-143600.500   221.397    11.71    9.01
-143222.418   227.772    16.86    8.68
-142844.261   233.260    14.51    9.92
-142466.029   232.601    -1.74   12.12
-142087.721   229.768    -7.49   13.38
-141709.338   225.019   -12.55   11.01
-141330.880   220.185   -12.77    6.07
-140952.346   219.349    -2.21    3.52
-140573.736   222.484     8.28    8.12
-140195.051   229.908    19.60   14.78
-139816.290   238.020    21.41   19.42
-139437.453   243.871    15.44   23.53
-139058.541   245.360     3.93   27.28
-138679.553   239.972   -14.21   24.18
-138300.489   235.142   -12.74   14.07
-137921.350   239.658    11.91   16.23
-137542.134   256.499    44.41   27.32
-137162.842   273.399    44.55   26.95
-136783.475   288.215    39.05   17.92
-136404.031   291.601     8.92   14.30
-136024.511   287.388   -11.10   13.35
-135644.915   284.556    -7.46    9.35
-135265.243   286.201     4.33    9.99
-134885.495   291.027    12.71   10.32
-134505.670   297.157    16.14    8.61
-134125.769   304.264    18.71   10.08
-133745.792   313.976    25.56   11.32
-133365.738   322.833    23.30    9.15
-132985.608   325.422     6.81    6.47
-132605.401   324.772    -1.71    7.45
-132225.118   324.522    -0.66    7.87
-131844.758   325.280     1.99    8.33
-131464.322   332.107    17.94   10.45
-131083.809   337.684    14.65    7.20
-130706.175   341.124     9.11    9.07
-130340.222   344.887    10.28   14.03
-129974.199   351.524    18.13   19.28
-129608.106   358.363    18.68   21.41
-129241.942   365.725    20.10   23.89
-128875.709   369.334     9.85   24.46
-128509.405   371.309     5.39   22.15
-128143.030   373.976     7.28   19.21
-127776.586   383.135    24.99   19.03
-127410.071   394.747    31.68   20.44
-127043.485   407.199    33.96   15.39
-126676.830   414.028    18.62   11.53
-126310.103   420.232    16.92   10.71
-125943.306   425.107    13.29   11.43
-125576.439   429.566    12.15   10.56
-125209.501   432.722     8.60    9.30
-124842.492   433.754     2.81    9.52
-124475.413   433.249    -1.38    8.20
-124108.262   434.174     2.52    7.95
-123741.041   434.545     1.01    6.35
-123373.750   436.260     4.67    4.98
-123006.387   440.624    11.88    4.95
-122638.953   443.190     6.98    5.18
-122271.449   447.130    10.72    5.46
-121903.873   451.301    11.35    5.49
-121536.227   453.322     5.50    5.53
-121168.509   454.257     2.54    6.11
-120800.721   452.613    -4.47    6.68
-120432.861   452.646     0.09    7.23
-120064.930   450.566    -5.65    7.25
-119696.928   453.601     8.25   10.32
-119328.854   457.866    11.58   12.46
-118960.709   461.242     9.17   11.37
-118592.493   462.476     3.35   10.20
-118224.205   461.017    -3.96   11.70
-117855.846   455.079   -16.12    9.51
-117487.416   449.590   -14.90   10.77
-117118.914   444.995   -12.47   12.49
-116750.340   439.357   -15.29   13.13
-116381.695   435.479   -10.52   10.81
-116012.978   436.095     1.67   10.44
-115644.190   436.151     0.15    8.77
-115275.329   440.206    10.99    7.30
-114906.397   441.547     3.63    6.66
-114537.393   442.095     1.49    5.97
-114168.318   441.107    -2.68    5.02
-113799.170   438.728    -6.44    5.20
-113429.951   436.112    -7.08    4.43
-113060.659   435.004    -3.00    4.62
-112691.296   433.452    -4.20    3.90
-112321.860   433.868     1.13    4.57
-111952.352   435.972     5.69    6.04
-111582.772   439.624     9.88    9.23
-111213.120   444.889    14.24   13.07
-110843.396   448.468     9.68   13.53
-110473.600   449.857     3.76   13.54
-110103.731   445.961   -10.53   12.92
-109733.789   440.223   -15.51    9.63
-109363.776   436.444   -10.21    4.17
-108993.690   434.744    -4.59    3.08
-108623.531   434.524    -0.60    3.11
-108253.300   434.756     0.63    2.77
-107882.997   436.744     5.37    4.27
-107512.620   439.893     8.50    5.81
-107142.171   443.749    10.41    6.67
-106771.650   446.736     8.06    6.92
-106401.055   445.379    -3.66   11.59
-106030.388   439.465   -15.95   15.68
-105659.648   427.343   -32.69   17.39
-105288.836   415.635   -31.57   16.33
-104917.950   402.590   -35.17   16.87
-104546.991   391.012   -31.21   22.18
-104175.960   378.004   -35.06   26.52
-103804.855   364.568   -36.20   27.67
-103433.677   352.045   -33.74   29.20
-103062.426   336.024   -43.15   31.97
-102691.102   316.958   -51.34   37.38
-102319.705   293.051   -64.37   38.33
-101948.234   263.042   -80.78   33.85
-101576.691   238.141   -67.02   26.69
-101205.073   219.107   -51.21   19.12
-100833.383   206.343   -34.34   14.89
-100461.619   196.066   -27.64   12.09
-100089.781   186.935   -24.55   12.10
 -99717.871   178.113   -23.72   11.31
 -99345.886   169.349   -23.56   11.20
 -98973.828   159.601   -26.20   12.62
 -98601.696   148.735   -29.20   13.71
 -98229.491   139.988   -23.50   12.45
 -97857.212   129.843   -27.25   14.99
 -97484.859   120.033   -26.34   15.13
 -97112.432   116.500    -9.49   14.11
 -96739.931   120.084     9.62   19.12
 -96367.357   130.090    26.85   21.71
 -95994.708   140.489    27.90   16.29
 -95621.986   146.702    16.67    5.98
 -95249.190   141.824   -13.09   11.01
 -94876.319   132.601   -24.73   14.34
 -94503.374   125.972   -17.77   13.28
 -94130.356   126.363     1.05   16.23
 -93757.263   132.343    16.03   20.46
 -93384.095   142.153    26.29   20.61
 -93010.854   148.184    16.16   16.34
 -92637.538   152.010    10.25   13.90
 -92264.148   150.040    -5.28   12.75
 -91890.683   147.843    -5.88   11.99
 -91517.144   144.812    -8.11   12.09
 -91143.530   140.753   -10.87   11.33
 -90769.842   136.968   -10.13    9.84
 -90396.079   133.751    -8.61    7.81
 -90022.241   132.601    -3.07    6.46
 -89648.329   132.322    -0.75    4.52
 -89274.342   132.862     1.44    4.38
 -88900.280   135.183     6.20    5.18
 -88526.144   137.699     6.73    5.46
 -88151.932   138.206     1.35    6.33
 -87777.646   137.865    -0.91    7.31
 -87403.285   135.673    -5.86    8.11
 -87028.848   131.357   -11.53    7.05
 -86654.337   127.851    -9.36    5.33
 -86279.751   124.799    -8.15    3.58
 -85905.089   123.837    -2.57    2.61
 -85530.352   125.179     3.58    3.33
 -85155.540   127.720     6.78    4.43
 -84780.653   130.264     6.79    4.55
 -84405.690   132.935     7.12    4.08
 -84030.652   133.305     0.99    3.91
 -83655.539   130.354    -7.86    6.28
 -83280.350   127.184    -8.45    6.85
 -82905.086   124.101    -8.21    6.21
 -82529.746   123.173    -2.47    5.77
 -82154.330   123.497     0.86    6.72
 -81778.839   122.873    -1.66    7.00
 -81403.273   121.314    -4.15    6.82
 -81027.630   119.373    -5.17    4.98
 -80651.912   118.199    -3.12    3.51
 -80276.118   116.074    -5.65    3.72
 -79900.248   113.229    -7.57    3.87
 -79524.302   111.188    -5.43    3.60
 -79148.280   109.950    -3.29    3.48
 -78772.182   110.025     0.20    3.63
 -78396.008   111.357     3.54    4.50
 -78019.758   114.146     7.41    5.83
 -77643.432   117.555     9.06    5.77
 -77267.030   119.579     5.38    4.42
 -76890.552   118.973    -1.61    4.84
 -76513.997   116.422    -6.78    5.26
 -76137.366   113.801    -6.96    5.16
 -75760.658   111.579    -5.90    4.70
 -75383.874   110.213    -3.63    4.59
 -75007.014   110.150    -0.17    5.40
 -74630.077   109.084    -2.83    5.62
 -74253.064   107.755    -3.52    5.00
 -73875.974   107.613    -0.38    5.63
 -73498.807   110.058     6.48    7.00
 -73121.564   113.450     8.99    6.76
 -72744.244   116.080     6.97    6.79
 -72366.847   115.578    -1.33    8.10
 -71989.374   115.134    -1.18    7.90
 -71611.823   113.450    -4.46    7.06
 -71234.196   112.362    -2.88    5.18
 -70856.491   112.334    -0.07    3.86
 -70478.710   113.058     1.92    3.37
 -70100.852   114.780     4.56    3.12
 -69722.916   115.623     2.23    2.70
 -69344.903   116.472     2.24    2.79
 -68966.813   117.971     3.96    3.96
 -68588.646   119.566     4.22    4.17
 -68210.402   121.368     4.76    3.33
 -67832.080   122.244     2.32    2.42
 -67453.681   121.905    -0.90    2.25
 -67075.204   122.415     1.35    2.87
 -66696.650   123.190     2.05    3.30
 -66318.018   123.601     1.09    3.02
 -65939.309   123.162    -1.16    3.06
 -65560.522   122.590    -1.51    3.06
 -65181.658   123.217     1.65    4.14
 -64802.716   125.351     5.63    5.77
 -64423.696   129.014     9.66    6.88
 -64044.598   133.759    12.51    6.67
 -63665.422   137.107     8.83    5.39
 -63286.169   140.479     8.89    4.55
 -62906.837   143.201     7.18    6.06
 -62527.428   145.799     6.85    6.37
 -62147.940   149.346     9.35    5.52
 -61768.375   152.156     7.40    4.77
 -61388.731   153.201     2.75    4.19
 -61009.009   153.513     0.82    4.20
 -60629.209   153.965     1.19    3.65
 -60249.330   153.030    -2.46    3.54
 -59869.373   152.329    -1.85    2.71
 -59489.338   152.876     1.44    2.86
 -59109.225   153.567     1.82    2.67
 -58729.032   153.840     0.72    2.49
 -58348.762   153.647    -0.51    2.70
 -57968.413   152.112    -4.03    3.50
 -57587.985   149.555    -6.72    5.79
 -57207.478   146.129    -9.00    7.57
 -56826.893   142.264   -10.15    7.05
 -56446.229   138.014   -11.16    7.73
 -56065.486   131.671   -16.66   10.63
 -55697.788   125.286   -17.36   11.43
 -55331.986   119.647   -15.41    7.18
 -54966.113   118.569    -2.95    4.94
 -54600.167   118.838     0.74    4.86
 -54234.149   119.735     2.45    4.77
 -53868.060   122.272     6.93    6.31
 -53501.898   125.613     9.12    8.44
 -53135.665   128.393     7.59    9.42
 -52769.359   129.799     3.84    7.84
 -52402.981   129.721    -0.21    5.90
 -52036.531   129.648    -0.20    4.57
 -51670.009   129.319    -0.90    5.19
 -51303.415   130.840     4.15    6.13
 -50936.748   133.514     7.29    7.69
 -50570.009   137.715    11.45    9.52
 -50203.198   142.757    13.74   10.03
 -49836.314   146.775    10.95    8.11
 -49469.358   148.860     5.68    6.61
 -49102.329   151.460     7.08    5.62
 -48735.227   154.165     7.37    5.30
 -48368.053   155.982     4.95    5.58
 -48000.807   158.090     5.74    5.33
 -47633.488   159.601     4.12    5.50
 -47266.096   160.846     3.39    5.11
 -46898.631   162.195     3.67    5.46
 -46531.093   162.283     0.24    5.89
 -46163.483   160.536    -4.75    6.09
 -45795.800   158.135    -6.53    7.09
 -45428.044   153.956   -11.36    7.88
 -45060.214   148.360   -15.21    8.87
 -44692.312   142.006   -17.27   11.41
 -44324.337   136.656   -14.54   10.51
 -43956.289   132.846   -10.35    8.33
 -43588.167   130.949    -5.15    7.08
 -43219.972   130.427    -1.42    7.85
 -42851.704   132.031     4.36    7.60
 -42483.363   133.324     3.51    6.83
 -42114.949   134.898     4.27    7.41
 -41746.461   135.343     1.21    7.61
 -41377.899   136.590     3.38    7.30
 -41009.265   136.327    -0.72    7.79
 -40640.556   134.988    -3.63    8.32
 -40271.774   133.656    -3.61    8.53
 -39902.919   130.808    -7.72    9.78
 -39533.990   127.417    -9.19   11.65
 -39164.987   123.448   -10.75   12.35
 -38795.911   120.228    -8.73   10.32
 -38426.761   118.448    -4.82    7.90
 -38057.537   118.906     1.24    6.68
 -37688.239   120.422     4.10    8.18
 -37318.867   124.417    10.82   10.13
 -36949.421   127.893     9.41   10.25
 -36579.902   130.112     6.00    9.67
 -36210.308   131.437     3.58    9.88
 -35840.640   134.146     7.33    9.91
 -35470.898   135.286     3.08    9.84
 -35101.082   136.646     3.68    8.83
 -34731.192   135.590    -2.85    6.81
 -34361.228   134.170    -3.84    8.47
 -33991.189   130.117   -10.95   11.36
 -33621.076   124.213   -15.95   13.42
 -33250.888   118.601   -15.16   12.62
 -32880.626   114.731   -10.45    9.92
 -32510.290   110.764   -10.71    8.44
 -32139.879   106.027   -12.79    8.75
 -31769.394   100.851   -13.97    7.99
 -31398.834    97.197    -9.86    8.15
 -31028.199    93.898    -8.90    8.48
 -30657.490    92.801    -2.96    8.12
 -30286.705    93.612     2.19    6.98
 -29915.847    95.167     4.19    5.75
 -29544.913    98.031     7.72    7.29
 -29173.904   100.514     6.69    8.69
 -28802.821   102.623     5.68    9.11
 -28431.662   103.134     1.38   10.46
 -28060.429   102.691    -1.19   10.36
 -27689.120   100.942    -4.71    9.19
 -27317.737   101.050     0.29    7.67
 -26946.278   101.042    -0.02    7.15
 -26574.744   102.334     3.48    7.60
 -26203.135   102.117    -0.58    8.91
 -25831.450   102.181     0.17    9.36
 -25459.691   104.236     5.53   11.45
 -25087.855   107.068     7.62   13.98
 -24715.945   113.580    17.51   14.52
 -24343.959   117.920    11.67   14.43
 -23971.897   120.851     7.88   15.19
 -23599.760   120.677    -0.47   17.98
 -23227.548   117.134    -9.52   22.61
 -22855.259   111.843   -14.21   23.95
 -22482.895   105.279   -17.63   24.72
 -22110.456    96.634   -23.21   22.92
 -21737.940    91.779   -13.03   21.34
 -21365.349    85.721   -16.26   21.56
 -20992.682    79.001   -18.03   20.94
 -20619.938    72.645   -17.05   18.01
 -20247.119    66.658   -16.06   13.32
 -19874.224    63.840    -7.55    8.14
 -19501.253    63.465    -1.01    4.80
 -19128.206    64.010     1.46    4.88
 -18755.082    64.291     0.75    5.12
 -18381.883    58.849   -14.58   12.61
 -18008.607    46.509   -33.06   22.78
 -17635.255    30.397   -43.16   25.38
 -17261.827    15.981   -38.60   19.27
 -16888.322    12.718    -8.73   16.24
 -16514.741    19.510    18.18   21.15
 -16141.083    30.806    30.23   21.36
 -15767.349    43.412    33.73   17.27
 -15393.538    53.525    27.05    9.83
 -15019.650    58.557    13.46    8.09
 -14645.686    60.687     5.70    6.63
 -14271.646    61.743     2.82    6.26
 -13897.528    63.101     3.63    5.73
 -13523.334    64.558     3.89    4.71
 -13149.063    65.711     3.08    3.13
 -12774.715    66.505     2.12    3.28
 -12400.290    66.235    -0.72    3.36
 -12025.788    65.397    -2.24    3.94
 -11651.209    64.857    -1.44    4.59
 -11276.553    63.949    -2.42    4.80
 -10901.820    61.635    -6.18    4.69
 -10527.009    61.580    -0.15    4.38
 -10152.122    61.954     1.00    4.23
  -9777.157    62.117     0.44    3.49
  -9402.115    60.726    -3.71    3.38
  -9026.995    58.612    -5.64    4.60
  -8651.798    56.488    -5.66    4.77
  -8276.524    55.687    -2.13    4.77
  -7901.172    56.931     3.31    5.35
  -7525.742    59.558     7.00    5.27
  -7150.235    61.790     5.94    3.82
  -6774.651    62.590     2.13    4.38
  -6398.988    63.479     2.37    5.10
  -6023.248    63.808     0.87    5.88
  -5647.430    63.152    -1.75    6.67
  -5271.535    62.558    -1.58    6.38
  -4895.561    61.568    -2.63    5.84
  -4519.509    57.825    -9.95    7.20
  -4143.380    52.113   -15.19    9.45
  -3767.172    42.038   -26.78   13.94
  -3390.887    30.142   -31.61   14.60
  -3014.523    21.419   -23.18   15.28
  -2638.081    13.199   -21.83   14.06
  -2261.561     7.117   -16.15   11.14
  -1884.962     2.078   -13.38    5.03
  -1508.286    -0.160    -5.94    1.07
  -1131.530    -0.399    -0.63    0.00
   -754.697    -0.399     0.00    0.00
   -377.785    -0.399     0.00    0.00
     -0.794    -0.399     0.00    0.00
    376.275    -0.399     0.00    0.00
    753.422    -0.399     0.00    0.00
   1130.649    -0.399     0.00    0.00
   1507.954    -0.399     0.00    0.00
   1885.338    -0.111     0.76    1.22
   2262.800     1.816     5.11    4.90
   2640.342     7.015    13.77   11.05
   3017.962    14.676    20.29   14.59
   3395.661    20.397    15.15   13.68
   3773.440    24.870    11.84   11.29
   4151.297    25.476     1.60   10.78
   4529.233    23.378    -5.55    9.39
   4907.249    20.946    -6.43    8.16
   5285.344    16.495   -11.77    5.35
   5663.518    14.181    -6.12    3.37
   6041.771    12.053    -5.63    3.26
   6420.104    11.124    -2.46    1.79
   6798.516    10.999    -0.33    2.13
   7177.007    10.545    -1.20    1.83
   7555.578    10.505    -0.11    1.97
   7934.229    10.725     0.58    1.99
   8312.959    11.462     1.94    2.08
   8691.769    12.433     2.56    1.87
   9070.658    12.750     0.84    1.80
   9449.627    12.424    -0.86    2.07
   9828.676    11.889    -1.41    1.79
  10207.805    11.435    -1.20    1.79
  10587.014    11.770     0.88    1.93
  10966.302    12.656     2.34    2.04
  11345.671    12.677     0.05    2.13
  11725.119    12.195    -1.27    1.89
  12104.648    12.612     1.10    2.12
  12484.257    12.340    -0.72    2.35
  12863.946    12.482     0.37    2.24
  13243.715    12.107    -0.99    2.83
  13623.565     9.895    -5.82    5.12
  14003.495     6.484    -8.98    5.99
  14383.505     3.420    -8.06    5.48
  14763.596     0.417    -7.90    2.29
  15143.767    -0.367    -2.06    0.18
  15524.019    -0.399    -0.08    0.00
  15904.351    -0.399     0.00    0.00
  16284.764    -0.399     0.00    0.00
  16665.258    -0.108     0.76    1.06
  17045.832     8.623    22.94   17.20
  17426.487    22.784    37.20   24.79
  17807.223    38.471    41.20   23.36
  18188.040    52.297    36.31   14.37
  18568.938    61.203    23.38    8.25
  18941.713    63.340     5.73    7.42
  19307.286    64.878     4.21    7.13
  19672.932    65.330     1.24    6.97
  20038.652    63.384    -5.32    6.70
  20404.446    61.759    -4.44    5.80
  20770.314    59.578    -5.96    4.49
  21136.255    58.505    -2.93    5.23
  21502.270    58.096    -1.12    5.69
  21868.359    57.949    -0.40    5.07
  22234.521    58.612     1.81    4.81
  22600.758    58.569    -0.12    4.63
  22967.068    59.782     3.31    4.67
  23333.453    61.117     3.64    4.47
  23699.911    59.367    -4.78    7.40
  24066.444    55.908    -9.44    7.92
  24433.050    54.408    -4.09    8.47
  24799.731    52.659    -4.77    8.38
  25166.486    53.833     3.20    8.30
  25533.315    53.832    -0.00    8.27
  25900.219    52.993    -2.29    8.72
  26267.197    52.935    -0.16    8.29
  26634.249    53.644     1.93    9.02
  27001.376    52.419    -3.34    8.68
  27368.577    54.401     5.40    9.20
  27735.853    52.538    -5.07    9.55
  28103.203    50.148    -6.51    9.26
  28470.628    50.881     2.00    9.19
  28838.128    51.931     2.86    9.70
  29205.702    53.101     3.18    9.33
  29573.351    57.892    13.03    8.92
  29941.075    60.177     6.22    8.89
  30308.874    61.123     2.57    8.32
  30676.747    62.112     2.69    7.26
  31044.696    60.686    -3.87    6.79
  31412.719    61.354     1.81    7.03
  31780.818    58.548    -7.62    6.83
  32148.991    56.659    -5.13    7.05
  32517.240    54.537    -5.76    8.29
  32885.564    52.101    -6.61   10.90
  33253.963    46.314   -15.71   14.16
  33622.437    42.218   -11.12   13.90
  33990.986    38.027   -11.37   11.89
  34359.611    33.656   -11.86   10.72
  34728.312    34.378     1.96   11.43
  35097.087    39.484    13.85   14.14
  35465.939    45.997    17.66   13.72
  35834.865    50.814    13.06    9.92
  36203.868    51.222     1.11    9.03
  36572.946    43.569   -20.74   15.80
  36942.099    32.545   -29.86   19.21
  37311.328    22.107   -28.27   18.64
  37680.633    11.601   -28.45   10.19
  38050.014     7.201   -11.91    1.92
  38419.471     6.865    -0.91    1.52
  38789.004     6.741    -0.34    1.36
  39158.612     6.927     0.50    1.39
  39528.297     7.257     0.89    1.30
  39898.057     7.268     0.03    1.28
  40267.894     7.490     0.60    1.27
  40637.806     7.643     0.41    1.68
  41007.795     6.879    -2.06    3.26
  41377.860     5.903    -2.64    4.11
  41748.002     4.557    -3.64    4.46
  42118.220     3.496    -2.87    4.43
  42488.514     2.340    -3.12    4.12
  42858.884     1.643    -1.88    3.74
  43229.331     0.793    -2.30    2.90
  43599.854     0.250    -1.46    1.98
  43970.454    -0.165    -1.12    1.14
  44341.131    -0.310    -0.39    0.66
  44711.884    -0.399    -0.24    0.00
  45082.714    -0.399     0.00    0.00
  45453.621    -0.399     0.00    0.00
  45824.604    -0.399     0.00    0.00
  46195.664    -0.399     0.00    0.00
  46566.801    -0.399     0.00    0.00
  46938.016    -0.399     0.00    0.00
  47309.307    -0.399     0.00    0.00
  47680.675    -0.399     0.00    0.00
  48052.120    -0.399     0.00    0.00
  48423.642    -0.399     0.00    0.00
  48795.241    -0.399     0.00    0.00
  49166.918    -0.399     0.00    0.00
  49538.672    -0.399     0.00    0.00
  49910.503    -0.399     0.00    0.00
  50282.411    -0.399     0.00    0.00
  50654.397    -0.399     0.00    0.00
  51026.460    -0.399     0.00    0.00
  51398.601    -0.399     0.00    0.00
  51770.820    -0.315     0.22    0.50
  52143.116     1.312     4.37    5.95
  52515.489     3.612     6.17    7.46
  52887.941     5.412     4.84    7.25
  53260.470     7.862     6.58    6.80
  53633.076    11.735    10.39    6.62
  54005.761    14.676     7.89    4.88
  54378.523    15.601     2.48    3.45
  54751.364    16.197     1.60    4.10
  55124.282    17.548     3.62    4.32
  55497.279    20.988     9.22    6.88
  55870.353    25.410    11.85    8.14
  56243.506    30.750    14.31    7.48
  56616.737    32.666     5.13    6.64
  56990.046    33.335     1.79    7.14
  57363.433    33.314    -0.06    8.96
  57736.899    31.999    -3.52    9.08
  58110.443    31.012    -2.64    8.10
  58484.065    31.173     0.43    7.24
  58857.766    30.222    -2.54    6.77
  59231.545    28.986    -3.31    7.11
  59605.403    27.447    -4.12    6.17
  59979.340    28.012     1.51    6.29
  60353.355    29.931     5.13    7.33
  60727.449    31.163     3.29    7.66
  61101.622    31.176     0.03    7.40
  61475.873    29.705    -3.93    7.59
  61850.203    29.039    -1.78    6.39
  62224.613    29.404     0.97    6.53
  62599.101    29.896     1.32    6.09
  62973.668    31.438     4.12    4.38
  63348.314    31.155    -0.76    4.38
  63723.039    28.264    -7.71    5.03
  64097.844    25.191    -8.20    6.07
  64472.728    24.440    -2.00    6.19
  64847.691    23.442    -2.66    6.21
  65222.733    25.059     4.31    6.39
  65597.854    28.101     8.11    5.49
  65973.055    29.357     3.35    4.97
  66348.336    26.862    -6.65    8.08
  66723.696    22.780   -10.88    9.54
  67099.135    16.793   -15.95    9.47
  67474.654    11.349   -14.50    8.65
  67850.253     5.133   -16.55    5.61
  68225.931     2.835    -6.12    4.09
  68601.690     3.777     2.51    7.29
  68977.528     7.293     9.35   11.09
  69353.445    12.873    14.85   11.93
  69729.443    18.201    14.17   10.79
  70105.521    22.123    10.43    8.74
  70481.679    26.854    12.58    5.24
  70857.916    28.754     5.05    4.05
  71234.234    30.195     3.83    5.80
  71610.632    32.478     6.06    7.16
  71987.110    37.191    12.52    6.34
  72363.669    41.337    11.01    4.48
  72740.307    43.452     5.62    3.80
  73117.027    44.476     2.72    3.00
  73493.826    45.164     1.82    4.38
  73870.706    44.968    -0.52    5.23
  74247.667    44.972     0.01    5.34
  74624.708    44.971    -0.00    5.32
  75001.829    43.911    -2.81    4.51
  75379.032    44.646     1.95    4.34
  75756.315    45.548     2.39    4.65
  76133.678    47.176     4.31    4.38
  76511.123    48.474     3.44    4.07
  76888.648    49.291     2.17    3.94
  77266.255    50.528     3.28    3.05
  77643.942    50.349    -0.47    2.91
  78021.710    49.478    -2.31    2.41
  78399.560    48.357    -2.97    2.53
  78777.490    47.560    -2.11    2.38
  79155.502    46.569    -2.62    2.45
  79533.595    45.349    -3.23    3.09
  79911.769    44.744    -1.60    3.66
  80290.025    43.695    -2.77    3.52
  80668.362    43.711     0.04    3.80
  81046.780    45.296     4.19    4.57
  81425.280    47.217     5.07    4.63
  81803.861    49.149     5.10    3.34
  82182.524    49.697     1.45    2.69
  82561.269    47.570    -5.62    4.99
  82940.095    42.195   -14.19    7.74
  83319.003    37.264   -13.01    7.74
  83697.993    33.832    -9.06    5.54
  84077.065    32.987    -2.23    4.62
  84456.218    36.513     9.30    7.89
  84835.454    43.949    19.61   10.33
  85214.771    49.004    13.33    7.64
  85594.171    48.707    -0.78    6.76
  85973.653    44.580   -10.87    8.84
  86353.217    38.777   -15.29    8.02
  86732.863    34.035   -12.49    4.99
  87112.591    33.980    -0.14    4.90
  87492.402    35.704     4.54    6.15
  87872.295    38.812     8.18    7.24
  88252.270    42.938    10.86    6.96
  88632.328    45.456     6.62    5.41
  89012.469    48.536     8.10    4.06
  89392.692    50.673     5.62    4.38
  89772.998    51.901     3.23    4.78
  90153.386    53.518     4.25    4.00
  90533.857    55.022     3.95    3.16
  90914.411    56.527     3.96    4.48
  91295.048    58.329     4.73    6.47
  91675.768    62.663    11.39    8.35
  92056.570    65.624     7.77    8.20
  92437.456    67.316     4.44    7.30
  92818.425    68.667     3.55    7.25
  93199.477    70.117     3.81    6.56
  93577.759    70.990     2.31    5.47
  93943.100    70.718    -0.74    5.31
  94308.517    69.635    -2.96    5.14
  94674.009    68.070    -4.28    4.91
  95039.577    66.080    -5.44    5.56
  95405.220    61.452   -12.66    6.52
  95770.939    58.517    -8.03    5.93
  96136.733    57.645    -2.38    4.90
  96502.602    58.237     1.62    4.18
  96868.548    60.312     5.67    4.62
  97234.568    62.436     5.80    4.86
  97600.665    63.206     2.10    5.10
  97966.837    63.539     0.91    4.83
  98333.085    63.633     0.26    3.67
  98699.409    65.338     4.66    2.90
  99065.809    66.391     2.87    2.99
  99432.285    66.558     0.46    3.27
  99798.837    66.789     0.63    4.26
 100165.464    66.465    -0.88    4.98
 100532.168    65.914    -1.50    4.97
 100898.948    66.268     0.97    4.73
 101265.804    66.708     1.20    3.73
 101632.737    67.497     2.15    3.41
 101999.745    67.749     0.69    3.18
 102366.830    67.828     0.22    3.55
 102733.991    67.335    -1.34    4.20
 103101.229    67.014    -0.87    4.43
 103468.543    66.373    -1.74    4.76
 103835.934    66.476     0.28    4.78
 104203.401    66.666     0.52    4.62
 104570.945    68.362     4.61    4.74
 104938.565    69.393     2.81    5.17
 105306.262    70.728     3.63    6.26
 105674.036    72.972     6.10    7.61
 106041.886    73.212     0.65    7.89
 106409.814    72.038    -3.19    7.81
 106777.818    68.849    -8.67    7.76
 107145.899    64.983   -10.50    4.92
 107514.058    63.718    -3.43    3.03
 107882.293    63.416    -0.82    3.46
 108250.605    63.812     1.08    3.53
 108618.994    64.250     1.19    3.77
 108987.461    65.372     3.05    5.34
 109356.005    66.864     4.05    5.39
 109724.626    67.003     0.38    5.17
 110093.324    67.435     1.17    4.93
 110462.100    68.212     2.11    4.01
 110830.953    70.677     6.68    5.38
 111199.884    73.983     8.96    5.81
 111568.892    76.991     8.15    5.54
 111937.977    79.549     6.93    4.32
 112307.141    79.945     1.07    3.78
 112676.381    79.814    -0.35    3.67
 113045.700    78.820    -2.69    3.98
 113415.096    77.665    -3.13    4.11
 113784.570    77.081    -1.58    4.55
 114154.122    75.524    -4.21    4.88
 114523.752    72.362    -8.55    5.32
 114893.460    69.025    -9.03    5.43
 115263.246    66.251    -7.50    5.04
 115633.110    64.507    -4.72    4.68
 116003.051    62.528    -5.35    3.58
 116373.072    60.101    -6.56    3.61
 116743.170    57.250    -7.70    4.16
 117113.346    54.797    -6.63    4.49
 117483.601    53.506    -3.49    4.37
 117853.934    53.158    -0.94    4.45
 118224.345    52.401    -2.04    4.38
 118594.835    50.945    -3.93    3.85
 118965.404    50.157    -2.13    3.16
 119336.051    50.020    -0.37    3.53
 119706.776    49.980    -0.11    3.88
 120077.580    49.828    -0.41    4.96
 120448.463    48.622    -3.25    5.33
 120819.424    47.612    -2.72    5.16
 121190.465    46.966    -1.74    4.47
 121561.584    47.685     1.94    4.67
 121932.782    48.799     3.00    4.67
 122304.059    50.743     5.23    6.49
 122675.414    53.928     8.58    7.16
 123046.849    57.079     8.49    6.52
 123418.363    58.539     3.93    5.02
 123789.956    58.516    -0.06    4.35
 124161.629    56.833    -4.53    4.39
 124533.380    54.338    -6.71    4.43
 124905.211    50.570   -10.13    5.00
 125277.121    45.833   -12.74    7.51
 125649.111    39.174   -17.90    9.18
 126021.179    35.893    -8.82    7.57
 126393.328    35.391    -1.35    6.23
 126765.556    36.704     3.53    6.02
 127137.863    40.264     9.56    6.12
 127510.250    43.601     8.96    8.82
 127882.717    45.993     6.42   10.10
 128255.264    47.763     4.75    8.99
 128627.890    45.857    -5.12    8.89
 129000.596    42.261    -9.65    7.33
 129373.382    39.677    -6.93    4.82
 129746.248    38.254    -3.82    4.41
 130119.194    37.911    -0.92    4.72
 130492.220    39.158     3.34    6.31
 130865.326    39.886     1.95    8.06
 131238.512    41.497     4.32    9.41
 131611.778    40.972    -1.41   11.23
 131985.125    38.581    -6.41   12.82
 132358.552    36.003    -6.90   13.68
 132732.059    31.440   -12.22   12.10
 133105.647    26.795   -12.43    9.74
 133479.315    23.293    -9.37    8.22
 133853.063    20.663    -7.04    7.16
 134226.892    17.101    -9.53    6.07
 134600.802    13.775    -8.90    6.02
 134974.792    11.942    -4.90    6.36
 135348.863    10.008    -5.17    7.25
 135723.015     8.440    -4.19    7.83
 136097.248     6.716    -4.61    8.03
 136471.561     4.476    -5.98    7.04
 136845.956     2.907    -4.19    6.47
 137220.431     1.086    -4.87    4.38
 137594.987     0.254    -2.22    3.07
 137969.624    -0.399    -1.74    0.00
 138344.343    -0.399     0.00    0.00
 138719.143    -0.337     0.16    0.51
 139094.024     0.359     1.86    2.59
 139468.986     2.234     5.00    4.55
 139844.029     5.179     7.85    5.72
 140219.154     8.457     8.74    5.19
 140594.360    10.978     6.72    3.59
 140969.648    11.447     1.25    2.99
 141345.017    12.063     1.64    2.81
 141720.468    12.877     2.17    3.06
 142096.001    13.677     2.13    3.66
 142471.615    16.238     6.82    5.42
 142847.311    17.479     3.30    5.34
 143223.088    17.976     1.32    4.80
 143598.948    18.546     1.52    4.48
 143974.889    18.622     0.20    3.97
 144350.913    18.506    -0.31    3.64
 144727.018    18.199    -0.81    3.72
 145103.206    17.907    -0.78    3.96
 145479.475    18.397     1.30    3.65
 145855.827    19.303     2.41    3.20
 146232.261    20.367     2.82    2.56
 146608.777    20.282    -0.23    2.50
 146985.376    18.799    -3.94    4.43
 147362.057    17.149    -4.38    5.94
 147738.820    15.081    -5.49    7.32
 148115.666    14.212    -2.31    8.51
 148492.594    14.199    -0.03   10.38
 148869.605    14.193    -0.02   11.01
 149246.699    12.591    -4.25   11.27
 149623.875    10.653    -5.14   11.22
 150001.134     6.288   -11.57    9.04
 150378.476     3.436    -7.56    7.04
 150755.901     2.164    -3.37    4.99
 151133.409     5.591     9.08    8.38
 151510.999    12.991    19.60   11.43
 151888.673    19.795    18.02   11.37
 152266.430    25.039    13.88    7.98
 152644.269    26.816     4.70    8.19
 153022.193    27.956     3.02    8.43
 153400.199    28.152     0.52    8.16
 153778.288    29.159     2.66    7.30
 154156.461    28.849    -0.82    6.66
 154534.718    25.027   -10.11    9.94
 154913.057    19.428   -14.80   12.04
 155291.481    13.261   -16.30   12.88
 155669.987     7.428   -15.41   11.38
 156048.578     2.656   -12.61    7.23
 156427.252    -0.207    -7.56    1.46
 156806.010    -0.399    -0.51    0.00
 157184.851    -0.399     0.00    0.00
 157563.777    -0.399     0.00    0.00
 157942.786    -0.399     0.00    0.00
 158321.880    -0.399     0.00    0.00
 158701.057    -0.399     0.00    0.00
 159080.318    -0.399     0.00    0.00
 159459.664    -0.399     0.00    0.00
 159839.093     0.840     3.27    4.38
 160218.607     5.821    13.13   12.25
 160598.205    13.199    19.44   18.17
 160977.888    21.221    21.13   20.13
 161357.655    30.357    24.06   19.01
 161737.506    37.989    20.09   13.26
 162117.442    43.438    14.34    4.62
 162497.462    45.071     4.30    3.54
 162877.567    45.623     1.45    3.17
 163257.757    45.359    -0.69    2.71
 163638.031    45.014    -0.91    2.62
 164018.390    45.024     0.03    2.78
 164398.834    44.264    -2.00    2.83
 164779.363    43.228    -2.72    3.40
 165159.977    41.775    -3.82    3.43
 165540.675    41.426    -0.92    3.69
 165921.459    41.590     0.43    3.21
 166302.328    41.571    -0.05    3.16
 166683.282    41.188    -1.01    3.66
 167064.322    39.581    -4.22    4.36
 167445.446    38.036    -4.05    4.35
 167826.656    36.510    -4.01    3.74
 168207.951    34.935    -4.13    2.98
 168575.967    34.051    -2.40    3.08
 168941.146    31.942    -5.78    3.95
 169306.403    29.163    -7.61    4.88
 169671.737    25.938    -8.83    5.29
 170037.147    23.849    -5.72    4.41
 170402.635    23.001    -2.32    3.84
 170768.201    22.797    -0.56    4.16
 171133.843    24.821     5.54    5.45
 171499.563    27.623     7.66    6.58
 171865.361    29.142     4.15    6.03
 172231.236    29.747     1.65    4.92
 172597.188    28.824    -2.52    4.93
 172963.218    25.867    -8.08    4.51
 173329.326    23.895    -5.39    3.24
 173695.511    21.931    -5.36    3.59
 174061.774    20.949    -2.68    3.54
 174428.115    21.241     0.80    4.86
 174794.533    22.805     4.27    6.31
 175161.030    27.734    13.45    8.65
 175527.604    34.015    17.14   11.45
 175894.256    42.033    21.87   11.17
 176260.987    46.349    11.77    8.61
 176627.795    45.938    -1.12    9.04
 176994.682    44.046    -5.16    9.54
 177361.646    39.344   -12.82    9.57
 177728.689    34.703   -12.64    8.33
 178095.810    31.333    -9.18    6.03
 178463.010    30.010    -3.61    5.12
 178830.288    29.481    -1.44    8.86
 179197.644    30.117     1.73   10.74
 179565.079    28.201    -5.22   12.72
 179932.592    27.091    -3.02   14.13
 180300.183    25.612    -4.02   14.42
 180667.854    25.022    -1.60   14.61
 181035.603    23.221    -4.90   15.16
 181403.431    23.201    -0.05   14.62
 181771.337    22.995    -0.56   13.82
 182139.322    23.591     1.62   12.02
 182507.386    22.754    -2.28   11.01
 182875.529    24.015     3.43    9.76
 183243.751    26.222     5.99    8.77
 183612.053    30.319    11.12    8.94
 183980.433    31.561     3.37    8.66
 184348.892    31.201    -0.98    9.25
 184717.430    29.867    -3.62   10.52
 185086.048    28.496    -3.72   10.91
 185454.744    28.652     0.42   11.66
 185823.521    29.314     1.80   12.97
 186192.376    27.051    -6.14   13.20
 186561.311    25.435    -4.38   11.98
 186930.325    23.316    -5.74    9.67
 187299.419    22.177    -3.09    7.66
 187668.593    20.652    -4.13    6.42
 188037.846    20.999     0.94    7.36
 188407.179    22.064     2.88   10.26
 188776.591    24.901     7.68   12.00
 189146.083    28.449     9.60   11.56
 189515.655    30.111     4.50    9.37
 189885.307    30.022    -0.24    7.73
 190255.039    31.334     3.55    7.82
 190624.851    31.789     1.23    7.06
 190994.743    32.261     1.28    6.66
 191364.715    32.723     1.25    6.32
 191734.767    33.034     0.84    6.29
 192104.899    33.418     1.04    6.41
 192475.111    33.827     1.11    6.08
 192845.404    33.387    -1.19    5.75
 193215.777    33.300    -0.23    6.43
 193586.231    34.329     2.78    8.66
 193956.765    35.983     4.46   10.95
 194327.379    38.278     6.19   11.80
 194698.074    40.601     6.27   10.62
 195068.850    40.754     0.41    8.45
 195439.706    41.387     1.71    7.30
 195810.643    40.469    -2.48    6.27
 196181.660    38.834    -4.41    5.60
 196552.759    37.547    -3.47    6.01
 196923.938    36.056    -4.02    6.21
 197295.198    36.942     2.39    7.50
 197666.540    39.167     5.99    8.61
 198037.962    43.316    11.17    9.39
 198409.465    48.904    15.05    8.52
 198781.049    52.070     8.52    6.67
 199152.715    53.671     4.31    6.46
 199524.462    54.995     3.56    5.88
 199896.290    53.808    -3.19    5.87
 200268.199    51.428    -6.40    6.19
 200640.190    48.569    -7.69    5.74
 201012.262    46.071    -6.71    3.95
 201384.416    45.675    -1.07    3.64
 201756.651    45.541    -0.36    2.97
 202128.968    45.622     0.22    2.59
 202501.366    46.015     1.06    3.60
 202873.846    42.351    -9.84    9.27
 203246.408    37.753   -12.34   12.79
 203619.052    40.356     6.99   19.01
 203991.777    48.918    22.97   25.55
 204364.585    62.642    36.82   23.85
 204737.474    73.241    28.43   11.78
 205110.446    71.811    -3.83   10.99
 205483.499    63.729   -21.67   13.33
 205856.635    51.941   -31.60   15.38
 206229.853    41.319   -28.47   11.94
 206603.153    35.831   -14.70    6.70
 206976.535    34.862    -2.60    4.55
 207350.000    37.285     6.49    5.41
 207723.547    38.489     3.22    5.27
 208097.177    39.622     3.03    5.43
 208470.889    40.581     2.57    5.97
 208844.683    40.561    -0.05    6.14
 209218.560    40.975     1.11    5.59
 209592.520    42.045     2.86    6.09
 209966.563    45.061     8.07    6.19
 210340.688    47.664     6.96    5.26
 210714.896    48.987     3.54    5.73
 211089.187    48.782    -0.55    6.39
 211463.561    50.451     4.46    6.41
 211838.018    51.004     1.47    5.84
 212212.558    49.770    -3.29    5.05
 212587.182    50.405     1.70    7.23
 212961.888    52.157     4.67    9.81
 213336.677    56.438    11.42   10.89
 213711.550    60.891    11.88   10.47
 214086.506    63.008     5.64    8.08
 214461.546    59.754    -8.68    9.57
 214836.668    57.218    -6.76    9.37
 215211.875    54.611    -6.95    6.89
 215587.165    54.642     0.08    5.43
 215962.538    56.426     4.75    4.70
 216337.995    56.974     1.46    4.41
 216713.536    57.758     2.09    3.75
 217089.161    58.552     2.11    4.06
 217464.869    58.601     0.13    3.95
 217840.661    59.961     3.62    5.44
 218216.537    63.221     8.67    7.97
 218592.498    67.760    12.07    9.34
 218968.542    71.718    10.53    9.17
 219344.670    76.185    11.88    8.59
 219720.882    79.086     7.71    7.42
 220097.179    80.121     2.75    6.50
 220473.560    78.081    -5.42    8.23
 220850.025    73.895   -11.12    9.57
 221226.575    70.985    -7.73    8.00
 221603.209    67.431    -9.44    6.38
 221979.927    64.431    -7.96    7.03
 222356.730    61.761    -7.09    7.98
 222733.618    60.421    -3.56    7.76
 223110.590    61.210     2.09    7.76
 223487.647    64.991    10.03    8.89
 223864.789    68.326     8.84    7.69
 224242.015    70.066     4.61    5.84
 224619.327    69.237    -2.20    6.91
 224996.723    67.161    -5.50    6.50
 225374.204    66.075    -2.88    5.14
 225751.771    66.151     0.20    3.84
 226129.422    67.383     3.26    4.27
 226507.159    70.761     8.95    5.39
 226884.981    72.688     5.10    5.18
 227262.888    71.905    -2.07    6.22
 227640.880    71.893    -0.03    6.53
 228018.958    72.601     1.87    6.07
 228397.121    72.343    -0.68    5.65
 228775.370    72.106    -0.63    4.56
 229153.705    71.907    -0.53    5.24
 229532.124    71.241    -1.76    5.32
 229910.630    71.643     1.06    4.69
 230289.221    71.248    -1.04    4.05
 230667.899    71.787     1.42    3.77
 231046.661    72.522     1.94    4.64
 231425.510    72.693     0.45    4.92
 231804.445    72.984     0.77    4.80
 232183.466    72.683    -0.79    5.33
 232562.573    72.393    -0.76    5.30
 232941.766    72.096    -0.78    4.97
 233321.045    70.941    -3.05    4.47
 233700.411    69.662    -3.37    3.41
 234079.862    69.101    -1.48    3.57
 234459.401    69.261     0.42    4.01
 234839.025    68.191    -2.82    6.45
 235218.736    67.721    -1.24    7.87
 235598.534    66.281    -3.79    8.61
 235978.418    64.413    -4.92    7.55
 236358.389    64.181    -0.61    5.76
 236738.446    64.268     0.23    3.94
 237118.591    66.177     5.02    4.83
 237498.822    69.701     9.27    6.29
 237879.140    74.218    11.88    7.00
 238259.545    78.141    10.32    6.18
 238640.037    80.975     7.45    6.11
 239020.616    84.433     9.09    7.89
 239401.282    87.418     7.84    8.85
 239782.035    90.384     7.79    9.40
 240162.876    93.207     7.42    8.27
 240543.804    95.096     4.96    7.31
 240924.819    96.743     4.32    6.43
 241305.922    99.581     7.45    5.04
 241687.112   103.356     9.91    6.33
 242068.389   107.510    10.90    8.51
 242449.755   112.228    12.37   10.33
 242831.208   115.702     9.11   12.15
 243205.188   118.152     6.55   13.55
 243570.128   117.974    -0.49   13.78
 243935.147   116.841    -3.10   14.04
 244300.244   111.730   -14.00   14.17
 244665.421   106.121   -15.36   13.59
 245030.676   100.661   -14.95   10.07
 245396.011    98.026    -7.21    5.17
 245761.425    98.308     0.77    4.44
 246126.918    98.886     1.58    5.62
 246492.490   100.622     4.75    6.66
 246858.141   102.384     4.82    7.84
 247223.872   106.311    10.74   10.61
 247589.682   109.561     8.88   11.16
 247955.571   111.314     4.79   10.43
 248321.540   111.547     0.64    8.94
 248687.588   110.209    -3.66    6.38
 249053.716   110.022    -0.51    4.31
 249419.924   110.876     2.33    4.46
