# NaN NaN NaN ;Mean Elev.(m), Avg Gradient(m/km), RMS Gradient(m/km) - SRTM1     
#   -6.862  -1.166  13.268 ;Mean Elev.(m), Avg Gradient(m/km), RMS Gradient(m/km) - ASTER GDEM
#    1.457  -0.986  11.970 ;Mean Elev.(m), Avg Gradient(m/km), RMS Gradient(m/km) - GMTED2010 
  7    56.512 52468.22760063 12.50  87.795331  66.095758 12.786
  7    55.517 52468.22760127 12.06  87.792111  66.092678 12.786
  7    54.034 52468.22760192 12.12  87.788901  66.089588 12.786
  7    35.280 52468.22760256 14.23  87.785681  66.086498 12.786
  7    34.464 52468.22760320 13.41  87.782471  66.083418 12.786
  7    33.376 52468.22760385  9.73  87.779262  66.080330 15.167
  7    31.672 52468.22760449 12.72  87.776042  66.077240 15.167
  8    53.565 52503.22758995 14.21  87.789996  66.094922 12.253
  8    53.993 52503.22759059  9.80  87.786786  66.091832 12.253
  8    53.631 52503.22759124  9.80  87.783570  66.088746 16.129
  8    53.541 52503.22759188  7.40  87.780360  66.085656 16.129
  8    52.844 52503.22759253  6.68  87.777140  66.082566 16.129
  8    52.360 52503.22759317  6.49  87.773930  66.079486 16.129
  8    50.683 52503.22759382  5.68  87.770720  66.076396 16.129
  8    48.934 52503.22759446  5.98  87.767510  66.073306 16.129
  9    57.495 52538.22757344 21.43  87.817515  66.096532 17.650
  9    57.198 52538.22757408 16.18  87.814295  66.093452 17.650
  9    56.562 52538.22757473 13.74  87.811075  66.090362 17.650
  9    55.409 52538.22757537 11.90  87.807855  66.087272 17.650
  9    55.330 52538.22757602  9.98  87.804645  66.084192 17.650
  9    54.870 52538.22757666  9.31  87.801425  66.081102 17.650
  9    52.659 52538.22757730 10.98  87.798215  66.078012 17.650
 10    37.826 52573.22761496 18.85  87.795243  66.093678  8.706
 10    36.917 52573.22761560 18.27  87.792033  66.090588  8.706
 10    35.696 52573.22761625 18.42  87.788813  66.087498  8.706
 10    34.453 52573.22761689 17.66  87.785603  66.084418  8.706
 10     3.819 52573.22761818 35.75  87.779173  66.078238  8.706
 10     4.020 52573.22761883 40.78  87.775963  66.075158  8.706
 11    55.138 52608.22757328 11.74  87.792393  66.093741  4.285
 11    43.521 52608.22757393 12.09  87.789183  66.090661  4.285
 11    36.038 52608.22757457 12.19  87.785963  66.087571  4.285
 11    34.401 52608.22757522 11.93  87.782753  66.084481  4.285
 11    33.307 52608.22757586 11.56  87.779543  66.081401  4.285
 11    28.096 52608.22757651 16.20  87.776333  66.078311  4.285
 12    55.830 52643.22756868  8.97  87.803541  66.093792  4.338
 12    54.002 52643.22756932  8.60  87.800321  66.090702  4.338
 12    52.905 52643.22756997  8.26  87.797110  66.087612  3.098
 12    45.906 52643.22757061  8.99  87.793890  66.084532  3.098
 12    40.145 52643.22757126  9.10  87.790680  66.081442  3.098
 12    38.517 52643.22757190  9.53  87.787460  66.078362  3.098
 12    28.308 52643.22757254 11.79  87.784250  66.075272  3.098
 12    24.616 52643.22757319 13.52  87.781040  66.072182  3.098
 13    54.851 52678.22755164  9.47  87.792577  66.093936  3.415
 13    49.746 52678.22755229  9.12  87.789357  66.090846  3.415
 13    57.133 52678.22755293  9.30  87.786147  66.087756  3.415
 13    43.269 52678.22755358  9.05  87.782937  66.084676  3.415
 13    43.399 52678.22755422  9.00  87.779719  66.081587  3.331
 13    39.094 52678.22755487  8.77  87.776509  66.078497  3.331
 13    34.362 52678.22755551  8.88  87.773299  66.075417  3.331
 15    59.672 52748.22761596  7.29  87.777163  66.093407  3.322
 15    59.458 52748.22761660  6.63  87.773943  66.090327  3.322
 15    59.073 52748.22761725  6.84  87.770733  66.087237  3.322
 15    58.337 52748.22761789  7.05  87.767523  66.084147  3.322
 15    57.571 52748.22761854  6.07  87.764313  66.081067  3.322
 15    56.662 52748.22761918  5.59  87.761093  66.077977  3.322
 15    55.177 52748.22761983  4.35  87.757883  66.074887  3.322
 16    19.857 52783.22755512 33.35  87.812051  66.094572 27.227
 16    19.277 52783.22755577 45.06  87.808841  66.091492 27.227
 16    19.839 52783.22755641 47.62  87.805621  66.088402 27.227
 16    17.833 52783.22755706 49.75  87.802401  66.085312 27.227
 16    19.652 52783.22755770 48.07  87.799181  66.082232 27.227
 16    19.460 52783.22755835 49.15  87.795971  66.079142 27.227
 16    19.125 52783.22755899 44.21  87.792761  66.076052 27.227
 16    19.544 52783.22755964 35.77  87.789541  66.072972 27.227
 17    56.306 52818.22763344 10.64  87.807404  66.092324 21.206
 17    55.436 52818.22763409  8.67  87.804184  66.089244 21.206
 17    54.293 52818.22763473  8.97  87.800964  66.086154 21.206
 17    22.594 52818.22763538 10.88  87.797754  66.083064 21.206
 17    20.788 52818.22763602 13.34  87.794534  66.079984 21.206
 17    16.196 52818.22763667 18.02  87.791324  66.076894 21.206
 17    16.374 52818.22763731 23.98  87.788104  66.073804 21.206
 18    56.447 52853.22768297 10.53  87.805197  66.093668 19.240
 18    55.733 52853.22768361  8.84  87.801974  66.090588 21.093
 18    55.256 52853.22768426  7.44  87.798764  66.087498 21.093
 18    52.917 52853.22768490  9.55  87.795544  66.084408 21.093
 18    50.827 52853.22768555  9.34  87.792334  66.081328 21.093
 18    21.270 52853.22768619 13.59  87.789114  66.078238 21.093
 18    16.189 52853.22768683 17.55  87.785904  66.075148 21.093
 18    16.331 52853.22768748 30.76  87.782694  66.072068 21.093
 20    54.638 52923.22767170 12.97  87.785013  66.094427 12.515
 20    38.538 52923.22767235 14.17  87.781800  66.091339 11.382
 20    37.023 52923.22767299 14.60  87.778580  66.088249 11.382
 20    35.639 52923.22767363 17.27  87.775370  66.085159 11.382
 20    34.035 52923.22767428 17.50  87.772160  66.082079 11.382
 20    32.366 52923.22767492 18.69  87.768950  66.078989 11.382
 20    30.637 52923.22767557 19.06  87.765740  66.075899 11.382
 20    16.153 52923.22767621 21.85  87.762530  66.072819 11.382
 21    56.895 52958.22763669 10.43  87.815807  66.095662  8.128
 21    55.500 52958.22763734 10.02  87.812587  66.092572  8.128
 21    54.745 52958.22763798  9.72  87.809370  66.089484  5.251
 21    53.809 52958.22763863  9.51  87.806160  66.086404  5.251
 21    51.665 52958.22763927 10.21  87.802940  66.083314  5.251
 21    30.006 52958.22763992 12.14  87.799730  66.080224  5.251
 21    28.442 52958.22764056 12.07  87.796510  66.077144  5.251
 21    16.172 52958.22764121 15.81  87.793300  66.074054  5.251
 22    56.544 52993.22766316  7.52  87.804982  66.094923  4.115
 22    55.960 52993.22766381  7.67  87.801772  66.091843  4.115
 22    54.076 52993.22766445  7.60  87.798552  66.088753  4.115
 22    51.781 52993.22766510  7.22  87.795342  66.085663  4.115
 22    45.986 52993.22766574  7.56  87.792122  66.082583  4.115
 22    44.496 52993.22766639  7.36  87.788912  66.079493  4.115
 22    36.934 52993.22766703  8.64  87.785702  66.076403  4.115
 22    25.199 52993.22766768 11.75  87.782482  66.073323  4.115
 23    50.414 53028.22762844  9.72  87.789819  66.094434  4.080
 23    48.828 53028.22762908  9.23  87.786599  66.091354  4.080
 23    46.140 53028.22762973  8.80  87.783389  66.088264  4.080
 23    41.891 53028.22763037  9.06  87.780179  66.085174  4.080
 23    39.959 53028.22763102  8.64  87.776969  66.082094  4.080
 23    36.922 53028.22763166  8.20  87.773759  66.079004  4.080
 23    30.275 53028.22763231 11.04  87.770549  66.075914  4.080
 23    28.608 53028.22763295 11.06  87.767329  66.072824  4.080
 24    56.495 53063.22763595  9.43  87.808391  66.095649  4.568
 24    55.652 53063.22763659  9.17  87.805171  66.092559  4.568
 24    54.643 53063.22763724  8.53  87.801951  66.089469  4.568
 24    54.732 53063.22763788  8.11  87.798741  66.086389  4.568
 24    51.374 53063.22763853  8.27  87.795531  66.083299  4.568
 24    49.880 53063.22763917  8.23  87.792311  66.080209  4.568
 24    37.903 53063.22763982 10.95  87.789101  66.077129  4.568
 24    25.230 53063.22764046 13.62  87.785891  66.074039  4.568
 25    48.501 53098.22765444  8.85  87.779239  66.093300  3.774
 25    46.772 53098.22765508  9.04  87.776029  66.090220  3.774
 25    44.305 53098.22765573  9.04  87.772815  66.087131  3.677
 25    42.549 53098.22765637  8.85  87.769605  66.084041  3.677
 25    39.697 53098.22765702  8.16  87.766395  66.080961  3.677
 25    36.655 53098.22765766  8.35  87.763175  66.077871  3.677
 25    35.024 53098.22765830  8.72  87.759965  66.074781  3.677
 26     5.037 53133.22763445 12.10  87.808810  66.092389  9.431
 26     4.287 53133.22763509 16.49  87.805600  66.089299  9.431
 26     3.498 53133.22763574 17.78  87.802380  66.086219  9.431
 26     4.533 53133.22763638 11.57  87.799170  66.083129  9.431
 26     5.238 53133.22763703  9.88  87.795950  66.080039  9.431
 26     5.672 53133.22763767  6.92  87.792740  66.076959  9.431
 26     5.659 53133.22763832  5.76  87.789530  66.073869  9.431
 28    56.357 53203.22770921 13.37  87.797335  66.094573 17.792
 28    56.834 53203.22770986  6.02  87.794125  66.091483 17.792
 28    56.256 53203.22771050  5.98  87.790905  66.088393 17.792
 28    55.918 53203.22771115  6.88  87.787695  66.085313 17.792
 28    28.341 53203.22771179 10.68  87.784475  66.082223 17.792
 28    23.939 53203.22771244 12.85  87.781265  66.079133 17.792
 28    16.174 53203.22771308 17.88  87.778055  66.076053 17.792
 28    16.488 53203.22771373 25.28  87.774845  66.072963 17.792
 29    57.343 53238.22767809 10.24  87.794343  66.094047 16.539
 29    57.118 53238.22767874  6.61  87.791123  66.090957 16.539
 29    56.948 53238.22767938  5.98  87.787913  66.087867 16.539
 29    56.217 53238.22768003  8.35  87.784703  66.084787 16.539
 29    33.560 53238.22768067  9.84  87.781483  66.081697 16.539
 29    15.932 53238.22768131 13.88  87.778273  66.078607 16.539
 29    16.065 53238.22768196 18.98  87.775063  66.075517 16.539
 29    16.317 53238.22768260 25.76  87.771853  66.072437 16.539
 30    57.386 53273.22763672 16.71  87.820972  66.095781 14.100
 30    56.724 53273.22763736 12.37  87.817752  66.092701 14.100
 30    56.311 53273.22763801 10.48  87.814532  66.089611 14.100
 30    55.077 53273.22763865  9.47  87.811312  66.086531 14.100
 30    54.016 53273.22763930  8.55  87.808102  66.083441 14.100
 30    52.192 53273.22763994  8.73  87.804882  66.080351 14.100
 30    28.120 53273.22764059 11.87  87.801662  66.077271 14.100
 30    26.882 53273.22764123 18.41  87.798452  66.074181 14.100
 31    56.286 53308.22769685 11.76  87.797132  66.094216  7.847
 31    54.901 53308.22769750 13.30  87.793912  66.091126  7.847
 31    35.987 53308.22769814 15.30  87.790692  66.088036  7.847
 31    25.610 53308.22769879 19.50  87.787482  66.084956  7.847
 31    25.573 53308.22769943 18.52  87.784262  66.081866  7.847
 31    25.528 53308.22770008 19.91  87.781052  66.078776  7.847
 31    25.467 53308.22770072 20.86  87.777842  66.075696  7.847
 33    32.318 53378.22760309 10.73  87.822478  66.095659  6.323
 33    29.290 53378.22760438 10.33  87.816038  66.089489  6.323
 33    11.579 53378.22760503 10.79  87.812818  66.086409  6.323
 33    14.065 53378.22760567 11.72  87.809608  66.083319  6.323
 33    28.151 53378.22760632  8.74  87.806388  66.080229  6.323
 33    16.144 53378.22760696 12.29  87.803178  66.077149  6.323
 33    16.482 53378.22760760 14.90  87.799958  66.074059  6.323
 34    56.506 53413.22763905  9.07  87.803535  66.096310  5.101
 34    54.975 53413.22763970  8.40  87.800325  66.093220  5.101
 34    53.306 53413.22764034  7.42  87.797105  66.090130  5.101
 34    45.067 53413.22764099  7.59  87.793895  66.087050  5.101
 34    43.480 53413.22764163  9.35  87.790675  66.083960  5.101
 34    32.200 53413.22764228 11.92  87.787465  66.080870  5.101
 34    30.738 53413.22764292 11.35  87.784255  66.077780  5.101
 34    15.989 53413.22764357 17.32  87.781045  66.074700  5.101
 35    50.629 53448.22762656 11.42  87.819315  66.095872  7.306
 35    34.526 53448.22762720 11.81  87.816095  66.092792  7.306
 35    53.770 53448.22762785  8.04  87.812875  66.089702  7.306
 35    53.063 53448.22762849  7.04  87.809655  66.086612  7.306
 35    43.951 53448.22762914  7.72  87.806445  66.083532  7.306
 35    30.698 53448.22762978  8.82  87.803225  66.080442  7.306
 35    27.278 53448.22763043  9.95  87.800015  66.077352  7.306
 35    25.365 53448.22763107 10.19  87.796795  66.074272  7.306
 37    19.258 53518.22771199 46.28  87.797604  66.095929 22.010
 37    18.632 53518.22771263 48.99  87.794394  66.092839 22.010
 37    19.119 53518.22771328 36.26  87.791174  66.089759 22.010
 37    19.054 53518.22771392 29.90  87.787964  66.086669 22.010
 37    18.802 53518.22771456 26.60  87.784744  66.083579 22.010
 37    18.675 53518.22771521 26.79  87.781534  66.080499 22.010
 37    18.998 53518.22771585 27.65  87.778324  66.077409 22.010
 37    19.490 53518.22771650 27.78  87.775114  66.074319 22.010
 38    58.443 53553.22773459 12.25  87.787329  66.092805 14.391
 38    58.112 53553.22773524 11.70  87.784109  66.089725 14.391
 38    57.138 53553.22773588 11.47  87.780899  66.086635 14.391
 38    56.411 53553.22773653 11.20  87.777679  66.083545 14.391
 38    48.539 53553.22773717 10.44  87.774469  66.080455 14.391
 38    31.541 53553.22773782 10.52  87.771259  66.077375 14.391
 39    55.991 53588.22768414  8.00  87.794225  66.094292 16.479
 39    55.233 53588.22768479  5.60  87.791015  66.091202 16.479
 39    53.611 53588.22768543  5.77  87.787795  66.088122 16.479
 39    52.205 53588.22768608  5.84  87.784585  66.085032 16.479
 39    33.648 53588.22768672 10.11  87.781375  66.081942 16.479
 39    16.094 53588.22768801 18.81  87.774945  66.075772 16.479
 39    16.304 53588.22768866 26.25  87.771735  66.072682 16.479
 40    56.727 53623.22765509 12.84  87.807911  66.094620 19.984
 40    55.930 53623.22765574  9.86  87.804691  66.091540 19.984
 40    54.997 53623.22765638  8.85  87.801481  66.088450 19.984
 40    53.247 53623.22765703  9.27  87.798261  66.085370 19.984
 40    31.719 53623.22765767 12.08  87.795041  66.082280 19.984
 40    15.703 53623.22765832 14.49  87.791831  66.079190 19.984
 40    16.063 53623.22765896 21.08  87.788611  66.076110 19.984
 40    16.205 53623.22765960 27.60  87.785401  66.073020 19.984
 41    56.617 53658.22768279 11.88  87.803073  66.093913 18.119
 41    56.313 53658.22768343  9.70  87.799853  66.090823 18.119
 41    56.079 53658.22768408  8.35  87.796643  66.087733 18.119
 41    56.178 53658.22768472  7.09  87.793423  66.084653 18.119
 41    55.367 53658.22768537  6.84  87.790213  66.081563 18.119
 42    55.289 53693.22766425 14.58  87.790445  66.095202  7.592
 42    54.074 53693.22766490 13.95  87.787235  66.092112  7.592
 42    57.632 53693.22766554 13.19  87.784025  66.089032  7.592
 42    36.248 53693.22766619 13.79  87.780805  66.085942  7.592
 42    34.788 53693.22766683 14.14  87.777595  66.082852  7.592
 42    33.091 53693.22766748 14.60  87.774385  66.079772  7.592
 42    30.458 53693.22766812 16.87  87.771175  66.076682  7.592
 43    48.366 53728.22758817  9.44  87.782207  66.092593  5.041
 43    45.543 53728.22758881  9.47  87.778997  66.089513  5.041
 43    36.331 53728.22758946 10.08  87.775777  66.086423  5.041
 43    34.966 53728.22759010  9.22  87.772567  66.083333  5.041
 43    33.370 53728.22759075  9.20  87.769357  66.080253  5.041
 43    31.233 53728.22759139 10.96  87.766147  66.077163  5.041
 43    29.942 53728.22759204 11.49  87.762937  66.074073  5.041
 44    56.276 53763.22754505  8.77  87.816791  66.095428  4.789
 44    55.198 53763.22754569  8.43  87.813571  66.092348  4.789
 44    54.387 53763.22754634  8.15  87.810351  66.089258  4.789
 44    52.448 53763.22754698  8.41  87.807141  66.086168  4.789
 44    41.997 53763.22754763 10.90  87.803921  66.083088  4.789
 44    27.779 53763.22754827 13.76  87.800711  66.079998  4.789
 44    15.175 53763.22754892 15.70  87.797491  66.076908  4.789
 44    15.697 53763.22754956 17.41  87.794281  66.073828  4.789
 45    48.887 53798.22755563  9.30  87.790247  66.094255  4.276
 45    57.958 53798.22755628  9.14  87.787027  66.091165  4.276
 45    57.499 53798.22755692  9.45  87.783817  66.088085  4.276
 45    41.821 53798.22755756  9.19  87.780607  66.084995  4.276
 45    56.413 53798.22755821  9.03  87.777387  66.081905  4.276
 45    55.747 53798.22755885  8.20  87.774177  66.078815  4.276
 45    31.062 53798.22755950  8.53  87.770967  66.075735  4.276
 45    26.685 53798.22756014 13.86  87.767757  66.072645  4.276
 47    28.573 53868.22761472  8.91  87.803385  66.095557 23.766
 47     8.148 53868.22761536  9.39  87.800175  66.092477 23.766
 47    10.076 53868.22761601  9.69  87.796955  66.089387 23.766
 47     7.662 53868.22761665 12.30  87.793735  66.086307 23.766
 47     9.402 53868.22761730 12.41  87.790525  66.083217 23.766
 47     9.693 53868.22761794 11.68  87.787305  66.080127 23.766
 47     7.691 53868.22761858 11.45  87.784095  66.077037 23.766
 47    10.190 53868.22761923 10.73  87.780885  66.073957 23.766
 48    15.406 53903.22764714 32.84  87.796060  66.093368 19.541
 48    15.561 53903.22764778 33.06  87.792850  66.090288 19.541
 48    15.725 53903.22764842 31.51  87.789630  66.087198 19.541
 48    15.708 53903.22764907 32.42  87.786410  66.084108 19.541
 48    16.927 53903.22764971 32.35  87.783200  66.081018 19.541
 48    17.131 53903.22765036 34.30  87.779990  66.077938 19.541
 48    16.556 53903.22765100 33.72  87.776780  66.074848 19.541
 49    26.266 53938.22768309 22.50  87.789075  66.094880 20.506
 49    26.379 53938.22768373 23.11  87.785865  66.091790 20.506
 49    26.768 53938.22768438 23.60  87.782645  66.088700 20.506
 49    26.955 53938.22768502 21.19  87.779435  66.085620 20.506
 49     5.998 53938.22768631 42.57  87.773005  66.079440 20.506
 49     5.746 53938.22768695 48.93  87.769795  66.076360 20.506
 49     6.066 53938.22768760 48.54  87.766585  66.073270 20.506
 50    58.522 53973.22764608  8.67  87.783451  66.093089 18.957
 50    58.487 53973.22764673  8.44  87.780231  66.089999 18.957
 50    57.849 53973.22764737  8.56  87.777021  66.086919 18.957
 50    57.130 53973.22764801  7.95  87.773811  66.083829 18.957
 50    56.209 53973.22764866  6.93  87.770591  66.080739 18.957
 50    55.160 53973.22764930  6.97  87.767381  66.077659 18.957
 50    26.171 53973.22764995 10.35  87.764171  66.074569 18.957
 52    56.938 54043.22765651 11.23  87.811493  66.095993  5.684
 52    56.247 54043.22765715 10.91  87.808281  66.092905  3.884
 52    55.401 54043.22765780  9.95  87.805061  66.089825  3.884
 52    54.481 54043.22765844  9.82  87.801851  66.086735  3.884
 52    51.309 54043.22765909  9.93  87.798631  66.083645  3.884
 52    41.334 54043.22765973 10.23  87.795421  66.080565  3.884
 52    29.688 54043.22766038 11.43  87.792201  66.077475  3.884
 52    27.599 54043.22766102 12.12  87.788991  66.074385  3.884
 54    38.923 54113.22759006  9.64  87.777017  66.091866  8.164
 54    37.822 54113.22759070  8.86  87.773797  66.088776  8.164
 54    36.483 54113.22759135  9.56  87.770587  66.085686  8.164
 54    34.848 54113.22759199  9.67  87.767377  66.082596  8.164
 54    33.175 54113.22759264  9.95  87.764167  66.079516  8.164
 54    31.381 54113.22759328 10.80  87.760957  66.076426  8.164
 56    59.020 54183.22757880  8.47  87.780443  66.093006  4.066
 56    46.203 54183.22757945  8.05  87.777233  66.089916  4.066
 56    58.542 54183.22758009  7.43  87.774023  66.086826  4.066
 56    57.694 54183.22758074  7.47  87.770813  66.083746  4.066
 56    40.298 54183.22758138  7.28  87.767603  66.080656  4.066
 56    37.174 54183.22758203  7.27  87.764393  66.077566  4.066
 56    29.935 54183.22758267  8.59  87.761183  66.074476  4.066
 57    56.759 54218.22760377  7.30  87.804152  66.095027  8.170
 57    55.402 54218.22760571 10.46  87.794502  66.085767  8.170
 57    55.113 54218.22760635  6.29  87.791282  66.082677  8.170
 57    54.125 54218.22760700  7.42  87.788072  66.079597  8.170
 57    52.871 54218.22760764 10.53  87.784852  66.076507  8.170
 57    16.269 54218.22760829 10.82  87.781642  66.073417  8.170
 58    56.934 54253.22762920 15.22  87.797710  66.094010 17.809
 58    57.082 54253.22762984 12.49  87.794500  66.090920 17.809
 58    17.123 54253.22763306 28.09  87.778430  66.075490 17.809
 58    17.516 54253.22763371 35.09  87.775220  66.072400 17.809
 59    57.052 54288.22763322 11.82  87.797422  66.095036 18.457
 59    57.389 54288.22763386  9.59  87.794212  66.091946 18.457
 59    57.411 54288.22763451  8.92  87.790992  66.088866 18.457
 59    56.348 54288.22763515  9.44  87.787782  66.085776 18.457
 59    55.580 54288.22763580 10.07  87.784562  66.082686 18.457
 59    30.877 54288.22763644 10.21  87.781352  66.079606 18.457
 60    56.867 54323.22763033 14.57  87.799675  66.096003 19.771
 60    56.887 54323.22763097  9.68  87.796465  66.092913 19.771
 60    57.196 54323.22763162  6.79  87.793245  66.089833 19.771
 60    56.780 54323.22763226  6.42  87.790035  66.086743 19.771
 60    56.070 54323.22763291  6.43  87.786815  66.083653 19.771
 60    55.033 54323.22763355  7.22  87.783605  66.080573 19.771
 60    30.084 54323.22763420 13.25  87.780395  66.077483 19.771
 61    59.171 54358.22758816 14.05  87.783001  66.094120  8.889
 61    58.891 54358.22758880 14.36  87.779781  66.091040  8.889
 61    58.849 54358.22758945 14.23  87.776571  66.087950  8.889
 61    58.022 54358.22759009 13.32  87.773361  66.084860  8.889
 61    57.896 54358.22759074 12.47  87.770151  66.081780  8.889
 61    32.424 54358.22759138 12.57  87.766941  66.078690  8.889
 61    54.583 54358.22759203 10.27  87.763731  66.075600  8.889
 62    56.972 54393.22757066 11.42  87.801707  66.095898 15.731
 62    56.464 54393.22757131  7.40  87.798497  66.092808 15.731
 62    56.359 54393.22757195  6.41  87.795277  66.089718 15.731
 62    55.730 54393.22757260  6.90  87.792057  66.086638 15.731
 62    24.511 54393.22757324 13.39  87.788847  66.083548 15.731
 63    38.345 54428.22753819 13.71  87.791739  66.094149  7.402
 63     4.020 54428.22754013 28.93  87.782089  66.084889  7.402
 63     4.131 54428.22754077 27.54  87.778879  66.081799  7.402
 63     4.307 54428.22754142 27.64  87.775669  66.078709  7.402
 63     4.529 54428.22754206 27.05  87.772459  66.075629  7.402
 63     4.293 54428.22754270 29.31  87.769249  66.072539  7.402
 64    55.893 54463.22754905 10.01  87.806304  66.095137  5.002
 64    55.324 54463.22754970  9.55  87.803094  66.092047  5.002
 64    49.270 54463.22755034  9.01  87.799874  66.088957  5.002
 64    47.778 54463.22755099  8.44  87.796654  66.085877  5.002
 64    45.134 54463.22755163  8.77  87.793444  66.082787  5.002
 64    38.023 54463.22755228  9.15  87.790224  66.079697  5.002
 64    29.027 54463.22755292 11.24  87.787014  66.076617  5.002
 64    25.085 54463.22755356 12.84  87.783804  66.073527  5.002
 65    55.696 54498.22754715  7.96  87.793856  66.095311  4.082
 65    54.775 54498.22754780  8.20  87.790646  66.092221  4.082
 65    57.344 54498.22754844  8.10  87.787426  66.089131  4.082
 65    42.906 54498.22754909  7.85  87.784216  66.086051  4.082
 65    41.695 54498.22754973  7.63  87.781006  66.082961  4.082
 65    32.612 54498.22755038  8.52  87.777786  66.079871  4.082
 65    30.595 54498.22755102 11.75  87.774576  66.076791  4.082
 65    23.743 54498.22755167 13.87  87.771372  66.073700  5.753
 66    56.631 54533.22756279  7.90  87.803413  66.095775  6.539
 66    56.665 54533.22756343  7.38  87.800193  66.092685  6.539
 66    55.977 54533.22756408  7.07  87.796973  66.089595  6.539
 66    56.416 54533.22756472  6.63  87.793763  66.086515  6.539
 66    45.606 54533.22756536  7.79  87.790543  66.083425  6.539
 66    44.385 54533.22756601  7.63  87.787333  66.080335  6.539
 66    37.711 54533.22756665  7.41  87.784123  66.077255  6.539
 66    28.010 54533.22756730 11.06  87.780913  66.074165  6.539
 67    54.732 54568.22755172  8.10  87.784874  66.094638  3.218
 67    59.286 54568.22755237  7.83  87.781664  66.091548  3.218
 67    58.326 54568.22755301  7.88  87.778444  66.088458  3.218
 67    57.952 54568.22755366  7.84  87.775234  66.085378  3.218
 67    57.319 54568.22755430  7.76  87.772024  66.082288  3.218
 67    40.515 54568.22755495  7.41  87.768814  66.079198  3.218
 67    44.675 54568.22755559  7.51  87.765604  66.076118  3.218
 67    42.559 54568.22755624  7.29  87.762394  66.073028  3.218
 68    15.132 54603.22755805 32.50  87.799172  66.093649 17.321
 68    15.320 54603.22755870 39.03  87.795962  66.090559 17.321
 68    15.054 54603.22755934 33.04  87.792742  66.087479 17.321
 68    15.490 54603.22755999 33.66  87.789532  66.084389 17.321
 68    15.413 54603.22756063 35.56  87.786312  66.081299 17.321
 68    15.353 54603.22756128 36.09  87.783102  66.078219 17.321
 68    14.959 54603.22756192 28.33  87.779892  66.075129 17.321
 70    57.737 54673.22757226  9.87  87.792718  66.093335 13.904
 70    58.001 54673.22757290  8.25  87.789508  66.090245 13.904
 70    57.458 54673.22757355  8.33  87.786288  66.087165 13.904
 70    57.090 54673.22757419  7.24  87.783078  66.084075 13.904
 70    55.183 54673.22757484  8.33  87.779868  66.080985 13.904
 70    24.713 54673.22757548 13.54  87.776648  66.077905 13.904
 71    58.410 54708.22753113 10.40  87.788051  66.092668 14.324
 71    58.512 54708.22753177  9.71  87.784841  66.089578 14.324
 71    58.069 54708.22753242  8.89  87.781631  66.086488 14.324
 71    57.835 54708.22753306  7.25  87.778411  66.083408 14.324
 71    57.069 54708.22753371  7.30  87.775201  66.080318 14.324
 71    56.300 54708.22753435  6.79  87.771991  66.077228 14.324
 71    53.741 54708.22753500  5.62  87.768781  66.074148 14.324
 72    57.043 54743.22753755 15.99  87.801425  66.094668 17.417
 72    57.374 54743.22753820 11.84  87.798205  66.091578 17.417
 72    57.395 54743.22753884 10.17  87.794985  66.088488 17.417
 72    56.902 54743.22753949  8.94  87.791775  66.085408 17.417
 72    56.384 54743.22754013  8.14  87.788555  66.082318 17.417
 72    55.788 54743.22754078  7.58  87.785345  66.079228 17.417
 72    52.694 54743.22754142 10.78  87.782135  66.076148 17.417
 73    56.248 54778.22751298 10.75  87.794943  66.095164  4.702
 73    54.744 54778.22751363 11.01  87.791733  66.092074  4.702
 73    43.699 54778.22751427 10.80  87.788523  66.088994  4.702
 73    41.969 54778.22751492 10.82  87.785303  66.085904  4.702
 73    33.976 54778.22751556 10.19  87.782093  66.082814  4.702
 73    32.118 54778.22751621 10.70  87.778883  66.079734  4.702
 73    30.379 54778.22751685 11.54  87.775673  66.076644  4.702
 75    51.477 54848.22751265  8.02  87.791267  66.095079  3.929
 75    48.960 54848.22751330  8.27  87.788057  66.091989  3.929
 75    48.205 54848.22751394  7.98  87.784837  66.088899  3.929
 75    42.206 54848.22751459  7.78  87.781627  66.085819  3.929
 75    40.439 54848.22751523  7.80  87.778417  66.082729  3.929
 75    33.179 54848.22751588  7.28  87.775197  66.079639  3.929
 75    31.057 54848.22751652  9.03  87.771987  66.076559  3.929
 75    28.786 54848.22751717 10.81  87.768777  66.073469  3.929
 76    48.431 54883.22753474  7.98  87.799786  66.093478  2.825
 76    47.949 54883.22753538  8.26  87.796576  66.090388  2.825
 76    44.745 54883.22753603  8.59  87.793356  66.087308  2.825
 76    42.071 54883.22753667  8.19  87.790146  66.084218  2.825
 76    38.451 54883.22753732  8.47  87.786926  66.081128  2.825
 76    30.040 54883.22753796  8.97  87.783716  66.078048  2.825
 76    27.932 54883.22753861 10.50  87.780506  66.074958  2.825
 77    39.187 54918.22751579  9.95  87.780162  66.093817  3.185
 77    38.315 54918.22751643  9.81  87.776952  66.090727  3.185
 77    37.430 54918.22751707  9.25  87.773742  66.087647  3.185
 77    57.980 54918.22751772  9.26  87.770522  66.084557  3.185
 77    34.268 54918.22751836  9.11  87.767312  66.081467  3.185
 77    32.662 54918.22751901  9.52  87.764102  66.078387  3.185
 77    30.547 54918.22751965  9.17  87.760892  66.075297  3.185
 77    28.299 54918.22752030  9.71  87.757682  66.072207  3.185
 78    56.090 54953.22752856  6.93  87.800515  66.094522  4.351
 78    54.752 54953.22752920  6.39  87.797295  66.091432  4.351
 78    55.744 54953.22752985  6.21  87.794075  66.088352  4.351
 78    43.624 54953.22753049  6.64  87.790865  66.085262  4.351
 78    55.062 54953.22753114  6.35  87.787645  66.082172  4.351
 78    54.112 54953.22753178  6.66  87.784435  66.079092  4.351
 78    29.525 54953.22753243  7.34  87.781225  66.076002  4.351
 78    15.630 54953.22753307 16.77  87.778015  66.072912  4.351
 79    18.377 54988.22755279 45.15  87.797844  66.095082 25.262
 79    18.611 54988.22755344 49.35  87.794624  66.091992 25.262
 79    18.423 54988.22755408 48.41  87.791404  66.088902 25.262
 79    19.012 54988.22755473 47.81  87.788194  66.085822 25.262
 79    18.893 54988.22755537 46.44  87.784974  66.082732 25.262
 79    18.902 54988.22755602 44.46  87.781764  66.079642 25.262
 79    18.983 54988.22755666 48.70  87.778554  66.076562 25.262
 79    18.872 54988.22755731 48.76  87.775344  66.073472 25.262
 80    28.278 55023.22754489 20.03  87.796221  66.095770 12.475
 80    27.964 55023.22754553 19.11  87.793001  66.092680 12.475
 80     7.012 55023.22754811 42.73  87.780151  66.080330 12.475
 80     6.693 55023.22754876 43.03  87.776941  66.077250 12.475
 80     6.653 55023.22754940 39.09  87.773721  66.074160 12.475
 81    56.456 55058.22754034 10.19  87.795623  66.094999 13.902
 81    57.158 55058.22754098  7.26  87.792403  66.091909 13.902
 81    57.162 55058.22754163  5.26  87.789193  66.088819 13.902
 81    56.432 55058.22754227  7.18  87.785973  66.085739 13.902
 81    50.210 55058.22754292  9.74  87.782763  66.082649 13.902
 81    16.297 55058.22754485 20.42  87.773133  66.073389 13.902
 82    58.700 55093.22749607 10.01  87.781918  66.092681 15.569
 82    58.486 55093.22749671  8.32  87.778698  66.089591 15.569
 82    57.719 55093.22749736  7.46  87.775488  66.086511 15.569
 82    57.114 55093.22749800  6.85  87.772278  66.083421 15.569
 82    56.372 55093.22749865  6.04  87.769068  66.080331 15.569
 82    55.105 55093.22749929  6.02  87.765858  66.077241 15.569
 82    29.412 55093.22749994 12.15  87.762648  66.074161 15.569
 83    55.759 55128.22748136 14.55  87.798447  66.093368  8.809
 83    54.603 55128.22748201 13.21  87.795227  66.090278  8.809
 83    52.982 55128.22748265 13.97  87.792017  66.087198  8.809
 83    33.443 55128.22748329 16.68  87.788797  66.084108  8.809
 83    31.265 55128.22748394 18.07  87.785587  66.081018  8.809
 83    23.558 55128.22748458 20.16  87.782377  66.077938  8.809
 84    47.604 55163.22745723 13.46  87.791751  66.093706  4.127
 84    44.474 55163.22745787 13.92  87.788541  66.090616  4.127
 84    43.131 55163.22745852 13.77  87.785321  66.087526  4.127
 84    40.961 55163.22745916 13.94  87.782111  66.084446  4.127
 84    32.369 55163.22745981 14.14  87.778901  66.081356  4.127
 84    29.685 55163.22746045 16.09  87.775681  66.078266  4.127
 84    27.700 55163.22746110 15.61  87.772471  66.075186  4.127
 85    55.891 55198.22747220  8.38  87.803248  66.094302  3.825
 85    54.149 55198.22747284  7.78  87.800028  66.091212  3.825
 85    53.343 55198.22747349  7.18  87.796818  66.088122  3.825
 85    51.148 55198.22747413  7.03  87.793598  66.085042  3.825
 85    49.134 55198.22747477  6.72  87.790388  66.081952  3.825
 85    42.482 55198.22747542  8.04  87.787168  66.078862  3.825
 85    34.823 55198.22747606 10.35  87.783958  66.075782  3.825
 85    16.091 55198.22747671 13.42  87.780748  66.072692  3.825
 86    54.073 55233.22746181  7.27  87.785880  66.093954  3.555
 86    52.200 55233.22746246  7.44  87.782660  66.090864  3.555
 86    51.329 55233.22746310  6.79  87.779450  66.087784  3.555
 86    48.559 55233.22746375  6.97  87.776240  66.084694  3.555
 86    42.440 55233.22746439  6.36  87.773020  66.081604  3.555
 86    45.362 55233.22746504  6.58  87.769810  66.078524  3.555
 86    36.346 55233.22746568  8.56  87.766600  66.075434  3.555
 87    54.208 55268.22746728  7.60  87.798647  66.093591  3.493
 87    53.139 55268.22746793  6.55  87.795427  66.090501  3.493
 87    51.676 55268.22746857  6.14  87.792217  66.087421  3.493
 87    49.622 55268.22746922  6.24  87.788997  66.084331  3.493
 87    43.664 55268.22746986  5.98  87.785787  66.081241  3.493
 87    40.631 55268.22747051  5.98  87.782577  66.078161  3.493
 87    27.123 55268.22747115  9.77  87.779367  66.075071  3.493
 88    52.607 55303.22744168  7.44  87.783089  66.092212  3.289
 88    50.637 55303.22744232  7.79  87.779869  66.089122  3.289
 88    44.787 55303.22744297  7.67  87.776659  66.086042  3.289
 88    47.689 55303.22744361  7.46  87.773449  66.082952  3.289
 88    40.557 55303.22744426  7.42  87.770239  66.079862  3.289
 88    36.695 55303.22744490  8.06  87.767029  66.076782  3.289
 88    27.602 55303.22744555  9.58  87.763819  66.073692  3.289
 89    57.465 55338.22744052  8.62  87.795779  66.094021  7.660
 89    57.160 55338.22744116  8.83  87.792559  66.090931  7.660
 89    57.046 55338.22744181  8.29  87.789349  66.087841  7.660
 89    56.430 55338.22744245  8.34  87.786129  66.084761  7.660
 89    55.549 55338.22744310  8.45  87.782919  66.081671  7.660
 89    25.597 55338.22744374 14.06  87.779709  66.078581  7.660
 90    57.750 55373.22743159 13.65  87.793741  66.093048 17.029
 90    58.032 55373.22743224 10.78  87.790531  66.089968 17.029
 90    58.096 55373.22743288  9.11  87.787311  66.086878 17.029
 90    57.384 55373.22743353 10.04  87.784101  66.083788 17.029
 90    44.327 55373.22743417 13.43  87.780891  66.080708 17.029
 91    85.723 55408.22745149 14.21  87.803944  66.095288 19.813
 91    85.247 55408.22745213 11.66  87.800724  66.092198 19.813
 91    17.506 55408.22745600  9.88  87.781444  66.073678 19.813
 92    57.487 55443.22744940 15.49  87.794373  66.094100 12.611
 92    55.327 55443.22745005 15.64  87.791163  66.091010 12.611
 92    57.099 55443.22745069 14.88  87.787943  66.087920 12.611
 92    56.742 55443.22745134 14.18  87.784733  66.084840 12.611
 92    33.839 55443.22745198 16.21  87.781523  66.081750 12.611
 92    32.329 55443.22745263 16.03  87.778313  66.078660 12.611
 92    30.690 55443.22745327 16.31  87.775093  66.075580 12.611
 92    28.745 55443.22745392 20.98  87.771883  66.072490 12.611
 93    59.182 55478.22738923  9.21  87.780712  66.092477 10.439
 93    59.091 55478.22738987  9.27  87.777502  66.089387 10.439
 93    58.773 55478.22739051 10.63  87.774292  66.086307 10.439
 93    57.972 55478.22739116 10.63  87.771082  66.083217 10.439
 93    56.037 55478.22739180 12.14  87.767872  66.080127 10.439
 93    31.806 55478.22739245 14.03  87.764662  66.077037 10.439
 93    30.347 55478.22739309 13.21  87.761452  66.073957 10.439
