# NaN NaN NaN ;Mean Elev.(m), Avg Gradient(m/km), RMS Gradient(m/km) - SRTM1     
#    6.082  -2.492   7.318 ;Mean Elev.(m), Avg Gradient(m/km), RMS Gradient(m/km) - ASTER GDEM
#    1.505  -3.471   9.419 ;Mean Elev.(m), Avg Gradient(m/km), RMS Gradient(m/km) - GMTED2010 
  8    47.392 52485.61484047  1.82  84.836167  69.712934 10.142
  8    45.433 52485.61484112  0.99  84.831857  69.715924 10.142
  8     6.793 52485.61484434 11.97  84.810307  69.730914 10.142
  8     7.322 52485.61484498 17.05  84.805997  69.733904 10.142
  8     8.118 52485.61484563 23.84  84.801687  69.736904 10.142
  8     8.330 52485.61484627 30.40  84.797367  69.739904 10.142
  8     7.137 52485.61484950 20.84  84.775777  69.754884 10.142
  8     1.118 52485.61485014 21.23  84.771447  69.757874 10.142
  8     1.159 52485.61485079 20.28  84.767127  69.760874 10.142
  8     1.296 52485.61485143 19.11  84.762807  69.763874 10.142
  9     5.313 52520.61480639 13.99  84.839797  69.715211 15.713
  9     6.128 52520.61480704 11.71  84.835487  69.718211 15.713
  9     4.868 52520.61480768 11.78  84.831187  69.721211 15.713
  9     4.573 52520.61480833 11.85  84.826877  69.724211 15.713
  9     5.805 52520.61480897 12.00  84.822567  69.727201 15.713
  9     7.232 52520.61480962 12.34  84.818257  69.730201 15.713
  9     8.969 52520.61481026 12.44  84.813947  69.733201 15.713
  9     9.839 52520.61481091 13.55  84.809627  69.736191 15.713
  9     7.004 52520.61481542 17.16  84.779404  69.757161  9.187
  9     6.262 52520.61481606 16.76  84.775084  69.760161  9.187
  9     4.102 52520.61481671 15.37  84.770764  69.763161  9.187
  9     2.734 52520.61481735 13.94  84.766434  69.766151  9.187
 10     0.864 52555.61485701 30.95  84.820084  69.709087  5.224
 10     0.801 52555.61485765 27.18  84.815784  69.712077  5.224
 10     0.413 52555.61485830 25.47  84.811474  69.715077  5.224
 10    -0.164 52555.61485894 25.27  84.807164  69.718077  5.224
 10    -0.817 52555.61485959 25.06  84.802854  69.721067  5.224
 10    -0.353 52555.61486023 23.88  84.798544  69.724067  5.224
 10    -0.675 52555.61486088 23.64  84.794224  69.727067  5.224
 10    -0.540 52555.61486152 24.07  84.789914  69.730057  5.224
 10     0.270 52555.61486217 23.56  84.785594  69.733057  5.224
 10     0.873 52555.61486281 23.67  84.781284  69.736057  5.224
 10     6.303 52555.61486539 21.00  84.764004  69.748037  5.224
 10     5.761 52555.61486604 20.00  84.759684  69.751027  5.224
 10    -0.137 52555.61486668 19.45  84.755354  69.754027  5.224
 10     3.893 52555.61486732 18.84  84.751032  69.757023  2.820
 11    48.155 52590.61484625  5.38  84.835067  69.710561  3.583
 11    45.895 52590.61484689  4.66  84.830767  69.713561  3.583
 11    43.856 52590.61484754  4.94  84.826457  69.716561  3.583
 11    47.653 52590.61484818  3.34  84.822149  69.719548  1.993
 11    51.518 52590.61484883  2.96  84.817839  69.722548  1.993
 11    53.188 52590.61484947  2.60  84.813529  69.725548  1.993
 11    56.093 52590.61485012  2.34  84.809219  69.728548  1.993
 11    58.043 52590.61485076  2.22  84.804909  69.731538  1.993
 11    60.290 52590.61485141  2.51  84.800599  69.734538  1.993
 11    63.981 52590.61485205  2.15  84.796279  69.737528  1.993
 11    66.582 52590.61485270  1.20  84.791969  69.740528  1.993
 11    73.899 52590.61485527  1.97  84.774689  69.752508  1.993
 11    75.132 52590.61485592  3.06  84.770369  69.755508  1.993
 11    75.521 52590.61485656  3.86  84.766049  69.758498  1.993
 11    76.183 52590.61485721  3.90  84.761719  69.761498  1.993
 12    48.107 52625.61477388  0.72  84.848990  69.714273  2.769
 12    46.389 52625.61477453  0.62  84.844682  69.717268  1.808
 12    44.190 52625.61477517  0.37  84.840372  69.720268  1.808
 12    75.873 52625.61478420  0.70  84.779962  69.762218  1.808
 12    76.207 52625.61478484  1.32  84.775642  69.765208  1.808
 12    73.332 52625.61478549  1.52  84.771312  69.768208  1.808
 15    54.888 52730.61482531  1.78  84.807307  69.734056  3.780
 15     2.949 52730.61482982  6.82  84.777077  69.755026  3.780
 15     2.475 52730.61483046  7.16  84.772757  69.758016  3.780
 15     3.444 52730.61483111  6.20  84.768437  69.761016  3.780
 15     3.778 52730.61483175  5.80  84.764108  69.764014  3.385
 16    53.072 52765.61483101  4.06  84.841804  69.713976  2.016
 16    59.968 52765.61483165  3.40  84.837494  69.716976  2.016
 16    60.531 52765.61483230  2.94  84.833194  69.719976  2.016
 16    63.929 52765.61483294  3.38  84.828884  69.722976  2.016
 16    67.181 52765.61483358  3.31  84.824574  69.725966  2.016
 16    69.160 52765.61483423  3.02  84.820264  69.728966  2.016
 16    71.323 52765.61483487  3.16  84.815954  69.731966  2.016
 16    81.515 52765.61483552  3.21  84.811644  69.734956  2.016
 16    81.149 52765.61483616  3.85  84.807334  69.737956  2.016
 16    85.441 52765.61483681  4.39  84.803014  69.740956  2.016
 16    84.821 52765.61484003  6.01  84.781429  69.755932  2.483
 16    80.201 52765.61484068  6.27  84.777109  69.758932  2.483
 16    84.257 52765.61484132  6.75  84.772789  69.761922  2.483
 16    83.621 52765.61484197  7.95  84.768469  69.764922  2.483
 17     7.951 52800.61482454 25.90  84.821145  69.708453 13.801
 17     7.642 52800.61482519 25.74  84.816838  69.711455 15.366
 17     7.018 52800.61482583 24.50  84.812528  69.714445 15.366
 17     6.344 52800.61482648 25.46  84.808218  69.717445 15.366
 17     5.465 52800.61482712 25.54  84.803898  69.720445 15.366
 17     5.374 52800.61482776 26.37  84.799588  69.723435 15.366
 17     5.618 52800.61482841 27.47  84.795278  69.726435 15.366
 17     6.071 52800.61482905 28.01  84.790958  69.729425 15.366
 17     7.055 52800.61482970 29.30  84.786648  69.732425 15.366
 17     7.631 52800.61483292 50.58  84.765048  69.747405 15.366
 17     7.667 52800.61483357 50.91  84.760718  69.750395 15.366
 17     7.627 52800.61483421 50.28  84.756398  69.753395 15.366
 17     7.852 52800.61483486 48.61  84.752068  69.756385 15.366
 17     7.709 52800.61483550 49.35  84.747748  69.759385 15.366
 18     1.416 52835.61489208 35.93  84.825335  69.709705 17.969
 18     1.233 52835.61489273 41.66  84.821025  69.712705 17.969
 18     0.930 52835.61489337 45.59  84.816715  69.715695 17.969
 18     1.097 52835.61489402 44.73  84.812399  69.718695 12.211
 18     0.960 52835.61489466 44.57  84.808089  69.721695 12.211
 18     1.012 52835.61489530 43.79  84.803779  69.724685 12.211
 18     1.006 52835.61489595 44.35  84.799469  69.727685 12.211
 18     1.087 52835.61489659 44.79  84.795149  69.730675 12.211
 18     0.884 52835.61489724 44.82  84.790839  69.733675 12.211
 18     1.003 52835.61489788 45.95  84.786519  69.736675 12.211
 18     0.608 52835.61490046 42.17  84.769239  69.748655 12.211
 18     0.292 52835.61490111 27.26  84.764909  69.751645 12.211
 18     0.653 52835.61490175 26.15  84.760589  69.754645 12.211
 18     0.619 52835.61490240 30.15  84.756269  69.757635 12.211
 18     0.810 52835.61490304 39.56  84.751939  69.760635 12.211
 19     0.163 52870.61493388 33.55  84.829002  69.713808 19.156
 19     0.002 52870.61493452 31.98  84.824692  69.716808 19.156
 19    -0.463 52870.61493517 28.94  84.820382  69.719798 19.156
 19    -0.620 52870.61493581 28.02  84.816072  69.722800  7.634
 19    -0.206 52870.61493646 27.37  84.811762  69.725790  7.634
 19    -0.037 52870.61493710 27.02  84.807442  69.728790  7.634
 19    -0.044 52870.61493775 27.14  84.803132  69.731790  7.634
 19     0.071 52870.61493839 27.36  84.798812  69.734780  7.634
 19     8.058 52870.61493903 27.69  84.794502  69.737780  7.634
 19     0.460 52870.61494226 30.01  84.772902  69.752760  7.634
 19     0.332 52870.61494290 30.18  84.768582  69.755750  7.634
 19     0.364 52870.61494355 30.63  84.764252  69.758750  7.634
 19     0.473 52870.61494419 28.93  84.759922  69.761740  7.634
 20     5.948 52905.61493332 21.19  84.837882  69.712386 19.507
 20     4.934 52905.61493397 18.74  84.833572  69.715376 19.507
 20     4.432 52905.61493461 16.68  84.829262  69.718376 19.507
 20     3.658 52905.61493526 15.05  84.824952  69.721376 19.507
 20     4.017 52905.61493590 13.68  84.820652  69.724366 19.507
 20     5.289 52905.61493654 14.53  84.816332  69.727366 19.507
 20     6.874 52905.61493719 13.70  84.812022  69.730366 19.507
 20     9.943 52905.61493848 17.23  84.803402  69.736356 19.507
 20     9.755 52905.61493912 26.39  84.799082  69.739356 19.507
 20     8.693 52905.61494235 21.04  84.777491  69.754335 12.656
 20     7.851 52905.61494299 16.66  84.773161  69.757335 12.656
 20     6.158 52905.61494364 17.99  84.768841  69.760325 12.656
 20     2.116 52905.61494428 17.10  84.764521  69.763325 12.656
 21     1.414 52940.61486510 29.71  84.818186  69.708770 11.894
 21     1.039 52940.61486574 33.83  84.813876  69.711770 11.894
 21     1.163 52940.61486639 33.01  84.809566  69.714770 11.894
 21     1.018 52940.61486703 35.01  84.805256  69.717760 11.894
 21     1.257 52940.61486768 34.87  84.800936  69.720760 11.894
 23    47.208 53010.61491563  1.88  84.834532  69.710041  2.872
 23    45.314 53010.61491627  1.75  84.830222  69.713041  2.872
 23    43.589 53010.61491692  1.61  84.825912  69.716031  2.872
 23    43.788 53010.61491756  0.94  84.821612  69.719031  2.872
 23    77.156 53010.61492723  0.16  84.756857  69.763970  1.966
 24    45.229 53045.61487888  0.21  84.820570  69.709420  2.630
 24    43.648 53045.61487952  0.27  84.816270  69.712420  2.630
 24    44.054 53045.61488017  0.55  84.811960  69.715420  2.630
 26     4.978 53115.61488503  3.65  84.807673  69.715886  3.702
 26     3.112 53115.61488568  5.44  84.803363  69.718886  3.702
 26    -2.057 53115.61488890 10.26  84.781802  69.733868  2.337
 26    -2.132 53115.61488955  9.90  84.777482  69.736858  2.337
 26    -1.285 53115.61489148  7.92  84.764522  69.745848  2.337
 26    -0.767 53115.61489212  7.51  84.760202  69.748848  2.337
 26    -0.819 53115.61489277  6.88  84.755872  69.751838  2.337
 26    -0.406 53115.61489341  5.99  84.751552  69.754838  2.337
 26    -0.624 53115.61489406  5.82  84.747222  69.757828  2.337
 27    64.640 53150.61493602  0.68  84.792023  69.734625  1.664
 27    80.987 53150.61493925  0.93  84.770433  69.749605  1.664
 27    81.713 53150.61493989  1.27  84.766103  69.752605  1.664
 27    78.722 53150.61494054  1.92  84.761783  69.755595  1.664
 27    83.060 53150.61494118  2.09  84.757463  69.758595  1.664
 27    82.400 53150.61494183  2.59  84.753133  69.761585  1.664
 28     2.734 53185.61492015 27.30  84.835198  69.712911 11.534
 28     2.771 53185.61492080 29.90  84.830888  69.715911 11.534
 28     2.830 53185.61492144 32.52  84.826588  69.718911 11.534
 28     2.834 53185.61492208 34.66  84.822278  69.721901 11.534
 28     2.824 53185.61492273 35.73  84.817958  69.724901 11.534
 28     2.858 53185.61492337 35.15  84.813648  69.727901 11.534
 28     2.689 53185.61492402 34.78  84.809338  69.730901 11.534
 28     2.521 53185.61492466 34.55  84.805018  69.733891 11.534
 28     2.581 53185.61492531 34.79  84.800708  69.736891 11.534
 28     8.494 53185.61492595 35.39  84.796388  69.739881 11.534
 28     8.237 53185.61492853 32.12  84.779110  69.751868  8.668
 28     2.094 53185.61492918 34.13  84.774790  69.754868  8.668
 28     2.207 53185.61492982 38.01  84.770460  69.757858  8.668
 28     2.249 53185.61493047 39.95  84.766140  69.760858  8.668
 28     2.391 53185.61493111 44.48  84.761810  69.763848  8.668
 29     5.999 53220.61494588 20.24  84.837675  69.712425 22.865
 29     1.691 53220.61494653 19.74  84.833375  69.715425 22.865
 29     1.349 53220.61494717 20.47  84.829065  69.718415 22.865
 29     1.116 53220.61494782 20.98  84.824755  69.721415 22.865
 29     0.399 53220.61494846 22.37  84.820445  69.724415 22.865
 29     0.762 53220.61494910 22.65  84.816135  69.727415 22.865
 29     0.367 53220.61494975 24.04  84.811825  69.730405 22.865
 29     0.802 53220.61495039 25.10  84.807515  69.733405 22.865
 29     0.946 53220.61495104 24.96  84.803195  69.736405 22.865
 29     9.195 53220.61495168 26.36  84.798885  69.739395 22.865
 29     1.706 53220.61495491 33.56  84.777292  69.754378 11.301
 29     0.529 53220.61495555 30.76  84.772962  69.757378 11.301
 29     0.573 53220.61495620 33.10  84.768642  69.760368 11.301
 29     0.816 53220.61495684 35.03  84.764312  69.763368 11.301
 30    21.428 53255.61492296 15.70  84.840061  69.714877 21.703
 30    45.734 53255.61492360  2.09  84.835761  69.717877 21.703
 30    43.380 53255.61492425  1.30  84.831451  69.720877 21.703
 30    45.368 53255.61492554  1.95  84.822831  69.726867 21.703
 30     0.464 53255.61493198 26.22  84.779683  69.756834 16.488
 30     2.474 53255.61493263 20.90  84.775363  69.759824 16.488
 30     2.200 53255.61493327 18.24  84.771043  69.762824 16.488
 30     1.253 53255.61493392 17.14  84.766713  69.765824 16.488
 32    47.711 53325.61490842  0.50  84.838465  69.712584  3.020
 32    45.732 53325.61490907  0.16  84.834155  69.715574  3.020
 32    43.976 53325.61490971  1.00  84.829845  69.718574  3.020
 32    76.637 53325.61491938  0.47  84.765096  69.763516  1.937
 33    -1.965 53360.61487649  9.75  84.785200  69.756032  4.061
 33    -1.479 53360.61487714  9.22  84.780880  69.759032  4.061
 33    -1.382 53360.61487778  8.65  84.776560  69.762022  4.061
 33    -1.597 53360.61487843  8.21  84.772230  69.765022  4.061
 33    -1.546 53360.61487907  7.60  84.767910  69.768022  4.061
 34    41.447 53395.61488721  1.22  84.816373  69.713470  3.133
 34    -0.788 53395.61488915 13.56  84.803441  69.722458  2.995
 34    -0.847 53395.61488979 13.58  84.799131  69.725458  2.995
 34    -0.705 53395.61489044 13.14  84.794811  69.728448  2.995
 34    -0.759 53395.61489108 12.46  84.790501  69.731448  2.995
 34    -0.921 53395.61489172 12.20  84.786181  69.734438  2.995
 34    -0.855 53395.61489237 11.45  84.781861  69.737438  2.995
 34    -0.464 53395.61489495  9.20  84.764581  69.749418  2.995
 34    -0.050 53395.61489559  8.80  84.760261  69.752418  2.995
 34     0.199 53395.61489624  8.33  84.755931  69.755408  2.995
 34     0.615 53395.61489688  7.78  84.751611  69.758408  2.995
 35    35.281 53430.61488139  3.73  84.829158  69.724744  2.611
 35     0.147 53430.61488848  9.15  84.781693  69.757701  3.718
 35     0.565 53430.61488912  8.83  84.777373  69.760691  3.718
 35     0.813 53430.61488977  8.30  84.773043  69.763691  3.718
 35     1.187 53430.61489041  7.87  84.768723  69.766691  3.718
 36    -0.040 53465.61490790  8.44  84.820175  69.710106  2.661
 36    -1.086 53465.61490854 10.62  84.815865  69.713096  2.661
 36    -0.782 53465.61490919 10.49  84.811565  69.716096  2.661
 36    -1.010 53465.61490983 10.95  84.807250  69.719094  2.321
 36    -0.464 53465.61491048 10.14  84.802940  69.722094  2.321
 36    -0.410 53465.61491112 10.20  84.798630  69.725084  2.321
 36    -0.739 53465.61491177 10.12  84.794310  69.728084  2.321
 36    -0.732 53465.61491241 10.57  84.789990  69.731074  2.321
 36    -0.986 53465.61491306 10.44  84.785680  69.734074  2.321
 36    -0.994 53465.61491370 10.20  84.781360  69.737064  2.321
 36    -0.439 53465.61491628  7.78  84.764080  69.749054  2.321
 36     0.771 53465.61491693  7.16  84.759760  69.752044  2.321
 36    -0.263 53465.61491757  6.99  84.755430  69.755044  2.321
 36     0.233 53465.61491822  6.57  84.751100  69.758034  2.321
 38     6.203 53535.61495632 21.33  84.837514  69.712591 13.515
 38     6.199 53535.61495697 16.41  84.833204  69.715591 13.515
 38     5.502 53535.61495761 13.88  84.828904  69.718591 13.515
 38     5.027 53535.61495826 14.57  84.824590  69.721580 13.673
 38     5.304 53535.61495890 14.55  84.820280  69.724580 13.673
 38     5.761 53535.61495955 13.78  84.815970  69.727580 13.673
 38     8.079 53535.61496019 13.58  84.811660  69.730570 13.673
 38     8.557 53535.61496535 22.80  84.777120  69.754540 13.673
 38     7.253 53535.61496599 18.65  84.772800  69.757540 13.673
 38     7.225 53535.61496664 16.56  84.768470  69.760540 13.673
 38     6.338 53535.61496728 14.91  84.764150  69.763530 13.673
 39     5.984 53570.61496632 16.16  84.830145  69.712829 17.747
 39     5.564 53570.61496697 12.48  84.825835  69.715819 17.747
 39     4.850 53570.61496761 11.28  84.821525  69.718819 17.747
 39     3.846 53570.61496826  9.67  84.817215  69.721819 17.747
 39     4.831 53570.61496890 12.40  84.812905  69.724809 17.747
 39     5.888 53570.61496955 12.45  84.808594  69.727812 13.788
 39     6.720 53570.61497019 16.12  84.804284  69.730802 13.788
 39     7.516 53570.61497083 19.00  84.799974  69.733802 13.788
 39     8.190 53570.61497148 23.07  84.795654  69.736802 13.788
 39     8.488 53570.61497212 30.88  84.791344  69.739792 13.788
 39     7.569 53570.61497470 24.27  84.774064  69.751782 13.788
 39     6.622 53570.61497535 15.66  84.769744  69.754772 13.788
 39     5.728 53570.61497599 16.78  84.765424  69.757772 13.788
 39     3.512 53570.61497664 14.10  84.761104  69.760762 13.788
 39     3.261 53570.61497728 12.42  84.756774  69.763762 13.788
 40    47.489 53605.61491421  0.76  84.844558  69.716746 12.820
 40    43.343 53605.61491550  0.02  84.835948  69.722736 12.820
 40    47.552 53605.61491679  0.43  84.827325  69.728726 16.695
 40     6.203 53605.61492323 19.57  84.784175  69.758696 16.695
 40     4.669 53605.61492388 17.30  84.779855  69.761686 16.695
 40     0.054 53605.61492452 16.53  84.775525  69.764686 16.695
 40     2.022 53605.61492517 14.61  84.771205  69.767686 16.695
 41     1.308 53640.61491328 25.45  84.818197  69.709454 14.434
 41     0.754 53640.61491392 23.97  84.813887  69.712454 14.434
 41    -0.080 53640.61491457 23.09  84.809577  69.715454 14.434
 41    -0.263 53640.61491521 19.89  84.805267  69.718444 14.434
 41    -1.033 53640.61491585 20.09  84.800957  69.721444 14.434
 41     6.861 53640.61492166 24.57  84.762101  69.748410  8.765
 41     0.057 53640.61492230 24.92  84.757771  69.751400  8.765
 41    -0.291 53640.61492295 21.76  84.753451  69.754400  8.765
 41     3.654 53640.61492359 18.55  84.749121  69.757390  8.765
 42    46.119 53675.61493291 10.66  84.827262  69.710986  4.800
 42    44.053 53675.61493355 10.23  84.822952  69.713976  4.800
 42    41.163 53675.61493419 10.35  84.818642  69.716976  4.800
 42    39.156 53675.61493484  9.09  84.814332  69.719976  4.800
 42     1.050 53675.61494129 31.96  84.771179  69.749937  9.996
 42     1.105 53675.61494193 31.73  84.766859  69.752927  9.996
 42     1.158 53675.61494258 31.26  84.762539  69.755927  9.996
 42     1.506 53675.61494322 29.95  84.758209  69.758917  9.996
 42     0.597 53675.61494386 32.05  84.753889  69.761917  9.996
 43    47.736 53710.61486309  2.67  84.847111  69.715684  3.739
 43    45.727 53710.61486373  1.83  84.842801  69.718674  3.739
 43    42.852 53710.61486438  3.30  84.838501  69.721674  3.739
 43    45.214 53710.61486502  2.36  84.834191  69.724674  3.739
 43    47.198 53710.61486567  1.34  84.829881  69.727664  3.739
 43    51.220 53710.61486631  1.14  84.825574  69.730670  1.797
 43    53.610 53710.61486696  0.60  84.821254  69.733660  1.797
 43    55.937 53710.61486760  1.38  84.816944  69.736660  1.797
 43    59.393 53710.61486824  0.45  84.812634  69.739660  1.797
 43    66.194 53710.61486889  0.24  84.808314  69.742650  1.797
 43    74.239 53710.61487211  1.51  84.786724  69.757630  1.797
 43    75.071 53710.61487276  1.91  84.782404  69.760630  1.797
 43    76.127 53710.61487340  2.34  84.778084  69.763620  1.797
 43    76.957 53710.61487405  2.49  84.773754  69.766620  1.797
 44    45.736 53745.61477223  0.47  84.818329  69.708030  2.578
 44    46.757 53745.61477288  0.45  84.814019  69.711030  2.578
 44    82.590 53745.61478255  0.12  84.749251  69.755962  1.672
 46    74.008 53815.61478430  0.32  84.780779  69.766744  1.587
 46    76.698 53815.61478495  0.95  84.776459  69.769744  1.587
 48    26.286 53885.61484956 18.64  84.835853  69.712898  5.286
 48    25.483 53885.61485020 14.87  84.831543  69.715888  5.286
 48     2.084 53885.61485278 18.67  84.814298  69.727879 11.202
 48     3.495 53885.61485342 17.46  84.809988  69.730869 11.202
 48     3.720 53885.61485407 22.50  84.805678  69.733869 11.202
 48     4.062 53885.61485471 20.78  84.801358  69.736869 11.202
 48     4.040 53885.61485536 36.90  84.797038  69.739859 11.202
 49     5.996 53920.61491815 17.98  84.825459  69.709788 15.702
 49     5.484 53920.61491879 13.12  84.821149  69.712788 15.702
 49     4.737 53920.61491943 12.97  84.816849  69.715788 15.702
 49     3.775 53920.61492008 13.12  84.812539  69.718778 15.702
 49     4.236 53920.61492072 12.37  84.808229  69.721778 15.702
 49     5.168 53920.61492137 12.66  84.803919  69.724778 15.702
 49     6.953 53920.61492201 12.45  84.799609  69.727768 15.702
 49     8.014 53920.61492266 13.50  84.795289  69.730768 15.702
 49     8.302 53920.61492653 24.92  84.769383  69.748747  8.640
 49     7.004 53920.61492717 18.83  84.765063  69.751737  8.640
 49     6.557 53920.61492782 13.78  84.760743  69.754737  8.640
 49     5.978 53920.61492846 13.27  84.756423  69.757737  8.640
 49     5.036 53920.61492911 12.46  84.752093  69.760727  8.640
 50     6.131 53955.61491651 15.24  84.827252  69.711831 12.261
 50     3.145 53955.61491716 16.27  84.822952  69.714821 12.261
 50     1.895 53955.61491780 16.81  84.818642  69.717821 12.261
 50     1.661 53955.61491845 14.65  84.814332  69.720821 12.261
 50     3.548 53955.61491909 13.32  84.810022  69.723811 12.261
 50     5.880 53955.61491974 12.77  84.805712  69.726811 12.261
 50     7.558 53955.61492038 13.52  84.801402  69.729811 12.261
 50     6.834 53955.61492554 16.54  84.766861  69.753778  8.805
 50     4.983 53955.61492618 18.15  84.762541  69.756778  8.805
 50     5.470 53955.61492683 15.19  84.758211  69.759768  8.805
 50     0.215 53955.61492747 13.54  84.753891  69.762768  8.805
 51     2.010 53990.61483575 45.30  84.849205  69.717887 27.347
 51     2.667 53990.61483639 44.15  84.844895  69.720887 27.347
 51     2.461 53990.61483704 44.39  84.840595  69.723887 27.347
 51     2.648 53990.61483768 45.14  84.836285  69.726877 27.347
 51     2.308 53990.61483832 45.40  84.831975  69.729877 27.347
 51     2.479 53990.61483897 45.16  84.827665  69.732877 27.347
 51     2.195 53990.61483961 45.52  84.823355  69.735867 27.347
 51     2.286 53990.61484026 43.36  84.819040  69.738873 15.819
 51     2.551 53990.61484090 43.66  84.814720  69.741863 15.819
 52     1.091 54025.61490003 31.20  84.824213  69.708511  8.351
 52     1.414 54025.61490068 32.07  84.819903  69.711501  8.351
 52     1.335 54025.61490132 30.66  84.815593  69.714501  8.351
 52     1.069 54025.61490197 31.33  84.811283  69.717501  8.351
 52     0.339 54025.61490261 28.72  84.806973  69.720491  8.351
 52    -0.168 54025.61490326 27.54  84.802663  69.723491  8.351
 52    -0.942 54025.61490390 27.15  84.798353  69.726481  8.351
 52    -1.787 54025.61490454 25.58  84.794033  69.729481  8.351
 52     0.757 54025.61490519 22.34  84.789723  69.732481  8.351
 52     1.250 54025.61490583 21.00  84.785404  69.735471  5.304
 52    -0.914 54025.61490970 23.31  84.759474  69.753451  5.304
 52     5.465 54025.61491035 18.51  84.755154  69.756441  5.304
 52     3.556 54025.61491099 17.18  84.750824  69.759441  5.304
 53    47.452 54060.61489366  1.31  84.836763  69.713413  2.882
 53    44.358 54060.61489431  1.72  84.832463  69.716403  2.882
 53    44.478 54060.61489495  1.61  84.828153  69.719403  2.882
 53    47.719 54060.61489559  0.86  84.823843  69.722403  2.882
 53    76.155 54060.61490269  0.88  84.776355  69.755356  2.070
 53    75.407 54060.61490333  1.26  84.772035  69.758356  2.070
 53    77.476 54060.61490398  1.78  84.767715  69.761346  2.070
 53    77.106 54060.61490462  2.80  84.763385  69.764346  2.070
 54    49.423 54095.61487138  0.12  84.823402  69.729390  3.124
 54    50.223 54095.61487203  1.54  84.819092  69.732390  3.124
 54    27.988 54095.61487267  4.26  84.814782  69.735390  3.124
 54    23.946 54095.61487332  4.59  84.810472  69.738380  3.124
 55    47.039 54130.61481564  0.10  84.807659  69.717409  3.434
 55     8.451 54130.61481628  3.87  84.803339  69.720409  3.434
 55    -1.746 54130.61481951 13.47  84.781772  69.735389  2.497
 55    -1.276 54130.61482015 12.31  84.777452  69.738389  2.497
 55    -0.251 54130.61482208  9.65  84.764482  69.747369  2.497
 55    -0.038 54130.61482273  9.21  84.760162  69.750369  2.497
 55     0.228 54130.61482337  8.60  84.755842  69.753359  2.497
 55     0.481 54130.61482402  8.34  84.751512  69.756359  2.497
 56    32.871 54165.61484308  1.20  84.816181  69.728051  2.104
 56    28.680 54165.61484372  2.65  84.811861  69.731051  2.104
 57     0.980 54200.61482094  1.64  84.795687  69.729062  5.034
 57     0.020 54200.61482223  3.48  84.787057  69.735052  5.034
 57     0.299 54200.61482287  2.54  84.782737  69.738052  5.034
 57     0.864 54200.61482545  8.61  84.765457  69.750032  5.034
 57     0.909 54200.61482609 10.80  84.761127  69.753032  5.034
 57     0.774 54200.61482674 11.99  84.756807  69.756022  5.034
 57     0.519 54200.61482738  8.49  84.752477  69.759022  5.034
 58    46.948 54235.61485459  0.40  84.829180  69.711732  1.501
 58    88.453 54235.61486491  0.19  84.760120  69.759672  1.501
 58    86.844 54235.61486555  0.46  84.755800  69.762662  1.501
 59     6.308 54270.61487495 20.18  84.835181  69.712237 14.309
 59     6.113 54270.61487559 15.12  84.830878  69.715229 11.550
 59     5.048 54270.61487624 14.12  84.826568  69.718229 11.550
 59     4.665 54270.61487688 13.29  84.822258  69.721229 11.550
 59     5.788 54270.61487753 13.71  84.817948  69.724219 11.550
 59     6.879 54270.61487817 12.92  84.813638  69.727219 11.550
 59     8.034 54270.61487882 13.50  84.809328  69.730219 11.550
 59     7.375 54270.61488397 28.13  84.774788  69.754189 11.550
 59     7.514 54270.61488462 16.79  84.770468  69.757179 11.550
 59     6.503 54270.61488526 13.92  84.766138  69.760179 11.550
 59     5.746 54270.61488591 15.06  84.761818  69.763169 11.550
 60     6.171 54305.61487757 26.41  84.833104  69.711315 16.921
 60     0.457 54305.61487822 22.96  84.828804  69.714315 16.921
 60     0.366 54305.61487886 16.58  84.824494  69.717305 16.921
 60     3.370 54305.61487951 14.24  84.820184  69.720305 16.921
 60     2.914 54305.61488015 13.86  84.815874  69.723305 16.921
 60     5.473 54305.61488080 13.53  84.811564  69.726295 16.921
 60     7.649 54305.61488144 13.94  84.807254  69.729295 16.921
 60     8.273 54305.61488209 15.03  84.802934  69.732295 16.921
 60     9.440 54305.61488273 16.51  84.798624  69.735285 16.921
 60     9.966 54305.61488337 22.58  84.794304  69.738285 16.921
 60     8.561 54305.61488660 18.64  84.772704  69.753265 16.921
 60     6.833 54305.61488724 19.22  84.768384  69.756255 16.921
 60     0.282 54305.61488789 19.75  84.764064  69.759255 16.921
 60     0.009 54305.61488853 17.58  84.759734  69.762245 16.921
 61     7.461 54340.61485981 19.30  84.842595  69.712199 12.254
 61     7.159 54340.61486046 14.63  84.838285  69.715199 12.254
 61     5.352 54340.61486110 12.83  84.833985  69.718189 12.254
 61     4.531 54340.61486175 12.47  84.829675  69.721189 12.254
 61     3.908 54340.61486239 13.68  84.825365  69.724189 12.254
 61     4.183 54340.61486304 13.21  84.821055  69.727189 12.254
 61     7.104 54340.61486368 13.53  84.816745  69.730179 12.254
 61     9.325 54340.61486433 13.98  84.812435  69.733179 12.254
 61     9.513 54340.61486497 14.95  84.808115  69.736169 12.254
 61    10.196 54340.61486562 19.97  84.803805  69.739169 12.254
 61     7.463 54340.61486948 15.25  84.777895  69.757149 12.254
 61     6.356 54340.61487013 16.91  84.773565  69.760139 12.254
 61     5.632 54340.61487077 15.26  84.769245  69.763139 12.254
 61     2.704 54340.61487142 15.23  84.764915  69.766139 12.254
 62     6.017 54375.61481214 19.30  84.826890  69.711366  8.511
 62     5.651 54375.61481278 16.69  84.822580  69.714356  8.511
 62     3.700 54375.61481343 15.25  84.818280  69.717356  8.511
 62     4.103 54375.61481407 16.17  84.813970  69.720356  8.511
 62     4.833 54375.61481472 16.62  84.809660  69.723346  8.511
 62     7.055 54375.61481536 16.19  84.805340  69.726346  8.511
 62     8.148 54375.61481601 17.59  84.801030  69.729336  8.511
 62     7.720 54375.61481665 18.98  84.796720  69.732336  8.511
 62     7.442 54375.61482052 19.47  84.770800  69.750316  8.511
 62     7.120 54375.61482116 18.72  84.766480  69.753306  8.511
 62     6.114 54375.61482181 19.13  84.762153  69.756306  4.451
 62    -0.230 54375.61482245 19.79  84.757833  69.759296  4.451
 62     3.214 54375.61482310 19.94  84.753503  69.762296  4.451
 63    47.871 54410.61480641  5.46  84.834591  69.712082  4.039
 63    45.717 54410.61480706  5.45  84.830291  69.715082  4.039
 63    44.054 54410.61480770  4.31  84.825980  69.718070  2.714
 63    46.192 54410.61480835  3.05  84.821670  69.721070  2.714
 63    50.814 54410.61480899  2.41  84.817360  69.724070  2.714
 63    53.274 54410.61480964  2.56  84.813050  69.727060  2.714
 63    54.725 54410.61481028  2.59  84.808740  69.730060  2.714
 63    58.015 54410.61481093  3.39  84.804420  69.733060  2.714
 63    22.035 54410.61481157 14.50  84.800110  69.736050  2.714
 63    60.298 54410.61481222  6.13  84.795790  69.739050  2.714
 63    74.027 54410.61481544  2.84  84.774200  69.754030  2.714
 63    77.020 54410.61481609  4.06  84.769880  69.757030  2.714
 63    75.973 54410.61481673  3.89  84.765550  69.760020  2.714
 63    76.782 54410.61481737  3.89  84.761230  69.763020  2.714
 64    46.674 54445.61477539  0.52  84.821141  69.708771  2.507
 64    47.371 54445.61477604  0.13  84.816831  69.711761  2.507
 64    81.989 54445.61478377  1.68  84.765046  69.747712  1.729
 64    85.126 54445.61478442  1.62  84.760716  69.750712  1.729
 64    87.827 54445.61478506  2.04  84.756396  69.753702  1.729
 64    83.614 54445.61478571  2.38  84.752076  69.756702  1.729
 65    80.808 54480.61480746  0.22  84.768209  69.757923  1.576
 65    78.145 54480.61480810  0.60  84.763879  69.760913  1.576
 65    79.916 54480.61480875  1.18  84.759559  69.763913  1.576
 67    43.710 54550.61481120  0.64  84.837703  69.715306  2.969
 67    14.255 54550.61481184  3.37  84.833393  69.718306  2.969
 67     0.515 54550.61481249  6.94  84.829083  69.721296  2.969
 67     0.261 54550.61481313  7.91  84.824773  69.724296  2.969
 67     0.076 54550.61481378  8.71  84.820463  69.727296  2.969
 67     0.129 54550.61481442  8.50  84.816153  69.730286  2.969
 67    -0.310 54550.61481507  8.02  84.811838  69.733289  1.996
 67    -0.903 54550.61481571  7.75  84.807528  69.736279  1.996
 67    -1.238 54550.61481635  7.59  84.803218  69.739279  1.996
 67     0.720 54550.61481958  5.13  84.781628  69.754259  1.996
 67     3.286 54550.61482022  4.44  84.777298  69.757259  1.996
 67     3.656 54550.61482087  4.20  84.772978  69.760249  1.996
 67     2.257 54550.61482151  3.88  84.768658  69.763249  1.996
 67     1.590 54550.61482216  3.65  84.764328  69.766239  1.996
 69    10.162 54620.61480501 30.94  84.831584  69.712464  8.863
 69     9.997 54620.61480565 26.44  84.827274  69.715454  8.863
 69     9.955 54620.61480630 26.36  84.822974  69.718454  8.863
 69     9.751 54620.61480694 26.62  84.818664  69.721454  8.863
 69     9.872 54620.61480759 25.52  84.814354  69.724444  8.863
 69     9.899 54620.61480823 24.98  84.810041  69.727446 15.077
 69     9.838 54620.61480887 24.52  84.805721  69.730436 15.077
 69     9.872 54620.61480952 25.12  84.801411  69.733436 15.077
 69    10.111 54620.61481016 26.22  84.797101  69.736436 15.077
 69    10.392 54620.61481081 37.46  84.792781  69.739426 15.077
 69    10.134 54620.61481339 50.32  84.775501  69.751416 15.077
 69    10.266 54620.61481403 48.24  84.771181  69.754406 15.077
 69    10.261 54620.61481468 36.54  84.766861  69.757406 15.077
 69    10.178 54620.61481532 32.87  84.762531  69.760396 15.077
 69    10.200 54620.61481597 28.45  84.758211  69.763396 15.077
 70     6.947 54655.61481525 16.22  84.832786  69.711693 15.775
 70     6.317 54655.61481589 12.23  84.828476  69.714693 15.775
 70     5.714 54655.61481654 10.91  84.824166  69.717683 15.775
 70     4.486 54655.61481718 10.74  84.819856  69.720683 15.775
 70     3.484 54655.61481783 12.04  84.815546  69.723683 15.775
 70     6.600 54655.61481847 10.52  84.811236  69.726673 15.775
 70     8.245 54655.61481912 11.30  84.806921  69.729674  8.920
 70    11.253 54655.61481976 13.68  84.802611  69.732664  8.920
 70     7.088 54655.61482427 22.02  84.772381  69.753644  8.920
 70     6.673 54655.61482492 12.66  84.768061  69.756634  8.920
 70     6.193 54655.61482556  8.76  84.763741  69.759634  8.920
 70     5.148 54655.61482621  9.86  84.759411  69.762624  8.920
 71     6.047 54690.61480117 14.86  84.836298  69.713655 15.166
 71     5.983 54690.61480182 13.34  84.831988  69.716645 15.166
 71     4.191 54690.61480246 13.76  84.827688  69.719645 15.166
 71     3.118 54690.61480311 13.96  84.823378  69.722645 15.166
 71     5.255 54690.61480375 12.52  84.819068  69.725645 15.166
 71     6.402 54690.61480440 12.34  84.814758  69.728635 15.166
 71     8.113 54690.61480504 12.63  84.810438  69.731635 15.166
 71     8.933 54690.61480569 15.12  84.806128  69.734635 15.166
 71     9.720 54690.61480633 19.98  84.801818  69.737625 15.166
 71    10.024 54690.61480698 25.30  84.797498  69.740625 15.166
 71     7.251 54690.61481020 16.25  84.775898  69.755605 15.166
 71     6.359 54690.61481085 15.74  84.771578  69.758595 15.166
 71     5.723 54690.61481149 15.25  84.767261  69.761599  4.232
 71     2.895 54690.61481213 13.43  84.762931  69.764589  4.232
 72     6.112 54725.61476548 24.56  84.825750  69.707947 22.586
 72     5.088 54725.61476613 16.08  84.821440  69.710947 22.586
 72     4.900 54725.61476677 17.08  84.817130  69.713947 22.586
 72     0.185 54725.61476742 17.52  84.812820  69.716937 22.586
 72    -0.092 54725.61476806 18.74  84.808510  69.719937 22.586
 72    -0.791 54725.61476871 19.82  84.804198  69.722935 11.894
 72    -0.612 54725.61476935 20.39  84.799888  69.725925 11.894
 72    -0.015 54725.61477000 22.21  84.795568  69.728925 11.894
 72     0.264 54725.61477064 23.43  84.791258  69.731925 11.894
 72     8.172 54725.61477129 22.34  84.786938  69.734915 11.894
 72     1.220 54725.61477193 32.63  84.782628  69.737915 11.894
 72     6.731 54725.61477451 24.35  84.765338  69.749895 11.894
 72     0.180 54725.61477515 27.38  84.761018  69.752895 11.894
 72     0.509 54725.61477580 29.08  84.756688  69.755885 11.894
 72     0.840 54725.61477644 41.66  84.752368  69.758885 11.894
 73    48.065 54760.61477723 10.70  84.835630  69.710932  6.074
 73     7.869 54760.61477787 16.22  84.831320  69.713932  6.074
 73     4.685 54760.61477852 15.34  84.827020  69.716932  6.074
 73    32.750 54760.61478045 11.70  84.814090  69.725922  6.074
 73    31.460 54760.61478110 10.29  84.809780  69.728912  6.074
 73    73.060 54760.61478625  5.49  84.775240  69.752879  5.322
 73    74.513 54760.61478690  6.07  84.770920  69.755879  5.322
 73    78.685 54760.61478754  6.82  84.766600  69.758879  5.322
 73    78.661 54760.61478819  6.69  84.762270  69.761869  5.322
 74    45.750 54795.61475907  4.08  84.818052  69.708848  3.406
 74    42.931 54795.61475971  3.94  84.813752  69.711848  3.406
 74    49.081 54795.61476036  2.54  84.809442  69.714838  3.406
 74    54.070 54795.61476100  1.91  84.805132  69.717838  3.406
 74    56.663 54795.61476165  0.62  84.800817  69.720833  2.215
 74    59.292 54795.61476229  1.12  84.796507  69.723833  2.215
 74    61.031 54795.61476294  0.66  84.792187  69.726823  2.215
 74    63.120 54795.61476358  1.33  84.787877  69.729823  2.215
 74    65.087 54795.61476423  1.83  84.783557  69.732813  2.215
 74    66.913 54795.61476487  1.44  84.779237  69.735813  2.215
 74    75.166 54795.61476745  1.45  84.761957  69.747793  2.215
 74    76.178 54795.61476809  2.13  84.757637  69.750793  2.215
 74    77.413 54795.61476874  2.86  84.753307  69.753783  2.215
 74    78.426 54795.61476938  2.73  84.748987  69.756783  2.215
 75    46.939 54830.61477737  2.24  84.834811  69.710590  2.978
 75    44.862 54830.61477801  1.93  84.830501  69.713590  2.978
 75    45.153 54830.61477866  0.64  84.826191  69.716580  2.978
 75    47.694 54830.61477930  0.24  84.821881  69.719580  2.978
 75    77.646 54830.61478833  0.98  84.761448  69.761529  1.733
 76    46.679 54865.61475384  0.90  84.824547  69.708717  2.590
 76    45.508 54865.61475448  0.54  84.820237  69.711717  2.590
 76    47.522 54865.61475513  0.08  84.815927  69.714707  2.590
 76    78.247 54865.61476480  0.43  84.751155  69.759646  1.625
 78    47.708 54935.61474550  0.49  84.828288  69.709963  1.917
 78    47.375 54935.61474615  0.35  84.823988  69.712953  1.917
 78    49.542 54935.61474744  0.15  84.815368  69.718953  1.917
 78    85.362 54935.61475517  0.09  84.763559  69.754901  1.521
 78    84.046 54935.61475582  0.66  84.759239  69.757901  1.521
 78    85.060 54935.61475646  1.04  84.754909  69.760891  1.521
 79    23.624 54970.61477846  4.77  84.831564  69.711553  2.339
 79    43.839 54970.61477910  2.48  84.827254  69.714553  2.339
 79    45.188 54970.61477975  0.60  84.822944  69.717543  2.339
 79    83.877 54970.61478877  0.50  84.762504  69.759492  1.509
 79    85.364 54970.61478942  0.67  84.758184  69.762492  1.509
 80     5.753 55005.61479775 20.09  84.833287  69.710734 10.831
 80     6.431 55005.61479840 15.46  84.828987  69.713734 10.831
 80     5.463 55005.61479904 12.65  84.824677  69.716734 10.831
 80     4.581 55005.61479969 13.86  84.820367  69.719724 10.831
 80     4.969 55005.61480033 13.27  84.816057  69.722724 10.831
 80     5.889 55005.61480098 13.05  84.811747  69.725724 10.831
 80     7.009 55005.61480162 12.98  84.807437  69.728714 10.831
 80     8.319 55005.61480227 15.37  84.803127  69.731714 10.831
 80     7.269 55005.61480678 25.40  84.772894  69.752685 10.059
 80     6.964 55005.61480742 19.88  84.768574  69.755685 10.059
 80     6.478 55005.61480807 15.23  84.764254  69.758675 10.059
 80     5.830 55005.61480871 14.84  84.759934  69.761675 10.059
 81     5.574 55040.61478595 15.68  84.833342  69.712507 13.558
 81     4.267 55040.61478659 15.47  84.829042  69.715497 13.558
 81     1.157 55040.61478724 14.83  84.824732  69.718497 13.558
 81     0.776 55040.61478788 15.41  84.820422  69.721497 13.558
 81     0.155 55040.61478853 16.06  84.816112  69.724497 13.558
 81     0.041 55040.61478917 17.04  84.811802  69.727487 13.558
 81     6.599 55040.61478982 15.04  84.807488  69.730487 12.310
 81     8.024 55040.61479046 17.14  84.803178  69.733477 12.310
 81     6.718 55040.61479497 18.54  84.772948  69.754457 12.310
 81     0.272 55040.61479562 18.21  84.768618  69.757447 12.310
 81     5.777 55040.61479626 14.58  84.764298  69.760447 12.310
 81     2.152 55040.61479691 12.22  84.759968  69.763437 12.310
 82    48.694 55075.61476770  0.94  84.841182  69.712027 13.712
 82    46.619 55075.61476834  0.25  84.836882  69.715017 13.712
 82    46.050 55075.61476963  0.09  84.828262  69.721017 13.712
 82     7.015 55075.61477672 27.07  84.780807  69.753977 17.663
 82     6.906 55075.61477737 17.12  84.776487  69.756967 17.663
 82     0.190 55075.61477801 18.63  84.772157  69.759967 17.663
 82     2.166 55075.61477865 18.86  84.767837  69.762967 17.663
 82     2.976 55075.61477930 24.52  84.763507  69.765957 17.663
 83     0.646 55110.61471831 28.69  84.824955  69.710562 11.904
 83     1.174 55110.61471896 22.97  84.820645  69.713552 11.904
 83    -0.227 55110.61471960 23.19  84.816335  69.716552 11.904
 83    -0.095 55110.61472025 20.37  84.812025  69.719552 11.904
 83    -1.824 55110.61472089 21.52  84.807715  69.722542 11.904
 83    -0.389 55110.61472154 21.69  84.803405  69.725542 11.904
 83     0.365 55110.61472218 21.22  84.799095  69.728537  9.281
 83     6.821 55110.61472734 22.58  84.764545  69.752507  9.281
 83     6.141 55110.61472798 18.74  84.760215  69.755497  9.281
 83    -0.702 55110.61472863 20.28  84.755895  69.758497  9.281
 83    -1.275 55110.61472927 18.57  84.751565  69.761487  9.281
 84    47.244 55145.61472097  4.14  84.833660  69.712103  3.482
 84    45.492 55145.61472162  3.88  84.829350  69.715103  3.482
 84    44.399 55145.61472226  3.62  84.825040  69.718093  3.482
 84    49.448 55145.61472290  2.69  84.820730  69.721093  3.482
 84    51.775 55145.61472355  1.89  84.816420  69.724093  3.482
 84    55.752 55145.61472419  1.71  84.812110  69.727083  3.482
 84    57.668 55145.61472484  1.65  84.807800  69.730083  3.482
 84    60.274 55145.61472548  1.88  84.803487  69.733081  2.405
 84    61.714 55145.61472613  2.28  84.799177  69.736081  2.405
 84    64.926 55145.61472677  1.94  84.794857  69.739071  2.405
 84    72.656 55145.61472935  3.01  84.777587  69.751051  2.405
 84    73.771 55145.61473000  2.65  84.773267  69.754051  2.405
 84    74.957 55145.61473064  2.99  84.768937  69.757051  2.405
 84    75.842 55145.61473129  4.34  84.764617  69.760041  2.405
 84    76.683 55145.61473193  4.43  84.760297  69.763041  2.405
 85    46.514 55180.61469473  1.15  84.822249  69.707296  2.826
 85    45.251 55180.61469537  1.20  84.817939  69.710296  2.826
 85    43.117 55180.61469602  0.41  84.813629  69.713286  2.826
 86    48.047 55215.61471528  0.35  84.837630  69.711184  4.176
 86    46.350 55215.61471593  0.12  84.833320  69.714184  4.176
 86    32.380 55215.61471915  2.92  84.811780  69.729164  4.176
 86    28.624 55215.61471980  2.23  84.807460  69.732164  4.176
 88    36.993 55285.61471203  1.22  84.821467  69.725426  2.896
 88     0.447 55285.61471526  8.99  84.799909  69.740406  2.689
 88     0.395 55285.61471848  8.64  84.778309  69.755396  2.689
 88     0.789 55285.61471912  8.19  84.773989  69.758386  2.689
 88     0.993 55285.61471977  7.61  84.769669  69.761386  2.689
 88     0.959 55285.61472041  7.10  84.765339  69.764376  2.689
 90     8.042 55355.61468299 43.09  84.836496  69.711004 23.979
 90     8.418 55355.61468363 33.70  84.832186  69.714004 23.979
 90     8.290 55355.61468428 33.43  84.827886  69.717004 23.979
 90     8.620 55355.61468492 33.37  84.823576  69.719994 23.979
 90     8.694 55355.61468557 34.10  84.819266  69.722994 23.979
 90     8.542 55355.61468621 35.93  84.814956  69.725994 23.979
 90     8.300 55355.61468686 33.40  84.810646  69.728984 23.979
 90    11.805 55355.61468750 33.25  84.806329  69.731985 14.266
 90     7.777 55355.61469201 35.67  84.776109  69.752955 14.266
 90     6.963 55355.61469266 32.79  84.771789  69.755955 14.266
 90     7.016 55355.61469330 32.50  84.767459  69.758945 14.266
 90     7.035 55355.61469395 31.48  84.763139  69.761945 14.266
 91     1.506 55390.61468325 43.61  84.825595  69.709402 20.976
 91     1.597 55390.61468389 43.47  84.821285  69.712392 20.976
 91     1.600 55390.61468454 43.84  84.816975  69.715392 20.976
 91     1.477 55390.61468518 44.42  84.812665  69.718392 20.976
 91     1.496 55390.61468583 45.44  84.808355  69.721382 20.976
 91     1.561 55390.61468647 44.62  84.804047  69.724381 17.149
 91     1.367 55390.61468712 45.32  84.799737  69.727371 17.149
 91     1.493 55390.61468776 45.37  84.795417  69.730371 17.149
 91     1.273 55390.61468841 45.12  84.791107  69.733371 17.149
 91     1.506 55390.61468905 43.40  84.786787  69.736361 17.149
 91     1.025 55390.61468970 48.08  84.782467  69.739361 17.149
 91     1.054 55390.61469163 49.56  84.769507  69.748351 17.149
 91     1.206 55390.61469228 49.42  84.765187  69.751341 17.149
 91     1.019 55390.61469292 47.71  84.760867  69.754341 17.149
 91     1.077 55390.61469356 47.24  84.756537  69.757331 17.149
 91     1.124 55390.61469421 50.32  84.752217  69.760331 17.149
 92     0.556 55425.61470035 24.93  84.832496  69.712834 18.563
 92     1.653 55425.61470100 22.00  84.828196  69.715834 18.563
 92     1.347 55425.61470164 21.43  84.823886  69.718824 18.563
 92     0.228 55425.61470228 22.03  84.819576  69.721824 18.563
 92    -0.456 55425.61470293 22.20  84.815266  69.724824 18.563
 92     0.587 55425.61470357 20.43  84.810956  69.727814 18.563
 92     0.100 55425.61470422 20.78  84.806636  69.730814 18.563
 92     8.580 55425.61470486 20.30  84.802325  69.733813 13.565
 92     9.904 55425.61470551 19.77  84.798015  69.736813 13.565
 92    10.385 55425.61470615 25.99  84.793695  69.739803 13.565
 92    10.231 55425.61470873 23.88  84.776415  69.751783 13.565
 92     2.130 55425.61470938 24.97  84.772095  69.754783 13.565
 92     0.130 55425.61471002 27.19  84.767775  69.757783 13.565
 92     0.367 55425.61471067 26.10  84.763445  69.760773 13.565
 92     0.791 55425.61471131 27.03  84.759125  69.763773 13.565
 93     5.436 55460.61466818 26.93  84.844110  69.712693 20.842
 93     4.400 55460.61466946 16.54  84.835490  69.718683 20.842
 93     5.211 55460.61467140 13.09  84.822570  69.727673 20.842
 93     6.553 55460.61467204 13.54  84.818260  69.730673 20.842
 93     7.496 55460.61467269 15.82  84.813950  69.733673 20.842
 93     8.212 55460.61467333 17.26  84.809630  69.736663 20.842
 93     8.796 55460.61467398 25.24  84.805320  69.739663 20.842
 93     7.105 55460.61467720 25.30  84.783725  69.754641 10.647
 93     6.499 55460.61467785 18.78  84.779405  69.757641 10.647
 93     0.987 55460.61467849 17.63  84.775085  69.760631 10.647
 93     4.219 55460.61467913 15.29  84.770755  69.763631 10.647
 93     2.607 55460.61467978 14.03  84.766435  69.766631 10.647
