-148645.194   405.014     0.00   20.61
-148274.590   408.867    10.40   23.08
-147904.073   417.233    22.58   24.65
-147533.641   429.395    32.83   21.27
-147163.296   442.783    36.15   22.89
-146793.036   460.335    47.41   26.74
-146422.863   483.719    63.18   30.63
-146052.776   503.809    54.29   23.64
-145682.775   514.611    29.20   14.77
-145312.859   513.328    -3.47   15.45
-144943.029   504.775   -23.13   17.45
-144573.285   495.624   -24.75   16.42
-144203.627   487.226   -22.72   20.55
-143834.054   469.111   -49.02   30.19
-143464.566   449.056   -54.28   30.15
-143095.165   420.532   -77.22   32.62
-142725.848   397.158   -63.29   38.20
-142356.617   371.694   -68.97   36.48
-141987.471   350.256   -58.08   25.80
-141618.411   335.136   -40.97   14.87
-141249.436   326.498   -23.41   15.65
-140880.545   322.115   -11.88   14.51
-140511.740   322.699     1.58   14.65
-140143.020   325.772     8.33   13.13
-139774.385   334.634    24.04   11.23
-139405.835   344.390    26.47   10.82
-139037.369   353.191    23.89   12.81
-138668.988   367.138    37.86   16.27
-138300.692   377.056    26.93   15.71
-137932.481   383.048    16.28   13.30
-137564.354   383.586     1.46   12.76
-137196.312   377.533   -16.45   12.85
-136828.355   370.158   -20.04   13.48
-136460.481   364.437   -15.55   16.99
-136092.692   358.196   -16.97   19.32
-135724.988   354.238   -10.77   19.99
-135357.368   350.727    -9.55   20.54
-134989.831   349.684    -2.84   19.44
-134622.379   352.466     7.57   17.01
-134255.012   356.913    12.11   19.23
-133887.728   358.187     3.47   21.74
-133520.528   351.330   -18.68   26.78
-133153.412   325.867   -69.37   43.38
-132786.380   290.472   -96.44   52.16
-132419.431   255.649   -94.91   46.36
-132052.567   229.355   -71.68   28.94
-131685.786   215.389   -38.08   19.22
-131319.089   206.768   -23.51   19.41
-130952.475   199.635   -19.46   16.68
-130585.945   202.212     7.03   18.09
-130219.498   213.422    30.59   26.78
-129853.135   234.951    58.77   28.92
-129486.855   252.649    48.32   23.65
-129120.658   272.806    55.05   17.37
-128754.545   290.147    47.37   22.85
-128388.514   307.539    47.52   26.31
-128022.567   319.460    32.58   22.13
-127656.703   325.809    17.35   16.92
-127290.922   325.461    -0.95   13.71
-126925.224   320.801   -12.74   11.07
-126559.609   316.401   -12.04   10.41
-126194.076   309.198   -19.71   11.80
-125828.627   300.310   -24.32    9.69
-125463.260   293.514   -18.60    8.79
-125097.975   289.423   -11.20    8.82
-124732.774   283.748   -15.54    9.22
-124367.655   272.621   -30.48   17.76
-124002.618   261.807   -29.63   19.27
-123637.664   254.894   -18.94   13.77
-123272.792   255.284     1.07   12.54
-122908.003   262.901    20.88   13.19
-122543.296   273.558    29.22   12.44
-122178.671   282.539    24.63   11.62
-121814.128   290.278    21.23   10.75
-121432.497   296.670    16.75    7.63
-121050.694   300.845    10.94    4.83
-120668.984   302.828     5.20    5.33
-120287.365   305.084     5.91    6.37
-119905.838   307.074     5.21    7.24
-119524.403   308.365     3.38    7.04
-119143.059   307.460    -2.37    5.06
-118761.807   308.722     3.31    3.92
-118380.647   307.241    -3.89    5.67
-117999.578   300.378   -18.01   12.61
-117618.601   291.083   -24.40   16.29
-117237.715   280.510   -27.76   12.72
-116856.920   274.332   -16.23    7.40
-116476.216   272.711    -4.26    7.83
-116095.604   272.460    -0.66    7.77
-115715.083   271.466    -2.61    7.15
-115334.653   267.506   -10.41    7.29
-114954.314   262.862   -12.21    5.74
-114574.066   261.007    -4.88    6.04
-114193.909   260.821    -0.49    7.59
-113813.842   263.677     7.51    8.63
-113433.866   266.726     8.02    8.25
-113053.981   270.592    10.18    9.35
-112674.187   275.883    13.93   11.96
-112294.483   284.203    21.91   15.24
-111914.870   290.932    17.73   14.32
-111535.347   291.696     2.01   12.64
-111155.914   288.541    -8.31   11.07
-110776.572   287.336    -3.18    9.45
-110397.319   292.155    12.71   14.50
-110018.157   302.738    27.91   17.32
-109639.086   313.018    27.12   14.86
-109260.104   326.308    35.07   16.54
-108881.212   336.172    26.04   18.80
-108502.410   346.353    26.88   14.35
-108123.698   350.856    11.89    9.40
-107745.075   350.197    -1.74    8.03
-107366.543   343.980   -16.43   10.35
-106988.100   335.258   -23.05   12.44
-106609.747   325.884   -24.78   13.87
-106231.483   317.457   -22.28   14.94
-105853.309   312.913   -12.01   12.12
-105475.224   312.718    -0.52    9.82
-105097.228   317.278    12.06    8.50
-104719.322   323.863    17.43    9.15
-104341.505   330.730    18.18    9.45
-103963.777   335.165    11.74    7.47
-103586.138   339.679    11.96    5.98
-103208.588   341.189     4.00    5.18
-102831.127   340.672    -1.37    4.86
-102453.756   337.026    -9.66    8.32
-102076.472   328.941   -21.43   12.67
-101699.278   320.441   -22.54   13.05
-101322.173   311.033   -24.95    8.36
-100945.156   308.184    -7.56    6.01
-100568.228   308.023    -0.43    6.78
-100191.388   307.187    -2.22    6.44
 -99814.637   304.891    -6.09    6.57
 -99437.974   299.694   -13.80    7.88
 -99061.399   292.753   -18.43   10.08
 -98684.913   281.490   -29.92   15.34
 -98308.515   268.427   -34.71   19.08
 -97932.205   251.618   -44.67   20.59
 -97555.984   233.055   -49.34   23.92
 -97179.850   206.797   -69.81   31.76
 -96803.805   182.158   -65.52   31.74
 -96427.847   161.531   -54.87   21.15
 -96051.977   152.732   -23.41   10.94
 -95676.195   154.839     5.61   15.99
 -95300.501   171.206    43.57   28.32
 -94924.894   193.201    58.56   39.57
 -94549.375   224.663    83.79   48.82
 -94173.944   254.990    80.79   40.34
 -93798.600   285.780    82.04   24.50
 -93423.344   300.047    38.02   15.49
 -93048.175   301.893     4.92   14.78
 -92673.093   290.713   -29.81   25.13
 -92298.098   268.677   -58.77   31.32
 -91923.191   256.355   -32.87   24.39
 -91548.371   252.811    -9.45   21.18
 -91173.638   260.876    21.52   23.49
 -90798.992   269.673    23.48   20.58
 -90424.433   272.855     8.49   18.77
 -90049.961   274.236     3.69   15.22
 -89675.576   280.741    17.38   14.49
 -89301.277   291.776    29.48   15.84
 -88927.065   304.170    33.12   14.96
 -88552.940   309.646    14.64   12.63
 -88178.902   315.539    15.76    6.22
 -87804.950   317.528     5.32    5.39
 -87431.084   315.299    -5.96    6.78
 -87057.305   312.110    -8.53    8.78
 -86683.613   306.760   -14.32    9.64
 -86310.006   298.893   -21.06    9.83
 -85936.486   292.951   -15.91    8.13
 -85563.052   287.389   -14.90    8.43
 -85189.704   284.427    -7.93    9.71
 -84816.443   280.706    -9.97   13.13
 -84443.267   276.961   -10.04   14.60
 -84070.177   272.165   -12.86   14.57
 -83697.173   268.675    -9.36   11.55
 -83324.255   267.258    -3.80    8.98
 -82951.423   273.281    16.16   14.67
 -82578.677   282.031    23.48   14.99
 -82206.016   286.706    12.54   12.35
 -81833.441   285.549    -3.10   14.28
 -81460.951   274.037   -30.91   22.09
 -81088.547   256.780   -46.34   28.10
 -80716.228   237.167   -52.68   28.25
 -80343.995   225.153   -32.28   20.66
 -79971.846   217.150   -21.51   12.41
 -79599.784   214.309    -7.63    9.19
 -79227.806   214.361     0.14    8.86
 -78855.914   211.360    -8.07    7.48
 -78484.106   209.835    -4.10    6.52
 -78112.384   210.475     1.72    5.75
 -77740.746   211.275     2.15    5.64
 -77369.194   213.716     6.57    5.47
 -76997.726   214.913     3.22    5.44
 -76626.343   213.694    -3.28    6.93
 -76255.045   211.366    -6.27    7.18
 -75883.832   209.551    -4.89    6.01
 -75512.703   207.960    -4.29    4.16
 -75141.659   207.765    -0.53    4.93
 -74770.699   207.456    -0.83    6.54
 -74399.824   206.037    -3.83    7.69
 -74029.033   203.745    -6.18    8.28
 -73658.326   200.884    -7.72    8.20
 -73287.704   197.333    -9.58    7.27
 -72917.166   195.201    -5.75    5.43
 -72546.712   193.951    -3.37    5.07
 -72176.343   191.932    -5.45    6.63
 -71806.057   187.180   -12.83    9.93
 -71435.855   177.853   -25.19   13.30
 -71065.737   169.027   -23.85   12.33
 -70695.704   163.117   -15.97    7.53
 -70325.754   163.586     1.27    6.79
 -69955.887   167.119     9.55    6.23
 -69586.105   171.374    11.51    5.30
 -69216.406   172.738     3.69    5.76
 -68846.791   173.191     1.23    5.72
 -68477.259   171.470    -4.66    6.07
 -68107.811   169.331    -5.79    6.24
 -67738.446   166.675    -7.19    6.32
 -67369.164   164.369    -6.25    6.10
 -66999.966   163.359    -2.73    6.17
 -66630.851   162.238    -3.04    6.54
 -66261.820   161.165    -2.91    6.90
 -65892.871   158.432    -7.41    7.07
 -65524.006   155.588    -7.71    6.76
 -65155.224   152.672    -7.91    5.97
 -64786.524   149.850    -7.66    6.28
 -64417.908   146.621    -8.76    7.43
 -64049.374   142.801   -10.36    8.32
 -63680.924   139.592    -8.71    7.74
 -63312.556   139.359    -0.63    7.01
 -62944.270   144.187    13.11   10.07
 -62576.068   152.275    21.97   13.20
 -62207.948   163.166    29.59   11.88
 -61839.910   170.345    19.51    8.70
 -61471.955   173.781     9.34    5.00
 -61104.083   171.516    -6.16    7.34
 -60736.293   167.087   -12.04    7.96
 -60368.585   162.912   -11.35    6.59
 -60000.960   161.466    -3.93    7.18
 -59633.416   161.115    -0.95    7.95
 -59265.955   160.191    -2.51    8.42
 -58898.576   157.991    -5.99    8.53
 -58531.279   152.324   -15.43    9.84
 -58164.064   145.573   -18.39   10.14
 -57796.931   139.861   -15.56    7.72
 -57429.880   137.505    -6.42    5.96
 -57062.911   136.584    -2.51    4.79
 -56696.023   135.297    -3.51    5.96
 -56329.218   131.814    -9.50    7.69
 -55962.493   128.000   -10.40    7.46
 -55595.851   123.854   -11.31    5.25
 -55229.290   120.406    -9.41    4.47
 -54862.811   118.262    -5.85    3.77
 -54496.413   116.022    -6.11    3.77
 -54130.096   113.759    -6.18    3.88
 -53763.861   112.398    -3.72    3.76
 -53397.707   110.605    -4.90    2.97
 -53031.634   109.213    -3.80    2.68
 -52665.643   108.543    -1.83    3.10
 -52299.733   107.475    -2.92    2.92
 -51933.903   106.743    -2.00    2.23
 -51568.155   106.687    -0.16    1.94
 -51202.488   106.398    -0.79    1.72
 -50836.902   106.621     0.61    2.36
 -50471.396   108.028     3.85    3.94
 -50105.972   110.288     6.19    5.44
 -49740.628   111.990     4.66    5.51
 -49375.365   112.098     0.30    5.49
 -49010.182   111.011    -2.98    4.93
 -48645.080   108.980    -5.56    4.12
 -48280.059   106.973    -5.50    2.24
 -47915.118   105.576    -3.83    2.46
 -47550.258   104.684    -2.44    1.97
 -47185.478   105.278     1.63    2.46
 -46809.505   105.557     0.74    2.39
 -46427.871   105.714     0.41    2.27
 -46046.327   105.130    -1.53    2.48
 -45664.873   104.128    -2.63    2.24
 -45283.508   103.961    -0.44    2.03
 -44902.233   103.278    -1.79    2.83
 -44521.046   101.592    -4.42    4.06
 -44139.950    99.245    -6.16    3.73
 -43758.942    97.767    -3.88    2.68
 -43378.024    96.501    -3.32    2.43
 -42997.195    95.961    -1.42    3.66
 -42616.455    94.191    -4.65    5.17
 -42235.804    91.687    -6.58    5.97
 -41855.242    88.271    -8.97    6.00
 -41474.769    85.326    -7.74    4.59
 -41094.384    82.554    -7.29    3.93
 -40714.089    79.530    -7.95    3.95
 -40333.882    76.316    -8.45    4.44
 -39953.764    73.691    -6.91    4.29
 -39573.734    70.891    -7.37    3.72
 -39193.793    68.806    -5.49    2.72
 -38813.940    67.784    -2.69    2.88
 -38434.176    69.711     5.07    5.86
 -38054.500    71.702     5.24    7.82
 -37674.913    70.145    -4.10   10.39
 -37295.413    66.574    -9.41   12.45
 -36916.002    59.796   -17.87    9.94
 -36536.679    56.005    -9.99    4.01
 -36157.444    56.432     1.13    3.37
 -35778.297    56.179    -0.67    3.79
 -35399.238    54.796    -3.65    4.19
 -35020.267    52.631    -5.71    3.51
 -34641.383    50.265    -6.25    2.63
 -34262.588    49.133    -2.99    2.53
 -33883.880    49.245     0.30    2.54
 -33505.259    49.466     0.58    2.72
 -33126.726    50.657     3.15    2.56
 -32748.281    51.813     3.05    1.93
 -32369.923    52.427     1.62    2.04
 -31991.653    53.011     1.54    2.48
 -31613.470    57.030    10.63    8.58
 -31235.374    63.753    17.78   13.69
 -30857.365    71.872    21.48   14.70
 -30479.443    78.500    17.54   12.31
 -30101.609    82.621    10.91    8.40
 -29723.861    82.201    -1.11    7.57
 -29346.201    79.900    -6.09    7.99
 -28968.627    79.301    -1.59    7.35
 -28591.141    81.237     5.13    8.60
 -28213.741    86.773    14.67    9.04
 -27836.428    90.666    10.32    5.67
 -27459.201    89.549    -2.96    6.12
 -27082.061    86.566    -7.91    6.62
 -26705.008    79.553   -18.60   10.97
 -26328.041    69.061   -27.83   16.02
 -25951.161    57.088   -31.77   15.61
 -25574.367    47.724   -24.85    9.88
 -25197.659    42.902   -12.80    3.79
 -24821.037    43.069     0.44    4.68
 -24444.502    43.753     1.82    4.95
 -24068.053    42.165    -4.22    6.74
 -23691.690    34.991   -19.06   12.73
 -23315.413    27.441   -20.06   13.17
 -22939.222    23.537   -10.38    9.66
 -22563.117    25.196     4.41    9.20
 -22187.098    29.663    11.88    6.32
 -21811.164    29.060    -1.60    6.01
 -21435.317    22.472   -17.53   10.79
 -21059.555    16.233   -16.60   11.72
 -20683.878     9.393   -18.21    9.53
 -20308.288     5.000   -11.70    7.89
 -19932.782     1.931    -8.17    4.96
 -19557.362     0.236    -4.52    1.12
 -19182.028     0.021    -0.57    0.63
 -18806.779    -0.059    -0.21    0.00
 -18431.615    -0.059     0.00    0.00
 -18056.536    -0.059     0.00    0.00
 -17681.543    -0.059     0.00    0.00
 -17306.635    -0.059     0.00    0.00
 -16931.811    -0.059     0.00    0.00
 -16557.073    -0.059     0.00    0.00
 -16182.420    -0.059     0.00    0.00
 -15807.851    -0.059     0.00    0.00
 -15433.367    -0.059     0.00    0.00
 -15058.969    -0.059     0.00    0.00
 -14684.654    -0.059     0.00    0.00
 -14310.425    -0.059     0.00    0.00
 -13936.280    -0.059     0.00    0.00
 -13562.219    -0.059     0.00    0.00
 -13188.244    -0.059     0.00    0.00
 -12814.352    -0.059     0.00    0.00
 -12440.545    -0.059     0.00    0.00
 -12066.822    -0.059     0.00    0.00
 -11693.183    -0.059     0.00    0.00
 -11319.629    -0.059     0.00    0.00
 -10946.159    -0.059     0.00    0.00
 -10572.773    -0.059     0.00    0.00
 -10199.471    -0.059     0.00    0.00
  -9826.253    -0.059     0.00    0.00
  -9453.118    -0.059     0.00    0.00
  -9080.068    -0.059     0.00    0.00
  -8707.101    -0.059     0.00    0.00
  -8334.219    -0.059     0.00    0.00
  -7961.420    -0.059     0.00    0.00
  -7588.704    -0.059     0.00    0.00
  -7216.072    -0.059     0.00    0.00
  -6843.524    -0.059     0.00    0.00
  -6471.059    -0.059     0.00    0.00
  -6098.678    -0.059     0.00    0.00
  -5726.380    -0.059     0.00    0.00
  -5354.165    -0.059     0.00    0.00
  -4982.033    -0.059     0.00    0.00
  -4609.985    -0.059     0.00    0.00
  -4238.020    -0.059     0.00    0.00
  -3866.138    -0.059     0.00    0.00
  -3494.339    -0.059     0.00    0.00
  -3122.623    -0.059     0.00    0.00
  -2750.990    -0.059     0.00    0.00
  -2379.439    -0.059     0.00    0.00
  -2007.972    -0.059     0.00    0.00
  -1636.587    -0.059     0.00    0.00
  -1265.285    -0.059     0.00    0.00
   -894.066    -0.059     0.00    0.00
   -522.929    -0.059     0.00    0.00
   -151.875    -0.059     0.00    0.00
    219.097    -0.059     0.00    0.00
    589.986    -0.059     0.00    0.00
    960.793    -0.059     0.00    0.00
   1331.518    -0.059     0.00    0.00
   1702.160    -0.059     0.00    0.00
   2072.720    -0.059     0.00    0.00
   2443.198    -0.059     0.00    0.00
   2813.594     0.147     0.56    0.74
   3183.908     0.638     1.33    1.64
   3554.140     1.481     2.27    2.70
   3924.289     3.173     4.57    4.29
   4294.357     5.138     5.31    5.27
   4664.343     6.421     3.47    5.43
   5034.248     8.353     5.22    5.12
   5404.070     9.689     3.61    4.60
   5773.811    10.381     1.87    3.58
   6143.471    10.881     1.35    2.73
   6513.048    10.833    -0.13    2.45
   6882.545    10.506    -0.88    3.65
   7251.959     9.286    -3.30    5.59
   7621.293     7.147    -5.79    5.99
   7990.545     4.764    -6.45    5.73
   8359.715     2.481    -6.18    4.00
   8728.805     1.021    -3.96    2.22
   9097.813     0.347    -1.83    1.37
   9466.740     2.357     5.45    5.94
   9835.586     6.513    11.27   10.30
  10204.351    10.902    11.90   11.35
  10573.035    16.072    14.02   11.03
  10941.638    22.882    18.48   12.72
  11310.160    25.632     7.46   14.26
  11678.602    29.120     9.47   14.21
  12046.962    31.071     5.30   13.27
  12415.242    31.951     2.39   10.72
  12783.441    32.281     0.90    8.17
  13151.560    33.268     2.68    6.87
  13519.598    34.595     3.61    5.78
  13887.555    37.092     6.79    5.38
  14255.432    37.245     0.42    6.05
  14623.229    34.452    -7.60    8.36
  14990.945    31.686    -7.52    8.04
  15358.581    30.341    -3.66    6.02
  15726.137    32.043     4.63    6.18
  16093.612    35.139     8.42    5.96
  16461.008    37.319     5.93    4.95
  16828.323    37.486     0.45    4.52
  17195.558    39.063     4.29    4.77
  17562.713    40.511     3.95    4.84
  17929.789    40.031    -1.31    6.36
  18296.784    38.033    -5.44    7.85
  18663.700    35.397    -7.19    6.90
  19030.535    35.039    -0.97    6.47
  19397.291    32.486    -6.96    8.12
  19763.968    27.519   -13.55   10.50
  20130.564    22.823   -12.81   11.46
  20497.082    21.791    -2.81   11.78
  20863.519    25.911    11.24   13.90
  21229.877    32.139    17.00   13.81
  21596.156    39.577    20.31   10.80
  21962.355    43.724    11.32    7.65
  22328.475    45.962     6.11    5.28
  22694.516    48.191     6.09    3.88
  23060.478    50.051     5.08    4.32
  23426.360    52.237     5.97    4.70
  23792.163    53.824     4.34    4.15
  24157.888    55.447     4.44    3.71
  24523.533    55.248    -0.54    3.67
  24889.099    54.890    -0.98    3.50
  25254.586    54.751    -0.38    3.70
  25619.995    54.100    -1.78    4.18
  25985.324    54.043    -0.15    4.35
  26350.575    53.091    -2.61    4.29
  26715.747    51.409    -4.61    3.35
  27080.841    50.081    -3.64    2.22
  27445.856    49.396    -1.88    1.55
  27816.592    49.901     1.36    2.30
  28198.056    49.831    -0.18    3.38
  28579.434    48.561    -3.33    4.33
  28960.724    47.386    -3.08    5.15
  29341.926    45.426    -5.14    4.88
  29723.042    43.501    -5.05    3.75
  30104.071    43.181    -0.84    3.39
  30485.012    43.191     0.03    2.84
  30865.867    43.931     1.94    2.00
  31246.634    44.021     0.24    1.60
  31627.315    43.811    -0.55    1.85
  32007.909    43.741    -0.18    1.96
  32388.416    44.251     1.34    2.02
  32768.837    44.911     1.74    1.86
  33149.170    46.071     3.05    2.74
  33529.418    49.041     7.81    5.75
  33909.578    54.075    13.24    8.16
  34289.653    59.691    14.78    8.17
  34669.641    64.281    12.08    5.51
  35049.542    66.391     5.55    4.35
  35429.357    67.467     2.83    3.13
  35809.086    67.731     0.70    3.46
  36188.729    67.370    -0.95    3.67
  36568.286    67.649     0.73    3.53
  36947.757    66.488    -3.06    3.75
  37327.141    63.729    -7.27    5.47
  37706.440    60.574    -8.32    6.17
  38085.653    57.679    -7.63    6.54
  38464.780    54.358    -8.76    5.81
  38843.821    52.341    -5.32    4.43
  39222.777    51.890    -1.19    4.12
  39601.647    52.739     2.24    4.06
  39980.431    52.642    -0.26    5.83
  40359.130    50.641    -5.28    7.55
  40737.743    49.229    -3.73    8.32
  41116.271    48.618    -1.61    8.41
  41494.713    48.546    -0.19    7.96
  41873.071    50.971     6.41    7.64
  42251.342    53.822     7.54    6.63
  42629.529    57.781    10.47    7.40
  43007.631    62.014    11.19    8.12
  43385.647    67.211    13.75    8.06
  43763.579    72.322    13.52    5.42
  44141.425    76.081     9.95    5.76
  44519.187    78.026     5.15    4.77
  44896.864    74.311    -9.83    8.20
  45274.456    67.931   -16.90   11.25
  45651.963    61.426   -17.23    9.36
  46029.385    58.508    -7.73    6.03
  46406.723    59.298     2.09    6.11
  46783.976    63.063     9.98    6.27
  47161.145    68.376    14.09    6.13
  47538.229    71.584     8.51    6.81
  47915.229    74.204     6.95    6.75
  48292.145    74.841     1.69    5.98
  48668.976    72.869    -5.24    5.24
  49045.723    69.831    -8.06    3.49
  49422.386    67.761    -5.50    3.94
  49798.965    66.042    -4.56    4.42
  50175.459    64.316    -4.58    4.16
  50551.870    64.171    -0.39    4.08
  50928.196    63.529    -1.71    3.69
  51304.439    62.411    -2.97    3.52
  51680.598    61.089    -3.52    4.29
  52056.673    59.436    -4.39    4.51
  52432.664    58.387    -2.79    5.21
  52808.572    57.861    -1.40    5.23
  53184.396    57.750    -0.30    5.03
  53560.136    57.011    -1.97    4.71
  53935.793    56.184    -2.20    4.29
  54311.367    56.768     1.56    5.41
  54686.857    56.560    -0.55    6.65
  55062.263    55.549    -2.69    6.66
  55437.587    55.299    -0.67    6.07
  55812.827    56.666     3.64    6.90
  56187.984    58.341     4.47    6.68
  56563.058    59.224     2.35    6.20
  56938.048    59.527     0.81    5.70
  57312.956    59.348    -0.48    4.19
  57687.781    60.731     3.69    3.75
  58062.522    62.096     3.64    2.59
  58437.181    63.186     2.91    3.48
  58811.757    65.296     5.63    4.32
  59186.251    67.461     5.78    5.27
  59560.661    70.479     8.06    7.13
  59934.989    74.071     9.60    9.17
  60309.234    77.393     8.88    9.11
  60683.397    78.801     3.76    7.45
  61057.478    78.014    -2.11    5.81
  61431.475    80.033     5.40    7.12
  61805.391    84.309    11.43    9.30
  62179.224    90.656    16.98    9.19
  62552.975    95.598    13.22    6.98
  62926.644    99.861    11.41    6.24
  63300.230   102.115     6.03    5.27
  63673.735   103.635     4.07    4.39
  64047.157   103.748     0.30    4.53
  64420.497   103.415    -0.89    4.65
  64793.756   103.291    -0.33    4.17
  65166.932   103.601     0.83    3.86
  65540.027   104.681     2.90    2.66
  65913.040   105.539     2.30    2.52
  66285.971   106.666     3.02    3.14
  66658.820   107.973     3.51    3.00
  67031.588   107.446    -1.41    3.53
  67404.274   104.880    -6.89    5.33
  67776.879   101.717    -8.49    5.49
  68149.402   100.125    -4.27    4.41
  68521.844    99.697    -1.15    4.51
  68894.204    99.952     0.69    5.46
  69266.483    99.995     0.12    6.94
  69638.681    98.721    -3.42    8.30
  70010.798    96.789    -5.19    8.49
  70382.833    93.721    -8.25    7.83
  70754.787    90.113    -9.70    6.58
  71126.661    86.991    -8.40    5.05
  71498.453    84.758    -6.01    5.05
  71870.164    82.628    -5.73    4.05
  72241.795    82.268    -0.97    4.22
  72613.344    82.701     1.17    4.83
  72984.813    83.543     2.27    5.61
  73356.201    84.911     3.68    4.77
  73727.508    84.595    -0.85    4.98
  74098.735    84.426    -0.46    5.16
  74469.881    85.491     2.87    6.29
  74840.947    87.996     6.75    7.93
  75211.932    91.237     8.74    7.27
  75582.836    94.275     8.19    6.33
  75953.661    96.186     5.15    5.43
  76324.405    98.184     5.39    6.23
  76695.068    99.715     4.13    6.80
  77065.652   100.133     1.13    7.64
  77436.155    98.615    -4.10    9.25
  77806.578    94.265   -11.74   11.21
  78176.921    87.854   -17.31   10.42
  78547.185    82.768   -13.74    8.72
  78917.368    78.072   -12.69    4.16
  79287.471    77.083    -2.67    3.10
  79657.494    77.535     1.22    3.25
  80027.438    79.679     5.79    3.54
  80397.301    82.077     6.48    3.67
  80767.086    84.171     5.66    4.00
  81136.790    85.760     4.30    4.12
  81506.415    87.106     3.64    4.13
  81875.960    87.220     0.31    3.35
  82245.426    87.420     0.54    2.50
  82614.812    88.952     4.15    3.60
  82984.119    91.522     6.96    4.81
  83353.346    93.135     4.37    4.58
  83722.494    94.707     4.26    3.64
  84091.563    95.148     1.19    3.18
  84460.553    94.758    -1.06    2.75
  84829.464    93.457    -3.53    2.25
  85198.295    92.356    -2.99    2.77
  85567.047    90.528    -4.95    3.44
  85935.721    88.513    -5.47    2.80
  86304.315    87.561    -2.58    1.89
  86672.831    88.098     1.46    2.50
  87041.268    88.702     1.64    2.77
  87409.625    89.452     2.04    2.84
  87777.905    89.993     1.47    2.82
  88146.105    90.452     1.25    2.80
  88514.227    91.237     2.13    2.30
  88882.270    91.587     0.95    2.47
  89250.235    91.401    -0.50    2.34
  89618.121    91.275    -0.34    2.24
  89985.928    91.517     0.66    2.13
  90353.658    92.710     3.24    2.86
  90721.309    94.487     4.83    3.37
  91088.881    95.921     3.90    2.99
  91456.376    95.229    -1.88    3.60
  91823.792    93.850    -3.75    3.62
  92191.130    93.441    -1.11    3.16
  92558.390    96.151     7.38    5.00
  92925.572    98.394     6.11    5.01
  93292.675    99.891     4.08    3.62
  93659.701   100.400     1.38    2.89
  94026.649    99.931    -1.28    2.50
  94393.519   100.780     2.31    2.79
  94760.312   101.489     1.93    2.91
  95127.026   100.962    -1.44    3.14
  95493.663   100.246    -1.95    3.16
  95860.222    99.618    -1.71    3.57
  96226.704    99.015    -1.65    4.18
  96593.108    98.395    -1.69    4.36
  96959.434    97.086    -3.57    5.15
  97325.683    96.410    -1.85    4.92
  97691.855    98.676     6.19    6.26
  98057.949   102.420    10.23    7.16
  98423.966   105.729     9.04    4.90
  98789.905   107.580     5.06    3.56
  99155.768   107.880     0.82    3.39
  99521.553   107.838    -0.11    3.04
  99887.261   108.566     1.99    2.47
 100252.892   108.635     0.19    2.94
 100618.446   108.365    -0.74    3.26
 100983.923   109.421     2.89    4.00
 101349.323   108.878    -1.49    4.91
 101714.646   107.482    -3.82    5.58
 102079.892   106.120    -3.73    6.38
 102445.787   104.533    -4.34    5.06
 102827.082   103.075    -3.82    3.72
 103208.293   102.699    -0.99    3.76
 103589.419   102.405    -0.77    3.60
 103970.460   103.035     1.65    4.61
 104351.415   106.240     8.41    7.04
 104732.286   110.335    10.75    7.70
 105113.073   113.379     7.99    7.40
 105493.774   115.026     4.33    7.05
 105874.391   114.744    -0.74    7.56
 106254.923   112.125    -6.88    8.68
 106635.371   109.541    -6.79    9.46
 107015.734   108.168    -3.61    7.53
 107396.012   108.482     0.83    8.32
 107776.206   108.973     1.29    8.07
 108156.316   109.212     0.63    7.13
 108536.342   110.054     2.21    8.84
 108916.283   111.341     3.39   11.65
 109296.140   114.106     7.28   14.34
 109675.913   117.156     8.03   13.69
 110055.602   120.837     9.70   11.61
 110435.207   121.952     2.94   10.25
 110814.728   119.370    -6.80   10.31
 111194.165   117.152    -5.85   11.56
 111573.518   114.230    -7.70   10.38
 111952.787   111.931    -6.06    8.13
 112331.973   110.531    -3.69    6.44
 112711.075   106.797    -9.85    9.74
 113090.093   101.299   -14.51   11.45
 113469.028    92.619   -22.90   14.27
 113847.879    80.608   -31.70   13.73
 114226.646    71.656   -23.63   11.80
 114605.331    63.962   -20.31    8.78
 114983.932    60.457    -9.26    8.93
 115362.449    58.265    -5.79    8.92
 115740.883    56.354    -5.05    8.55
 116119.235    55.636    -1.90    8.28
 116497.503    55.168    -1.24    6.84
 116875.687    53.299    -4.94    6.75
 117253.789    52.860    -1.16    6.39
 117631.808    52.921     0.16    6.33
 118009.744    52.098    -2.18    7.32
 118387.597    54.741     7.00    9.91
 118765.367    56.952     5.85   10.70
 119143.055    59.834     7.63   10.61
 119520.659    63.628    10.05    8.71
 119898.181    65.327     4.50    7.31
 120275.621    64.785    -1.43    6.59
 120652.978    59.710   -13.45   11.81
 121030.252    55.248   -11.83   11.93
 121407.444    53.458    -4.74   10.56
 121784.553    55.457     5.30   10.40
 122161.581    60.028    12.12    6.77
 122538.526    62.568     6.74    5.57
 122915.388    63.333     2.03    5.09
 123292.169    63.508     0.47    4.25
 123668.867    62.086    -3.78    5.12
 124045.483    57.612   -11.88    6.89
 124422.017    54.041    -9.48    7.18
 124798.470    49.396   -12.34    7.02
 125174.840    44.322   -13.48    6.41
 125551.128    41.605    -7.22    5.72
 125927.335    41.452    -0.41    6.54
 126303.460    43.972     6.70    8.42
 126679.503    47.409     9.14    8.38
 127055.465    51.550    11.01    6.71
 127431.344    53.431     5.00    4.47
 127807.143    55.077     4.38    4.13
 128182.860    55.420     0.91    5.56
 128558.495    56.931     4.02    6.89
 128934.049    58.552     4.32    7.26
 129309.522    58.619     0.18    7.26
 129684.913    56.941    -4.47    6.12
 130060.223    54.531    -6.42    5.01
 130435.452    55.202     1.79    4.81
 130810.600    55.636     1.16    4.23
 131185.667    56.394     2.02    4.26
 131560.652    58.828     6.49    4.92
 131935.557    60.224     3.72    6.15
 132310.381    61.485     3.36    4.46
 132685.124    61.333    -0.40    3.29
 133059.786    59.997    -3.57    3.52
 133434.367    59.850    -0.39    3.60
 133808.868    59.996     0.39    3.27
 134183.287    59.482    -1.37    3.91
 134557.627    58.186    -3.46    4.73
 134931.885    56.642    -4.12    4.02
 135306.064    56.931     0.77    4.72
 135680.161    59.482     6.82    5.85
 136054.179    64.441    13.26    8.61
 136428.116    68.535    10.95    8.78
 136801.972    70.794     6.04    7.50
 137175.749    72.723     5.16    5.33
 137549.445    71.036    -4.51    4.29
 137923.061    71.676     1.71    4.41
 138296.597    72.452     2.08    4.59
 138670.053    71.399    -2.82    5.31
 139043.428    69.431    -5.27    5.33
 139416.724    68.170    -3.38    4.97
 139789.940    67.261    -2.43    4.18
 140163.076    66.126    -3.04    5.27
 140536.133    64.396    -4.64    5.58
 140909.109    61.941    -6.58    4.98
 141282.006    59.539    -6.44    4.44
 141654.823    57.514    -5.43    4.43
 142027.561    56.426    -2.92    3.92
 142400.219    55.431    -2.67    4.02
 142772.798    54.619    -2.18    4.14
 143145.297    54.394    -0.60    4.14
 143517.717    54.671     0.74    4.24
 143890.057    55.773     2.96    4.87
 144262.318    57.838     5.55    4.59
 144634.500    58.483     1.73    4.75
 145006.602    57.792    -1.86    4.57
 145378.626    56.952    -2.26    4.25
 145750.570    56.590    -0.97    4.38
 146122.436    56.556    -0.09    4.56
 146494.222    57.430     2.35    4.60
 146865.929    57.748     0.85    4.06
 147237.558    57.431    -0.85    3.96
 147609.107    58.150     1.94    4.13
 147980.578    59.576     3.84    4.90
 148351.970    61.096     4.09    4.93
 148723.284    62.099     2.70    3.70
 149094.518    61.546    -1.49    3.47
 149465.674    61.215    -0.89    3.26
 149836.752    61.250     0.09    3.17
 150207.751    62.117     2.34    3.98
 150578.672    64.681     6.91    5.14
 150949.514    66.591     5.15    4.65
 151320.278    68.376     4.81    3.38
 151690.963    69.255     2.37    3.61
 152061.570    69.419     0.44    4.26
 152432.099    70.508     2.94    4.67
 152802.550    70.768     0.70    4.38
 153172.923    68.720    -5.53    5.06
 153543.218    66.750    -5.32    5.29
 153913.435    65.784    -2.61    6.18
 154283.573    66.202     1.13    7.08
 154653.634    68.762     6.92    7.35
 155023.617    70.275     4.09    6.10
 155393.522    71.354     2.92    4.33
 155763.350    72.503     3.10    4.74
 156133.099    73.322     2.22    6.47
 156502.771    75.447     5.75    7.84
 156872.366    76.854     3.81    7.81
 157241.882    78.171     3.56    7.06
 157611.322    78.426     0.69    6.02
 157980.683    79.369     2.55    5.46
 158349.968    80.899     4.14    6.01
 158719.175    83.144     6.08    6.45
 159088.304    84.598     3.94    6.54
 159457.357    85.246     1.76    6.40
 159826.332    85.191    -0.15    5.49
 160195.230    85.475     0.77    4.22
 160564.050    85.278    -0.53    2.49
 160932.794    84.576    -1.90    2.25
 161301.461    82.702    -5.08    3.39
 161670.050    80.452    -6.10    3.71
 162038.563    78.410    -5.54    2.34
 162406.999    77.003    -3.82    1.95
 162775.357    76.049    -2.59    3.01
 163143.640    74.735    -3.57    4.03
 163511.845    72.680    -5.58    3.69
 163879.974    69.792    -7.84    4.89
 164248.025    67.413    -6.46    4.61
 164616.001    67.168    -0.67    4.46
 164983.900    66.431    -2.00    4.36
 165351.722    68.189     4.78    5.22
 165719.468    69.636     3.94    5.12
 166087.137    72.367     7.43    5.05
 166454.730    75.316     8.02    4.87
 166822.246    77.207     5.14    5.00
 167189.687    78.727     4.14    5.00
 167557.051    79.975     3.40    4.26
 167924.339    81.636     4.52    5.94
 168291.550    84.072     6.63    7.76
 168658.686    88.739    12.71    8.67
 169025.746    92.505    10.26    7.89
 169392.729    94.782     6.20    6.08
 169759.637    95.735     2.60    5.22
 170126.469    96.485     2.04    4.77
 170493.224    96.675     0.52    4.52
 170859.904    97.407     2.00    4.08
 171226.509    98.650     3.39    3.80
 171593.037    99.984     3.64    3.46
 171959.490   101.004     2.78    3.29
 172325.867   101.047     0.12    3.89
 172692.169   100.452    -1.62    4.22
 173058.395    99.129    -3.61    4.41
 173424.545    98.199    -2.54    3.93
 173790.621    97.345    -2.33    2.74
 174156.620    97.579     0.64    1.93
 174522.545    98.556     2.67    1.68
 174888.394    98.952     1.08    1.53
 175254.168    98.712    -0.66    1.57
 175619.866    98.323    -1.06    1.70
 175985.490    97.898    -1.16    1.77
 176351.038    97.447    -1.24    1.77
 176716.511    96.604    -2.30    2.25
 177081.909    95.441    -3.18    2.93
 177459.045    94.373    -2.83    2.92
 177840.090    93.856    -1.36    2.96
 178221.052    93.175    -1.79    3.37
 178601.932    92.447    -1.91    3.95
 178982.728    90.333    -5.55    4.47
 179363.442    88.676    -4.35    4.17
 179744.074    87.941    -1.93    4.37
 180124.622    87.181    -2.00    4.55
 180505.089    86.021    -3.05    4.85
 180885.473    84.552    -3.86    4.66
 181265.774    82.941    -4.23    3.85
 181645.994    80.962    -5.20    3.14
 182026.131    79.530    -3.77    2.54
 182406.185    78.261    -3.34    2.74
 182786.158    76.490    -4.66    3.75
 183166.048    73.489    -7.90    4.93
 183545.857    70.275    -8.46    4.90
 183925.583    67.015    -8.58    4.62
 184305.228    63.865    -8.30    5.03
 184684.790    61.764    -5.53    4.59
 185064.271    60.601    -3.07    4.20
 185443.670    59.785    -2.15    4.78
 185822.987    59.811     0.07    5.35
 186202.222    60.358     1.44    6.66
 186581.376    59.365    -2.62    9.18
 186960.448    58.741    -1.65   11.53
 187339.439    57.016    -4.55   12.59
 187718.348    54.920    -5.53   11.27
 188097.176    53.006    -5.05    9.07
 188475.922    51.068    -5.12    7.07
 188854.587    50.490    -1.53    6.55
 189233.171    52.239     4.62    8.20
 189611.674    54.178     5.12    8.91
 189990.095    56.910     7.22    7.11
 190368.435    57.027     0.31    5.01
 190746.694    57.622     1.57    3.10
 191124.872    57.473    -0.39    2.33
 191502.970    57.405    -0.18    2.42
 191880.986    56.604    -2.12    2.86
 192258.921    55.099    -3.98    2.99
 192636.776    53.361    -4.60    3.29
 193014.549    52.835    -1.39    3.04
 193392.242    51.952    -2.34    2.61
 193769.855    52.046     0.25    3.07
 194147.387    52.213     0.44    3.28
 194524.838    52.141    -0.19    3.40
 194902.208    52.095    -0.12    2.79
 195279.499    53.299     3.19    2.10
 195656.708    53.580     0.74    1.72
 196033.838    54.005     1.13    1.96
 196410.887    54.126     0.32    1.97
 196787.856    53.388    -1.96    2.05
 197164.745    52.097    -3.43    2.87
 197541.553    49.101    -7.95    4.62
 197918.282    47.627    -3.91    5.17
 198294.930    47.026    -1.60    4.89
 198671.498    47.252     0.60    4.92
 199047.987    47.090    -0.43    4.37
 199424.395    44.481    -6.93    4.60
 199800.724    42.431    -5.45    5.68
 200176.972    42.208    -0.59    8.18
 200553.142    41.870    -0.90    9.70
 200929.231    42.486     1.64   10.45
 201305.241    42.410    -0.20   10.23
 201681.171    42.672     0.70   10.05
 202057.021    42.282    -1.04    9.53
 202432.792    39.792    -6.63    8.98
 202808.484    37.378    -6.43    6.66
 203184.096    36.234    -3.05    3.88
 203559.629    37.282     2.79    3.47
 203935.082    38.930     4.39    2.75
 204310.457    39.410     1.28    2.24
 204685.752    39.337    -0.19    2.16
 205060.967    38.636    -1.87    2.93
 205436.104    36.496    -5.70    4.83
 205811.162    33.362    -8.35    6.10
 206186.141    30.170    -8.51    5.45
 206561.040    29.495    -1.80    4.15
 206935.861    30.516     2.72    3.85
 207310.603    34.213     9.86    6.07
 207685.266    40.399    16.51    8.87
 208059.851    46.518    16.33    9.67
 208434.356    51.973    14.57    8.89
 208808.783    56.866    13.07    7.00
 209183.132    58.537     4.46    6.32
 209557.401    59.791     3.35    4.36
 209931.593    60.654     2.31    3.31
 210305.706    61.678     2.74    2.65
 210679.740    62.285     1.62    2.69
 211053.696    62.612     0.87    3.31
 211427.574    63.016     1.08    3.59
 211801.373    63.551     1.43    3.63
 212175.094    62.152    -3.74    4.67
 212548.737    60.919    -3.30    4.18
 212922.302    58.508    -6.45    4.35
 213295.789    55.548    -7.92    4.39
 213669.198    53.879    -4.47    4.22
 214042.529    51.920    -5.25    4.36
 214415.782    50.135    -4.78    4.97
 214788.956    49.161    -2.61    5.21
 215162.054    48.101    -2.84    5.07
 215535.073    47.737    -0.98    5.09
 215908.015    47.146    -1.59    6.02
 216280.878    45.329    -4.87    7.57
 216653.665    41.681    -9.78    7.98
 217026.373    39.888    -4.81    7.44
 217399.004    40.995     2.97    7.73
 217771.558    44.952    10.62    8.52
 218144.034    50.619    15.21    6.89
 218516.433    54.973    11.69    4.28
 218888.754    58.062     8.30    3.37
 219260.998    60.962     7.79    4.24
 219633.165    63.271     6.20    3.80
 220005.255    63.318     0.13    3.88
 220377.267    62.419    -2.42    4.61
 220749.202    59.463    -7.95    4.71
 221121.061    56.582    -7.75    3.30
 221492.842    54.372    -5.94    3.82
 221864.546    52.630    -4.68    3.24
 222236.173    52.457    -0.47    3.04
 222607.724    52.053    -1.09    2.74
 222979.197    51.868    -0.50    2.80
 223350.594    50.659    -3.25    2.98
 223721.914    48.802    -5.00    3.41
 224093.157    47.463    -3.61    3.91
 224464.324    44.746    -7.32    3.60
 224835.414    41.963    -7.50    4.35
 225206.427    38.963    -8.08    5.41
 225577.364    35.784    -8.57    4.53
 225948.225    33.339    -6.59    4.51
 226319.009    31.581    -4.74    4.45
 226689.717    29.753    -4.93    3.74
 227060.348    28.835    -2.48    2.44
 227430.903    28.997     0.44    2.94
 227801.382    29.307     0.84    4.26
 228171.785    29.246    -0.17    4.67
 228542.111    28.278    -2.61    5.27
 228912.362    26.006    -6.14    6.17
 229282.536    25.271    -1.98    7.42
 229652.635    24.647    -1.69    8.86
 230022.657    23.875    -2.09    8.28
 230392.604    23.199    -1.83    6.92
 230762.475    23.447     0.67    6.21
 231132.270    24.729     3.47    6.15
 231501.989    27.539     7.60    5.41
 231871.632    29.651     5.71    6.18
 232241.200    31.746     5.67    6.65
 232610.692    32.362     1.67    6.47
 232980.109    31.172    -3.22    5.99
 233349.450    29.027    -5.81    5.38
 233718.715    26.253    -7.51    5.66
 234087.905    23.268    -8.09    6.35
 234457.020    20.282    -8.09    6.05
 234826.059    18.232    -5.55    4.37
 235195.023    19.170     2.54    4.53
 235563.912    22.121     8.00    5.93
 235932.726    26.307    11.35    5.41
 236301.464    30.000    10.01    3.14
 236670.127    31.038     2.82    2.49
 237038.716    29.818    -3.31    3.92
 237407.229    26.468    -9.09    6.04
 237775.667    21.963   -12.22    6.60
 238144.030    15.887   -16.49    6.34
 238512.318    11.974   -10.62    5.35
 238880.532    10.748    -3.33    4.27
 239248.671    12.952     5.99    7.08
 239616.735    18.386    14.76   10.24
 239984.724    23.612    14.20   11.23
 240352.638    26.194     7.02   10.82
 240720.478    24.264    -5.25    9.34
 241088.244    21.760    -6.81    7.39
 241455.934    21.141    -1.68    5.86
 241823.551    22.354     3.30    5.81
 242191.092    24.876     6.86    5.42
 242558.560    26.802     5.24    5.52
 242925.953    29.106     6.27    6.36
 243293.272    30.619     4.12    7.34
 243660.516    32.297     4.57    8.11
 244027.687    33.707     3.84    7.70
 244394.783    34.849     3.11    7.57
 244761.805    35.984     3.09    6.18
 245128.753    36.508     1.43    4.44
 245495.627    36.005    -1.37    2.76
 245862.426    34.490    -4.13    3.07
 246229.152    32.797    -4.62    2.68
 246595.804    31.112    -4.60    2.66
 246962.382    29.297    -4.95    2.71
 247328.887    28.415    -2.41    2.59
 247695.317    29.234     2.23    3.45
 248061.674    31.092     5.07    4.69
 248427.957    32.459     3.73    4.54
 248794.167    31.768    -1.89    3.98
 249160.302    31.311    -1.25    3.80
 249526.365    33.235     5.25    5.85
 249892.354    36.803     9.75    7.89
 250258.269    39.548     7.50    7.43
 250624.111    40.665     3.05    6.21
 250989.879    43.885     8.80    7.55
 251355.574    50.352    17.68   11.16
 251721.196    58.555    22.43   12.52
 252093.810    66.101    20.25   10.48
 252474.691    72.137    15.84    8.29
 252855.491    77.133    13.12   10.23
 253236.210    83.677    17.19   13.97
 253616.849    88.697    13.19   12.03
 253997.407    91.976     8.61   10.46
 254377.885    95.718     9.83   13.58
 254758.282    98.930     8.44   17.57
 255138.599   102.856    10.32   18.68
 255518.836   106.852    10.51   16.55
 255898.993   108.824     5.19   14.93
 256279.069   108.730    -0.25   12.86
 256659.066   104.769   -10.42   13.16
 257038.982    94.238   -27.71   21.24
 257418.818    88.569   -14.92   24.83
 257798.575    84.656   -10.30   24.59
 258178.251    93.952    24.48   25.41
 258557.847   106.683    33.53   17.21
 258937.364   110.322     9.59    9.53
 259316.801   111.318     2.62    9.51
 259696.158   109.463    -4.89   11.50
 260075.436   101.769   -20.28   16.00
 260454.633    92.768   -23.73   19.06
 260833.752    82.544   -26.96   15.69
 261212.790    78.420   -10.88   10.44
 261591.750    79.441     2.70    8.66
 261970.630    80.327     2.34    8.98
 262349.430    84.981    12.29   11.44
 262728.151    86.880     5.01   11.80
 263106.793    87.071     0.50   12.66
