-195307.748   500.545     0.00    8.70
-194937.768   492.395   -22.03   10.22
-194567.848   484.310   -21.86   13.77
-194197.985   473.653   -28.82   17.56
-193828.181   461.722   -32.27   18.91
-193458.435   453.532   -22.15   16.22
-193088.747   452.801    -1.98   18.07
-192719.117   461.146    22.58   24.94
-192349.546   473.441    33.27   24.10
-191980.032   485.060    31.45   17.51
-191610.577   489.041    10.78   14.18
-191241.180   490.853     4.91   15.31
-190871.841   498.519    20.76   16.07
-190502.559   508.639    27.41   14.07
-190133.336   519.085    28.30   13.06
-189764.171   525.192    16.54    9.43
-189395.064   523.268    -5.21   12.52
-189026.014   516.666   -17.89   15.62
-188657.023   507.239   -25.55   17.83
-188288.089   499.500   -20.98   20.43
-187919.213   489.195   -27.94   22.52
-187550.395   479.347   -26.71   22.45
-187181.634   468.441   -29.58   23.00
-186812.932   456.555   -32.24   23.70
-186444.287   439.948   -45.06   25.48
-186075.700   427.065   -34.96   23.74
-185707.170   416.268   -29.30   20.70
-185338.698   409.558   -18.21   23.36
-184970.284   399.704   -26.75   20.18
-184601.927   402.360     7.21   27.76
-184233.627   420.255    48.60   43.10
-183865.386   438.708    50.12   44.74
-183497.201   461.748    62.59   43.95
-183129.075   468.960    19.60   45.38
-182761.005   470.455     4.06   42.76
-182392.993   475.175    12.83   38.66
-182025.038   485.175    27.18   35.54
-181657.141   498.403    35.96   27.98
-181289.301   508.037    26.19   16.45
-180920.674   511.103     8.32   12.24
-180541.051   505.019   -16.03   13.86
-180161.490   496.801   -21.66   17.13
-179781.990   489.908   -18.17   20.06
-179402.552   479.087   -28.52   24.06
-179023.175   469.401   -25.53   24.36
-178643.859   462.834   -17.32   22.95
-178264.605   459.091    -9.87   18.47
-177885.412   456.015    -8.11   19.50
-177506.280   450.321   -15.02   26.21
-177127.209   433.401   -44.64   33.18
-176748.200   412.389   -55.45   28.11
-176369.252   399.575   -33.82   25.59
-175990.365   394.347   -13.80   31.81
-175611.539   398.634    11.32   40.21
-175232.774   406.005    19.46   43.80
-174854.070   409.935    10.38   36.79
-174475.428   420.726    28.50   27.01
-174096.846   425.753    13.28   23.98
-173718.325   425.809     0.15   31.02
-173339.865   427.443     4.32   34.17
-172961.466   427.172    -0.72   31.34
-172583.128   421.503   -14.99   28.37
-172204.850   407.015   -38.31   28.26
-171826.634   389.560   -46.16   29.98
-171448.478   367.041   -59.56   33.86
-171070.383   329.847   -98.39   48.10
-170692.349   293.607   -95.88   57.46
-170314.376   258.539   -92.79   47.97
-169936.463   245.591   -34.27   34.98
-169558.610   253.888    21.96   38.58
-169180.819   279.321    67.33   43.46
-168803.088   308.594    77.51   35.35
-168425.417   324.032    40.88   31.00
-168047.807   330.739    17.77   31.36
-167670.257   332.933     5.81   30.99
-167292.768   338.243    14.07   27.43
-166915.340   350.375    32.15   24.46
-166537.971   364.961    38.66   20.58
-166160.663   379.416    38.31   17.84
-165783.416   388.927    25.22   14.34
-165406.229   398.064    24.23   13.01
-165029.102   405.726    20.32   15.08
-164652.035   409.807    10.82   14.84
-164275.028   406.780    -8.03   16.26
-163898.082   396.190   -28.10   20.49
-163521.196   384.722   -30.43   17.64
-163144.370   380.388   -11.50   15.20
-162767.604   391.652    29.90   34.47
-162390.898   416.375    65.64   41.15
-162014.252   434.065    46.97   34.74
-161637.666   443.188    24.23   23.31
-161261.140   437.142   -16.06   20.54
-160884.674   421.219   -42.30   23.94
-160508.268   401.197   -53.20   22.04
-160131.922   383.601   -46.76   20.12
-159755.636   368.005   -41.45   16.55
-159379.409   357.936   -26.77   16.30
-159003.243   351.010   -18.42   19.21
-158627.136   350.827    -0.49   22.79
-158251.089   357.224    17.01   27.24
-157875.102   367.459    27.23   26.24
-157499.174   369.185     4.59   20.75
-157123.306   360.288   -23.68   28.51
-156747.498   338.908   -56.90   34.16
-156371.749   319.017   -52.94   27.68
-155996.060   307.161   -31.56   27.38
-155620.430   292.589   -38.80   30.93
-155244.860   287.881   -12.54   32.68
-154869.349   281.224   -17.73   31.28
-154493.898   276.073   -13.72   30.18
-154118.506   272.717    -8.94   31.65
-153743.174   270.902    -4.84   33.40
-153367.901   273.172     6.05   37.64
-152992.687   280.267    18.91   45.23
-152617.533   292.429    32.42   51.63
-152242.438   314.594    59.10   48.57
-151867.402   338.253    63.09   36.56
-151492.426   352.234    37.29   22.12
-151117.508   352.921     1.83   14.87
-150742.650   346.751   -16.46   14.50
-150367.851   335.993   -28.71   19.40
-149993.111   324.586   -30.44   20.01
-149618.430   306.041   -49.50   32.61
-149243.809   273.964   -85.64   46.63
-148869.246   246.059   -74.51   45.22
-148494.742   215.566   -81.43   32.48
-148120.297   200.775   -39.51   21.09
-147745.912   204.888    10.99   23.94
-147371.585   215.942    29.53   26.68
-146997.317   236.902    56.01   30.75
-146623.108   269.077    85.99   46.50
-146248.957   287.091    48.15   45.54
-145874.866   282.023   -13.55   51.75
-145500.833   275.322   -17.92   54.74
-145126.859   268.607   -17.96   51.46
-144752.944   286.961    49.09   54.11
-144379.087   328.169   110.24   56.12
-144005.289   360.855    87.45   57.42
-143631.550   383.938    61.77   48.29
-143257.869   397.468    36.21   41.00
-142884.247   389.760   -20.63   38.91
-142510.683   376.841   -34.59   39.97
-142137.178   363.737   -35.09   51.89
-141763.732   328.695   -93.85   69.77
-141390.344   290.515  -102.26   62.44
-141017.014   262.135   -76.03   43.10
-140643.743   245.347   -44.98   26.58
-140270.530   242.645    -7.24   25.91
-139897.375   250.621    21.38   30.96
-139524.279   275.172    65.81   45.08
-139151.241   299.128    64.23   54.08
-138778.262   310.881    31.52   51.20
-138405.340   322.279    30.57   54.31
-138032.477   329.840    20.28   58.17
-137659.672   346.050    43.49   61.73
-137286.925   373.087    72.54   54.62
-136914.236   390.498    46.72   46.66
-136541.606   401.208    28.75   40.47
-136169.033   412.443    30.16   36.61
-135796.519   422.121    25.98   37.20
-135424.062   422.744     1.67   33.37
-135051.664   412.732   -26.89   37.73
-134679.323   399.241   -36.24   39.74
-134307.041   385.575   -36.71   28.60
-133934.816   389.895    11.61   28.97
-133562.649   398.646    23.52   30.30
-133190.540   407.361    23.42   28.81
-132818.489   408.075     1.92   27.24
-132446.496   397.801   -27.62   29.31
-132074.560   379.012   -50.52   28.00
-131702.682   358.415   -55.39   27.55
-131330.862   339.732   -50.25   21.29
-130959.100   330.794   -24.05   20.52
-130587.395   325.614   -13.94   26.79
-130215.748   323.523    -5.63   33.07
-129844.158   316.703   -18.36   36.69
-129472.626   307.238   -25.48   37.99
-129101.152   293.484   -37.03   35.43
-128729.735   284.566   -24.01   36.59
-128358.375   278.471   -16.42   39.08
-127987.073   268.158   -27.78   42.66
-127615.829   253.799   -38.68   42.68
-127244.642   247.429   -17.16   43.63
-126873.512   244.868    -6.90   48.80
-126502.440   243.618    -3.37   52.19
-126131.425   248.580    13.38   59.95
-125760.467   257.238    23.34   69.86
-125389.567   267.861    28.65   74.46
-125018.723   268.777     2.47   75.02
-124647.937   228.077  -109.78   91.19
-124277.209   194.527   -90.51   81.86
-123906.537   176.145   -49.60   62.82
-123535.923   194.236    48.82   68.95
-123165.365   250.848   152.79   64.73
-122794.865   287.403    98.68   40.05
-122424.422   278.401   -24.30   52.03
-122054.036   260.083   -49.46   57.35
-121683.706   233.815   -70.94   59.80
-121313.434   210.580   -62.76   60.94
-120943.219   174.961   -96.22   71.12
-120573.061   141.805   -89.58   66.27
-120202.959   126.104   -42.43   46.59
-119832.915   132.722    17.88   49.15
-119462.927   169.645    99.81   52.99
-119092.996   203.277    90.93   33.38
-118723.122   203.739     1.25   44.68
-118353.305   178.041   -69.50   59.73
-117983.544   153.895   -65.31   56.52
-117613.840   146.515   -19.96   51.76
-117244.193   159.676    35.61   55.52
-116874.602   186.318    72.09   55.85
-116505.068   213.142    72.59   49.83
-116135.591   236.121    62.20   43.03
-115766.170   255.224    51.72   33.85
-115396.806   269.530    38.73   20.14
-115027.498   271.840     6.26   14.37
-114658.247   270.783    -2.86   13.51
-114289.053   269.889    -2.42   15.11
-113919.914   269.041    -2.30   18.28
-113550.832   273.944    13.29   20.54
-113181.807   278.652    12.76   20.13
-112812.838   281.944     8.92   14.39
-112443.925   282.486     1.47   13.86
-112075.069   289.791    19.81   18.79
-111706.269   299.208    25.54   19.22
-111337.525   307.764    23.20   15.40
-110968.837   312.222    12.09   13.90
-110600.206   314.107     5.11   13.46
-110231.630   307.472   -18.00   14.98
-109863.111   298.160   -25.27   22.36
-109494.648   276.736   -58.15   30.59
-109126.241   267.632   -24.71   30.01
-108757.890   272.291    12.65   39.70
-108389.596   298.475    71.10   48.29
-108021.357   318.666    54.84   38.87
-107653.174   328.560    26.88   36.10
-107285.047   322.416   -16.69   41.38
-106916.976   310.946   -31.17   38.70
-106548.961   289.458   -58.39   54.84
-106181.002   260.389   -79.01   53.64
-105803.146   248.248   -32.13   43.85
-105423.710   241.469   -17.87   34.10
-105044.335   235.347   -16.14   41.83
-104665.019   221.726   -35.91   43.37
-104285.763   213.050   -22.88   32.62
-103906.566   227.658    38.53   36.20
-103527.430   253.988    69.45   44.17
-103148.353   278.347    64.26   42.04
-102769.335   298.097    52.11   42.00
-102390.378   312.375    37.68   46.44
-102011.480   325.318    34.16   46.28
-101632.641   339.819    38.28   40.86
-101253.862   342.775     7.80   29.03
-100875.142   341.023    -4.62   21.89
-100496.482   333.210   -20.64   22.32
-100117.882   329.909    -8.72   20.70
 -99739.341   331.662     4.63   18.95
 -99360.859   325.628   -15.94   26.08
 -98982.436   303.875   -57.49   48.24
 -98604.073   266.472   -98.86   55.18
 -98225.769   240.041   -69.87   35.03
 -97847.525   235.008   -13.31   33.13
 -97469.340   247.083    31.93   38.33
 -97091.213   260.121    34.48   38.73
 -96713.147   273.772    36.11   32.18
 -96335.139   276.060     6.05   24.25
 -95957.190   272.758    -8.74   20.68
 -95579.301   270.895    -4.93   17.00
 -95201.470   269.148    -4.62   13.07
 -94823.699   272.248     8.21   12.41
 -94445.987   276.731    11.87   10.06
 -94068.333   280.505     9.99   10.57
 -93690.739   292.772    32.49   17.40
 -93313.203   311.075    48.48   22.98
 -92935.727   331.744    54.76   26.76
 -92558.309   344.431    33.62   23.34
 -92180.950   342.212    -5.88   28.55
 -91803.650   326.936   -40.49   29.34
 -91426.409   308.611   -48.58   22.66
 -91049.227   294.183   -38.25   17.27
 -90672.103   284.797   -24.89   13.76
 -90295.038   278.666   -16.26   12.63
 -89918.031   277.117    -4.11   15.49
 -89541.084   273.942    -8.42   18.30
 -89164.195   274.242     0.80   21.51
 -88787.364   273.591    -1.73   23.09
 -88410.592   273.839     0.66   23.31
 -88033.879   270.881    -7.85   23.72
 -87657.224   267.403    -9.24   19.48
 -87280.628   264.902    -6.64   14.03
 -86904.090   266.111     3.21   11.44
 -86527.610   271.958    15.53    7.97
 -86151.189   274.046     5.55    6.90
 -85774.826   273.236    -2.15    8.65
 -85398.522   268.739   -11.95   10.42
 -85022.276   263.520   -13.87   11.10
 -84646.088   257.753   -15.33   12.00
 -84269.959   253.492   -11.33   11.18
 -83893.887   253.726     0.62   13.79
 -83517.874   253.462    -0.70   15.12
 -83141.919   252.604    -2.28   15.55
 -82766.023   249.008    -9.57   16.54
 -82390.184   238.457   -28.08   21.07
 -82014.404   223.097   -40.88   28.17
 -81638.681   206.128   -45.17   28.64
 -81263.017   195.868   -27.31   22.54
 -80887.410   196.264     1.05   23.09
 -80511.862   206.292    26.71   25.89
 -80136.371   225.192    50.34   32.98
 -79760.939   248.881    63.10   42.82
 -79385.564   274.786    69.02   42.52
 -79010.247   299.668    66.30   38.43
 -78634.989   318.669    50.64   28.91
 -78259.787   331.948    35.39   25.14
 -77884.644   338.708    18.02   22.99
 -77509.559   339.416     1.89   22.40
 -77134.531   342.825     9.09   22.07
 -76759.561   350.854    21.41   24.07
 -76384.648   370.107    51.36   26.87
 -76009.794   393.101    61.34   29.56
 -75634.996   430.717   100.37   42.09
 -75260.257   466.607    95.78   48.57
 -74885.575   505.279   103.22   40.07
 -74510.951   526.262    56.02   21.18
 -74136.384   526.334     0.19   19.75
 -73761.874   510.489   -42.31   30.64
 -73387.422   479.442   -82.92   40.16
 -73013.028   445.522   -90.61   40.81
 -72638.691   410.735   -92.94   37.63
 -72264.411   382.507   -75.42   26.74
 -71890.189   359.902   -60.41   22.09
 -71516.024   342.433   -46.69   17.29
 -71141.916   327.591   -39.67   16.25
 -70767.866   314.250   -35.67   14.05
 -70393.872   302.625   -31.09   13.08
 -70019.936   291.111   -30.79   12.58
 -69646.058   281.291   -26.27   12.89
 -69272.236   273.347   -21.25   11.83
 -68898.472   266.125   -19.32   11.23
 -68524.764   258.909   -19.31   10.43
 -68151.114   253.972   -13.21    9.39
 -67777.521   247.566   -17.15    9.93
 -67403.985   242.037   -14.80   10.59
 -67030.505   234.731   -19.56   13.40
 -66657.083   227.431   -19.55   13.86
 -66283.718   219.208   -22.03   12.16
 -65910.410   214.375   -12.95    7.54
 -65537.158   214.075    -0.80    9.16
 -65163.964   218.097    10.78   13.21
 -64790.826   222.132    10.81   14.94
 -64417.745   225.703     9.57   16.47
 -64044.721   222.625    -8.25   15.91
 -63671.754   220.558    -5.54   13.85
 -63298.843   224.512    10.60   12.48
 -62925.989   227.628     8.36   11.58
 -62553.192   231.128     9.39    9.60
 -62180.452   230.194    -2.51   11.49
 -61807.768   224.819   -14.42   12.41
 -61435.141   221.333    -9.36   12.63
 -61062.570   220.530    -2.16   13.14
 -60690.056   220.811     0.76   13.07
 -60317.598   219.107    -4.58   13.51
 -59945.197   214.375   -12.71   14.06
 -59572.852   214.760     1.04   16.91
 -59200.564   223.791    24.26   27.29
 -58828.332   242.075    49.12   37.24
 -58456.157   269.772    74.42   41.16
 -58084.038   294.592    66.70   34.46
 -57711.975   309.145    39.12   23.41
 -57339.969   318.286    24.57   15.48
 -56968.019   317.801    -1.30   16.01
 -56596.125   316.390    -3.80   17.83
 -56224.288   314.788    -4.31   18.33
 -55852.506   313.950    -2.25   16.54
 -55480.781   310.908    -8.19   17.06
 -55109.112   306.196   -12.68   16.60
 -54737.499   301.442   -12.79   14.60
 -54365.943   297.463   -10.71   15.32
 -53994.442   289.577   -21.23   22.12
 -53622.997   279.617   -26.82   26.50
 -53251.609   267.183   -33.48   27.28
 -52880.276   256.432   -28.95   25.74
 -52508.999   249.069   -19.83   24.97
 -52137.779   242.938   -16.52   24.46
 -51766.614   239.000   -10.61   26.58
 -51395.505   239.319     0.86   30.28
 -51024.452   241.375     5.54   31.02
 -50653.455   244.736     9.06   29.09
 -50282.514   250.055    14.34   25.61
 -49911.628   258.014    21.46   24.24
 -49540.798   266.069    21.72   18.01
 -49170.024   268.611     6.86   15.09
 -48799.306   263.621   -13.46   21.96
 -48428.643   254.041   -25.85   26.26
 -48058.037   241.389   -34.14   26.94
 -47687.485   227.334   -37.93   23.08
 -47316.990   220.936   -17.27   18.46
 -46946.549   219.456    -4.00   19.11
 -46576.165   223.234    10.20   24.24
 -46205.836   231.277    21.72   24.45
 -45835.562   236.375    13.77   18.14
 -45465.344   226.319   -27.16   28.21
 -45095.182   205.614   -55.94   34.62
 -44725.075   186.416   -51.87   27.25
 -44355.023   175.708   -28.94   20.31
 -43985.027   181.348    15.24   23.45
 -43615.086   194.639    35.93   25.62
 -43245.200   203.996    25.30   26.56
 -42875.370   216.522    33.87   21.14
 -42505.595   227.908    30.79   15.46
 -42135.875   235.948    21.75   16.80
 -41766.210   246.135    27.56   21.32
 -41396.601   256.511    28.07   18.96
 -41027.047   266.388    26.73   15.69
 -40657.548   274.920    23.09   13.24
 -40288.104   285.201    27.83   16.78
 -39918.715   293.554    22.61   12.56
 -39549.381   292.535    -2.76   12.41
 -39180.103   284.860   -20.78   17.71
 -38810.879   270.902   -37.81   18.79
 -38441.710   262.022   -24.05   14.20
 -38072.597   263.631     4.36   15.67
 -37703.538   269.070    14.74   16.99
 -37334.534   273.895    13.08   13.06
 -36965.585   274.520     1.69   13.36
 -36596.691   271.694    -7.66   13.32
 -36227.852   269.853    -4.99   13.72
 -35859.067   269.276    -1.57   13.16
 -35490.338   266.832    -6.63   14.04
 -35121.663   261.652   -14.05   20.07
 -34753.043   251.882   -26.51   23.01
 -34384.478   239.111   -34.65   23.38
 -34015.967   223.960   -41.11   22.68
 -33647.511   206.611   -47.09   21.46
 -33279.110   190.875   -42.72   19.04
 -32910.763   177.825   -35.43   12.78
 -32542.471   168.203   -26.13    8.76
 -32174.233   162.444   -15.64    9.62
 -31806.050   156.220   -16.91   10.19
 -31437.922   152.180   -10.97    9.53
 -31062.462   151.003    -3.13   10.53
 -30683.148   152.597     4.20   13.46
 -30303.893   154.139     4.07   15.21
 -29924.695   155.070     2.46   15.14
 -29545.556   159.265    11.06   15.69
 -29166.475   165.330    16.00   16.42
 -28787.452   168.641     8.74   15.88
 -28408.487   171.193     6.73   15.47
 -28029.580   168.807    -6.30   14.50
 -27650.731   164.603   -11.10   13.85
 -27271.940   161.847    -7.28   14.39
 -26893.207   158.065    -9.99   13.72
 -26514.533   157.741    -0.86   11.65
 -26135.916   158.680     2.48   10.61
 -25757.357   161.769     8.16   11.09
 -25378.856   159.611    -5.70   11.75
 -25000.412   151.448   -21.57   19.08
 -24622.027   134.635   -44.43   30.01
 -24243.699   113.447   -56.01   22.97
 -23865.430   105.093   -22.09   15.66
 -23487.217   105.160     0.18   17.49
 -23109.063   109.014    10.19   19.93
 -22730.966   110.652     4.33   19.66
 -22352.927   108.966    -4.46   16.66
 -21974.946   106.166    -7.41   13.47
 -21597.022   103.575    -6.86   13.64
 -21219.156   102.839    -1.95   13.49
 -20841.348   101.389    -3.84   14.66
 -20463.597   104.780     8.98   16.53
 -20085.903   110.534    15.23   16.52
 -19708.267   118.264    20.47   16.61
 -19330.688   124.517    16.56   14.30
 -18953.167   130.986    17.13   14.48
 -18575.703   142.580    30.72   16.77
 -18198.297   152.079    25.17   20.60
 -17820.948   162.964    28.85   22.19
 -17443.656   172.217    24.53   22.12
 -17066.422   178.361    16.29   21.08
 -16689.244   178.509     0.39   20.01
 -16312.124   172.855   -14.99   20.06
 -15935.062   163.389   -25.10   16.55
 -15558.056   153.944   -25.05   16.42
 -15181.108   144.346   -25.46   15.17
 -14804.216   138.777   -14.78   15.43
 -14427.382   133.208   -14.78   13.20
 -14050.605   128.014   -13.79   12.48
 -13673.885   124.916    -8.22   12.51
 -13297.222   123.755    -3.08   12.90
 -12920.616   125.389     4.34   13.74
 -12544.067   126.186     2.12   13.68
 -12167.575   127.433     3.31   12.10
 -11791.139   131.639    11.18   10.91
 -11414.761   131.924     0.76   12.21
 -11038.439   136.432    11.98   13.47
 -10662.175   140.083     9.70   14.36
 -10285.967   137.946    -5.68   13.72
  -9909.816   132.417   -14.70   16.98
  -9533.722   121.713   -28.46   18.23
  -9157.684   114.910   -18.09   15.52
  -8781.703   113.250    -4.42   14.70
  -8405.779   117.746    11.96   14.68
  -8029.911   123.292    14.76   11.76
  -7654.101   124.242     2.53    9.20
  -7278.346   125.199     2.55    7.65
  -6902.649   124.830    -0.98    8.99
  -6527.007   124.969     0.37    8.58
  -6151.423   126.128     3.09    5.52
  -5775.894   123.527    -6.93    7.19
  -5400.423   115.699   -20.85   12.76
  -5025.007   104.839   -28.93   14.82
  -4649.649    93.037   -31.44   13.24
  -4274.346    81.924   -29.61   12.75
  -3899.100    71.944   -26.60   12.98
  -3523.910    62.614   -24.87   12.07
  -3148.777    54.583   -21.41    8.88
  -2773.700    49.275   -14.15    7.07
  -2398.679    45.755    -9.39    6.21
  -2023.714    39.698   -16.15    9.20
  -1648.805    29.375   -27.54   15.15
  -1273.953    18.169   -29.89   16.63
   -899.157     7.929   -27.32   12.35
   -524.417     0.610   -19.53    4.04
   -149.733    -0.625    -3.30    0.00
    224.895    -0.625     0.00    0.00
    599.467    -0.516     0.29    0.54
    973.982    -0.483     0.09    0.60
   1348.442     0.222     1.88    2.12
   1722.846     2.222     5.34    3.69
   2097.194     4.361     5.71    4.29
   2471.486     7.022     7.11    4.05
   2845.722     8.769     4.67    4.37
   3219.902     9.572     2.15    4.63
   3594.026     9.575     0.01    4.70
   3968.095     8.882    -1.85    4.54
   4342.108     7.759    -3.00    3.82
   4716.065     7.664    -0.25    3.49
   5089.966     9.479     4.85    3.72
   5463.811    10.037     1.49    3.35
   5837.601    10.075     0.10    2.44
   6211.335     9.277    -2.13    1.89
   6585.014     8.760    -1.38    1.69
   6958.637     8.431    -0.88    1.57
   7332.204     8.318    -0.30    1.48
   7705.716     9.014     1.86    2.12
   8079.172    10.152     3.05    2.78
   8452.573    11.121     2.59    2.89
   8825.918    12.484     3.65    2.85
   9199.208    13.517     2.77    2.60
   9572.443    14.486     2.59    2.02
   9945.621    15.201     1.92    1.80
  10318.745    15.291     0.24    1.56
  10691.813    18.139     7.63    8.99
  11064.826    31.403    35.56   24.60
  11437.784    51.242    53.19   31.40
  11810.686    66.143    39.96   25.05
  12183.533    72.223    16.31   17.17
  12556.325    60.201   -32.25   23.92
  12929.062    45.679   -38.96   18.70
  13301.743    42.346    -8.94   16.34
  13674.369    48.332    16.06   19.67
  14046.941    59.501    29.98   19.83
  14419.457    72.346    34.48   14.89
  14791.918    80.544    22.01    8.61
  15164.324    85.769    14.03    6.16
  15536.674    86.572     2.16    6.31
  15908.970    85.853    -1.93    7.10
  16281.211    87.617     4.74    7.37
  16653.397    89.652     5.47    7.27
  17025.528    89.432    -0.59    6.75
  17397.605    86.966    -6.63    7.95
  17769.626    84.244    -7.32    8.27
  18141.592    76.727   -20.21   12.03
  18513.504    73.036    -9.92   11.60
  18885.361    75.578     6.83   11.64
  19257.163    79.236     9.84   11.82
  19628.910    85.830    17.74    6.38
  20000.603    86.544     1.92    8.38
  20372.240    85.882    -1.78    9.25
  20743.824    85.963     0.22    9.02
  21115.352    89.473     9.45    9.25
  21486.826    91.946     6.66    9.08
  21858.245    94.694     7.40    8.41
  22229.610    98.932    11.41    8.56
  22600.920   100.772     4.96    9.96
  22972.176   102.975     5.93    9.64
  23343.377   103.320     0.93    9.52
  23714.524   100.317    -8.09   10.38
  24085.616    98.290    -5.46   10.54
  24456.654    94.473   -10.29   11.60
  24827.637    89.332   -13.86   13.00
  25198.566    85.192   -11.16   12.50
  25569.441    81.503    -9.94    9.28
  25940.261    81.132    -1.00    8.45
  26311.027    85.389    11.48   10.25
  26681.739    90.660    14.22    9.74
  27052.397    92.501     4.97    8.59
  27423.000    95.952     9.31    7.35
  27793.549    97.431     3.99    6.21
  28164.044    97.375    -0.15    6.75
  28534.485    97.896     1.41    7.89
  28904.871    99.431     4.14    8.14
  29275.204   101.419     5.37    9.20
  29645.482   107.251    15.75   12.08
  30015.706   115.329    21.82   10.28
  30385.877   120.537    14.07    6.73
  30755.993   124.450    10.57    5.36
  31126.055   128.142     9.97    7.17
  31496.064   132.610    12.08    6.66
  31866.018   136.128     9.51    4.70
  32235.919   137.728     4.32    2.62
  32605.765   136.751    -2.64    2.71
  32975.558   135.890    -2.33    2.08
  33345.297   136.143     0.68    2.30
  33714.982   135.807    -0.91    2.70
  34084.614   135.051    -2.05    3.54
  34454.191   132.809    -6.06    4.58
  34823.715   131.139    -4.52    4.76
  35193.185   129.954    -3.20    5.05
  35562.602   131.264     3.54    5.73
  35931.964   133.795     6.85    4.18
  36301.274   133.224    -1.55    5.01
  36670.529   130.317    -7.87    6.93
  37039.731   123.276   -19.07   10.21
  37408.879   117.070   -16.81    9.59
  37777.974   116.713    -0.97   10.69
  38147.015   120.789    11.05   12.87
  38516.003   124.741    10.71   11.71
  38884.938   126.431     4.58   12.85
  39253.818   122.404   -10.92   17.87
  39622.646   112.675   -26.38   22.73
  39991.420   103.975   -23.59   21.79
  40360.140    93.303   -28.94   17.39
  40728.808    85.375   -21.51    6.63
  41097.422    83.755    -4.39    2.72
  41465.982    82.666    -2.95    1.89
  41834.490    82.417    -0.68    1.32
  42202.944    82.475     0.16    1.26
  42571.345    83.289     2.21    1.50
  42939.692    84.189     2.44    1.73
  43307.987    86.527     6.35    3.48
  43681.264    89.107     6.91    4.55
  44060.460    92.117     7.94    4.78
  44439.599    94.520     6.34    3.84
  44818.681    95.998     3.90    2.31
  45197.707    97.093     2.89    2.26
  45576.676    97.845     1.98    2.63
  45955.588    98.066     0.58    2.85
  46334.444    98.361     0.78    3.18
  46713.244    98.065    -0.78    3.54
  47091.986    98.206     0.37    3.66
  47470.673    99.811     4.24    4.17
  47849.302   102.417     6.88    5.71
  48227.876   105.854     9.08    5.66
  48606.393   108.359     6.62    4.04
  48984.853   109.469     2.93    3.88
  49363.257   110.154     1.81    4.05
  49741.605   111.924     4.68    4.04
  50119.897   112.689     2.02    4.85
  50498.132   109.832    -7.55    6.50
  50876.311   106.189    -9.63    6.10
  51254.434   104.289    -5.02    3.82
  51632.500   106.146     4.91    5.05
  52010.510   109.286     8.31    6.43
  52388.465   114.317    13.31    5.53
  52766.363   117.860     9.38    4.14
  53144.204   118.458     1.58    5.25
  53521.990   118.060    -1.05    5.57
  53899.720   118.699     1.69    5.45
  54277.394   119.807     2.94    5.34
  54655.011   121.795     5.26    5.35
  55032.573   122.642     2.24    4.88
  55410.079   124.172     4.05    4.58
  55787.529   126.684     6.66    5.72
  56164.923   129.196     6.65    6.93
  56542.261   131.650     6.50    6.15
  56919.543   133.313     4.41    5.51
  57296.770   133.272    -0.11    5.77
  57673.940   134.125     2.26    5.40
  58051.055   135.924     4.77    5.00
  58428.114   135.107    -2.17    5.72
  58805.117   134.346    -2.02    6.54
  59182.065   134.206    -0.37    6.21
  59558.957   134.969     2.02    5.90
  59935.793   138.827    10.24    6.54
  60312.574   142.587     9.98    4.60
  60689.299   142.523    -0.17    4.38
  61065.969   138.807    -9.86    6.83
  61442.583   134.079   -12.55    7.04
  61819.141   131.242    -7.53    5.39
  62195.644   132.093     2.26    6.12
  62572.092   134.103     5.34    5.49
  62948.484   134.259     0.41    4.90
  63324.820   132.646    -4.28    4.95
  63701.101   131.302    -3.57    4.20
  64077.327   132.603     3.46    5.09
  64453.498   135.389     7.41    4.25
  64829.613   136.821     3.81    3.62
  65205.673   136.284    -1.43    4.54
  65581.678   132.081   -11.18    6.42
  65957.627   127.210   -12.96    5.98
  66333.521   123.487    -9.90    4.95
  66709.360   120.534    -7.86    4.50
  67085.144   119.825    -1.89    3.89
  67460.873   121.417     4.24    4.24
  67836.546   124.303     7.68    5.69
  68212.165   128.186    10.34    4.69
  68587.728   131.027     7.56    4.18
  68963.237   133.403     6.33    4.16
  69338.690   134.875     3.92    5.30
  69714.088   137.472     6.92    5.59
  70089.432   139.466     5.31    5.32
  70464.720   140.388     2.46    5.03
  70839.954   140.076    -0.83    5.83
  71215.133   137.417    -7.09    6.61
  71590.256   136.172    -3.32    5.62
  71965.325   136.417     0.66    5.20
  72340.339   137.417     2.67    5.06
  72715.299   138.882     3.91    4.58
  73090.203   140.639     4.69    4.65
  73465.053   142.603     5.24    4.98
  73839.848   145.882     8.75    4.30
  74214.589   147.625     4.65    4.71
  74589.275   149.318     4.52    4.44
  74963.906   149.859     1.44    3.88
  75338.482   149.095    -2.04    3.59
  75713.004   146.572    -6.74    3.60
  76087.471   143.046    -9.41    4.63
  76461.884   139.786    -8.70    4.56
  76836.243   136.146    -9.72    4.29
  77210.546   132.389   -10.04    4.28
  77584.796   129.946    -6.53    3.87
  77958.991   129.230    -1.91    3.16
  78333.131   130.317     2.91    3.80
  78707.217   132.462     5.73    3.95
  79081.249   135.375     7.79    3.49
  79455.226   139.903    12.11    6.06
  79829.149   144.708    12.85    7.92
  80203.018   151.000    16.83    8.54
  80576.832   156.890    15.76    5.40
  80950.593   158.295     3.76    4.89
  81324.299   158.162    -0.35    5.45
  81697.950   155.051    -8.33    5.87
  82071.548   155.022    -0.08    5.22
  82445.091   156.789     4.73    6.00
  82818.581   159.272     6.65    6.29
  83192.016   161.646     6.36    5.92
  83565.397   164.954     8.86    6.13
  83938.724   168.646     9.89    5.84
  84311.997   173.446    12.86    5.61
  84685.216   176.889     9.22    4.36
  85058.381   179.093     5.91    2.98
  85431.493   179.650     1.49    2.58
  85804.550   178.839    -2.17    2.78
  86177.553   176.683    -5.78    3.60
  86550.503   173.107    -9.59    5.55
  86923.398   168.330   -12.81    6.60
  87296.240   164.404   -10.53    6.03
  87669.028   161.828    -6.91    4.04
  88041.762   162.757     2.49    4.13
  88414.442   165.652     7.77    4.77
  88787.069   168.803     8.46    5.65
  89159.642   173.772    13.33    6.93
  89532.161   178.403    12.43    7.43
  89904.627   182.492    10.98    5.73
  90277.039   183.546     2.83    5.44
  90649.397   180.963    -6.94    7.63
  91021.702   177.192   -10.13    7.76
  91393.953   175.234    -5.26    5.50
  91766.150   176.060     2.22    6.06
  92138.294   180.766    12.64    9.12
  92510.385   185.203    11.92    9.17
  92882.422   189.832    12.44    6.94
  93254.406   191.981     5.78    5.32
  93626.336   191.121    -2.31    6.29
  93998.213   191.036    -0.23    6.81
  94370.036   192.250     3.26    6.73
  94741.807   193.844     4.29    5.38
  95113.523   193.588    -0.69    3.54
  95485.187   193.481    -0.29    3.46
  95856.797   194.121     1.72    5.00
  96228.354   193.300    -2.21    5.97
  96599.858   191.491    -4.87    8.00
  96971.308   187.110   -11.79    9.84
  97342.705   181.288   -15.68    9.90
  97714.050   175.448   -15.72    7.69
  98085.341   171.660   -10.20    5.83
  98456.578   171.737     0.21    6.40
  98827.763   174.332     6.99    7.62
  99198.895   180.524    16.68    6.97
  99569.974   184.621    11.04    4.88
  99940.999   185.589     2.61    4.14
 100311.972   185.603     0.04    5.05
 100682.892   183.896    -4.60    5.26
 101053.758   182.172    -4.65    4.89
 101424.572   181.940    -0.63    4.70
 101795.333   180.760    -3.18    4.98
 102166.041   179.041    -4.64    5.10
 102536.696   178.613    -1.15    5.02
 102907.299   180.175     4.21    6.54
 103277.848   182.698     6.81    8.76
 103648.345   184.197     4.04    8.55
 104018.789   186.733     6.85    7.72
 104389.180   189.986     8.78    8.40
 104759.519   192.344     6.37    8.97
 105129.805   196.983    12.53    9.09
 105500.038   201.467    12.11    5.96
 105870.218   204.110     7.14    4.41
 106240.346   205.546     3.88    3.41
 106610.422   205.213    -0.90    4.71
 106980.444   204.041    -3.17    5.64
 107350.415   201.614    -6.56    5.34
 107720.332   199.345    -6.13    5.05
 108090.197   197.583    -4.76    5.74
 108460.010   195.389    -5.93    6.56
 108829.770   194.445    -2.55    7.72
 109199.478   194.012    -1.17    8.45
 109569.134   193.146    -2.34    8.40
 109938.736   192.795    -0.95    8.04
 110308.287   193.669     2.36    8.16
 110677.785   195.563     5.13    8.03
 111047.231   196.260     1.89    7.98
 111416.625   195.503    -2.05    7.82
 111785.966   191.860    -9.86    8.11
 112155.256   185.896   -16.15    9.34
 112524.492   180.230   -15.35    9.36
 112893.677   170.175   -27.23   12.73
 113262.810   161.560   -23.33   13.24
 113631.890   155.220   -17.18   12.21
 114000.918   151.128   -11.09    8.86
 114369.894   148.360    -7.50    4.88
 114738.818   148.203    -0.42    3.63
 115107.690   148.708     1.37    3.12
 115476.510   149.830     3.04    4.23
 115845.278   152.960     8.49    6.20
 116213.994   154.022     2.88    6.18
 116582.658   155.346     3.59    6.23
 116951.270   158.230     7.82    7.21
 117319.830   161.860     9.85    8.23
 117688.338   166.091    11.48    6.79
 118056.795   170.925    13.12    4.83
 118428.091   173.807     7.76    4.62
 118807.169   174.948     3.01    6.61
 119186.191   171.421    -9.31   11.21
 119565.158   165.946   -14.44   12.81
 119944.070   160.404   -14.63   10.61
 120322.927   156.175   -11.16    5.36
 120701.728   155.722    -1.19    3.01
 121080.475   157.080     3.59    3.66
 121459.166   158.675     4.21    4.25
 121837.803   160.285     4.25    4.43
 122216.384   161.904     4.28    5.95
 122594.910   163.390     3.93    6.70
 122973.382   166.286     7.65    8.79
 123351.798   168.814     6.68    9.85
 123730.160   170.675     4.92   10.20
 124108.467   170.664    -0.03    9.97
 124486.719   169.551    -2.94    9.13
 124864.916   167.520    -5.37    7.39
 125243.058   166.507    -2.68    5.65
 125621.145   168.515     5.31    6.32
 125999.178   172.609    10.83    7.31
 126377.155   176.316     9.81    7.21
 126755.079   179.566     8.60    6.41
 127132.947   181.489     5.09    6.66
 127510.761   184.882     8.98    7.95
 127888.520   190.017    13.59    9.22
 128266.224   194.317    11.38    8.62
 128643.874   196.610     6.07    6.61
 129021.470   195.847    -2.02    6.33
 129399.010   193.572    -6.03    5.48
 129776.497   192.085    -3.94    3.58
 130153.928   191.109    -2.58    2.98
 130531.306   190.259    -2.25    4.25
 130908.629   188.551    -4.52    5.29
 131285.897   187.536    -2.69    5.59
 131663.111   187.534    -0.01    5.31
 132040.271   187.766     0.61    4.51
 132417.376   189.262     3.97    4.53
 132794.427   190.172     2.41    4.46
 133171.423   192.741     6.81    4.74
 133548.366   195.178     6.46    4.68
 133925.254   196.331     3.06    4.16
 134302.088   197.544     3.22    3.09
 134678.868   198.273     1.94    2.93
 135055.593   199.578     3.46    2.78
 135432.264   200.853     3.39    2.79
 135808.882   201.817     2.56    2.86
 136185.445   202.635     2.17    3.33
 136561.954   203.994     3.61    3.65
 136938.409   204.940     2.51    3.47
 137314.810   205.517     1.53    3.60
 137691.156   206.375     2.28    4.83
 138067.449   205.114    -3.35    5.50
 138443.688   204.162    -2.53    5.30
 138819.873   206.080     5.10    6.69
 139196.004   209.919    10.20    7.98
 139572.082   213.975    10.78    6.94
 139948.105   218.041    10.81    2.84
 140324.074   218.330     0.77    3.07
 140699.990   218.012    -0.85    3.12
 141075.852   218.139     0.34    3.06
 141451.660   219.503     3.63    3.47
 141827.415   220.812     3.48    2.90
 142203.115   220.463    -0.93    2.91
 142578.762   219.656    -2.15    3.09
 142954.355   219.433    -0.59    3.05
 143329.895   218.859    -1.53    2.92
 143705.381   216.732    -5.67    5.14
 144080.813   213.154    -9.53    7.22
 144456.192   210.056    -8.25    6.48
 144831.517   208.998    -2.82    5.71
 145206.789   212.080     8.21    6.85
 145582.007   216.432    11.60    6.49
 145957.172   218.966     6.75    4.89
 146332.283   219.889     2.46    3.95
 146707.341   219.250    -1.71    4.33
 147082.346   216.830    -6.45    6.12
 147457.297   211.541   -14.10   10.47
 147832.194   197.832   -36.56   19.58
 148207.039   183.998   -36.90   18.28
 148581.830   173.546   -27.88   11.70
 148956.568   167.830   -15.25    2.57
 149331.252   167.302    -1.41    1.70
 149705.883   166.679    -1.66    2.02
 150080.461   165.742    -2.50    2.14
 150454.986   165.713    -0.08    2.39
 150829.458   165.617    -0.26    2.42
 151203.876   166.670     2.81    2.42
 151578.241   167.511     2.25    1.91
 151952.554   168.495     2.63    2.43
 152326.813   169.678     3.16    2.35
 152701.019   171.103     3.81    3.03
 153075.172   173.147     5.46    3.45
 153449.272   175.114     5.26    4.42
 153823.319   178.589     9.29    5.27
 154197.313   182.139     9.49    5.42
 154571.254   185.708     9.54    4.82
 154945.143   188.830     8.35    4.35
 155318.978   192.520     9.87    3.99
 155692.760   195.580     8.19    4.50
 156066.490   198.675     8.28    4.43
 156440.167   200.738     5.52    3.60
 156813.791   202.036     3.47    3.13
 157187.362   203.562     4.08    3.85
 157560.881   205.728     5.80    4.26
 157934.346   208.609     7.71    4.36
 158307.760   213.503    13.10    6.38
 158681.120   218.598    13.65    8.71
 159054.428   223.491    13.10    9.17
 159427.683   226.345     7.65    8.92
 159800.885   226.303    -0.11    9.69
 160174.035   225.433    -2.33    9.38
 160547.132   223.621    -4.86    8.97
 160920.177   223.419    -0.54    8.46
 161293.169   223.853     1.16    8.85
 161666.109   224.389     1.44    8.82
 162038.996   227.345     7.93    8.37
 162411.831   230.160     7.55    8.92
 162784.614   231.046     2.38    7.96
 163157.344   233.473     6.51    7.88
 163530.021   235.343     5.02    8.35
 163902.646   239.022     9.87    8.19
 164275.219   243.453    11.89    5.60
 164647.740   244.963     4.05    5.54
 165020.208   248.420     9.28    6.03
 165392.624   251.403     8.01    5.92
 165764.988   252.963     4.19    5.90
 166137.300   255.143     5.85    6.44
 166509.559   259.360    11.33    7.59
 166881.766   263.679    11.60    7.86
 167253.921   267.230     9.54    5.76
 167626.024   268.766     4.13    4.13
 167998.075   269.066     0.81    3.86
 168370.074   268.201    -2.33    4.13
 168742.020   265.375    -7.60    5.50
 169113.915   262.242    -8.42    6.53
 169485.758   260.846    -3.75    5.30
 169857.548   262.166     3.55    4.66
 170229.287   265.163     8.06    5.84
 170600.974   268.073     7.83    5.25
 170972.609   268.036    -0.10    7.02
 171344.191   265.000    -8.17   11.11
 171715.722   256.066   -24.04   16.69
 172087.202   247.656   -22.64   18.48
 172458.629   238.632   -24.29   18.88
 172830.004   231.462   -19.30   16.92
 173201.328   228.867    -6.99   18.96
 173572.600   228.566    -0.81   20.21
 173943.820   224.085   -12.07   19.47
 174314.989   213.969   -27.25   20.09
 174686.106   210.389    -9.64   19.59
 175057.171   209.625    -2.06   19.68
 175428.184   209.563    -0.17   17.04
 175799.146   216.853    19.65   16.19
 176170.056   224.539    20.72   18.89
 176540.915   238.317    37.15   22.72
 176911.722   241.904     9.67   23.13
 177282.478   235.289   -17.84   27.05
 177653.182   219.450   -42.72   31.05
 178023.834   206.492   -34.95   23.41
 178394.435   202.450   -10.90   22.72
 178764.985   204.772     6.26   31.59
 179135.483   209.513    12.80   35.96
 179505.930   203.318   -16.72   35.11
 179876.325   197.556   -15.55   30.73
 180246.669   190.346   -19.47   22.98
 180616.962   185.200   -13.89   13.89
 180987.204   185.889     1.86   13.15
 181357.394   187.996     5.69   15.34
 181727.533   188.698     1.90   15.27
 182097.620   188.390    -0.83   13.94
 182467.656   185.760    -7.10    9.23
 182837.642   184.036    -4.66    4.15
 183207.576   184.027    -0.03    3.48
 183577.458   183.748    -0.75    3.86
 183947.290   184.476     1.97    4.34
 184317.071   186.940     6.66    5.48
 184686.800   189.154     5.99    6.08
 185056.478   192.128     8.04    6.35
 185426.106   192.963     2.26    5.89
 185795.682   192.272    -1.87    5.26
 186165.207   191.807    -1.26    4.19
 186534.682   192.418     1.65    4.22
 186904.105   193.106     1.86    4.74
 187273.478   194.522     3.83    4.89
 187642.799   196.478     5.29    6.21
 188012.070   198.491     5.45    6.96
 188381.290   200.087     4.32    7.07
 188750.458   200.432     0.93    6.94
 189119.577   201.285     2.31    7.62
 189488.644   203.230     5.27    8.42
 189857.660   206.390     8.56    9.31
 190226.626   209.132     7.43    8.51
 190595.541   211.234     5.70    8.05
 190964.405   213.228     5.40    7.64
 191333.219   214.125     2.43    6.82
 191701.982   217.345     8.73    6.86
 192070.694   220.515     8.60    5.72
 192439.356   223.530     8.17    5.74
 192807.967   226.087     6.94    5.97
 193177.460   223.969    -5.73    7.16
 193556.423   223.021    -2.50    7.14
 193935.333   223.183     0.43    7.02
 194314.189   223.830     1.71    6.26
 194692.992   226.983     8.32    6.34
 195071.740   230.520     9.33    6.06
 195450.435   231.300     2.06    6.03
 195829.077   233.007     4.51    5.54
 196207.664   235.420     6.37    5.24
 196586.199   235.549     0.34    5.35
 196964.679   235.314    -0.62    5.45
 197343.106   235.404     0.24    5.06
 197721.480   235.963     1.48    4.68
 198099.800   238.288     6.14    5.06
 198478.066   240.517     5.89    5.49
 198856.279   243.801     8.68    5.78
 199234.439   247.302     9.26    4.55
 199612.545   249.344     5.40    4.00
 199990.598   249.860     1.36    4.35
 200368.597   250.950     2.88    4.98
 200746.543   253.316     6.26    5.53
 201124.436   256.625     8.75    5.37
 201502.276   258.285     4.39    4.68
 201880.062   258.992     1.87    5.45
 202257.795   258.867    -0.33    6.90
 202635.474   257.775    -2.89    7.38
 203013.101   259.279     3.98    6.27
 203390.674   260.448     3.09    5.73
 203768.195   261.828     3.65    6.26
 204145.662   263.639     4.80    5.81
 204523.076   264.225     1.55    6.70
 204900.437   265.257     2.73    6.03
 205277.744   267.230     5.23    5.72
 205654.999   268.733     3.98    6.48
 206032.201   270.517     4.73    7.32
 206409.350   271.829     3.48    7.34
 206786.446   272.198     0.98    7.15
 207163.488   272.609     1.09    7.01
 207540.478   271.610    -2.65    6.80
 207917.415   271.928     0.84    6.74
 208294.300   274.183     5.98    8.07
 208671.131   277.240     8.11    9.50
 209047.909   282.673    14.42   12.33
 209424.635   286.448    10.02   12.77
 209801.308   287.285     2.22   10.79
 210177.928   289.742     6.52   12.26
 210554.496   292.671     7.78   14.93
 210931.010   298.114    14.45   17.48
 211307.473   303.678    14.78   19.05
 211683.882   305.036     3.61   18.24
 212060.239   305.688     1.73   14.14
 212436.543   305.360    -0.87   10.49
 212812.794   308.022     7.07    7.81
 213188.993   310.713     7.15    7.45
 213565.140   312.419     4.54    6.87
 213941.234   309.587    -7.53    9.30
 214317.275   299.563   -26.65   17.71
 214693.264   286.344   -35.15   23.31
 215069.200   271.418   -39.70   22.05
 215445.084   259.105   -32.75   16.14
 215820.916   256.110    -7.97   15.69
 216196.695   259.528     9.10   18.08
 216572.422   263.389    10.27   15.15
 216948.096   263.763     0.99   11.51
 217323.719   259.972   -10.09   14.95
 217699.288   246.520   -35.81   21.63
 218074.806   232.688   -36.83   19.02
 218450.271   227.507   -13.80   13.46
 218825.685   232.541    13.41   18.21
 219201.046   249.095    44.09   24.02
 219576.354   259.552    27.86   20.42
 219951.611   260.478     2.47   17.46
 220326.815   260.526     0.13   16.76
 220701.968   253.036   -19.96   17.89
 221077.068   241.001   -32.08   21.54
 221452.116   228.463   -33.43   18.57
 221827.112   220.786   -20.47   11.08
 222202.056   220.536    -0.67    7.77
 222576.948   228.448    21.10   11.73
 222951.789   235.738    19.44   11.15
 223326.577   243.230    19.98    8.95
 223701.313   249.329    16.27    7.59
 224075.997   254.288    13.23    7.74
 224450.630   259.581    14.13    7.40
 224825.210   265.595    16.05    9.02
 225199.739   272.966    19.67   10.07
 225574.216   280.492    20.10   11.23
 225948.641   285.981    14.66    9.51
 226323.015   283.154    -7.55   14.43
 226697.336   275.948   -19.25   21.75
 227071.606   265.723   -27.31   25.12
 227445.824   256.404   -24.90   24.09
 227819.991   250.799   -14.98   20.20
 228194.106   251.845     2.80   16.57
 228568.169   253.581     4.64   17.02
 228942.180   256.635     8.17   18.87
 229316.140   261.011    11.70   20.34
 229690.049   265.693    12.52   23.66
 230063.906   270.544    12.97   23.74
 230437.711   268.360    -5.84   23.15
 230811.465   265.919    -6.53   18.07
 231185.167   265.718    -0.54   15.51
 231558.818   266.713     2.66   13.24
 231932.417   269.479     7.40   11.14
 232305.965   276.172    17.91   13.30
 232679.462   283.136    18.64   17.15
 233052.907   291.051    21.19   16.39
 233426.301   295.329    11.45   15.39
 233799.644   289.139   -16.58   18.94
 234172.935   282.504   -17.77   19.33
 234546.175   276.963   -14.84   19.14
 234919.364   270.481   -17.37   18.91
 235292.501   265.628   -13.00   19.26
 235665.588   259.005   -17.75   17.35
 236038.623   256.272    -7.33   16.76
 236411.607   254.481    -4.80   17.50
 236784.539   256.580     5.63   18.28
 237157.421   257.404     2.21   17.94
 237530.252   256.996    -1.09   19.27
 237903.031   246.654   -27.74   25.38
 238275.759   231.935   -39.48   24.87
 238648.437   218.007   -37.37   18.55
 239021.063   209.769   -22.10    9.31
 239393.639   206.478    -8.83    3.22
 239766.163   205.971    -1.36    2.47
 240138.636   206.492     1.40    2.53
 240511.059   207.531     2.79    2.91
 240883.430   209.095     4.20    3.83
 241255.751   211.296     5.91    4.44
 241628.021   213.172     5.04    5.68
 242000.240   215.814     7.10    7.24
 242372.408   218.904     8.30    8.63
 242744.525   222.240     8.96    9.50
 243116.592   224.912     7.18    9.68
 243488.608   227.602     7.23    9.87
 243860.573   229.210     4.32    9.88
 244232.487   232.950    10.05   10.43
 244604.351   237.522    12.29   10.25
 244976.164   242.569    13.57    8.68
 245347.927   244.950     6.41    7.45
 245719.638   244.213    -1.98    8.12
 246091.300   245.452     3.33    7.07
 246462.910   245.912     1.24    7.67
 246834.470   246.218     0.82    9.68
 247205.980   247.830     4.34    9.69
 247577.439   250.117     6.15   10.01
 247948.847   256.095    16.09   11.39
 248320.205   265.109    24.27    9.75
 248691.513   270.272    13.90    8.98
 249062.770   273.551     8.83    8.75
 249433.977   277.198     9.82    9.97
 249805.133   278.914     4.62   11.56
 250176.239   280.475     4.20   11.86
