-254080.906   183.971     0.00   11.52
-253706.719   193.537    25.56   16.28
-253332.479   203.592    26.86   15.36
-252958.185   212.999    25.13   10.68
-252583.838   218.674    15.16    8.02
-252209.437   218.028    -1.73    9.85
-251834.983   214.921    -8.30   11.08
-251460.475   207.124   -20.81   12.84
-251085.913   198.283   -23.60   12.74
-250711.298   193.560   -12.60   11.08
-250336.630   190.342    -8.59    9.21
-249961.908   193.852     9.36    9.55
-249587.132   201.016    19.11   12.24
-249212.303   208.256    19.31   14.89
-248837.419   216.899    23.05   12.49
-248462.483   223.383    17.29    7.69
-248087.492   224.099     1.91    9.28
-247712.448   220.008   -10.91   11.96
-247337.349   215.556   -11.86   12.56
-246962.198   212.055    -9.33   10.84
-246586.992   212.825     2.05    9.60
-246211.732   218.671    15.57   11.15
-245836.419   224.840    16.43   11.78
-245461.051   233.950    24.26   11.24
-245085.630   242.085    21.66   10.10
-244710.154   248.237    16.38    7.04
-244334.625   250.504     6.04    4.78
-243959.042   248.614    -5.03    5.65
-243583.405   244.354   -11.34    6.27
-243207.713   240.836    -9.36    4.79
-242831.968   239.943    -2.38    4.49
-242456.168   240.914     2.58    5.40
-242080.314   241.928     2.70    4.92
-241704.407   242.014     0.23    4.36
-241328.445   239.899    -5.62    4.88
-240952.428   237.796    -5.59    4.93
-240576.358   237.340    -1.21    4.65
-240200.233   237.428     0.23    4.73
-239824.054   237.037    -1.04    5.06
-239447.821   234.928    -5.60    6.44
-239071.534   230.358   -12.14    8.14
-238695.192   226.877    -9.25    7.24
-238318.796   224.386    -6.62    6.81
-237942.345   222.928    -3.87    6.80
-237565.840   222.456    -1.25    6.55
-237189.280   223.099     1.71    6.37
-236812.666   224.663     4.15    5.66
-236435.998   226.237     4.18    3.78
-236059.275   226.059    -0.47    3.82
-235682.497   224.631    -3.79    4.33
-235305.665   222.716    -5.08    4.21
-234928.779   222.879     0.43    3.48
-234551.837   222.790    -0.23    2.95
-234174.841   221.442    -3.58    4.59
-233797.791   217.885    -9.43    7.05
-233420.685   214.585    -8.75    7.20
-233043.525   212.080    -6.64    6.20
-232666.311   211.796    -0.75    5.91
-232289.041   211.737    -0.16    5.00
-231911.717   208.720    -7.99    6.68
-231534.338   202.776   -15.75    8.57
-231156.904   197.249   -14.64    7.17
-230779.415   196.118    -2.99    6.16
-230401.871   198.819     7.15    7.80
-230024.273   203.171    11.52    6.85
-229646.619   206.542     8.93    4.33
-229268.911   206.457    -0.23    4.37
-228891.147   203.885    -6.81    5.84
-228513.329   199.114   -12.62    8.12
-228135.455   193.031   -16.10    8.86
-227757.527   187.272   -15.24    8.13
-227379.543   181.211   -16.03    7.91
-227001.504   173.693   -19.88    8.97
-226623.410   167.231   -17.09    7.21
-226245.261   164.413    -7.45    4.99
-225867.057   165.819     3.72    6.29
-225488.798   169.921    10.84    6.48
-225110.483   174.080    10.99    5.34
-224732.113   177.428     8.85    4.92
-224353.688   179.716     6.04    5.95
-223975.207   182.840     8.25    5.92
-223596.671   186.266     9.05    5.08
-223218.080   188.037     4.68    4.25
-222839.433   189.285     3.30    4.19
-222460.731   190.328     2.75    3.92
-222081.974   192.203     4.95    4.51
-221703.161   194.457     5.95    4.30
-221324.292   197.099     6.97    4.10
-220945.368   200.746     9.62    4.52
-220566.389   204.442     9.75    5.23
-220189.868   207.712     8.68    3.98
-219821.574   208.214     1.36    3.52
-219453.228   207.383    -2.25    3.91
-219084.829   206.251    -3.07    3.53
-218716.378   204.413    -4.99    3.22
-218347.875   202.328    -5.66    4.26
-217979.320   199.487    -7.71    5.67
-217610.712   195.907    -9.71    5.24
-217242.052   193.660    -6.09    4.37
-216873.340   192.277    -3.75    3.97
-216504.576   191.660    -1.67    3.85
-216135.759   189.048    -7.08    6.60
-215766.889   183.196   -15.86    8.75
-215397.968   178.371   -13.08    7.54
-215028.993   176.225    -5.81    5.68
-214659.967   178.399     5.89    6.66
-214290.888   181.848     9.34    4.79
-213921.756   182.399     1.49    4.13
-213552.572   178.485   -10.60    6.66
-213183.335   174.724   -10.18    6.13
-212814.046   172.848    -5.08    5.58
-212444.704   171.399    -3.92    5.55
-212075.310   172.071     1.82    5.58
-211705.862   171.914    -0.43    5.26
-211336.363   169.273    -7.15    5.11
-210966.810   168.685    -1.59    5.11
-210597.205   167.386    -3.51    4.57
-210227.547   166.914    -1.28    4.86
-209857.836   167.628     1.93    4.63
-209488.072   167.869     0.65    4.22
-209118.256   170.228     6.38    6.17
-208748.387   174.631    11.90    8.13
-208378.465   180.541    15.97    8.15
-208008.490   186.016    14.80    5.50
-207638.462   188.702     7.26    3.31
-207268.381   188.473    -0.62    4.01
-206898.248   186.287    -5.90    4.94
-206528.061   186.010    -0.75    5.05
-206157.821   186.515     1.36    4.99
-205787.528   187.120     1.63    4.98
-205417.183   186.354    -2.07    6.07
-205046.784   184.151    -5.95    6.50
-204676.332   182.413    -4.69    5.82
-204305.827   179.129    -8.86    6.08
-203935.268   177.428    -4.59    5.92
-203564.657   175.825    -4.32    6.01
-203193.992   174.696    -3.05    5.92
-202823.275   176.471     4.79    6.30
-202452.504   180.203    10.06    6.61
-202081.679   183.341     8.46    5.49
-201710.802   184.771     3.85    4.15
-201339.871   183.599    -3.16    4.97
-200968.887   180.587    -8.12    6.06
-200597.849   175.285   -14.29    7.00
-200226.758   171.254   -10.86    7.07
-199855.614   166.614   -12.50    6.81
-199484.416   162.328   -11.54    7.80
-199113.165   156.555   -15.55    7.89
-198741.860   154.080    -6.66    6.77
-198370.502   155.034     2.57    7.03
-197999.090   159.080    10.89    8.46
-197627.625   164.611    14.89    6.94
-197256.106   169.517    13.20    3.83
-196884.533   171.991     6.66    2.92
-196512.907   173.972     5.33    3.40
-196141.227   176.805     7.62    3.89
-195769.494   179.225     6.51    3.11
-195397.707   179.149    -0.21    3.14
-195025.866   176.859    -6.16    4.78
-194653.971   171.471   -14.49    7.10
-194282.023   166.457   -13.48    6.60
-193910.021   162.498   -10.64    5.89
-193537.965   158.370   -11.09    6.03
-193165.855   156.206    -5.82    5.57
-192793.692   155.663    -1.46    6.13
-192421.474   155.977     0.84    7.24
-192049.203   158.062     5.60    6.95
-191676.877   159.625     4.20    5.38
-191304.498   159.185    -1.18    4.57
-190932.064   157.587    -4.29    4.84
-190559.577   155.240    -6.30    5.09
-190187.036   153.631    -4.32    5.28
-189814.440   152.299    -3.57    5.99
-189441.791   151.153    -3.08    6.61
-189069.087   148.174    -7.99    7.61
-188696.329   143.110   -13.58    8.37
-188323.517   136.550   -17.59    9.35
-187950.651   130.837   -15.32    6.21
-187577.731   130.050    -2.11    5.80
-187204.757   132.159     5.66    6.62
-186831.728   136.636    12.00    6.74
-186458.645   139.869     8.66    7.01
-186085.507   142.156     6.13    6.26
-185712.316   143.301     3.07    5.53
-185339.070   144.051     2.01    4.54
-184965.769   145.428     3.69    5.24
-184592.414   147.885     6.58    6.17
-184219.005   151.114     8.64    5.30
-183845.541   153.160     5.48    3.04
-183472.023   152.174    -2.64    3.71
-183098.450   150.056    -5.67    3.74
-182724.823   147.551    -6.70    2.95
-182351.141   145.338    -5.92    3.14
-181977.405   143.631    -4.57    3.07
-181603.614   141.004    -7.03    3.62
-181229.769   137.865    -8.40    4.58
-180855.868   135.163    -7.22    4.71
-180481.914   132.428    -7.31    4.89
-180107.904   130.222    -5.90    5.31
-179733.840   129.742    -1.28    5.54
-179359.721   130.114     0.99    5.79
-178985.547   130.685     1.53    4.52
-178611.318   128.556    -5.69    6.04
-178237.035   123.287   -14.08   10.03
-177862.696   114.752   -22.80   12.81
-177488.303   107.456   -19.48   11.49
-177113.855   101.592   -15.66    8.74
-176739.352    98.667    -7.81    5.62
-176364.794    99.117     1.20    5.98
-175990.181   100.882     4.71    6.98
-175615.513   100.771    -0.30    6.68
-175240.791   101.707     2.50    6.73
-174866.013   100.699    -2.69    6.81
-174491.179    99.281    -3.78    7.10
-174116.291    98.242    -2.77    6.61
-173741.348    97.442    -2.13    6.08
-173366.350    98.271     2.21    6.14
-172991.296    98.614     0.91    6.15
-172616.187    98.977     0.97    5.42
-172241.023    98.132    -2.25    4.44
-171865.804    96.699    -3.82    3.32
-171490.529    95.620    -2.88    2.98
-171115.200    94.532    -2.90    2.83
-170739.814    93.521    -2.69    3.54
-170364.374    91.852    -4.45    3.73
-169988.878    90.879    -2.59    3.43
-169613.327    90.266    -1.63    2.87
-169237.720    89.907    -0.96    3.00
-168862.058    90.034     0.34    3.22
-168486.340    90.037     0.01    3.56
-168110.567    90.171     0.36    4.18
-167734.738    90.132    -0.10    4.19
-167358.854    89.259    -2.32    3.55
-166982.914    88.355    -2.40    2.49
-166606.919    88.803     1.19    2.71
-166230.868    89.741     2.50    3.17
-165854.761    94.215    11.89    9.58
-165478.599    98.837    12.29   10.96
-165102.380   106.784    21.12   13.21
-164726.107   114.285    19.93   12.04
-164349.777   122.428    21.63   10.89
-163973.392   130.442    21.29    8.00
-163596.950   132.555     5.61    5.83
-163220.453   132.356    -0.53    4.75
-162843.900   127.963   -11.67    8.89
-162467.292   118.414   -25.35   13.49
-162090.627   112.663   -15.26   11.62
-161713.906   111.993    -1.78   10.76
-161337.130   117.428    14.42   10.27
-160960.297   124.724    19.36    6.75
-160583.409   128.805    10.83    4.11
-160206.464   130.850     5.43    3.04
-159829.463   131.834     2.61    2.75
-159452.406   129.301    -6.72    5.72
-159075.294   121.442   -20.84   13.98
-158698.124   111.993   -25.05   15.67
-158320.899   107.329   -12.36   12.93
-157943.618   109.153     4.83   14.77
-157566.280   115.541    16.93   15.13
-157188.886   121.428    15.60    9.15
-156811.436   123.182     4.65    8.63
-156433.930   124.869     4.47    7.79
-156056.367   125.628     2.01    7.46
-155678.748   129.356     9.87    5.69
-155301.072   130.628     3.37    6.05
-154923.340   130.842     0.57    5.30
-154545.552   130.104    -1.95    6.01
-154167.707   122.597   -19.87   12.73
-153789.806   114.182   -22.27   14.85
-153411.848   110.212   -10.50   13.15
-153033.833   111.185     2.58   13.22
-152655.762   120.318    24.15   13.68
-152277.635   128.240    20.95   10.19
-151899.451   131.907     9.70    6.64
-151521.210   130.512    -3.69    7.99
-151142.913   123.583   -18.32   11.56
-150764.558   117.122   -17.07   10.41
-150386.148   111.850   -13.93   10.76
-150007.680   106.128   -15.12   11.25
-149629.156   102.549    -9.45   11.80
-149250.575    97.297   -13.87   10.69
-148871.937    92.973   -11.42    9.21
-148493.242    87.118   -15.46    8.99
-148114.490    79.942   -18.94   10.63
-147735.681    75.331   -12.17    8.92
-147356.816    71.428   -10.30    6.43
-146977.893    68.979    -6.46    4.38
-146598.914    68.702    -0.73    4.35
-146219.877    67.368    -3.52    4.43
-145840.784    65.628    -4.59    4.16
-145461.858    64.231    -3.69    3.77
-145093.727    62.901    -3.61    3.16
-144725.543    62.279    -1.69    3.24
-144357.306    62.273    -0.02    3.30
-143989.015    61.810    -1.26    3.28
-143620.671    60.414    -3.79    2.72
-143252.273    60.771     0.97    3.31
-142883.822    63.269     6.78    7.07
-142515.316    66.354     8.37    9.06
-142146.758    70.254    10.58   11.13
-141778.145    76.242    16.24   15.70
-141409.479    86.794    28.62   22.67
-141040.759   100.602    37.44   24.41
-140671.986   111.650    29.96   20.32
-140303.158   120.399    23.72    6.16
-139934.277   116.442   -10.73    9.15
-139565.342   105.985   -28.34   14.87
-139196.353   100.455   -14.98   14.34
-138827.311    97.993    -6.67   13.74
-138458.214   101.003     8.15   14.20
-138089.064   111.099    27.35   11.61
-137719.860   118.879    21.07   10.77
-137350.601   125.971    19.20    8.50
-136981.289   129.247     8.87    6.11
-136611.923   130.136     2.41    4.44
-136242.502   127.752    -6.45    5.73
-135873.028   123.850   -10.56    6.37
-135503.499   123.042    -2.19    6.49
-135133.917   122.597    -1.20    7.09
-134764.280   122.414    -0.50    6.54
-134394.589   120.585    -4.95    8.07
-134024.844   116.752   -10.37    9.00
-133655.045   112.738   -10.85    7.84
-133285.192   111.048    -4.57    6.66
-132915.284   111.498     1.22    6.96
-132545.322   111.486    -0.03    7.25
-132175.306   110.761    -1.96    7.14
-131805.235   110.301    -1.24    6.77
-131435.110   109.551    -2.03    6.83
-131064.931   110.128     1.56    6.48
-130694.697   109.358    -2.08    6.88
-130324.409   107.699    -4.48    6.42
-129954.066   108.081     1.03    6.55
-129583.669   108.689     1.64    6.83
-129213.218   108.259    -1.16    7.61
-128842.712   108.485     0.61    8.98
-128472.151   110.689     5.95   10.44
-128101.536   116.307    15.16    9.91
-127730.866   120.848    12.25    6.90
-127360.142   121.913     2.87    6.67
-126989.362   121.283    -1.70    6.61
-126618.529   118.619    -7.18    7.58
-126247.640   117.893    -1.96    7.73
-125876.697   116.560    -3.59    7.55
-125505.699   113.698    -7.71    7.98
-125134.646   110.413    -8.85    9.64
-124763.539   102.716   -20.74   11.89
-124392.377    97.028   -15.32    8.96
-124021.159    97.661     1.70    9.42
-123649.887   103.442    15.57   11.44
-123278.560   111.011    20.38    9.67
-122907.179   117.558    17.63    6.93
-122535.742   120.653     8.33    5.76
-122164.250   121.794     3.07    4.60
-121792.703   120.315    -3.98    6.66
-121421.101   119.879    -1.17    7.27
-121049.444   120.511     1.70    6.62
-120677.732   119.728    -2.11    6.38
-120305.965   117.343    -6.41    8.00
-119934.143   111.347   -16.13   11.05
-119562.266   106.185   -13.88   12.25
-119190.333    97.928   -22.20   13.20
-118818.346    90.528   -19.89   11.90
-118446.303    86.090   -11.93   10.53
-118074.205    85.602    -1.31   10.73
-117702.051    90.839    14.07   13.26
-117329.842   100.516    26.00    9.80
-116957.578   104.561    10.87    8.91
-116585.259   108.189     9.74    8.41
-116212.884   108.982     2.13    7.53
-115840.454   107.428    -4.17    7.82
-115467.968   101.620   -15.59    9.55
-115095.427    93.356   -22.18    9.41
-114722.830    86.990   -17.09    9.31
-114350.178    80.756   -16.72    9.13
-113977.471    77.104    -9.80    8.87
-113604.708    73.893    -8.61    9.73
-113231.889    71.358    -6.80   10.01
-112859.014    67.865    -9.37   11.33
-112486.084    62.928   -13.24   12.52
-112113.099    56.639   -16.86   11.92
-111740.057    50.315   -16.95   10.54
-111366.960    45.236   -13.61    6.49
-110993.807    47.515     6.11   12.68
-110620.599    57.555    26.90   23.21
-110247.334    66.542    24.08   25.11
-109874.014    81.667    40.51   25.17
-109500.638    92.663    29.45   22.28
-109127.206    99.470    18.23   17.65
-108753.718   103.457    10.67   12.98
-108380.175    90.428   -34.88   20.44
-108006.575    83.016   -19.84   21.38
-107632.919    83.743     1.95   23.56
-107259.208    87.071     8.90   25.39
-106885.440    88.798     4.62   26.64
-106511.616    81.301   -20.05   28.77
-106137.737    71.858   -25.25   25.33
-105763.801    68.209    -9.76   22.92
-105389.809    71.273     8.19   24.19
-105015.761    80.497    24.66   26.35
-104641.656    89.863    25.03   24.22
-104267.496    92.174     6.18   24.53
-103893.279    88.485    -9.86   26.49
-103519.006    84.220   -11.40   26.50
-103144.677    79.325   -13.07   25.39
-102770.291    75.138   -11.18   20.43
-102395.849    65.428   -25.93   21.80
-102021.351    57.848   -20.24   18.77
-101646.796    50.297   -20.16   16.42
-101272.185    47.168    -8.35   15.93
-100897.517    47.014    -0.41   16.78
-100522.793    46.132    -2.35   17.29
-100148.013    46.678     1.46   17.30
 -99773.176    48.090     3.77   18.01
 -99398.282    53.220    13.68   21.94
 -99023.332    57.780    12.16   25.32
 -98648.325    61.062     8.75   24.92
 -98273.262    58.871    -5.84   22.77
 -97898.142    55.644    -8.60   21.94
 -97522.965    53.085    -6.82   23.35
 -97147.732    50.521    -6.83   25.58
 -96772.441    48.079    -6.51   27.01
 -96397.095    41.121   -18.54   22.81
 -96021.691    34.413   -17.87   13.16
 -95646.230    32.757    -4.41    8.59
 -95270.713    36.042     8.75   11.49
 -94895.139    43.414    19.63   14.26
 -94519.508    53.456    26.73   14.28
 -94143.820    62.780    24.82    8.97
 -93768.075    67.164    11.67    6.52
 -93392.273    66.991    -0.46    7.77
 -93016.414    61.081   -15.72   13.02
 -92640.498    51.090   -26.58   15.35
 -92264.525    41.512   -25.47   12.45
 -91888.495    34.090   -19.74    5.32
 -91512.408    31.732    -6.27    2.93
 -91136.263    30.472    -3.35    3.23
 -90760.062    28.900    -4.18    3.25
 -90383.803    28.014    -2.36    2.96
 -90007.487    27.620    -1.05    2.70
 -89631.114    28.761     3.03    3.58
 -89254.684    30.928     5.76    4.16
 -88878.196    33.122     5.83    4.35
 -88501.651    35.400     6.05    4.93
 -88125.049    37.581     5.79    5.47
 -87748.389    39.599     5.36    5.95
 -87371.672    41.239     4.35    5.99
 -86994.898    45.178    10.45    7.61
 -86618.066    56.982    31.32   17.09
 -86241.176    68.840    31.46   18.28
 -85864.229    76.798    21.11   13.10
 -85487.225    78.714     5.08    8.16
 -85110.163    73.592   -13.58    8.43
 -84733.043    67.724   -15.56    5.14
 -84355.866    64.428    -8.74    4.49
 -83978.631    60.620   -10.09    7.04
 -83601.338    56.599   -10.65    7.18
 -83223.988    50.928   -15.03    6.94
 -82846.580    45.972   -13.13    5.09
 -82469.114    44.028    -5.15    4.50
 -82091.591    43.737    -0.77    4.97
 -81714.010    45.185     3.83    6.67
 -81336.370    46.625     3.81    6.87
 -80958.673    47.331     1.87    6.87
 -80580.919    47.622     0.77    7.42
 -80203.106    47.456    -0.44    6.36
 -79825.235    48.261     2.13    6.20
 -79447.306    50.799     6.72    9.36
 -79069.319    56.733    15.70   12.08
 -78691.275    62.558    15.41   11.74
 -78313.172    66.499    10.42    8.54
 -77935.011    68.585     5.52    3.86
 -77556.792    66.894    -4.47    5.06
 -77178.515    65.108    -4.72    5.12
 -76800.180    66.622     4.00    7.05
 -76421.786    68.442     4.81    8.65
 -76043.334    70.289     4.88    8.02
 -75664.824    70.595     0.81    8.39
 -75286.256    70.556    -0.10    8.36
 -74907.630    70.483    -0.19    8.13
 -74528.945    71.237     1.99    7.95
 -74150.202    72.279     2.75    7.63
 -73771.400    75.156     7.60    8.69
 -73392.540    80.400    13.84    9.28
 -73013.622    86.214    15.34    7.03
 -72634.645    87.839     4.29    6.40
 -72255.609    86.858    -2.59    8.79
 -71876.515    81.639   -13.77   11.45
 -71497.363    78.401    -8.54    9.84
 -71118.152    78.604     0.54   10.12
 -70738.882    78.988     1.01    9.99
 -70368.648    79.685     1.88   10.17
 -70000.633    80.388     1.91   10.67
 -69632.563    81.840     3.94   11.68
 -69264.438    84.988     8.55   10.70
 -68896.259    85.619     1.71   10.70
 -68528.024    81.895   -10.11   12.31
 -68159.735    79.149    -7.46   10.87
 -67791.390    80.921     4.81   10.48
 -67422.991    80.972     0.14   10.39
 -67054.537    82.468     4.06    8.60
 -66686.027    83.766     3.52    8.79
 -66317.463    88.104    11.77   10.50
 -65948.843    93.222    13.88    9.28
 -65580.168    98.633    14.68    9.92
 -65211.439   103.854    14.16    9.74
 -64842.654   105.076     3.31    9.59
 -64473.813   103.732    -3.64   11.29
 -64104.918    98.808   -13.35   11.28
 -63735.967    95.602    -8.69    8.04
 -63366.962    95.949     0.94    6.11
 -62997.900    96.602     1.77    5.45
 -62628.784    95.828    -2.10    6.31
 -62259.612    92.095   -10.11    8.41
 -61890.385    87.206   -13.24    9.08
 -61521.102    81.836   -14.54    9.24
 -61151.764    77.956   -10.51    9.21
 -60782.370    73.856   -11.10    9.46
 -60412.921    71.622    -6.05    9.67
 -60043.417    69.628    -5.40   12.43
 -59673.857    66.178    -9.33   14.75
 -59304.241    60.771   -14.63   17.00
 -58934.570    53.164   -20.58   14.75
 -58564.844    45.865   -19.74    8.26
 -58195.061    42.273    -9.71    2.18
 -57825.223    42.245    -0.08    2.98
 -57455.329    42.724     1.29    4.10
 -57085.380    44.653     5.22    6.39
 -56715.375    46.674     5.46    7.56
 -56345.314    50.273     9.72    9.39
 -55975.197    54.620    11.74   10.93
 -55605.025    60.738    16.53   11.06
 -55234.796    66.784    16.33    7.90
 -54864.512    71.192    11.90    3.00
 -54494.172    72.113     2.49    1.43
 -54123.776    72.181     0.18    1.45
 -53753.324    72.469     0.78    1.67
 -53382.816    72.318    -0.41    1.79
 -53012.253    71.358    -2.59    2.66
 -52641.633    70.894    -1.25    2.81
 -52270.957    70.865    -0.08    2.51
 -51900.225    71.469     1.63    2.46
 -51529.437    71.949     1.29    2.29
 -51158.592    72.277     0.88    2.04
 -50787.692    72.132    -0.39    2.35
 -50416.735    71.401    -1.97    2.74
 -50045.723    69.756    -4.43    3.92
 -49674.654    66.428    -8.97    5.55
 -49303.528    64.728    -4.58    6.42
 -48932.347    62.577    -5.80    6.91
 -48561.109    59.840    -7.37    6.44
 -48189.815    55.685   -11.19    8.78
 -47818.464    50.384   -14.27    7.60
 -47447.057    48.281    -5.66    6.00
 -47075.594    47.546    -1.98    6.10
 -46704.074    52.158    12.41   10.00
 -46332.498    57.340    13.95   11.12
 -45960.866    62.441    13.73   11.92
 -45589.176    66.761    11.62   10.92
 -45217.431    70.017     8.76    7.51
 -44845.628    72.456     6.56    2.54
 -44473.769    72.636     0.48    2.07
 -44101.854    72.470    -0.45    2.14
 -43729.881    72.332    -0.37    2.05
 -43357.853    72.303    -0.08    1.94
 -42985.767    72.158    -0.39    1.78
 -42613.625    72.209     0.14    1.73
 -42241.426    71.921    -0.77    1.86
 -41869.170    71.784    -0.37    1.86
 -41496.857    71.907     0.33    1.92
 -41124.488    71.866    -0.11    2.12
 -40752.061    71.674    -0.51    2.20
 -40379.578    71.895     0.59    2.24
 -40007.038    71.948     0.14    2.27
 -39634.441    71.468    -1.29    3.08
 -39261.787    68.553    -7.82    6.71
 -38889.076    65.941    -7.01    7.90
 -38516.307    64.983    -2.57    8.17
 -38143.482    63.512    -3.95    8.68
 -37770.600    61.090    -6.50    9.49
 -37397.661    60.114    -2.62    9.58
 -37024.664    57.372    -7.35    9.07
 -36651.611    55.203    -5.82    9.73
 -36278.500    54.174    -2.76    9.21
 -35905.332    53.970    -0.55   10.82
 -35532.106    50.315    -9.79   11.67
 -35158.824    48.036    -6.11    9.99
 -34785.484    44.720    -8.88    9.75
 -34412.087    41.550    -8.49    9.78
 -34038.632    37.688   -10.34   10.53
 -33665.121    31.551   -16.43    8.68
 -33291.551    27.551   -10.71    5.51
 -32917.925    25.831    -4.60    4.01
 -32544.240    24.907    -2.47    3.46
 -32170.499    24.220    -1.84    3.13
 -31796.700    23.140    -2.89    3.33
 -31422.843    23.836     1.86    4.77
 -31048.929    26.948     8.32    7.56
 -30674.957    31.287    11.60    8.51
 -30300.927    35.090    10.17    6.44
 -29926.840    37.001     5.11    2.73
 -29552.695    36.982    -0.05    1.58
 -29178.493    36.134    -2.27    1.68
 -28804.233    34.955    -3.15    2.06
 -28429.915    33.372    -4.23    2.27
 -28055.539    31.725    -4.40    2.29
 -27681.105    31.386    -0.91    2.01
 -27306.614    31.674     0.77    2.09
 -26932.065    32.747     2.86    1.93
 -26557.458    33.372     1.67    1.33
 -26182.792    33.747     1.00    1.30
 -25808.069    33.692    -0.15    1.45
 -25433.288    33.483    -0.56    1.68
 -25058.449    33.456    -0.07    1.81
 -24683.552    32.860    -1.59    1.87
 -24308.597    32.171    -1.84    1.35
 -23933.584    31.793    -1.01    0.96
 -23558.513    31.340    -1.21    0.73
 -23183.383    31.135    -0.55    0.87
 -22808.196    31.325     0.51    1.73
 -22432.950    31.360     0.09    2.00
 -22057.646    31.128    -0.62    2.16
 -21682.283    30.976    -0.41    2.19
 -21306.863    30.317    -1.76    1.55
 -20931.384    30.003    -0.84    1.09
 -20555.847    29.928    -0.20    1.32
 -20180.251    29.525    -1.07    1.26
 -19804.597    29.168    -0.95    1.18
 -19428.885    28.825    -0.91    0.83
 -19053.114    28.716    -0.29    0.79
 -18677.285    28.771     0.15    0.78
 -18301.397    28.752    -0.05    0.78
 -17925.450    28.751    -0.00    0.84
 -17549.445    28.548    -0.54    0.93
 -17173.382    28.399    -0.40    0.86
 -16797.260    28.374    -0.07    1.03
 -16421.079    28.499     0.33    1.48
 -16044.840    29.044     1.45    1.82
 -15668.541    30.039     2.64    2.28
 -15292.184    31.044     2.67    2.24
 -14915.769    31.647     1.60    1.88
 -14539.294    31.358    -0.77    1.65
 -14162.761    30.839    -1.38    1.58
 -13786.169    30.303    -1.42    1.61
 -13409.518    29.739    -1.50    2.02
 -13032.808    29.457    -0.75    2.54
 -12656.040    28.881    -1.53    3.09
 -12279.212    28.251    -1.67    3.25
 -11902.325    26.941    -3.48    3.61
 -11525.379    24.756    -5.80    4.16
 -11148.375    22.688    -5.49    4.02
 -10771.311    20.935    -4.65    3.27
 -10394.188    19.702    -3.27    2.03
 -10017.006    19.907     0.54    2.22
  -9639.765    20.220     0.83    2.45
  -9262.464    20.387     0.44    2.65
  -8885.105    21.747     3.61    3.22
  -8507.686    23.468     4.56    3.78
  -8130.208    25.604     5.66    3.46
  -7752.670    27.255     4.37    2.55
  -7375.074    27.649     1.04    2.51
  -6997.418    26.387    -3.34    3.75
  -6619.702    24.817    -4.16    4.15
  -6241.927    23.117    -4.50    3.99
  -5864.093    21.455    -4.40    3.40
  -5486.199    20.154    -3.44    2.23
  -5108.246    18.318    -4.86    2.67
  -4730.233    16.928    -3.68    2.90
  -4352.161    16.631    -0.79    2.97
  -3974.029    17.211     1.53    3.61
  -3595.837    15.955    -3.32    5.00
  -3217.586    14.413    -4.08    6.05
  -2839.275    11.982    -6.43    6.04
  -2460.905     9.217    -7.31    4.51
  -2082.474     7.360    -4.91    4.90
  -1703.984     4.886    -6.54    5.39
  -1325.435     2.647    -5.92    5.37
   -946.825     0.181    -6.51    3.15
   -568.156    -0.753    -2.47    2.02
   -189.426     1.144     5.01    6.47
    189.363     3.799     7.01    8.60
    568.212     7.374     9.44    9.78
    947.121    10.457     8.14    9.36
   1326.090    12.921     6.50    8.17
   1705.120    15.289     6.25    5.47
   2084.209    16.281     2.62    3.63
   2463.358    16.401     0.31    2.93
   2842.567    16.168    -0.61    2.54
   3221.837    15.023    -3.02    2.95
   3601.167    13.907    -2.94    2.67
   3980.556    13.655    -0.67    2.35
   4353.349    13.386    -0.72    2.09
   4721.192    13.495     0.30    2.04
   5089.091    12.775    -1.96    2.15
   5457.046    12.158    -1.68    2.38
   5825.058    11.551    -1.65    3.27
   6193.125    10.784    -2.08    3.41
   6561.249     9.414    -3.72    4.52
   6929.430     9.085    -0.89    4.92
   7297.667     7.538    -4.20    5.98
   7665.960     6.495    -2.83    6.41
   8034.309     5.305    -3.23    6.67
   8402.715     3.535    -4.80    6.57
   8771.178     1.706    -4.96    5.70
   9139.697     0.281    -3.87    4.67
   9508.272    -0.683    -2.62    3.38
   9876.904    -0.679     0.01    3.36
  10245.593    -0.044     1.72    3.89
  10614.338     0.108     0.41    3.64
  10983.140     0.039    -0.19    2.81
  11351.999     0.175     0.37    2.80
  11720.914     0.620     1.21    3.76
  12089.886     0.712     0.25    4.67
  12458.915     0.716     0.01    5.60
  12828.000     0.195    -1.41    5.94
  13197.143    -1.378    -4.26    4.00
  13566.342    -2.132    -2.04    1.44
  13935.598    -1.938     0.52    1.71
  14304.910    -1.519     1.14    2.14
  14674.280    -1.164     0.96    2.42
  15043.707    -0.639     1.42    3.48
  15413.191    -0.058     1.57    5.89
  15782.731     1.428     4.02    8.86
  16152.329     2.544     3.02   11.60
  16521.983     4.801     6.11   14.57
  16891.695     5.457     1.77   15.04
  17261.464     5.348    -0.30   14.52
  17631.290     5.046    -0.82   13.52
  18001.173     3.628    -3.83   11.35
  18371.113     4.104     1.29   11.55
  18741.111     4.215     0.30   10.40
  19111.166     4.634     1.13    8.98
  19481.278     7.548     7.87   10.92
  19851.447    11.090     9.57   12.08
  20221.673    13.721     7.11   12.37
  20591.957    19.413    15.37   14.49
  20962.299    26.681    19.63   15.95
  21332.697    35.269    23.18   12.99
  21703.153    39.508    11.44   10.10
  22073.667    39.342    -0.45   13.24
  22444.238    38.739    -1.63   17.00
  22814.866    37.256    -4.00   19.29
  23185.552    36.113    -3.09   19.73
  23556.296    37.893     4.80   19.63
  23927.097    39.222     3.59   21.59
  24297.956    45.512    16.96   23.74
  24668.872    49.387    10.45   24.67
  25039.846    51.907     6.79   24.82
  25410.878    53.729     4.91   26.46
  25781.968    63.058    25.14   29.63
  26153.115    70.225    19.31   33.49
  26524.320    78.468    22.21   36.05
  26895.583    80.104     4.40   37.89
  27266.903    79.935    -0.45   35.18
  27638.282    77.935    -5.39   31.76
  28009.718    78.743     2.18   28.78
  28381.213    80.250     4.06   26.46
  28752.765    84.961    12.68   26.46
  29124.375    93.617    23.29   20.61
  29496.044   100.615    18.83   19.82
  29867.770   109.058    22.71   21.90
  30239.554   111.508     6.59   24.31
  30611.397   115.825    11.61   21.73
  30983.297   115.731    -0.25   19.09
  31355.256   111.209   -12.16   16.01
  31727.273   103.121   -21.74   15.37
  32099.348    95.551   -20.35   14.09
  32471.481    88.215   -19.72   14.60
  32843.672    79.894   -22.36   14.83
  33215.922    73.928   -16.03   12.94
  33588.230    69.720   -11.30    9.97
  33960.597    68.455    -3.40    9.57
  34333.021    67.858    -1.60   10.68
  34705.504    64.090   -10.12   12.27
  35078.046    60.178   -10.50   12.18
  35450.646    51.721   -22.70   15.82
  35823.304    42.831   -23.86   18.06
  36196.021    34.215   -23.12   15.92
  36568.797    34.442     0.61   20.86
  36941.631    52.125    47.43   34.88
  37314.524    80.538    76.20   39.00
  37687.475   100.255    52.87   33.10
  38060.485   113.441    35.35   22.06
  38433.553   108.887   -12.21   24.33
  38806.681   102.003   -18.45   22.06
  39179.867    93.266   -23.41   18.11
  39553.112    89.077   -11.22   17.92
  39926.415    92.085     8.06   18.69
  40299.777    97.414    14.27   18.42
  40673.199   104.789    19.75   19.65
  41046.679   117.948    35.24   21.53
  41420.218   127.428    25.38   19.66
  41793.816   134.401    18.66   13.95
  42167.472   135.217     2.18   11.23
  42541.188   130.901   -11.55   12.47
  42914.963   126.703   -11.23   13.32
  43288.797   124.948    -4.70   13.95
  43662.690   124.266    -1.82   14.31
  44036.642   109.255   -40.14   34.30
  44410.653    88.854   -54.55   40.01
  44784.724    85.548    -8.84   39.97
  45158.853    95.095    25.52   46.06
  45533.042   121.573    70.76   40.02
  45907.290   145.921    65.06   18.93
  46281.597   154.283    22.34   14.83
  46655.964   151.779    -6.69   18.24
  47030.389   139.081   -33.91   26.96
  47404.875   123.117   -42.63   25.96
  47779.419   111.914   -29.91   19.31
  48154.023   103.321   -22.94   14.93
  48528.687    96.577   -18.00   20.17
  48903.410    84.507   -32.21   22.16
  49278.192    70.942   -36.20   17.90
  49653.034    64.638   -16.82   13.19
  50027.936    65.900     3.37   15.98
  50402.897    70.988    13.57   16.12
  50777.917    77.259    16.72   15.43
  51152.998    82.215    13.21   14.56
  51528.138    84.371     5.75   14.77
  51903.338    92.788    22.43   19.23
  52278.597   101.525    23.28   20.75
  52653.916   106.360    12.88   17.11
  53029.295   110.455    10.91   15.25
  53404.734   113.333     7.67   15.57
  53780.233   116.658     8.85   18.47
  54155.791   121.815    13.73   20.50
  54531.410   123.401     4.22   20.42
  54907.088   123.373    -0.07   19.70
  55282.827   119.647    -9.92   18.28
  55658.625   112.729   -18.41   17.42
  56034.483   104.360   -22.27   13.64
  56410.402   102.499    -4.95   10.31
  56786.380   107.495    13.29   12.28
  57162.419   114.751    19.30   15.02
  57538.518   123.135    22.29   12.51
  57914.677   123.188     0.14   14.19
  58290.896   117.868   -14.14   16.60
  58667.175   115.617    -5.98   17.38
  59043.515   117.638     5.37   18.41
  59419.915   119.604     5.22   16.37
  59796.375   114.914   -12.46   18.70
  60172.896   102.036   -34.21   18.54
  60549.477    91.482   -28.03   12.22
  60926.118    90.415    -2.83   11.81
  61302.820    95.039    12.28   15.57
  61679.582   106.415    30.20   19.18
  62056.405   115.949    25.30   15.61
  62433.288   119.108     8.38   13.18
  62810.232   116.963    -5.69   12.37
  63187.236   116.308    -1.74   10.58
  63564.302   120.058     9.95   10.47
  63941.427   125.375    14.10   10.77
  64318.614   127.839     6.53    9.01
  64695.861   126.752    -2.88    9.90
  65073.168   124.001    -7.29   13.01
  65450.537   117.681   -16.75   16.00
  65827.966   112.250   -14.39   15.72
  66205.457   113.331     2.86   14.34
  66583.008   120.860    19.94   18.02
  66960.620   130.171    24.66   15.45
  67338.292   135.708    14.66   10.74
  67716.026   136.761     2.79   10.94
  68093.821   136.988     0.60   10.64
  68471.677   139.154     5.73   10.60
  68849.594   140.480     3.51    9.51
  69227.571   137.036    -9.11   13.61
  69605.610   128.888   -21.55   17.78
  69983.710   121.847   -18.62   14.08
  70361.872   121.144    -1.86   12.61
  70740.094   126.283    13.59   13.84
  71118.378   136.470    26.93   12.12
  71496.723   144.389    20.93   12.18
  71875.129   151.108    17.76   13.73
  72253.596   159.108    21.14   14.79
  72632.125   165.836    17.78   13.13
  73010.715   173.231    19.53   12.26
  73389.367   179.077    15.44   10.50
  73768.080   185.086    15.87   11.35
  74146.854   190.401    14.03   10.70
  74525.690   193.815     9.01   12.04
  74904.587   197.644    10.11   14.68
  75283.546   201.990    11.47   17.36
  75662.567   204.108     5.59   17.10
  76041.649   198.785   -14.04   20.40
  76420.793   195.988    -7.38   23.50
  76799.999   186.728   -24.42   29.92
  77179.266   177.293   -24.88   32.71
  77558.595   171.968   -14.04   30.65
  77937.985   167.915   -10.69   23.81
  78317.438   168.306     1.03   20.10
  78696.952   176.161    20.70   19.45
  79072.539   187.810    31.02   17.51
  79440.202   196.860    24.62   14.95
  79807.922   199.961     8.43   12.59
  80175.699   197.131    -7.70   17.84
  80543.535   185.279   -32.22   23.68
  80911.428   173.414   -32.25   22.09
  81279.379   170.744    -7.26   25.24
  81647.387   172.335     4.32   29.15
  82015.453   184.561    33.22   35.68
  82383.578   196.698    32.97   34.78
  82751.759   200.748    11.00   27.66
  83119.999   192.717   -21.81   29.42
  83488.297   163.954   -78.10   51.85
  83856.653   126.748  -101.01   58.75
  84225.066   106.161   -55.88   45.67
  84593.538   114.495    22.62   49.81
  84962.067   141.295    72.73   50.30
  85330.655   161.914    55.95   36.74
  85699.301   175.099    35.77   26.04
  86068.004   175.441     0.93   25.03
  86436.766   174.577    -2.34   23.28
  86805.586   167.695   -18.66   21.11
  87174.465   159.575   -22.01   21.23
  87543.401   159.007    -1.54   19.83
  87912.396   163.468    12.09   21.97
  88281.448   172.279    23.88   23.04
  88650.560   185.023    34.53   17.34
  89019.729   190.441    14.68   14.88
  89388.957   192.198     4.76   13.80
  89758.243   194.060     5.04   12.83
  90127.588   196.721     7.21   13.12
  90496.991   198.810     5.65   12.26
  90866.452   198.828     0.05   12.29
  91235.972   195.323    -9.49   13.28
  91605.551   184.244   -29.98   20.06
  91975.188   175.521   -23.60   18.20
  92344.883   173.881    -4.44   16.70
  92714.638   177.428     9.59   19.09
  93084.450   185.060    20.64   16.72
  93454.322   186.296     3.34   16.07
  93824.252   174.815   -31.04   24.35
  94194.241   163.588   -30.35   24.16
  94564.289   149.281   -38.66   21.55
  94934.395   138.321   -29.62   20.19
  95304.560   135.641    -7.24   23.67
  95674.784   134.644    -2.69   27.45
  96045.067   136.968     6.28   29.95
  96415.409   146.077    24.60   28.83
  96785.809   154.941    23.93   29.88
  97156.269   165.361    28.13   31.40
  97526.788   174.217    23.90   29.79
  97897.365   181.228    18.92   27.56
  98268.002   189.467    22.23   23.44
  98638.697   197.935    22.84   22.41
  99009.452   206.360    22.73   19.45
  99380.266   215.320    24.16   18.10
  99751.139   222.811    20.20   14.66
 100122.071   221.333    -3.99   14.48
 100493.062   216.698   -12.49   15.37
 100864.113   206.914   -26.37   15.27
 101235.223   193.233   -36.87   20.12
 101606.392   181.535   -31.52   25.29
 101977.620   172.129   -25.34   25.25
 102348.908   162.592   -25.69   28.50
 102720.255   150.300   -33.11   34.91
 103091.662   137.036   -35.72   35.88
 103463.128   133.187   -10.36   33.59
 103834.653   129.907    -8.83   31.32
 104206.238   131.415     4.06   31.31
 104577.883   131.315    -0.27   36.30
 104949.586   109.895   -57.63   44.69
 105321.350    90.650   -51.77   47.85
 105693.173    81.244   -25.30   47.28
 106065.056    82.199     2.57   45.97
 106436.998    86.215    10.80   44.83
 106809.001    99.014    34.41   49.30
 107181.063   107.481    22.76   49.70
 107553.184   113.599    16.44   45.60
 107925.366   127.215    36.59   39.39
 108297.607   149.907    60.97   39.55
 108669.908   170.770    56.04   36.41
 109042.269   187.798    45.73   29.34
 109414.690   198.184    27.89   22.32
 109787.170   198.192     0.02   25.48
 110159.711   187.181   -29.56   32.83
 110532.312   173.279   -37.31   32.82
 110904.973   166.556   -18.04   29.74
 111277.693   160.428   -16.44   28.89
 111650.474   158.428    -5.37   24.58
 112023.315   164.868    17.27   22.71
 112396.216   171.086    16.68   26.28
 112769.177   182.731    31.23   28.67
 113142.199   192.881    27.21   29.25
 113515.280   203.201    27.66   25.30
 113888.422   211.178    21.38   19.40
 114261.625   214.836     9.80   14.96
 114634.887   217.073     5.99   11.12
 115008.210   218.248     3.15    8.34
 115381.593   219.523     3.41    6.59
 115755.037   220.672     3.08    5.34
 116128.541   221.806     3.04    6.48
 116502.105   223.403     4.27    7.17
 116875.730   225.720     6.20    7.50
 117249.416   223.994    -4.62   10.89
 117623.162   220.245   -10.03   12.39
 117996.969   215.454   -12.82   13.13
 118370.836   210.456   -13.37   10.77
 118744.764   208.178    -6.09    7.78
 119118.752   209.358     3.15    9.99
 119492.802   217.855    22.72   15.98
 119866.912   229.414    30.90   20.53
 120241.082   236.161    18.03   21.69
 120615.314   239.908    10.01   22.73
 120989.606   240.928     2.73   21.06
 121363.959   237.415    -9.39   16.83
 121738.374   232.533   -13.04   15.58
 122112.849   230.347    -5.84   13.73
 122487.384   233.468     8.34   13.58
 122861.981   239.954    17.32   14.53
 123236.639   246.508    17.49   16.23
 123611.358   250.908    11.74   18.42
 123986.138   253.481     6.87   21.52
 124360.979   254.255     2.06   18.58
 124735.882   256.225     5.26   14.85
 125110.845   259.441     8.58   13.96
 125485.870   257.885    -4.15   16.19
 125860.955   245.704   -32.48   24.94
 126236.102   233.692   -32.02   24.62
 126611.311   233.717     0.07   27.58
 126986.580   245.555    31.55   38.45
 127361.911   275.184    78.95   36.73
 127737.304   297.606    59.74   21.79
 128112.757   303.556    15.85   19.27
 128488.273   301.117    -6.50   24.64
 128863.849   288.691   -33.09   29.96
 129239.487   277.041   -31.02   27.21
 129615.187   268.856   -21.79   22.20
 129990.948   261.152   -20.51   19.27
 130366.771   261.783     1.68   19.53
 130742.655   268.743    18.52   24.04
 131118.601   276.148    19.70   25.23
 131494.609   289.375    35.18   21.59
 131870.678   292.441     8.16   27.81
 132246.809   294.015     4.18   31.12
 132623.002   292.747    -3.37   32.31
 132999.257   296.353     9.58   29.40
 133375.573   299.247     7.69   24.18
 133751.952   306.578    19.48   22.87
 134128.392   310.359    10.05   20.89
 134504.894   309.954    -1.08   23.08
 134881.458   306.112   -10.20   26.13
 135258.084   294.428   -31.03   28.38
 135634.772   272.973   -56.96   40.01
 136011.522   253.753   -51.02   46.65
 136388.335   229.201   -65.16   43.67
 136765.209   217.388   -31.35   33.12
 137142.146   215.849    -4.08   34.86
 137519.144   206.090   -25.89   39.95
 137896.205   184.757   -56.58   52.61
 138273.328   147.956   -97.60   54.70
 138650.513   110.846   -98.40   51.91
 139027.761    76.122   -92.05   33.98
 139405.071    68.605   -19.93   28.85
 139782.443    80.901    32.59   44.36
 140159.878   108.248    72.47   49.12
 140537.375   132.494    64.23   37.49
 140914.935   137.428    13.07   34.73
 141292.557   130.194   -19.16   32.46
 141670.241   125.688   -11.93   27.43
 142047.989   131.481    15.34   30.40
 142425.798   146.590    40.00   31.71
 142803.671   169.638    61.00   26.52
 143181.606   185.373    41.64   22.79
 143559.603   198.261    34.10   17.46
 143937.663   206.206    21.02   14.67
 144315.787   207.153     2.51   19.12
 144693.972   203.374    -9.99   27.13
 145072.221   192.659   -28.33   37.67
 145450.532   184.055   -22.75   33.98
 145828.907   187.573     9.30   29.57
 146207.344   205.402    47.12   33.98
 146585.844   227.064    57.24   34.40
 146964.407   248.308    56.12   23.47
 147343.033   258.161    26.03   14.66
 147721.722   261.244     8.14    8.46
 148100.474   258.192    -8.06    9.71
 148479.290   253.415   -12.61   10.75
 148858.168   250.150    -8.62   10.52
 149237.110   249.090    -2.80   10.10
 149616.114   247.099    -5.25    8.76
 149995.182   242.492   -12.16   11.17
 150374.313   234.270   -21.69   15.89
 150753.508   226.779   -19.76   16.54
 151132.765   220.981   -15.29   16.75
 151512.086   219.521    -3.85   19.62
 151891.471   216.117    -8.97   17.63
 152270.919   210.442   -14.96   17.53
 152650.430   205.994   -11.72   18.08
 153030.005   204.914    -2.84   21.09
 153409.643   201.851    -8.07   20.74
 153788.281   196.874   -13.15   20.57
 154155.760   185.378   -31.29   18.85
 154523.297   168.644   -45.54   25.08
 154890.893   157.480   -30.37   23.97
 155258.549   153.761   -10.12   23.36
 155626.263   160.033    17.06   26.01
 155994.037   173.164    35.71   20.78
 156361.870   179.731    17.85   18.26
 156729.763   187.342    20.69   18.70
 157097.714   191.520    11.36   17.82
 157465.725   191.468    -0.14   18.01
 157833.795   185.800   -15.40   16.93
 158201.924   183.067    -7.42   17.50
 158570.113   184.592     4.14   22.32
 158938.362   187.817     8.76   25.56
 159306.669   188.377     1.52   27.00
 159675.036   184.990    -9.20   24.78
 160043.463   182.770    -6.03   24.74
 160411.949   181.333    -3.90   26.97
 160780.495   183.941     7.08   26.74
 161149.100   186.217     6.17   23.77
 161517.765   181.731   -12.17   20.94
 161886.490   173.135   -23.32   18.94
 162255.274   162.633   -28.48   16.68
 162624.118   153.941   -23.57   14.20
 162993.021   153.603    -0.92   12.79
 163361.985   151.914    -4.58   17.84
 163731.008   143.529   -22.73   27.63
 164100.091   135.752   -21.07   28.91
 164469.234   132.038   -10.06   26.53
 164838.437   134.704     7.22   27.32
 165207.699   149.321    39.59   30.69
 165577.022   163.507    38.42   21.53
 165946.404   171.068    20.47   16.15
 166315.847   166.268   -12.99   22.10
 166685.349   155.172   -30.03   27.42
 167054.912   144.306   -29.40   31.05
 167424.535   137.187   -19.26   29.61
 167794.217   129.633   -20.44   27.39
 168163.960   122.415   -19.53   25.72
 168533.764   118.241   -11.29   25.27
 168903.627   117.856    -1.04   25.17
 169273.550   122.308    12.04   25.28
 169643.534   136.360    37.99   22.93
 170013.578   150.507    38.23   18.69
 170383.683   164.610    38.11   17.08
 170753.847   175.055    28.22   15.90
 171124.073   180.774    15.45   15.87
 171494.358   186.090    14.36   17.72
 171864.704   191.990    15.93   21.44
 172235.111   198.914    18.70   25.74
 172605.578   207.107    22.12   26.42
 172976.105   212.041    13.32   24.07
 173346.693   219.665    20.57   19.66
 173717.342   229.875    27.55   20.02
 174088.051   240.125    27.65   16.23
 174458.821   245.415    14.27    9.98
 174829.652   241.727    -9.95   12.27
 175200.543   233.820   -21.32   13.19
 175571.495   225.479   -22.49   12.66
 175942.508   218.779   -18.06   12.19
 176313.582   213.040   -15.47   12.74
 176684.716   210.590    -6.60   13.61
 177055.911   209.350    -3.34   14.17
 177427.168   208.374    -2.63   15.46
 177798.485   205.520    -7.69   15.75
 178169.863   197.555   -21.45   15.37
 178541.302   186.560   -29.61   15.20
 178912.802   178.305   -22.22   14.88
 179284.363   173.263   -13.57   15.86
 179655.986   170.845    -6.51   16.04
 180027.669   170.159    -1.85   16.04
 180399.414   172.970     7.56   14.64
 180771.219   176.365     9.13   14.92
 181143.086   177.806     3.88   15.06
 181515.014   173.599   -11.31   19.02
 181887.004   164.907   -23.37   20.63
 182259.054   155.902   -24.21   19.53
 182631.166   145.633   -27.60   17.38
 183003.340   132.623   -34.96   20.63
 183375.574   126.901   -15.37   18.76
 183747.870   133.578    17.94   22.13
 184120.228   146.347    34.30   22.65
 184492.647   156.251    26.60   13.72
 184865.128   149.063   -19.30   25.78
 185237.670   124.274   -66.55   43.27
 185610.273    94.844   -79.00   41.71
 185982.939    74.575   -54.40   31.16
 186355.665    63.779   -28.97   21.68
 186728.454    75.233    30.73   28.96
 187101.304    96.086    55.94   32.87
 187474.216   114.402    49.12   31.72
 187847.190   131.481    45.80   17.69
 188220.225   133.077     4.28   20.97
 188593.323   127.975   -13.68   26.52
 188966.482   118.748   -24.73   28.82
 189339.703   110.556   -21.95   23.23
 189712.986   104.441   -16.39   16.58
 190086.331   105.973     4.11   15.21
 190459.738   111.597    15.06   16.07
 190833.207   121.233    25.81   17.47
 191206.738   128.310    18.95   16.82
 191580.331   136.301    21.40   19.32
 191953.986   144.281    21.36   20.85
 192327.703   151.187    18.48   19.78
 192701.482   157.374    16.55   18.45
 193075.324   164.389    18.77   14.28
 193449.228   168.968    12.25   11.01
 193823.194   169.986     2.72   11.54
 194197.222   169.085    -2.41   12.47
 194571.313   169.138     0.14   11.47
 194945.466   170.009     2.33   10.70
 195319.681   171.828     4.86   10.18
 195693.959   173.678     4.94    9.82
 196068.299   172.728    -2.54   11.60
 196442.702   169.615    -8.32   13.43
 196817.167   166.204    -9.11   13.59
 197191.695   164.155    -5.47   12.80
 197566.285   161.641    -6.71    8.97
 197940.938   159.688    -5.22    6.82
 198315.654   157.337    -6.27    6.47
 198690.432   154.810    -6.75    5.78
 199065.273   152.928    -5.02    6.75
 199440.177   150.994    -5.16    6.76
 199815.143   151.335     0.91    7.70
 200190.172   151.493     0.42   10.32
 200565.264   150.120    -3.66   11.26
 200940.419   148.012    -5.62   13.70
 201315.637   145.506    -6.68   14.56
 201690.918   137.095   -22.42   17.80
 202066.261   128.681   -22.42   19.51
 202441.668   122.590   -16.23   20.37
 202817.138   121.831    -2.02   22.47
 203192.670   130.314    22.59   23.60
 203568.266   143.171    34.24   13.47
 203943.925   144.851     4.47   11.74
 204319.647   139.955   -13.03   13.74
 204695.433   134.285   -15.09   10.67
 205071.281   134.217    -0.18    8.78
 205447.193   136.672     6.53    9.29
 205823.168   139.560     7.68    9.45
 206199.206   141.795     5.95    9.98
 206575.308   141.178    -1.64   10.92
 206951.473   135.350   -15.50    9.17
 207327.701   130.350   -13.29    9.02
 207703.993   126.800    -9.44    7.72
 208080.348   124.889    -5.08    7.40
 208456.767   120.025   -12.92   11.51
 208833.249   113.005   -18.65   17.64
 209209.795    95.455   -46.62   25.83
 209586.405    83.165   -32.64   21.63
 209963.078    82.428    -1.96   23.51
 210339.815    95.015    33.42   30.11
 210716.615   111.779    44.50   23.59
 211093.479   122.454    28.33   15.69
 211470.407   128.121    15.04   10.54
 211847.399   127.323    -2.12    9.13
 212224.455   128.519     3.17    9.34
 212601.574   128.025    -1.31   10.57
 212978.758   130.402     6.30   12.61
 213356.005   137.191    18.00   15.96
 213733.316   146.129    23.69   18.20
 214110.691   154.862    23.15   16.14
 214488.131   159.992    13.59   10.90
 214865.634   160.882     2.36    8.16
 215243.201   159.805    -2.86    7.67
 215620.833   157.387    -6.40    5.46
 215998.529   156.641    -1.98    4.52
