# NaN NaN NaN ;Mean Elev.(m), Avg Gradient(m/km), RMS Gradient(m/km) - SRTM1     
#    3.853  -0.821   3.592 ;Mean Elev.(m), Avg Gradient(m/km), RMS Gradient(m/km) - ASTER GDEM
#    1.619  -0.841   4.180 ;Mean Elev.(m), Avg Gradient(m/km), RMS Gradient(m/km) - GMTED2010 
  7  84.313506  69.572571     0.848     0.769  7 52469.61681272 24.348
  8  84.318932  69.571632    -1.432    -1.475  7 52504.61679753 29.615
  9  84.296997  69.571718     2.926     2.442  8 52539.61678134 18.278
 10  84.307874  69.572102     0.229     0.240  7 52574.61682512 30.995
 11  84.322567  69.570816     0.147     0.164  7 52609.61678440 13.947
 12  84.306753  69.570992     0.187     0.194  8 52644.61677642 11.417
 15  84.317037  69.571280     0.455     0.506  7 52749.61682541  7.928
 16  84.291024  69.571916     2.744     2.747  9 52784.61676840 30.061
 17  84.294722  69.571902     3.737     3.459  9 52819.61684414 19.246
 18  84.308476  69.570837     0.993     1.051  8 52854.61689219 24.473
 20  84.328555  69.571828     4.700     4.486  6 52924.61687865 28.542
 21  84.305378  69.572543     0.735     0.460  8 52959.61684637 18.178
 22  84.310248  69.571551     0.050     0.041  7 52994.61687822 12.350
 23  84.333122  69.570906     0.339     0.381  6 53029.61684125 10.776
 24  84.314725  69.571553    -0.472    -0.446  8 53064.61684935 10.023
 25  84.323169  69.572852    -0.025     0.038  7 53099.61685865  8.606
 26  84.313634  69.572272    -0.017    -0.077  7 53134.61684926  8.037
 29  84.331038  69.571117    -0.112    -0.434  7 53239.61688710 25.030
 31  84.303372  69.572861     0.341     0.342  8 53309.61690376 27.793
 32  84.322649  69.570765    -0.092    -0.080  7 53344.61686905 13.704
 33  84.293075  69.572921    -0.057    -0.024  8 53379.61681867 10.780
 34  84.320934  69.571623    -0.369    -0.256  8 53414.61684615 10.021
 35  84.290756  69.571695    -0.057     0.026  9 53449.61683919  9.170
 37  84.319930  69.570921     4.690     4.694  7 53519.61692041 29.789
 38  84.310144  69.571060     2.214     2.345  8 53554.61694340 22.430
 39  84.331400  69.571610     3.210     3.799  7 53589.61688794 17.728
 40  84.284965  69.572973     2.261     1.187  9 53624.61686786 16.810
 41  84.301773  69.572664    -0.096    -0.033  8 53659.61689392 28.240
 42  84.321694  69.572228     0.241     0.238  7 53694.61686917 22.522
 43  84.335321  69.572817    -0.281    -0.276  6 53729.61679185 14.327
 44  84.309580  69.571770     0.298     0.318  7 53764.61675672 12.020
 45  84.332507  69.571488     0.270     0.244  6 53799.61676222 10.642
 46  84.296499  69.571415     0.079     0.110  8 53834.61676267  9.964
 47  84.305310  69.572340     0.418     0.412  8 53869.61682453 11.842
 48  84.309920  69.571554     5.178     5.356  7 53904.61685860 26.134
 49  84.302743  69.571606     1.207     0.833  8 53939.61689220 20.508
 50  84.322855  69.572771     0.474     0.651  7 53974.61685111 27.805
 51  84.295977  69.571835     2.307     2.950  9 54009.61684652 19.229
 52  84.312924  69.571905    -0.327    -0.313  8 54044.61686487 23.894
 53  84.322387  69.572541     0.173     0.195  7 54079.61685809 14.937
 54  84.334187  69.572765    -0.297    -0.292  6 54114.61679363 12.426
 56  84.333770  69.571554    -0.021     0.002  6 54184.61678383 10.289
 57  84.304046  69.571962     0.583     0.592  8 54219.61681480 14.189
 58  84.313459  69.571592     5.937     5.946  8 54254.61683874 33.300
 59  84.318846  69.571308     2.765     2.744  8 54289.61684130 22.875
 60  84.318431  69.571769     1.728     1.576  7 54324.61683892 23.047
 61  84.335520  69.571877     3.476     4.247  7 54359.61679300 21.108
 62  84.312386  69.571885     0.652     0.721  8 54394.61677919 24.643
 63  84.325808  69.572709     0.325     0.343  7 54429.61674350 13.910
 64  84.306276  69.572916     0.452     0.478  8 54464.61675900 10.787
 65  84.323794  69.571942     0.396     0.426  7 54499.61675445  9.416
 66  84.315806  69.571563     0.248     0.245  7 54534.61677288  8.894
 67  84.331476  69.572208     1.215     1.151  7 54569.61675773  8.761
 68  84.311622  69.571600     0.798     0.936  8 54604.61676752 35.843
 69  84.318194  69.571314     5.188     5.234  8 54639.61677739 24.236
 70  84.314576  69.572221     1.874     1.393  8 54674.61678022 23.195
 71  84.330727  69.571469     0.327     0.376  6 54709.61673688 24.117
 72  84.311033  69.571396     2.558     2.723  8 54744.61674689 18.637
 73  84.321844  69.571590     0.359     0.403  7 54779.61672058 25.263
 74  84.306553  69.571983     0.360     0.350  7 54814.61674047 15.336
 76  84.309232  69.572061     0.416     0.412  7 54884.61674395 10.386
 77  84.332845  69.571680     0.092     0.055  7 54919.61672118  9.845
 78  84.309089  69.571081     5.027     4.753  8 54954.61673895  8.470
 79  84.309498  69.572180     7.348     7.336  7 54989.61676284 49.432
 80  84.321438  69.572082     2.564     2.802  7 55024.61675397 23.900
 81  84.317452  69.571849     0.329     0.345  7 55059.61674858 33.772
 82  84.334216  69.570966     0.898     0.632  6 55094.61670053 29.512
 83  84.312425  69.571394    -0.536    -0.776  8 55129.61669008 23.017
 84  84.322419  69.571494    -0.093    -0.073  8 55164.61666269 19.866
 85  84.308455  69.571797     0.031     0.007  7 55199.61668201 17.869
 86  84.325925  69.572700     0.084     0.112  7 55234.61666803 14.904
 87  84.313621  69.572130     0.630     0.648  7 55269.61667645 12.420
 88  84.336297  69.570600     0.510     0.480  6 55304.61664816 10.680
 89  84.314741  69.572585     1.834     1.796  7 55339.61664864 32.048
 90  84.321449  69.571566     4.432     4.708  7 55374.61663999 21.885
 91  84.310316  69.572803     0.499     0.596  8 55409.61666224 30.478
 92  84.318833  69.571936     0.688     0.836  8 55444.61665708 31.309
 93  84.338916  69.571412     1.103     0.876  6 55479.61659243 27.616
