# NaN NaN NaN ;Mean Elev.(m), Avg Gradient(m/km), RMS Gradient(m/km) - SRTM1     
#  -15.986  -0.609   9.100 ;Mean Elev.(m), Avg Gradient(m/km), RMS Gradient(m/km) - ASTER GDEM
#   14.003  -0.471   5.548 ;Mean Elev.(m), Avg Gradient(m/km), RMS Gradient(m/km) - GMTED2010 
  7    46.318 52459.62551032  5.52  87.360218  63.543503  4.675
  7    37.321 52459.62551097  9.19  87.357518  63.546633  4.675
  7    39.488 52459.62551161  6.42  87.354808  63.549763  4.675
  7    21.660 52459.62551226  8.95  87.352111  63.552886 19.674
  7    15.420 52459.62551355 17.70  87.346701  63.559146 19.674
  7    15.441 52459.62551419 18.57  87.344001  63.562276 19.674
  7    15.486 52459.62551483 19.59  87.341291  63.565406 19.674
  9    45.554 52529.62548111 21.04  87.352407  63.532422 13.916
  9    44.266 52529.62548176 19.11  87.349697  63.535552 13.916
  9    42.748 52529.62548240 18.85  87.346997  63.538682 13.916
  9    40.835 52529.62548305 17.11  87.344297  63.541812 13.916
  9    39.051 52529.62548369 16.46  87.341587  63.544942 13.916
  9    36.865 52529.62548434 17.25  87.338887  63.548062 13.916
  9    34.029 52529.62548498 18.83  87.336177  63.551192 13.916
 10    14.733 52564.62550329 47.62  87.359926  63.542574 13.082
 10    14.679 52564.62550393 41.55  87.357216  63.545704 13.082
 10    14.621 52564.62550458 42.66  87.354516  63.548834 15.868
 10    14.506 52564.62550522 33.75  87.351816  63.551954 15.868
 10    14.184 52564.62550587 27.70  87.349106  63.555084 15.868
 10    14.104 52564.62550651 25.09  87.346406  63.558214 15.868
 10    14.151 52564.62550716 23.12  87.343696  63.561344 15.868
 10    19.566 52564.62550780 23.45  87.340986  63.564474 15.868
 11    14.622 52599.62553059 28.83  87.359416  63.540028  9.865
 11    14.821 52599.62553123 26.08  87.356716  63.543158  9.865
 11    14.773 52599.62553188 25.29  87.354016  63.546288  9.865
 11    14.600 52599.62553252 26.46  87.351316  63.549418  9.865
 11    14.917 52599.62553317 35.20  87.348606  63.552548  9.865
 11    15.378 52599.62553381 26.10  87.345906  63.555668  9.865
 11    14.419 52599.62553446 22.87  87.343206  63.558798  9.865
 11    14.314 52599.62553510 22.87  87.340496  63.561928  9.865
 12    16.511 52634.62548422 19.84  87.354966  63.534447  3.849
 12    16.914 52634.62548487 14.08  87.352256  63.537577  3.849
 12    16.714 52634.62548551 14.52  87.349556  63.540707  3.849
 12    16.682 52634.62548616 15.08  87.346850  63.543837  3.748
 12    16.818 52634.62548680 15.12  87.344150  63.546957  3.748
 12    17.021 52634.62548744 15.33  87.341450  63.550087  3.748
 12    17.282 52634.62548809 15.92  87.338740  63.553217  3.748
 12    17.478 52634.62548873 15.61  87.336040  63.556347  3.748
 13    16.469 52669.62549782 13.99  87.353309  63.548121  3.955
 13    17.592 52669.62549846 12.73  87.350609  63.551251  3.955
 13    16.508 52669.62549911 13.11  87.347909  63.554381  3.955
 13    16.685 52669.62549975 12.94  87.345199  63.557511  3.955
 13    19.663 52669.62550040 12.72  87.342501  63.560641  3.055
 13    20.271 52669.62550104 12.62  87.339791  63.563761  3.055
 14    44.948 52704.62548228  8.42  87.358466  63.537424  3.734
 14    15.937 52704.62548422 15.00  87.350359  63.546815  3.759
 14    15.811 52704.62548486 14.71  87.347649  63.549935  3.759
 14    15.819 52704.62548550 15.24  87.344949  63.553065  3.759
 14    16.100 52704.62548615 14.15  87.342249  63.556195  3.759
 14    19.403 52704.62548679 13.79  87.339539  63.559325  3.759
 15    42.758 52739.62551969 11.60  87.360607  63.544560  3.682
 15    40.640 52739.62552033 11.90  87.357907  63.547690  3.682
 15    38.757 52739.62552098 12.63  87.355207  63.550810  3.682
 15    36.736 52739.62552162 13.08  87.352507  63.553940  3.682
 15    35.425 52739.62552227 12.49  87.349797  63.557070  3.682
 15    31.668 52739.62552291 12.32  87.347097  63.560200  3.682
 15    32.002 52739.62552356 11.90  87.344387  63.563330  3.682
 15    28.122 52739.62552420 11.35  87.341687  63.566450  3.682
 16    39.320 52774.62546998 22.88  87.367328  63.552508 13.790
 16    43.790 52774.62547062 20.82  87.364628  63.555638 13.790
 16    43.493 52774.62547127 20.80  87.361918  63.558758 13.790
 16    43.644 52774.62547191 19.90  87.359218  63.561888 13.790
 16    19.798 52774.62547256 22.33  87.356518  63.565018 13.790
 16    20.538 52774.62547320 22.06  87.353814  63.568151 18.999
 16    21.192 52774.62547385 22.96  87.351104  63.571271 18.999
 16    20.320 52774.62547449 24.15  87.348404  63.574401 18.999
 16    20.763 52774.62547514 25.27  87.345694  63.577531 18.999
 16    20.317 52774.62547578 25.25  87.342994  63.580661 18.999
 17    38.082 52809.62553968 10.29  87.354454  63.532076  6.573
 17    37.750 52809.62554032 11.72  87.351754  63.535206  6.573
 17    37.006 52809.62554097 14.11  87.349054  63.538336  6.573
 17    36.477 52809.62554161 14.32  87.346354  63.541466  6.573
 17    22.797 52809.62554226 14.12  87.343649  63.544597 21.210
 17    22.859 52809.62554290 14.82  87.340939  63.547717 21.210
 17    23.171 52809.62554355 14.53  87.338239  63.550847 21.210
 17    22.510 52809.62554419 18.05  87.335539  63.553977 21.210
 18    14.010 52844.62559647 14.12  87.355748  63.533696  4.416
 18    13.837 52844.62559711 15.46  87.353048  63.536826  4.416
 18    14.777 52844.62559776 16.66  87.350348  63.539956  4.416
 18    13.576 52844.62559840 18.13  87.347638  63.543086  4.416
 18    13.703 52844.62559905 19.63  87.344939  63.546216 30.761
 18    13.825 52844.62559969 22.57  87.342239  63.549336 30.761
 18    13.904 52844.62560034 25.74  87.339529  63.552466 30.761
 18    14.055 52844.62560098 27.34  87.336829  63.555596 30.761
 19    14.302 52879.62563521 11.37  87.356823  63.539071  4.517
 19    14.242 52879.62563585 12.39  87.354123  63.542201  4.517
 19    14.136 52879.62563650 14.18  87.351423  63.545331  4.517
 19    14.306 52879.62563714 14.92  87.348716  63.548454 27.650
 19    14.241 52879.62563779 17.66  87.346016  63.551584 27.650
 19    14.167 52879.62563843 20.71  87.343316  63.554714 27.650
 19    14.292 52879.62563907 21.94  87.340606  63.557844 27.650
 19    14.590 52879.62563972 23.27  87.337906  63.560974 27.650
 20    12.934 52914.62559541 27.16  87.363015  63.553590 11.112
 20    13.215 52914.62559605 26.46  87.360315  63.556720 11.112
 20    13.698 52914.62559670 24.88  87.357605  63.559850 11.112
 20    13.799 52914.62559734 25.29  87.354905  63.562980 11.112
 20    14.056 52914.62559799 26.10  87.352195  63.566110 11.112
 20    14.211 52914.62559863 26.39  87.349495  63.569230 11.112
 20    14.334 52914.62559928 26.82  87.346785  63.572360 11.112
 20    14.458 52914.62559992 27.65  87.344085  63.575490 11.112
 21    13.305 52949.62555124 40.29  87.355174  63.534581 10.293
 21    13.163 52949.62555189 44.19  87.352474  63.537711 10.293
 21    13.025 52949.62555253 47.18  87.349770  63.540840 20.973
 21    13.178 52949.62555318 46.54  87.347060  63.543960 20.973
 21    13.577 52949.62555382 45.47  87.344360  63.547090 20.973
 21    13.119 52949.62555447 48.87  87.341660  63.550220 20.973
 21    13.221 52949.62555511 47.30  87.338950  63.553350 20.973
 21    13.048 52949.62555576 37.16  87.336240  63.556480 20.973
 22    14.900 52984.62558058 14.65  87.355120  63.549438  5.541
 22    15.087 52984.62558122 14.42  87.352420  63.552568  5.541
 22    15.016 52984.62558186 14.33  87.349710  63.555698  5.541
 22    15.085 52984.62558251 14.56  87.347010  63.558818  5.541
 22    15.124 52984.62558315 14.36  87.344310  63.561948  5.541
 22    15.401 52984.62558380 14.01  87.341600  63.565078  5.541
 23    40.446 53019.62557145 11.34  87.363095  63.547392  4.449
 23    39.357 53019.62557209 11.31  87.360395  63.550522  4.449
 23    36.454 53019.62557274 11.76  87.357685  63.553652  4.449
 23    35.447 53019.62557338 12.40  87.354985  63.556782  4.449
 23    16.410 53019.62557403 12.72  87.352285  63.559912  4.449
 23    18.742 53019.62557467 12.99  87.349575  63.563032  4.449
 23    19.610 53019.62557532 12.96  87.346875  63.566162  4.449
 23    20.826 53019.62557596 12.66  87.344165  63.569292  4.449
 24    44.466 53054.62555526  7.92  87.359024  63.538260  4.294
 24    15.918 53054.62555720 12.49  87.350914  63.547640  4.294
 24    15.799 53054.62555784 13.28  87.348204  63.550770  4.294
 24    18.744 53054.62555849 12.45  87.345504  63.553900  4.294
 24    19.687 53054.62555913 12.71  87.342794  63.557030  4.294
 24    20.085 53054.62555977 12.66  87.340094  63.560160  4.294
 25    15.675 53089.62559485 18.17  87.354336  63.549855  6.320
 25    15.656 53089.62559549 17.85  87.351636  63.552985  6.320
 25    15.757 53089.62559613 17.10  87.348936  63.556115  6.320
 25    15.526 53089.62559678 16.62  87.346226  63.559245  6.320
 25    15.671 53089.62559742 15.80  87.343525  63.562367  3.892
 25    15.725 53089.62559807 14.89  87.340825  63.565497  3.892
 26    46.822 53124.62556301  6.79  87.355642  63.537970  2.656
 26    44.716 53124.62556365  7.80  87.352932  63.541100  2.656
 26    42.402 53124.62556430  8.52  87.350232  63.544220  2.656
 26    41.978 53124.62556494  8.87  87.347532  63.547350  2.656
 26    39.928 53124.62556559  9.72  87.344822  63.550480  2.656
 26    36.896 53124.62556623  9.72  87.342122  63.553610  2.656
 26    37.045 53124.62556688  9.31  87.339412  63.556740  2.656
 27    46.166 53159.62562202 26.87  87.356536  63.533855  9.636
 27    43.536 53159.62562266 28.14  87.353836  63.536985  9.636
 27    42.067 53159.62562330 27.21  87.351136  63.540115  9.636
 27    25.951 53159.62562395 27.72  87.348436  63.543235  9.636
 27    26.056 53159.62562459 30.11  87.345736  63.546365  9.636
 27    26.380 53159.62562524 30.80  87.343026  63.549495  9.636
 27    26.624 53159.62562588 30.12  87.340323  63.552618 32.638
 27    26.730 53159.62562653 30.03  87.337623  63.555748 32.638
 28    15.575 53194.62561905 27.70  87.362547  63.542567  5.156
 28    15.475 53194.62561970 28.28  87.359847  63.545697  5.156
 28    15.438 53194.62562034 28.43  87.357147  63.548822 14.012
 28    15.255 53194.62562099 29.52  87.354447  63.551952 14.012
 28    15.093 53194.62562163 28.46  87.351737  63.555082 14.012
 28    14.825 53194.62562228 28.35  87.349037  63.558212 14.012
 28    14.752 53194.62562292 27.97  87.346327  63.561342 14.012
 28    14.508 53194.62562357 28.36  87.343627  63.564462 14.012
 28    14.608 53194.62562421 27.63  87.340917  63.567592 14.012
 29    15.572 53229.62560982 46.49  87.364313  63.545237 13.795
 29    15.325 53229.62561046 36.40  87.361603  63.548367 13.795
 29    14.049 53229.62561110 19.23  87.358903  63.551497 13.795
 29    14.009 53229.62561175 18.85  87.356203  63.554627 13.795
 29    13.896 53229.62561239 19.32  87.353503  63.557747 13.795
 29    14.215 53229.62561304 18.43  87.350793  63.560877 13.795
 29    14.262 53229.62561368 20.77  87.348093  63.564007 13.795
 29    14.375 53229.62561433 21.91  87.345383  63.567137 13.795
 29    18.214 53229.62561497 21.29  87.342676  63.570266 28.270
 30    39.461 53264.62558204 22.96  87.364624  63.549921 11.079
 30    38.504 53264.62558269 17.86  87.361924  63.553051 11.079
 30    37.490 53264.62558333 14.60  87.359224  63.556181 11.079
 30    36.112 53264.62558398 12.43  87.356514  63.559311 11.079
 30    34.632 53264.62558462 12.28  87.353814  63.562441 11.079
 30    32.124 53264.62558527 13.98  87.351114  63.565561 11.079
 30    29.500 53264.62558591 14.19  87.348404  63.568691 11.079
 30    17.921 53264.62558655 17.65  87.345704  63.571821 11.079
 30    17.409 53264.62558720 19.72  87.343000  63.574953 22.498
 32    14.564 53334.62559760 39.40  87.356359  63.546241 12.680
 32    14.278 53334.62559824 41.81  87.353649  63.549361 12.680
 32    14.836 53334.62559889 40.36  87.350949  63.552491 12.680
 32    14.446 53334.62559953 41.65  87.348249  63.555621 12.680
 32    15.192 53334.62560017 39.15  87.345539  63.558751 12.680
 32    14.729 53334.62560082 42.05  87.342836  63.561881 10.619
 32    14.656 53334.62560146 36.34  87.340136  63.565001 10.619
 33    16.224 53369.62553858 21.83  87.366419  63.552081  7.779
 33    16.429 53369.62553923 24.99  87.363719  63.555211  7.779
 33    16.242 53369.62553987 25.84  87.361019  63.558331  7.779
 33    16.476 53369.62554052 23.72  87.358309  63.561461  7.779
 33    16.514 53369.62554116 23.82  87.355609  63.564591  7.779
 33    16.774 53369.62554181 23.32  87.352909  63.567714  6.387
 33    16.763 53369.62554245 23.35  87.350199  63.570844  6.387
 33    16.833 53369.62554310 23.03  87.347499  63.573974  6.387
 33    16.620 53369.62554374 22.80  87.344789  63.577104  6.387
 34    16.884 53404.62557020 18.85  87.351556  63.545912  5.635
 34    16.771 53404.62557085 18.72  87.348856  63.549042  5.635
 34    16.877 53404.62557149 19.55  87.346146  63.552172  5.635
 34    16.813 53404.62557214 19.45  87.343446  63.555302  5.635
 34    16.753 53404.62557278 19.20  87.340736  63.558432  5.635
 34    16.783 53404.62557342 18.59  87.338037  63.561559  3.524
 35    16.597 53439.62555791 13.22  87.365473  63.548487  4.030
 35    16.499 53439.62555855 13.91  87.362773  63.551617  4.030
 35    16.585 53439.62555920 14.00  87.360073  63.554737  4.030
 35    16.739 53439.62555984 14.01  87.357373  63.557867  4.030
 35    17.013 53439.62556048 14.06  87.354663  63.560997  4.030
 35    17.672 53439.62556113 12.75  87.351959  63.564120  2.754
 35    18.841 53439.62556177 12.95  87.349259  63.567250  2.754
 35    17.862 53439.62556242 13.08  87.346549  63.570380  2.754
 35    20.203 53439.62556306 12.83  87.343849  63.573510  2.754
 36    47.835 53474.62561716  5.79  87.355099  63.534990  2.894
 36    46.237 53474.62561780  6.32  87.352399  63.538120  2.894
 36    43.040 53474.62561845  7.63  87.349699  63.541240  2.894
 36    41.093 53474.62561909  9.21  87.346989  63.544370  2.894
 36    39.051 53474.62561974 10.69  87.344289  63.547500  2.894
 36    38.655 53474.62562038  9.03  87.341589  63.550630  2.894
 36    35.894 53474.62562103  9.71  87.338886  63.553759  2.228
 36    36.378 53474.62562167  8.95  87.336176  63.556889  2.228
 37    26.921 53509.62563649 50.38  87.359535  63.540260 21.708
 37    26.915 53509.62563714 49.83  87.356835  63.543390 21.708
 37    27.016 53509.62563778 52.10  87.354125  63.546520 21.708
 37    26.975 53509.62563843 45.73  87.351425  63.549640 21.708
 37    27.148 53509.62563907 50.03  87.348725  63.552770 21.708
 37    27.122 53509.62563972 49.09  87.346015  63.555900 21.708
 37    27.266 53509.62564036 49.36  87.343315  63.559030 21.708
 37    26.588 53509.62564101 43.99  87.340605  63.562151 36.563
 38    44.123 53544.62565166  7.00  87.358796  63.540855  4.337
 38    45.904 53544.62565231  7.13  87.356096  63.543985  4.337
 38    46.156 53544.62565295  7.33  87.353396  63.547105  4.337
 38    45.484 53544.62565360  7.43  87.350696  63.550235  4.337
 38    38.186 53544.62565424  8.77  87.347986  63.553365  4.337
 38    22.003 53544.62565489 10.57  87.345285  63.556489 21.103
 38    20.361 53544.62565553 14.25  87.342585  63.559619 21.103
 38    20.289 53544.62565618 17.52  87.339875  63.562749 21.103
 39    15.224 53579.62563061 13.01  87.363355  63.543877  4.354
 39    14.867 53579.62563125 14.30  87.360655  63.547007  4.354
 39    14.697 53579.62563190 14.48  87.357955  63.550137  4.354
 39    14.596 53579.62563254 15.93  87.355245  63.553267  4.354
 39    14.824 53579.62563319 15.74  87.352545  63.556387  4.354
 39    14.564 53579.62563383 16.57  87.349845  63.559517  4.354
 39    14.684 53579.62563448 19.75  87.347135  63.562647  4.354
 39    14.709 53579.62563512 21.97  87.344433  63.565769 26.374
 39    14.817 53579.62563577 22.53  87.341733  63.568899 26.374
 40    14.479 53614.62558542 41.85  87.363389  63.548163 13.331
 40    14.043 53614.62558606 31.68  87.360689  63.551293 13.331
 40    13.908 53614.62558671 31.64  87.357989  63.554413 13.331
 40    14.126 53614.62558735 34.81  87.355289  63.557543 13.331
 40    14.232 53614.62558800 38.35  87.352579  63.560673 13.331
 40    14.155 53614.62558864 46.91  87.349879  63.563798 26.057
 40    14.223 53614.62558929 47.81  87.347179  63.566928 26.057
 40    14.219 53614.62558993 50.95  87.344469  63.570058 26.057
 41    38.887 53649.62559169 20.31  87.358941  63.537301  8.365
 41    42.910 53649.62559233 15.83  87.356241  63.540431  8.365
 41    40.007 53649.62559298 14.19  87.353531  63.543551  8.365
 41    39.706 53649.62559362 12.81  87.350831  63.546681  8.365
 41    13.088 53649.62559556 22.96  87.342718  63.556070 16.879
 41    12.778 53649.62559620 21.59  87.340018  63.559190 16.879
 43    38.475 53719.62553295 13.13  87.365778  63.550920  4.738
 43    16.581 53719.62553359 12.80  87.363078  63.554040  4.738
 43    16.971 53719.62553424 12.54  87.360368  63.557170  4.738
 43    17.962 53719.62553488 12.10  87.357668  63.560300  4.738
 43    18.771 53719.62553553 11.80  87.354968  63.563430  4.738
 43    19.992 53719.62553617 11.94  87.352265  63.566562  2.937
 43    20.544 53719.62553682 12.79  87.349555  63.569682  2.937
 43    22.095 53719.62553746 12.21  87.346855  63.572812  2.937
 43    21.556 53719.62553811 13.48  87.344145  63.575942  2.937
 44    17.491 53754.62545493 13.75  87.356230  63.542834  4.813
 44    17.510 53754.62545557 14.63  87.353530  63.545954  4.813
 44    17.607 53754.62545622 15.03  87.350830  63.549084  4.813
 44    19.018 53754.62545686 12.45  87.348120  63.552214  4.813
 44    19.624 53754.62545751 13.03  87.345420  63.555344  4.813
 44    19.926 53754.62545815 13.03  87.342710  63.558474  4.813
 44    22.932 53754.62545880 12.35  87.339999  63.561599  3.328
 45    41.304 53789.62548553  9.76  87.362388  63.546965  3.657
 45    39.239 53789.62548617 10.04  87.359678  63.550085  3.657
 45    37.436 53789.62548682 10.65  87.356978  63.553215  3.657
 45    35.775 53789.62548746 10.58  87.354278  63.556345  3.657
 45    33.560 53789.62548811 10.87  87.351578  63.559475  3.657
 45    32.100 53789.62548875 11.01  87.348868  63.562606  2.866
 45    20.894 53789.62548939 10.83  87.346168  63.565726  2.866
 45    21.500 53789.62549004 11.13  87.343458  63.568856  2.866
 46    46.802 53824.62543917  4.08  87.356004  63.533451  2.837
 46    45.048 53824.62543981  4.82  87.353304  63.536581  2.837
 46    37.556 53824.62544046  9.09  87.350594  63.539711  2.837
 46    35.962 53824.62544110 10.80  87.347892  63.542840  3.656
 46    18.607 53824.62544174 11.75  87.345192  63.545960  3.656
 46    20.238 53824.62544239 11.17  87.342482  63.549090  3.656
 46    20.600 53824.62544303 10.86  87.339782  63.552220  3.656
 46    20.806 53824.62544368 11.07  87.337072  63.555350  3.656
 47    47.731 53859.62553305  0.84  87.355300  63.536264  4.642
 47    46.276 53859.62553369  1.46  87.352600  63.539384  4.642
 47    45.511 53859.62553434  1.50  87.349900  63.542514  4.642
 47    42.627 53859.62553498  2.61  87.347190  63.545644  4.642
 47    39.067 53859.62553563  4.13  87.344490  63.548774  4.642
 47    18.789 53859.62553627  7.53  87.341790  63.551904  4.642
 47    17.102 53859.62553692  9.98  87.339080  63.555024  4.642
 47    17.300 53859.62553756  8.35  87.336380  63.558154  4.642
 48    46.546 53894.62555100 19.80  87.358916  63.540772  8.642
 48    38.186 53894.62555164 21.81  87.356206  63.543902  8.642
 48    23.059 53894.62555228 22.47  87.353506  63.547032  8.642
 48    23.360 53894.62555293 23.66  87.350806  63.550152  8.642
 48    23.408 53894.62555357 25.15  87.348096  63.553282  8.642
 48    23.645 53894.62555422 26.57  87.345396  63.556412  8.642
 48    23.965 53894.62555486 27.69  87.342696  63.559542  8.642
 48    24.210 53894.62555551 26.85  87.339986  63.562671 29.853
 49    15.676 53929.62560498 44.29  87.355193  63.535485 19.992
 49    15.649 53929.62560562 44.32  87.352493  63.538605 19.992
 49    15.757 53929.62560627 46.45  87.349793  63.541735 19.992
 49    15.650 53929.62560691 45.79  87.347093  63.544865 19.992
 49    15.543 53929.62560755 48.56  87.344383  63.547995 19.992
 49    15.632 53929.62560820 48.11  87.341683  63.551125 19.992
 49    15.534 53929.62560884 49.75  87.338983  63.554255 19.992
 49    15.651 53929.62560949 47.44  87.336273  63.557375 19.992
 50    39.573 53964.62558471  8.32  87.360971  63.539200  9.548
 50    39.026 53964.62558535  8.66  87.358271  63.542330  9.548
 50    37.655 53964.62558600 11.90  87.355571  63.545450  9.548
 50    14.795 53964.62558729 14.67  87.350171  63.551710  9.548
 50    15.004 53964.62558793 17.71  87.347461  63.554840  9.548
 50    15.219 53964.62558857 18.19  87.344761  63.557970  9.548
 50    15.280 53964.62558922 20.69  87.342051  63.561090  9.548
 50    15.175 53964.62558986 22.03  87.339351  63.564220  9.548
 51    48.117 53999.62553787  6.20  87.352624  63.531429  7.563
 51    46.696 53999.62553851  5.63  87.349924  63.534549  7.563
 51    44.643 53999.62553916  5.96  87.347224  63.537679  7.563
 51    21.098 53999.62554109 12.19  87.339104  63.547069  7.563
 51    20.929 53999.62554174 12.80  87.336404  63.550189  7.563
 52    14.013 54034.62558389 44.60  87.360352  63.538363 18.780
 52    14.043 54034.62558453 45.92  87.357652  63.541493 18.780
 52    14.496 54034.62558518 43.47  87.354942  63.544623 18.780
 52    13.905 54034.62558582 43.17  87.352242  63.547743 18.780
 52    13.919 54034.62558647 42.49  87.349542  63.550873 18.780
 52    13.717 54034.62558711 47.55  87.346832  63.554003 18.780
 52    13.771 54034.62558775 47.17  87.344132  63.557133 18.780
 52    13.793 54034.62558840 49.32  87.341428  63.560262 13.272
 52    13.831 54034.62558904 39.35  87.338718  63.563392 13.272
 53    43.131 54069.62557900 11.30  87.360554  63.544532  3.683
 53    41.261 54069.62557965 12.14  87.357854  63.547662  3.683
 53    37.854 54069.62558029 13.30  87.355144  63.550792  3.683
 53    35.504 54069.62558093 13.55  87.352444  63.553922  3.683
 53    18.798 54069.62558158 13.12  87.349744  63.557052  3.683
 53    31.995 54069.62558222 12.84  87.347034  63.560172  3.683
 53    23.234 54069.62558287 12.48  87.344334  63.563302  3.683
 53    21.448 54069.62558351 12.93  87.341624  63.566432  3.683
 54    43.027 54104.62553525 10.28  87.365595  63.549249  3.475
 54    42.773 54104.62553589  9.37  87.362895  63.552379  3.475
 54    41.147 54104.62553654 10.44  87.360195  63.555509  3.475
 54    36.002 54104.62553718 10.64  87.357485  63.558639  3.475
 54    34.570 54104.62553783 10.39  87.354785  63.561769  3.475
 54    30.402 54104.62553847 10.74  87.352085  63.564889  3.475
 54    24.283 54104.62553912 11.39  87.349375  63.568019  3.475
 54    22.134 54104.62553976 11.76  87.346675  63.571149  3.475
 54    21.868 54104.62554041 12.81  87.343965  63.574279  3.475
 55    46.893 54139.62550876  5.43  87.358046  63.535849  3.168
 55    44.239 54139.62550941  7.98  87.355346  63.538969  3.168
 55    42.339 54139.62551005  9.28  87.352646  63.542099  3.168
 55    40.710 54139.62551070  9.57  87.349936  63.545229  3.168
 55    37.846 54139.62551134 10.63  87.347236  63.548359  3.168
 55    36.860 54139.62551199 10.55  87.344536  63.551489  3.168
 55    34.234 54139.62551263 10.48  87.341826  63.554609  3.168
 55    30.713 54139.62551328 10.60  87.339126  63.557739  3.168
 56    42.984 54174.62551386  8.26  87.363551  63.545130  3.224
 56    41.450 54174.62551451  9.09  87.360851  63.548260  3.224
 56    40.236 54174.62551515  8.67  87.358151  63.551390  3.224
 56    37.503 54174.62551580  8.58  87.355441  63.554520  3.224
 56    35.414 54174.62551644  8.69  87.352741  63.557640  3.224
 56    31.723 54174.62551709  8.91  87.350041  63.560770  3.224
 56    31.869 54174.62551773  9.28  87.347331  63.563900  3.224
 56    22.674 54174.62551838  9.80  87.344631  63.567030  3.224
 56    24.760 54174.62551902  9.53  87.341927  63.570160  2.427
 57    18.114 54209.62551523 19.12  87.356693  63.536397 20.149
 57    17.803 54209.62551587 20.95  87.353993  63.539527 20.149
 57    17.674 54209.62551652 21.35  87.351283  63.542657 20.149
 57    17.496 54209.62551716 24.55  87.348583  63.545777 20.149
 57    17.760 54209.62551781 24.49  87.345883  63.548907 20.149
 57    17.906 54209.62551845 26.89  87.343173  63.552037 20.149
 57    17.934 54209.62551909 29.84  87.340473  63.555167 20.149
 57    18.115 54209.62551974 31.65  87.337773  63.558297 20.149
 58    45.474 54244.62554676 24.36  87.360182  63.539726  9.304
 58    42.938 54244.62554741 24.09  87.357482  63.542856  9.304
 58    43.749 54244.62554805 21.86  87.354772  63.545986  9.304
 58    38.920 54244.62554869 22.14  87.352072  63.549106  9.304
 58    36.492 54244.62554934 24.09  87.349372  63.552236  9.304
 58    34.575 54244.62554998 25.11  87.346662  63.555366  9.304
 58    23.752 54244.62555063 26.39  87.343962  63.558496  9.304
 58    23.810 54244.62555127 28.63  87.341252  63.561626  9.304
 59    17.136 54279.62555895 32.25  87.358825  63.541702  5.957
 59    17.023 54279.62555959 32.93  87.356115  63.544832  5.957
 59    16.891 54279.62556024 32.86  87.353415  63.547962  5.957
 59    17.037 54279.62556088 32.15  87.350715  63.551082  5.957
 59    16.917 54279.62556153 32.31  87.348015  63.554212  5.957
 59    16.953 54279.62556217 31.49  87.345305  63.557342  5.957
 59    17.049 54279.62556282 30.82  87.342605  63.560472  5.957
 59    16.960 54279.62556346 31.59  87.339895  63.563602  5.957
 60    40.563 54314.62555858  5.71  87.362719  63.542920  6.427
 60    40.459 54314.62555923  4.11  87.360019  63.546050  6.427
 60    40.572 54314.62555987  3.31  87.357309  63.549180  6.427
 60    40.492 54314.62556052  3.02  87.354609  63.552310  6.427
 60    14.670 54314.62556245 18.52  87.346499  63.561690  6.427
 60    14.687 54314.62556310 20.69  87.343789  63.564820  6.427
 60    15.035 54314.62556374 19.91  87.341088  63.567949 20.929
 61    39.836 54349.62552844 18.45  87.365674  63.546097  7.469
 61    39.454 54349.62552909 14.26  87.362974  63.549227  7.469
 61    38.394 54349.62552973 12.36  87.360274  63.552357  7.469
 61    37.316 54349.62553038 11.82  87.357564  63.555487  7.469
 61    35.690 54349.62553102 12.63  87.354864  63.558617  7.469
 61    33.429 54349.62553167 13.31  87.352164  63.561737  7.469
 61    31.351 54349.62553231 15.22  87.349454  63.564867  7.469
 61    15.534 54349.62553296 15.44  87.346754  63.567997  7.469
 61    18.212 54349.62553360 17.87  87.344051  63.571119 19.222
 62    39.273 54384.62549590 19.95  87.359819  63.537275  8.770
 62    39.051 54384.62549655 19.96  87.357119  63.540405  8.770
 62    38.587 54384.62549719 18.70  87.354419  63.543525  8.770
 62    37.941 54384.62549784 15.65  87.351719  63.546655  8.770
 62    37.217 54384.62549848 14.33  87.349009  63.549785  8.770
 62    36.047 54384.62549913 14.06  87.346309  63.552915  8.770
 62    34.505 54384.62549977 14.62  87.343599  63.556045  8.770
 62    15.787 54384.62550042 15.60  87.340899  63.559165  8.770
 62    15.632 54384.62550106 17.71  87.338189  63.562295  8.770
 63    13.711 54419.62547776 40.43  87.364047  63.544721 22.041
 63    13.538 54419.62547841 43.85  87.361347  63.547841 22.041
 63    14.078 54419.62547905 42.53  87.358647  63.550971 22.041
 63    13.791 54419.62547970 38.62  87.355947  63.554101 22.041
 63    13.569 54419.62548034 42.34  87.353237  63.557231 22.041
 63    13.614 54419.62548099 47.37  87.350537  63.560361 22.041
 63    13.839 54419.62548163 40.41  87.347827  63.563481 22.041
 63    13.553 54419.62548227 41.00  87.345127  63.566611 22.041
 63    13.491 54419.62548292 37.25  87.342427  63.569741 22.041
 64    37.684 54454.62546677 17.61  87.355598  63.534060  4.700
 64    37.019 54454.62546742 17.65  87.352898  63.537190  4.700
 64    16.470 54454.62546806 18.33  87.350198  63.540310  4.700
 64    16.276 54454.62546870 18.84  87.347498  63.543440  4.700
 64    16.353 54454.62546935 18.98  87.344788  63.546570  4.700
 64    16.260 54454.62546999 19.62  87.342088  63.549700  4.700
 64    16.345 54454.62547064 18.53  87.339378  63.552830  4.700
 64    16.299 54454.62547128 17.73  87.336678  63.555950  4.700
 65    16.312 54489.62547794 15.71  87.360446  63.546815  5.811
 65    16.260 54489.62547858 15.67  87.357746  63.549945  5.811
 65    16.132 54489.62547923 15.46  87.355046  63.553065  5.811
 65    15.940 54489.62547987 16.04  87.352346  63.556195  5.811
 65    15.970 54489.62548052 14.31  87.349636  63.559325  5.811
 65    19.434 54489.62548116 13.63  87.346936  63.562455  5.811
 65    20.340 54489.62548181 13.30  87.344226  63.565585  5.811
 65    21.101 54489.62548245 13.59  87.341526  63.568705  5.811
 66    39.626 54524.62548066 10.09  87.358376  63.539773  3.410
 66    16.579 54524.62548195 14.07  87.352973  63.546034  4.272
 66    16.490 54524.62548260 14.32  87.350273  63.549154  4.272
 66    16.503 54524.62548324 13.95  87.347573  63.552284  4.272
 66    16.543 54524.62548389 14.27  87.344863  63.555414  4.272
 66    16.673 54524.62548453 14.13  87.342163  63.558544  4.272
 66    19.875 54524.62548518 13.21  87.339453  63.561664  4.272
 67    41.551 54559.62548717  9.50  87.362379  63.547024  3.152
 67    40.114 54559.62548781  9.19  87.359679  63.550154  3.152
 67    38.221 54559.62548846  9.50  87.356979  63.553284  3.152
 67    36.679 54559.62548910  9.36  87.354272  63.556408  2.579
 67    34.997 54559.62548975  8.85  87.351572  63.559538  2.579
 67    33.185 54559.62549039  8.49  87.348872  63.562668  2.579
 67    32.119 54559.62549104  9.01  87.346162  63.565798  2.579
 67    27.539 54559.62549168  8.85  87.343462  63.568928  2.579
 68    17.873 54594.62547717 21.13  87.358950  63.541707 10.564
 68    17.590 54594.62547781 23.77  87.356250  63.544837 10.564
 68    17.539 54594.62547846 18.43  87.353550  63.547962 24.482
 68    17.315 54594.62547910 20.90  87.350850  63.551092 24.482
 68    17.651 54594.62547975 19.20  87.348140  63.554222 24.482
 68    17.693 54594.62548039 18.03  87.345440  63.557352 24.482
 68    17.786 54594.62548104 19.58  87.342730  63.560482 24.482
 68    17.708 54594.62548168 24.60  87.340030  63.563602 24.482
 69    43.794 54629.62549106 21.37  87.361068  63.540219  7.436
 69    44.042 54629.62549170 20.40  87.358368  63.543349  7.436
 69    42.077 54629.62549235 19.72  87.355658  63.546479  7.436
 69    37.413 54629.62549299 22.36  87.352957  63.549613 19.772
 69    20.805 54629.62549364 23.05  87.350257  63.552733 19.772
 69    21.029 54629.62549428 22.44  87.347547  63.555863 19.772
 69    21.285 54629.62549493 22.79  87.344847  63.558993 19.772
 69    21.486 54629.62549557 23.31  87.342137  63.562123 19.772
 69    21.666 54629.62549622 24.48  87.339437  63.565253 19.772
 70    15.150 54664.62549751 35.64  87.360169  63.537849  6.008
 70    14.918 54664.62549815 36.28  87.357459  63.540979  6.008
 70    14.783 54664.62549880 38.05  87.354759  63.544109  6.008
 70    14.842 54664.62549944 38.36  87.352059  63.547239  6.008
 70    14.739 54664.62550009 38.99  87.349360  63.550362 15.597
 70    14.839 54664.62550073 39.52  87.346650  63.553492 15.597
 70    14.875 54664.62550138 37.87  87.343950  63.556622 15.597
 70    14.997 54664.62550202 39.86  87.341240  63.559752 15.597
 70    14.954 54664.62550266 42.89  87.338540  63.562882 15.597
 71    39.165 54699.62547078 17.19  87.364591  63.548939  9.317
 71    38.214 54699.62547142 16.39  87.361891  63.552059  9.317
 71    14.249 54699.62547207 17.57  87.359191  63.555189  9.317
 71    14.483 54699.62547271 18.26  87.356481  63.558319  9.317
 71    14.767 54699.62547336 17.51  87.353780  63.561444 18.306
 71    14.846 54699.62547400 18.25  87.351080  63.564574 18.306
 71    14.935 54699.62547464 17.84  87.348370  63.567704 18.306
 71    18.759 54699.62547529 17.40  87.345670  63.570834 18.306
 71    18.295 54699.62547593 19.52  87.342960  63.573964 18.306
 72    38.606 54734.62545590 10.77  87.355116  63.536976  6.038
 72    37.842 54734.62545654 12.47  87.352416  63.540106  6.038
 72    37.109 54734.62545719 13.86  87.349716  63.543236  6.038
 72    15.826 54734.62545848 12.88  87.344301  63.549487 19.728
 72    15.848 54734.62545912 15.22  87.341601  63.552617 19.728
 72    15.921 54734.62545977 16.09  87.338901  63.555747 19.728
 73    39.394 54769.62545012 19.74  87.360762  63.545313  8.496
 73    38.474 54769.62545076 19.38  87.358062  63.548433  8.496
 73    37.561 54769.62545141 17.61  87.355362  63.551563  8.496
 73    36.550 54769.62545205 13.49  87.352652  63.554693  8.496
 73    34.974 54769.62545270 14.73  87.349950  63.557824  8.892
 73    33.287 54769.62545334 13.01  87.347250  63.560944  8.892
 73    19.483 54769.62545399 15.82  87.344540  63.564074  8.892
 73    21.045 54769.62545463 15.36  87.341840  63.567204  8.892
 74    43.748 54804.62544948  9.74  87.355618  63.535925  3.743
 74    38.580 54804.62545013  9.60  87.352918  63.539055  3.743
 74    37.694 54804.62545077 12.20  87.350218  63.542185  3.743
 74    36.832 54804.62545142 12.60  87.347520  63.545315  4.945
 74    36.065 54804.62545206 12.19  87.344810  63.548435  4.945
 74    34.981 54804.62545271 13.14  87.342110  63.551565  4.945
 74    32.041 54804.62545335 13.18  87.339400  63.554695  4.945
 74    23.632 54804.62545399 13.27  87.336700  63.557825  4.945
 75    40.931 54839.62544401  8.73  87.360910  63.541711  3.270
 75    41.297 54839.62544465  9.41  87.358210  63.544841  3.270
 75    39.996 54839.62544530 10.48  87.355510  63.547971  3.270
 75    38.160 54839.62544594 10.18  87.352800  63.551101  3.270
 75    35.286 54839.62544659 10.98  87.350102  63.554234  4.906
 75    33.128 54839.62544723 11.30  87.347392  63.557354  4.906
 75    20.472 54839.62544788 11.78  87.344692  63.560484  4.906
 75    20.410 54839.62544852 14.39  87.341992  63.563614  4.906
 76    45.478 54874.62544974  5.46  87.358756  63.536808  2.851
 76    43.484 54874.62545038  7.95  87.356056  63.539938  2.851
 76    41.904 54874.62545103  8.55  87.353354  63.543070  4.265
 76    39.523 54874.62545167  9.77  87.350644  63.546190  4.265
 76    35.878 54874.62545232 10.73  87.347944  63.549320  4.265
 76    19.745 54874.62545296 12.60  87.345244  63.552450  4.265
 76    20.639 54874.62545361 11.99  87.342534  63.555580  4.265
 76    20.839 54874.62545425 12.71  87.339834  63.558710  4.265
 77    41.818 54909.62545120  7.35  87.362656  63.548081  3.299
 77    38.705 54909.62545184  9.58  87.359946  63.551211  3.299
 77    36.531 54909.62545249 10.12  87.357246  63.554341  3.299
 77    31.690 54909.62545313  9.61  87.354544  63.557464  3.057
 77    18.857 54909.62545378 10.35  87.351844  63.560594  3.057
 77    19.555 54909.62545442 11.28  87.349144  63.563724  3.057
 77    21.024 54909.62545507 10.64  87.346434  63.566854  3.057
 77    21.549 54909.62545571 10.69  87.343734  63.569984  3.057
 78    18.483 54944.62544272 10.41  87.356279  63.536571  5.703
 78    18.067 54944.62544337 14.47  87.353579  63.539701  5.703
 78    17.619 54944.62544401 14.22  87.350872  63.542824 24.585
 78    17.544 54944.62544466 12.08  87.348172  63.545954 24.585
 78    17.584 54944.62544530 13.63  87.345462  63.549084 24.585
 78    17.735 54944.62544595 14.57  87.342762  63.552214 24.585
 78    17.818 54944.62544659 18.36  87.340052  63.555344 24.585
 78    17.945 54944.62544724 22.07  87.337352  63.558464 24.585
 79    43.658 54979.62547012 26.74  87.360176  63.540780 12.267
 79    42.198 54979.62547076 23.31  87.357476  63.543910 12.267
 79    40.580 54979.62547141 22.85  87.354772  63.547036 18.577
 79    38.044 54979.62547205 22.82  87.352062  63.550166 18.577
 79    36.249 54979.62547270 23.98  87.349362  63.553296 18.577
 79    33.176 54979.62547334 25.28  87.346662  63.556426 18.577
 79    23.047 54979.62547399 26.16  87.343952  63.559556 18.577
 79    23.369 54979.62547463 25.92  87.341252  63.562676 18.577
 80    43.013 55014.62547409 18.24  87.359808  63.542265  9.215
 80    42.130 55014.62547473 15.98  87.357108  63.545395  9.215
 80    42.308 55014.62547538 13.90  87.354408  63.548525  9.215
 80    42.291 55014.62547602 13.30  87.351698  63.551655  9.215
 80    35.973 55014.62547667 13.08  87.348999  63.554777 18.971
 80    34.283 55014.62547731 13.49  87.346299  63.557907 18.971
 80    32.141 55014.62547796 14.53  87.343589  63.561037 18.971
 80    21.475 55014.62547860 15.56  87.340889  63.564167 18.971
 81    35.392 55049.62546803 11.11  87.359589  63.542929  4.794
 81    14.908 55049.62546868 11.73  87.356889  63.546059  4.794
 81    15.176 55049.62546932 12.37  87.354189  63.549189  4.794
 81    15.050 55049.62546996 13.67  87.351486  63.552312 24.329
 81    15.320 55049.62547061 15.39  87.348776  63.555442 24.329
 81    14.996 55049.62547125 17.04  87.346076  63.558572 24.329
 81    15.455 55049.62547190 16.04  87.343366  63.561702 24.329
 81    14.886 55049.62547254 21.06  87.340666  63.564832 24.329
 82    14.145 55084.62543679 24.36  87.365053  63.549506  5.792
 82    14.330 55084.62543744 23.75  87.362353  63.552636  5.792
 82    14.510 55084.62543808 26.84  87.359653  63.555756  5.792
 82    14.549 55084.62543873 31.50  87.356953  63.558886  5.792
 82    14.663 55084.62543937 36.42  87.354248  63.562013 22.941
 82    14.643 55084.62544001 38.97  87.351538  63.565143 22.941
 82    14.596 55084.62544066 40.81  87.348838  63.568273 22.941
 82    14.641 55084.62544130 41.51  87.346138  63.571403 22.941
 82    14.675 55084.62544195 40.48  87.343428  63.574533 22.941
 83    43.723 55119.62539940 10.86  87.356677  63.538505  6.635
 83    41.626 55119.62540005  8.98  87.353977  63.541635  6.635
 83    37.479 55119.62540069 13.60  87.351277  63.544765  6.635
 83    36.431 55119.62540134 13.39  87.348571  63.547895 18.229
 83    15.176 55119.62540198 13.77  87.345871  63.551015 18.229
 83    15.896 55119.62540263 13.88  87.343161  63.554145 18.229
 83    19.988 55119.62540327 12.65  87.340461  63.557275 18.229
 83    20.225 55119.62540392 14.57  87.337751  63.560405 18.229
 84    16.195 55154.62539523 20.51  87.361130  63.544635  4.319
 84    16.112 55154.62539588 22.38  87.358430  63.547755  4.319
 84    16.073 55154.62539652 23.44  87.355730  63.550885  4.319
 84    15.950 55154.62539717 22.64  87.353030  63.554015  4.319
 84    15.948 55154.62539781 23.06  87.350324  63.557147  7.645
 84    15.903 55154.62539846 22.29  87.347614  63.560267  7.645
 84    15.775 55154.62539910 22.60  87.344914  63.563397  7.645
 84    15.761 55154.62539975 24.45  87.342214  63.566527  7.645
 85    18.752 55189.62538829 10.66  87.356303  63.535508  3.198
 85    18.790 55189.62538894 11.78  87.353603  63.538638  3.198
 85    19.005 55189.62538958 12.59  87.350903  63.541768  3.198
 85    19.023 55189.62539022 12.86  87.348205  63.544899  3.375
 85    19.048 55189.62539087 13.87  87.345495  63.548019  3.375
 85    19.252 55189.62539151 13.61  87.342795  63.551149  3.375
 85    19.449 55189.62539216 13.50  87.340085  63.554279  3.375
 85    20.658 55189.62539280 13.60  87.337385  63.557409  3.375
 86    16.783 55224.62539522 11.89  87.359323  63.545849  3.670
 86    16.848 55224.62539587 11.78  87.356623  63.548979  3.670
 86    17.339 55224.62539651 11.53  87.353923  63.552109  3.670
 86    18.715 55224.62539715 11.76  87.351220  63.555231  2.558
 86    19.197 55224.62539780 11.36  87.348510  63.558361  2.558
 86    19.894 55224.62539844 11.27  87.345810  63.561491  2.558
 86    20.918 55224.62539909 11.31  87.343100  63.564621  2.558
 87    16.228 55259.62538586 11.40  87.355419  63.545655  3.109
 87    16.769 55259.62538650 11.55  87.352709  63.548775  3.109
 87    16.975 55259.62538715 11.51  87.350009  63.551905  3.109
 87    16.906 55259.62538779 11.65  87.347309  63.555035  3.109
 87    18.965 55259.62538844 10.86  87.344599  63.558165  3.109
 87    19.525 55259.62538908 11.04  87.341899  63.561295  3.109
 87    21.879 55259.62538973 11.18  87.339189  63.564415  3.109
 88    41.652 55294.62538197  8.82  87.363616  63.547684  2.992
 88    39.508 55294.62538262  9.19  87.360916  63.550804  2.992
 88    38.880 55294.62538326  9.07  87.358216  63.553934  2.992
 88    36.108 55294.62538391  9.46  87.355516  63.557064  2.992
 88    18.711 55294.62538455 10.21  87.352811  63.560189  2.518
 88    26.932 55294.62538519 10.08  87.350101  63.563319  2.518
 88    24.057 55294.62538584  9.80  87.347401  63.566449  2.518
 88    22.459 55294.62538648  9.80  87.344701  63.569579  2.518
 89    21.686 55329.62536668 43.98  87.360369  63.538545 14.112
 89    21.465 55329.62536733 32.80  87.357669  63.541665 14.112
 89    38.021 55329.62536797 22.03  87.354969  63.544795 14.112
 89    38.538 55329.62536862 20.31  87.352269  63.547925 14.112
 89    36.634 55329.62536926 20.74  87.349569  63.551050 16.102
 89    21.587 55329.62536990 22.65  87.346859  63.554180 16.102
 89    22.028 55329.62537055 22.63  87.344159  63.557310 16.102
 89    22.176 55329.62537119 24.70  87.341449  63.560440 16.102
 89    22.046 55329.62537184 27.29  87.338749  63.563570 16.102
 90    47.096 55364.62536207 20.20  87.361808  63.545961  7.891
 90    46.834 55364.62536272 19.99  87.359108  63.549091  7.891
 90    46.523 55364.62536336 18.77  87.356408  63.552221  7.891
 90    45.261 55364.62536401 16.33  87.353709  63.555345 14.788
 90    42.548 55364.62536465 17.11  87.350999  63.558475 14.788
 90    41.509 55364.62536530 18.19  87.348299  63.561605 14.788
 90    20.616 55364.62536594 20.03  87.345589  63.564735 14.788
 90    23.095 55364.62536659 20.08  87.342889  63.567865 14.788
 91    39.304 55399.62537151  9.54  87.355400  63.537396  4.417
 91    39.252 55399.62537215  7.84  87.352700  63.540526  4.417
 91    38.092 55399.62537280  8.66  87.350000  63.543656  4.417
 91    37.799 55399.62537344  7.57  87.347296  63.546787 16.614
 91    21.418 55399.62537409 13.38  87.344586  63.549907 16.614
 91    16.077 55399.62537537 18.95  87.339176  63.556167 16.614
 92    41.652 55434.62537834 14.95  87.361328  63.544272  9.207
 92    40.072 55434.62537899 13.12  87.358628  63.547402  9.207
 92    37.767 55434.62537963 15.57  87.355928  63.550532  9.207
 92    15.153 55434.62538028 17.13  87.353225  63.553656 16.562
 92    15.325 55434.62538092 17.23  87.350515  63.556786 16.562
 92    15.404 55434.62538157 18.13  87.347815  63.559916 16.562
 92    15.527 55434.62538221 18.48  87.345105  63.563046 16.562
 92    15.659 55434.62538285 18.92  87.342405  63.566176 16.562
 93    15.570 55469.62533402 45.10  87.366133  63.550986 13.663
 93    15.321 55469.62533466 37.98  87.363433  63.554106 13.663
 93    15.664 55469.62533531 25.67  87.360733  63.557236 13.663
 93    15.413 55469.62533595 25.89  87.358033  63.560366 13.663
 93    15.448 55469.62533660 26.10  87.355327  63.563491 10.550
 93    15.433 55469.62533724 23.98  87.352617  63.566621 10.550
 93    15.178 55469.62533789 23.82  87.349917  63.569751 10.550
 93    15.228 55469.62533853 24.39  87.347217  63.572881 10.550
 93    16.042 55469.62533918 23.10  87.344507  63.576011 10.550
