# NaN NaN NaN ;Mean Elev.(m), Avg Gradient(m/km), RMS Gradient(m/km) - SRTM1     
#    0.667  -0.389   3.459 ;Mean Elev.(m), Avg Gradient(m/km), RMS Gradient(m/km) - ASTER GDEM
#    0.143  -0.126   2.404 ;Mean Elev.(m), Avg Gradient(m/km), RMS Gradient(m/km) - GMTED2010 
  6  82.959486  70.252728     1.620     1.633 17 52419.25464110 41.247
  8  82.952764  70.250777     3.623     0.537 18 52489.25464417 31.254
  9  82.953211  70.260454     6.915     0.545 16 52524.25461875 26.172
 11  82.944500  70.250364    -0.394    -0.392 22 52594.25467365 21.667
 13  82.950661  70.250971     0.227     0.257 19 52664.25463508 11.205
 14  82.941577  70.226300     0.122    -0.038 12 52699.25461380  8.837
 15  82.952340  70.249169     0.411     0.368 19 52734.25463637  9.979
 16  82.937491  70.253582     0.139     0.416 23 52769.25463237 12.948
 17  82.942416  70.231195    13.637    12.266 11 52804.25466443 23.292
 18  82.939857  70.232906     5.735     1.428 11 52839.25472660 23.110
 19  82.974383  70.259814     3.555     0.469 11 52874.25476050 29.527
 21  82.944400  70.226348     0.255     0.258 13 52944.25467877 32.540
 22  82.942102  70.235462     0.638     0.719  9 52979.25473091 17.622
 23  82.943854  70.251324     0.228     0.202 22 53014.25472613 13.024
 24  82.939881  70.231861     0.160     0.101 11 53049.25470161 11.619
 25  82.939864  70.251564    -0.144    -0.145 22 53084.25473400 10.448
 26  82.966488  70.253806    -0.307    -0.221 14 53119.25470302  9.407
 27  82.954575  70.251745     1.548     1.602 19 53154.25475534 31.157
 28  82.983926  70.265216    14.594    27.056  7 53189.25474153 18.062
 29  82.948559  70.250198     1.361     1.228 21 53224.25475882 23.624
 30  82.936740  70.252636     0.090    -0.005 22 53259.25473380 27.121
 31  82.956197  70.250017     0.580     0.506 18 53294.25475878 28.844
 32  82.954704  70.251644     0.297     0.290 19 53329.25473189 14.681
 34  82.965347  70.253457     0.058    -0.009 15 53399.25470639 10.006
 35  82.944588  70.250969    -0.341    -0.244 22 53434.25469788  9.505
 36  82.943071  70.236284    -0.056     0.166 11 53469.25474287  8.571
 37  82.947006  70.250207    10.393    12.671 21 53504.25478393 11.178
 38  82.962791  70.258984    10.675    18.872 15 53539.25478006 23.758
 39  82.942440  70.251055     0.114     0.119 22 53574.25477953 30.694
 40  82.932412  70.250272     1.783     0.394 20 53609.25473002 25.605
 41  82.953369  70.240400     1.869     1.914  8 53644.25473356 18.115
 42  82.945857  70.251530     0.498     0.482 20 53679.25474968 29.819
 43  82.942788  70.250549     0.209     0.329 22 53714.25467820 16.409
 44  82.945167  70.228194     0.143     0.190 12 53749.25459705 12.245
 45  82.953943  70.251155     0.382     0.338 19 53784.25462340 11.393
 46  82.936744  70.253284    -0.287    -0.344 22 53819.25458457 10.347
 47  82.963958  70.253645     0.056     0.029 16 53854.25466403  8.923
 48  82.958407  70.247231     2.207     2.172 10 53889.25467402 27.541
 49  82.943768  70.248581     0.711     0.602 21 53924.25474104 24.852
 50  82.939180  70.251328     0.076     0.070 23 53959.25473136 27.428
 51  82.946514  70.225872     0.916     1.358 13 53994.25466727 30.548
 52  82.941682  70.232434     0.081     0.053  9 54029.25472500 48.103
 53  82.953986  70.251342     0.249     0.232 19 54064.25471525 18.653
 54  82.941749  70.252597     0.192     0.177 22 54099.25468173 14.691
 55  82.962758  70.246933     0.050     0.063 10 54134.25464005 11.396
 57  82.940665  70.233329    12.528     8.178  9 54204.25464727  5.827
 59  82.951805  70.249743     1.799     1.809 19 54274.25469563 41.400
 60  82.957299  70.251250     0.160     0.238 17 54309.25469695 36.270
 61  82.956409  70.261429     3.948     0.434 15 54344.25467224 32.282
 62  82.981948  70.262939    21.657    27.168  7 54379.25463008 18.138
 63  82.949678  70.251431    -0.090    -0.082 20 54414.25462231 24.379
 64  82.941312  70.233088     0.511     0.546  9 54449.25460341 14.564
 65  82.956068  70.250229     0.124    -0.086 18 54484.25461662 11.130
 66  82.941389  70.234670    -0.265    -0.103 10 54519.25461680 10.166
 67  82.943057  70.251276    -0.105    -0.156 21 54554.25462846  9.624
 68  82.963992  70.253910     9.074    13.913 16 54589.25460850  5.759
 69  82.951734  70.251584     5.613     5.537 20 54624.25462659 29.861
 70  82.951231  70.249924     5.301     0.718 19 54659.25463557 23.522
 71  82.946177  70.250420     0.024     0.191 20 54694.25461573 47.008
 72  82.942317  70.236324     3.246     1.067 11 54729.25459244 23.418
 73  82.950846  70.249151     1.056     1.071 20 54764.25459397 36.514
 74  82.941728  70.233271     0.129     0.327  9 54799.25458661 14.400
 75  82.950639  70.250325     0.346     0.221 19 54834.25458441 12.727
 76  82.942522  70.233158    -0.056    -0.013  9 54869.25458340 11.257
 77  82.940668  70.251888    -0.001    -0.043 22 54904.25459382 11.031
 78  82.974197  70.258508     2.015     0.532 12 54939.25456913 10.068
 79  82.958503  70.251870     1.222     1.265 18 54974.25460147 30.266
 80  82.950954  70.252519     1.519     1.430 20 55009.25461526 23.697
 81  82.958161  70.252332     0.718     0.529 18 55044.25460504 30.942
 82  82.940053  70.249479     0.156     0.200 22 55079.25458259 29.106
 83  82.975203  70.259657     0.758     0.733 11 55114.25453569 30.310
 84  82.950080  70.249977    -0.203    -0.253 20 55149.25453823 22.248
 85  82.939798  70.232648     0.051     0.051 11 55184.25452426 14.053
 86  82.948077  70.251029     0.785     0.757 21 55219.25453590 22.223
 87  82.961832  70.248235     0.345     0.257 10 55254.25451712 12.300
 88  82.940623  70.251747     0.316     0.353 22 55289.25452564 12.605
 89  82.950211  70.249491     0.779     0.770 20 55324.25450395  8.929
 90  82.948285  70.249998     4.447     4.394 20 55359.25450217 40.467
 91  82.975961  70.260389     6.548     1.097 10 55394.25450372 28.089
 92  82.964170  70.255984     7.582     0.915 14 55429.25451631 26.572
 93  82.940968  70.251464    -0.012     0.010 23 55464.25448060 41.043
