-216790.547   187.849     0.00   15.02
-216422.242   192.828    13.52   16.58
-216053.997   198.171    14.51   22.91
-215685.813   212.154    37.98   36.07
-215317.690   222.220    27.35   38.54
-214949.627   227.155    13.41   35.07
-214581.624   228.009     2.32   28.30
-214213.682   231.636     9.86   19.98
-213845.801   240.180    23.23   20.46
-213477.979   256.055    43.17   19.83
-213110.219   268.983    35.16   15.38
-212742.518   277.509    23.19   12.49
-212374.878   282.914    14.70   15.37
-212007.298   284.432     4.13   15.87
-211639.779   284.180    -0.69   15.74
-211272.320   285.430     3.40   17.57
-210903.757   290.457    13.64   21.14
-210523.889   302.120    30.71   20.71
-210144.086   312.259    26.70   13.51
-209764.348   316.932    12.31    8.15
-209384.674   314.704    -5.87   10.58
-209005.065   308.678   -15.88   14.60
-208625.522   296.955   -30.89   19.14
-208246.042   280.859   -42.42   25.47
-207866.628   259.282   -56.88   31.55
-207487.278   234.659   -64.92   33.20
-207107.993   207.864   -70.66   26.92
-206728.772   188.288   -51.63   20.68
-206349.616   171.855   -43.35   16.06
-205970.524   163.496   -22.05    9.44
-205591.497   160.317    -8.39    5.74
-205212.534   163.210     7.64    7.10
-204833.636   169.868    17.57    9.71
-204454.802   179.304    24.91   15.19
-204076.033   189.231    26.21   16.04
-203697.327   197.815    22.67   13.50
-203318.686   204.684    18.15   13.18
-202940.110   212.989    21.94   15.73
-202561.597   222.353    24.74   17.87
-202183.149   236.236    36.69   20.67
-201804.765   251.847    41.26   23.14
-201426.445   271.599    52.22   24.11
-201048.189   288.535    44.78   23.22
-200669.997   299.648    29.39   16.35
-200291.869   298.561    -2.88   15.08
-199913.805   291.159   -19.58   17.39
-199535.805   285.896   -13.93   15.54
-199157.869   287.509     4.27   14.73
-198779.997   291.620    10.88   12.33
-198402.189   287.522   -10.85   14.22
-198024.444   274.550   -34.35   19.33
-197646.763   257.740   -44.52   22.04
-197269.147   241.576   -42.81   15.12
-196891.593   236.775   -12.72   10.17
-196514.104   237.101     0.86   11.17
-196136.678   242.259    13.67   11.99
-195759.316   250.275    21.25   12.28
-195382.017   256.860    17.45   13.71
-195004.782   269.457    33.40   19.54
-194627.610   285.912    43.64   24.63
-194250.502   308.656    60.32   33.81
-193873.458   329.306    54.78   33.11
-193496.477   348.395    50.64   28.86
-193119.559   357.967    25.40   19.58
-192742.704   350.359   -20.19   22.90
-192365.913   344.023   -16.82   24.31
-191989.186   341.243    -7.38   25.89
-191612.521   354.325    34.74   38.84
-191235.920   383.262    76.85   48.82
-190859.382   417.743    91.59   49.66
-190482.907   432.418    38.99   38.19
-190106.495   421.368   -29.36   48.27
-189730.147   394.249   -72.07   57.30
-189353.861   363.444   -81.88   46.94
-188977.638   345.549   -47.57   45.47
-188601.479   333.421   -32.25   51.36
-188225.382   316.069   -46.14   46.37
-187849.349   293.189   -60.86   34.26
-187473.378   279.604   -36.14   27.79
-187097.470   274.364   -13.94   35.15
-186721.626   272.148    -5.90   38.45
-186345.843   262.272   -26.28   33.07
-185970.124   252.725   -25.41   22.01
-185594.468   257.048    11.51   21.04
-185218.874   274.360    46.10   33.30
-184843.343   303.684    78.10   39.99
-184467.874   333.416    79.20   32.42
-184092.468   347.419    37.31   24.70
-183717.125   352.549    13.67   23.28
-183341.844   346.917   -15.01   26.81
-182966.626   331.977   -39.82   32.06
-182591.471   314.197   -47.40   35.48
-182216.377   297.137   -45.49   26.81
-181841.347   296.351    -2.10   24.26
-181466.378   309.919    36.19   27.36
-181091.472   323.338    35.80   18.86
-180716.629   335.269    31.83   16.99
-180341.848   341.942    17.81   21.52
-179967.129   353.881    31.87   23.88
-179592.472   368.915    40.13   20.77
-179217.877   362.930   -15.98   32.76
-178843.345   336.066   -71.74   58.74
-178468.875   298.851   -99.40   63.88
-178094.467   268.806   -80.26   40.79
-177720.121   271.881     8.21   34.67
-177345.837   289.204    46.29   29.63
-176971.615   290.547     3.59   24.19
-176597.455   281.279   -24.77   25.97
-176223.357   268.572   -33.97   21.63
-175849.321   263.722   -12.97   19.25
-175475.347   272.847    24.40   22.99
-175101.435   289.864    45.52   32.32
-174727.585   310.184    54.36   41.21
-174353.796   330.405    54.10   39.12
-173980.069   342.366    32.01   32.44
-173606.404   351.146    23.50   25.93
-173232.801   358.233    18.97   22.71
-172859.259   370.736    33.48   23.00
-172485.780   382.736    32.13   26.58
-172112.361   392.561    26.32   25.93
-171739.005   397.114    12.20   22.38
-171365.709   397.990     2.35   16.79
-170992.476   396.062    -5.17   13.01
-170619.304   389.077   -18.72   16.58
-170246.193   375.457   -36.51   21.77
-169873.144   355.338   -53.94   25.01
-169500.156   339.996   -41.14   20.53
-169127.230   329.996   -26.82   16.31
-168754.365   328.550    -3.88   21.04
-168381.561   328.984     1.17   25.97
-168008.819   323.259   -15.36   27.28
-167636.137   306.625   -44.64   32.11
-167263.517   278.901   -74.41   34.10
-166890.959   258.641   -54.39   31.60
-166518.461   244.523   -37.91   23.16
-166146.025   246.522     5.37   22.35
-165773.649   258.842    33.09   28.06
-165401.335   282.154    62.62   37.41
-165029.082   309.276    72.87   31.49
-164656.890   328.945    52.85   23.04
-164284.758   342.975    37.71   15.05
-163912.688   353.522    28.35   14.35
-163540.679   363.752    27.51   13.86
-163168.730   374.266    28.27   12.55
-162796.843   381.374    19.12    9.13
-162425.016   379.299    -5.58   12.12
-162053.250   367.816   -30.89   22.28
-161681.545   352.225   -41.95   25.13
-161309.900   335.509   -44.99   19.11
-160938.317   328.016   -20.17   14.04
-160566.794   325.042    -8.00   11.87
-160195.331   322.766    -6.13   11.99
-159823.929   325.049     6.15   13.39
-159452.588   330.868    15.67   16.17
-159081.308   337.002    16.52   16.52
-158710.088   343.626    17.85   16.72
-158338.928   350.049    17.31   16.35
-157967.829   358.864    23.76   16.28
-157596.790   372.325    36.28   19.10
-157225.812   382.709    28.00   16.39
-156854.894   381.366    -3.62   23.64
-156484.036   362.141   -51.85   43.95
-156113.239   323.171  -105.11   55.74
-155742.502   283.249  -107.70   53.35
-155371.826   249.682   -90.57   31.15
-155001.209   244.576   -13.78   28.24
-154630.653   255.149    28.54   42.63
-154260.157   267.629    33.69   44.14
-153889.721   271.496    10.44   35.33
-153519.345   273.042     4.17   25.13
-153149.029   276.678     9.82   17.92
-152778.774   288.873    32.94   24.64
-152408.578   317.733    77.97   38.78
-152038.442   348.886    84.18   44.74
-151668.367   373.834    67.42   36.64
-151298.351   385.970    32.80   29.66
-150928.395   379.391   -17.79   36.74
-150558.499   367.642   -31.77   39.74
-150188.663   359.816   -21.17   43.14
-149818.886   363.176     9.09   49.83
-149449.170   370.667    20.26   50.60
-149079.513   376.656    16.20   51.81
-148709.916   376.886     0.62   53.71
-148340.379   370.808   -16.45   54.64
-147970.901   350.964   -53.72   52.95
-147601.483   333.904   -46.19   48.21
-147232.124   314.691   -52.02   33.36
-146862.826   308.146   -17.73   22.39
-146493.586   315.548    20.05   24.39
-146124.406   336.416    56.53   34.48
-145755.286   361.149    67.01   34.93
-145386.225   379.002    48.38   30.89
-145017.224   391.402    33.61   25.91
-144648.282   402.416    29.85   24.43
-144279.399   420.602    49.31   33.28
-143910.576   447.600    73.21   39.27
-143541.812   474.587    73.19   31.58
-143173.107   487.587    35.26   19.68
-142804.462   487.600     0.04   16.43
-142435.876   478.120   -25.72   18.12
-142067.349   463.128   -40.69   19.70
-141698.881   450.772   -33.54   19.11
-141330.472   442.338   -22.90   17.06
-140962.123   444.574     6.07   24.40
-140593.832   453.869    25.24   29.86
-140225.601   462.971    24.72   27.19
-139857.429   466.847    10.53   20.55
-139489.315   461.945   -13.32   18.70
-139121.261   449.136   -34.81   16.98
-138753.265   439.003   -27.54   16.44
-138385.329   427.131   -32.27   14.43
-138017.451   415.996   -30.27   16.47
-137649.632   404.962   -30.00   17.55
-137281.872   398.496   -17.59   14.75
-136914.171   396.456    -5.55   12.60
-136546.529   402.864    17.43   15.46
-136178.945   414.320    31.17   17.16
-135800.605   423.650    24.66   14.79
-135420.936   433.549    26.08   10.74
-135041.331   441.696    21.46   11.58
-134661.788   454.429    33.55   19.06
-134282.309   474.789    53.66   30.17
-133902.892   508.945    90.03   42.14
-133523.539   539.725    81.15   38.60
-133144.249   560.891    55.81   25.88
-132765.021   563.566     7.06   25.14
-132385.857   546.322   -45.48   33.84
-132006.755   522.016   -64.12   30.90
-131627.716   498.602   -61.78   23.32
-131248.740   484.617   -36.91   17.65
-130869.827   478.983   -14.87   19.15
-130490.976   474.696   -11.32   21.35
-130112.189   471.682    -7.96   21.56
-129733.464   463.548   -21.48   19.16
-129354.801   453.273   -27.14   21.33
-128976.201   436.370   -44.65   26.17
-128597.664   420.537   -41.83   21.79
-128219.189   413.207   -19.37   15.03
-127840.777   411.426    -4.71   12.94
-127462.428   413.336     5.05   15.17
-127084.140   416.320     7.89   18.29
-126705.916   421.208    12.92   16.92
-126327.753   426.176    13.14   12.74
-125949.653   423.704    -6.54   15.71
-125571.616   410.246   -35.60   24.66
-125193.640   390.312   -52.75   29.46
-124815.727   370.060   -53.59   23.90
-124437.876   358.317   -31.08   19.14
-124060.088   360.509     5.80   27.47
-123682.361   370.481    26.40   33.17
-123304.697   384.766    37.83   35.08
-122927.095   397.106    32.69   30.21
-122549.555   400.133     8.02   22.73
-122172.077   391.942   -21.70   28.40
-121794.661   364.184   -73.55   41.05
-121417.307   328.766   -93.87   44.75
-121040.015   301.378   -72.60   32.99
-120662.785   289.256   -32.14   16.85
-120285.617   291.614     6.25   14.54
-119908.511   306.136    38.51   16.23
-119531.466   317.658    30.56   15.80
-119154.483   323.878    16.50   15.61
-118777.563   325.906     5.38   16.84
-118400.703   323.197    -7.19   17.72
-118023.906   325.523     6.17   19.50
-117647.170   333.383    20.86   24.70
-117270.496   344.412    29.28   28.21
-116893.884   360.407    42.47   29.51
-116517.333   376.242    42.06   34.50
-116140.844   391.873    41.52   39.92
-115764.416   409.269    46.22   43.05
-115388.050   419.207    26.41   39.31
-115011.745   417.146    -5.48   31.29
-114635.502   410.601   -17.40   26.08
-114259.320   399.901   -28.45   21.14
-113883.199   397.002    -7.71   17.92
-113507.140   407.202    27.13   25.18
-113131.142   425.212    47.90   29.31
-112755.206   449.616    64.92   32.74
-112379.331   469.988    54.20   24.77
-112003.517   474.930    13.15   19.86
-111627.764   469.370   -14.80   25.80
-111252.072   449.784   -52.14   29.21
-110876.441   431.496   -48.69   20.01
-110500.872   422.458   -24.07   18.60
-110125.364   418.185   -11.38   20.38
-109749.916   420.353     5.78   22.94
-109374.530   426.429    16.19   22.55
-108999.205   437.496    29.49   21.52
-108623.940   446.977    25.27   18.19
-108248.737   448.233     3.35   18.06
-107873.594   439.536   -23.19   24.64
-107498.513   424.644   -39.71   26.06
-107123.492   406.739   -47.75   18.32
-106748.532   396.550   -27.18   13.32
-106373.632   386.469   -26.89   13.30
-105998.794   380.865   -14.95   12.06
-105624.016   381.285     1.12   11.27
-105249.299   390.509    24.62   17.73
-104874.643   404.240    36.65   19.23
-104500.047   414.204    26.60   12.94
-104125.511   412.750    -3.88   14.03
-103751.037   405.934   -18.20   13.07
-103376.623   401.964   -10.60   10.62
-103002.269   400.928    -2.77   10.84
-102627.976   406.210    14.11   10.95
-102253.743   412.604    17.09   14.68
-101879.571   419.082    17.32   19.75
-101505.459   425.269    16.54   19.48
-101131.407   424.522    -2.00   19.16
-100757.416   422.336    -5.85   15.88
-100383.485   422.930     1.59   13.44
-100009.615   428.720    15.49   14.27
 -99635.804   437.722    24.09   12.88
 -99262.054   445.917    21.93   11.68
 -98888.364   453.562    20.46   18.47
 -98514.734   461.560    21.41   24.20
 -98141.164   473.345    31.55   32.44
 -97767.655   481.842    22.75   34.02
 -97394.205   481.996     0.41   27.69
 -97020.816   479.433    -6.86   23.27
 -96647.486   474.509   -13.19   21.42
 -96274.216   468.896   -15.04   25.99
 -95901.007   466.481    -6.47   29.68
 -95527.857   457.470   -24.15   25.53
 -95154.767   455.030    -6.54   20.80
 -94781.737   450.746   -11.49   17.28
 -94408.767   452.185     3.86   22.15
 -94035.857   466.158    37.47   38.94
 -93663.006   480.564    38.64   44.36
 -93290.215   493.030    33.44   46.22
 -92917.484   502.372    25.07   42.91
 -92544.812   502.949     1.55   35.55
 -92172.201   501.090    -4.99   29.95
 -91799.648   491.943   -24.55   37.53
 -91427.156   472.682   -51.71   45.72
 -91054.723   451.693   -56.36   43.77
 -90682.349   425.736   -69.71   36.00
 -90310.035   408.185   -47.14   32.03
 -89937.781   392.969   -40.88   29.69
 -89565.586   388.698   -11.47   33.74
 -89193.450   387.378    -3.55   39.21
 -88821.374   383.212   -11.20   41.06
 -88449.357   378.299   -13.21   40.03
 -88077.399   366.904   -30.64   31.88
 -87705.501   353.391   -36.34   23.49
 -87333.662   345.969   -19.96   19.10
 -86961.882   346.212     0.65   18.26
 -86590.162   355.098    23.91   22.48
 -86218.500   375.906    55.99   34.27
 -85846.898   399.783    64.26   42.72
 -85475.355   418.388    50.08   38.52
 -85103.871   424.763    17.16   32.28
 -84732.446   415.158   -25.86   33.52
 -84361.080   393.411   -58.56   38.70
 -83989.773   373.749   -52.96   40.34
 -83618.525   349.565   -65.15   37.28
 -83247.336   340.856   -23.47   36.68
 -82876.206   324.190   -44.91   43.09
 -82505.135   309.062   -40.77   41.84
 -82134.123   289.134   -53.72   42.61
 -81763.170   274.766   -38.74   39.67
 -81392.275   259.717   -40.58   37.48
 -81021.440   245.022   -39.63   35.77
 -80650.663   239.412   -15.13   31.96
 -80279.944   231.349   -21.75   23.92
 -79909.285   229.073    -6.14   20.96
 -79538.684   222.616   -17.42   24.40
 -79168.141   212.709   -26.74   27.35
 -78797.658   202.096   -28.65   26.30
 -78427.233   191.552   -28.47   24.37
 -78056.866   187.229   -11.67   23.59
 -77686.558   183.481   -10.12   24.75
 -77316.309   175.922   -20.42   24.34
 -76946.118   176.509     1.58   25.07
 -76575.985   200.928    65.98   47.68
 -76205.911   242.065   111.17   61.05
 -75835.895   283.752   112.67   58.36
 -75465.938   323.509   107.47   38.91
 -75096.039   343.002    52.70   24.09
 -74726.198   345.578     6.96   22.94
 -74356.416   328.548   -46.06   31.78
 -73986.692   312.674   -42.94   31.07
 -73617.026   314.753     5.62   37.42
 -73247.418   320.893    16.61   45.17
 -72877.868   329.457    23.18   40.99
 -72508.377   328.384    -2.90   41.94
 -72138.943   320.158   -22.27   39.84
 -71769.568   315.591   -12.37   30.70
 -71400.251   313.587    -5.43   22.85
 -71030.991   310.739    -7.71   29.49
 -70661.790   298.392   -33.44   37.97
 -70292.647   277.860   -55.62   37.74
 -69923.561   260.549   -46.91   36.55
 -69554.534   241.674   -51.15   31.38
 -69185.564   229.482   -33.04   25.53
 -68816.653   220.687   -23.84   18.97
 -68447.799   216.249   -12.03   19.37
 -68079.003   217.092     2.29   22.03
 -67710.265   218.715     4.40   25.25
 -67341.584   220.551     4.98   31.74
 -66972.961   224.852    11.67   38.64
 -66604.396   227.701     7.73   43.34
 -66235.889   228.644     2.56   41.53
 -65867.439   224.605   -10.96   36.18
 -65499.047   210.896   -37.22   34.97
 -65130.712   208.329    -6.97   36.99
 -64762.435   202.275   -16.44   38.54
 -64394.215   195.495   -18.41   36.71
 -64026.053   208.133    34.33   36.57
 -63657.949   223.797    42.56   39.90
 -63289.901   243.470    53.46   52.59
 -62921.912   272.646    79.29   48.42
 -62553.979   282.943    27.99   37.41
 -62186.104   283.632     1.87   33.97
 -61818.287   284.509     2.38   31.94
 -61450.526   284.662     0.42   38.06
 -61074.652   295.379    28.51   44.94
 -60695.110   299.752    11.52   44.20
 -60315.630   303.616    10.18   38.46
 -59936.212   317.766    37.30   40.71
 -59556.855   335.104    45.71   34.85
 -59177.559   343.860    23.09   23.83
 -58798.324   338.071   -15.27   26.38
 -58419.151   323.496   -38.44   23.04
 -58040.039   315.452   -21.22   21.55
 -57660.989   311.576   -10.23   22.67
 -57281.999   310.312    -3.33   21.74
 -56903.071   311.468     3.05   16.68
 -56524.204   313.975     6.62   15.03
 -56145.398   314.915     2.48   14.36
 -55766.653   312.269    -6.99   19.41
 -55387.970   309.306    -7.82   26.77
 -55009.347   306.793    -6.64   34.96
 -54630.785   311.386    12.13   41.65
 -54252.284   312.722     3.53   40.06
 -53873.845   313.366     1.70   37.38
 -53495.466   302.693   -28.21   34.65
 -53117.148   295.749   -18.36   33.53
 -52738.891   283.639   -32.02   30.64
 -52360.694   274.564   -24.00   23.60
 -51982.559   266.364   -21.69   20.07
 -51604.484   256.482   -26.14   16.90
 -51226.470   248.590   -20.88   17.35
 -50848.517   237.957   -28.14   14.85
 -50470.624   226.820   -29.47   15.42
 -50092.792   215.746   -29.31   16.00
 -49715.021   205.126   -28.11   19.56
 -49337.310   190.336   -39.16   19.16
 -48959.660   181.842   -22.49   17.64
 -48582.070   177.669   -11.05   16.35
 -48204.541   179.728     5.45   22.72
 -47827.072   186.062    16.78   32.98
 -47449.664   188.509     6.48   36.08
 -47072.316   186.904    -4.25   34.59
 -46695.029   176.996   -26.26   28.35
 -46317.802   172.104   -12.97   21.61
 -45940.635   172.225     0.32   19.70
 -45563.528   177.783    14.74   16.58
 -45186.482   189.388    30.78   15.20
 -44809.496   198.981    25.45   16.05
 -44432.570   207.282    22.03   18.36
 -44055.705   211.466    11.10   14.94
 -43678.899   205.962   -14.61   14.66
 -43302.154   203.181    -7.38   15.31
 -42925.468   206.468     8.73   20.90
 -42548.843   216.783    27.39   26.11
 -42172.278   226.928    26.94   20.57
 -41795.773   224.279    -7.04   23.28
 -41419.328   212.888   -30.26   30.37
 -41042.942   197.090   -41.97   30.12
 -40666.617   180.893   -43.04   35.85
 -40290.351   174.430   -17.18   38.90
 -39914.146   168.579   -15.55   42.70
 -39538.000   166.389    -5.82   41.50
 -39161.914   155.199   -29.75   40.35
 -38785.888   136.456   -49.85   38.61
 -38409.921   124.833   -30.92   32.24
 -38034.014   118.669   -16.40   30.07
 -37658.167   116.276    -6.37   30.69
 -37282.380   124.989    23.19   36.42
 -36906.652   131.455    17.21   34.92
 -36530.983   135.233    10.06   29.66
 -36155.375   135.496     0.70   22.67
 -35779.826   124.752   -28.61   17.27
 -35404.336   111.239   -35.99   16.33
 -35028.906   101.888   -24.91   12.65
 -34653.535   100.442    -3.85   11.32
 -34278.224   105.550    13.61   14.44
 -33902.972   119.075    36.04   18.80
 -33527.779   133.454    38.33   23.85
 -33152.646   147.242    36.76   23.17
 -32777.572   154.652    19.76   21.04
 -32402.557   161.749    18.93   21.51
 -32027.602   160.234    -4.04   26.58
 -31652.706   145.242   -39.99   40.92
 -31277.869   130.115   -40.36   46.00
 -30903.091   110.482   -52.39   36.99
 -30528.372    96.838   -36.41   20.78
 -30153.712    94.225    -6.97   10.21
 -29779.112   100.779    17.50   12.43
 -29404.570   106.212    14.50   13.23
 -29030.088   109.982    10.07   12.94
 -28655.664   111.112     3.02   11.65
 -28281.300   113.564     6.55   10.21
 -27906.994   117.065     9.35    9.86
 -27532.748   122.386    14.22    8.88
 -27158.560   126.960    12.22    8.78
 -26784.431   132.077    13.68    9.84
 -26410.361   137.509    14.52   10.07
 -26036.349   145.469    21.28   13.10
 -25662.397   154.781    24.90   14.01
 -25288.503   156.002     3.27   18.54
 -24914.668   150.103   -15.78   23.50
 -24540.891   146.442    -9.79   20.81
 -24167.173   145.809    -1.69   16.97
 -23793.514   153.388    20.28   19.42
 -23419.913   159.687    16.86   16.62
 -23046.371   157.701    -5.32   19.65
 -22672.888   153.057   -12.43   19.99
 -22299.463   146.766   -16.85   14.26
 -21926.096   143.413    -8.98   13.88
 -21552.788   142.550    -2.31   14.22
 -21179.538   138.928    -9.70   12.88
 -20806.347   137.276    -4.43   11.68
 -20433.214   136.976    -0.81   12.54
 -20060.140   138.153     3.16   12.91
 -19687.123   137.829    -0.87   14.53
 -19314.165   134.717    -8.34   20.14
 -18941.266   128.996   -15.34   22.16
 -18568.424   125.413    -9.61   18.23
 -18195.641   129.779    11.71   19.88
 -17822.916   142.217    33.37   24.57
 -17450.249   148.042    15.63   25.23
 -17077.640   152.143    11.00   24.07
 -16705.089   147.212   -13.24   25.21
 -16332.597   147.773     1.51   25.46
 -15960.162   153.245    14.69   27.31
 -15587.785   166.092    34.50   25.33
 -15215.467   175.920    26.40   15.87
 -14843.206   180.801    13.11    7.92
 -14471.003   179.776    -2.75    6.75
 -14098.858   176.412    -9.04    6.95
 -13726.771   174.322    -5.62    5.99
 -13354.742   173.194    -3.03    6.41
 -12982.770   176.176     8.02   10.78
 -12610.857   180.712    12.20   14.16
 -12239.001   182.171     3.92   15.39
 -11867.203   179.279    -7.78   17.30
 -11495.462   174.469   -12.94   16.04
 -11123.780   168.537   -15.96   11.70
 -10752.155   165.441    -8.33   12.39
 -10380.587   164.016    -3.83   13.81
 -10009.077   160.578    -9.26   15.11
  -9637.625   154.279   -16.96   17.20
  -9266.230   147.331   -18.71   18.94
  -8894.893   142.162   -13.92   20.28
  -8523.613   139.906    -6.08   21.21
  -8152.391   138.063    -4.97   22.01
  -7781.226   141.495     9.25   26.22
  -7410.118   145.389    10.49   32.29
  -7039.068   149.065     9.91   35.56
  -6668.075   157.266    22.11   31.36
  -6297.140   160.467     8.63   21.46
  -5926.261   149.144   -30.53   22.58
  -5555.441   135.199   -37.61   27.73
  -5184.677   113.117   -59.56   31.69
  -4813.970    91.929   -57.16   32.58
  -4443.321    73.171   -50.61   30.04
  -4072.729    57.759   -41.59   24.17
  -3702.194    45.360   -33.46   16.70
  -3331.716    38.906   -17.42   14.36
  -2961.295    33.216   -15.36   12.82
  -2590.931    29.612    -9.73   11.56
  -2220.625    24.936   -12.63    8.72
  -1850.375    22.391    -6.87    6.81
  -1480.182    19.842    -6.89    4.91
  -1110.046    18.362    -4.00    3.86
   -739.967    13.336   -13.58    7.97
   -369.945     7.436   -15.95    9.21
      0.020     2.362   -13.71    8.13
    369.928    -1.667   -10.89    2.04
    739.780     1.077     7.42    5.30
   1109.575     3.770     7.28    5.77
   1479.313     5.874     5.69    4.79
   1848.994     8.466     7.01    4.88
   2218.619    11.333     7.76    5.97
   2588.187    12.966     4.42    5.54
   2957.698    14.131     3.15    4.48
   3327.153    15.270     3.08    3.58
   3696.551    16.171     2.44    3.05
   4065.892    19.356     8.62    4.73
   4435.177    22.523     8.57    5.25
   4804.406    25.439     7.90    4.69
   5173.578    27.550     5.72    2.90
   5542.693    28.636     2.94    2.22
   5911.752    28.454    -0.49    2.33
   6280.755    28.157    -0.81    2.60
   6649.701    27.317    -2.28    2.85
   7018.591    25.720    -4.33    1.79
   7387.425    25.454    -0.72    1.62
   7756.202    25.537     0.22    1.62
   8124.923    26.276     2.00    1.85
   8493.588    27.453     3.19    1.71
   8862.197    28.290     2.27    1.57
   9230.749    28.763     1.28    1.44
   9599.246    29.016     0.69    1.42
   9967.686    29.467     1.22    1.44
  10336.070    29.824     0.97    1.53
  10704.398    30.354     1.44    1.56
  11072.669    30.153    -0.55    1.68
  11440.885    29.918    -0.64    1.89
  11809.045    29.550    -1.00    1.78
  12177.149    30.044     1.34    3.89
  12545.197    32.537     6.77    7.81
  12913.188    35.537     8.15   10.38
  13281.125    37.701     5.88   11.76
  13654.759    39.242     4.12   12.11
  14034.172    40.386     3.02   11.65
  14413.526    41.776     3.66   11.79
  14792.820    41.833     0.15   11.00
  15172.054    42.564     1.93   10.71
  15551.228    43.115     1.45    9.78
  15930.343    45.669     6.74   12.08
  16309.398    49.481    10.05   14.23
  16688.393    55.389    15.59   16.16
  17067.329    61.706    16.67   14.66
  17446.205    67.934    16.44   11.31
  17825.021    71.256     8.77   10.35
  18203.778    71.577     0.85    9.87
  18582.475    73.564     5.25    8.92
  18961.113    76.692     8.26    8.78
  19339.692    81.030    11.46    9.03
  19718.211    85.929    12.94    7.84
  20096.670    89.656     9.85    8.34
  20475.070    94.379    12.48    8.84
  20853.411    99.189    12.71    9.27
  21231.693   102.861     9.71    8.35
  21609.915   103.701     2.22    9.09
  21988.078   100.870    -7.49   11.98
  22366.182    95.455   -14.32   15.14
  22744.226    91.358   -10.84   14.47
  23122.212    89.763    -4.22   11.89
  23500.138    92.811     8.06   12.18
  23878.005    98.352    14.66   12.56
  24255.813    99.176     2.18   11.59
  24633.562    96.377    -7.41   13.81
  25011.252    92.456   -10.38   13.67
  25388.883    88.664   -10.04   11.41
  25766.455    90.674     5.32   10.85
  26143.968    94.829    11.01    9.55
  26521.422    94.820    -0.02   12.33
  26898.817    94.208    -1.62   15.29
  27276.153    91.112    -8.20   14.75
  27653.431    89.057    -5.45   11.07
  28030.650    90.847     4.75   11.20
  28407.809    96.428    14.80   12.54
  28784.911   101.171    12.58   10.56
  29161.953   105.469    11.40    8.99
  29538.937   109.789    11.46    9.32
  29915.862   116.577    18.01    8.46
  30292.728   120.946    11.59    5.40
  30669.536   122.564     4.29    3.78
  31046.285   121.759    -2.14    4.41
  31422.976   120.180    -4.19    4.70
  31799.608   120.139    -0.11    4.23
  32176.182   120.551     1.09    3.31
  32552.697   120.208    -0.91    3.32
  32929.154   119.467    -1.97    3.72
  33305.552   117.860    -4.27    5.53
  33681.892   114.436    -9.10    8.50
  34058.173   112.602    -4.87    9.35
  34434.397   110.994    -4.27    8.84
  34810.561   109.333    -4.42    8.10
  35186.668   107.087    -5.97    9.65
  35562.716    98.811   -22.01   12.23
  35938.707    88.579   -27.21   14.30
  36314.639    78.842   -25.90   15.08
  36690.512    72.426   -17.07   11.91
  37066.328    72.273    -0.41   10.77
  37442.086    76.176    10.39   10.61
  37817.785    81.411    13.93    7.95
  38193.427    86.051    12.35    6.70
  38569.010    88.199     5.72    8.21
  38944.535    90.797     6.92    7.73
  39320.003    93.009     5.89    8.29
  39695.412    89.326    -9.81   10.88
  40070.764    82.611   -17.89   11.47
  40446.057    78.441   -11.11   10.91
  40821.293    74.495   -10.51    9.29
  41196.471    73.189    -3.48    8.65
  41571.591    74.002     2.17    8.61
  41946.654    76.523     6.72    9.38
  42321.658    80.838    11.51   10.60
  42696.605    86.509    15.12   10.88
  43071.495    92.104    14.92   10.73
  43446.326    98.090    15.97    9.61
  43821.100   103.685    14.93    9.61
  44195.816   108.592    13.10    9.50
  44570.475   110.287     4.52    8.43
  44945.076   111.199     2.44    7.14
  45319.620   110.895    -0.81    7.31
  45694.106   109.582    -3.51    7.14
  46068.534   107.926    -4.42    8.54
  46442.905   103.946   -10.63   10.51
  46817.219   102.564    -3.69   10.18
  47191.476   103.143     1.55   10.77
  47565.674   101.926    -3.25   12.58
  47939.816    98.231    -9.87   15.26
  48313.900    90.162   -21.57   16.91
  48687.927    79.704   -27.96   15.33
  49061.897    72.467   -19.35   11.34
  49435.810    71.592    -2.34    9.34
  49809.665    74.171     6.90   10.67
  50183.463    77.592     9.15   10.66
  50557.204    79.745     5.76   10.48
  50930.888    79.131    -1.64   10.19
  51304.514    78.886    -0.66   10.00
  51678.084    82.036     8.43   11.57
  52051.597    85.906    10.36   13.27
  52425.052    90.349    11.90   14.62
  52798.451    95.553    13.94   14.15
  53171.792   102.144    17.65   13.13
  53545.077   107.774    15.08    9.53
  53918.305   111.057     8.80    7.68
  54291.476   113.678     7.02    5.45
  54664.590   114.331     1.75    3.53
  55037.647   112.918    -3.79    3.69
  55410.647   111.797    -3.00    3.71
  55783.591   110.579    -3.27    3.99
  56156.478   110.715     0.36    3.75
  56529.308   110.098    -1.65    5.86
  56902.081   109.079    -2.74    6.87
  57274.798   110.098     2.74    6.82
  57647.458   111.606     4.05    6.66
  58020.061   113.989     6.39    6.86
  58392.608   117.809    10.25    5.15
  58765.099   120.674     7.69    5.07
  59137.532   122.638     5.27    5.20
  59509.910   124.631     5.35    5.29
  59882.230   127.127     6.70    5.35
  60254.495   129.982     7.67    5.13
  60626.702   131.803     4.89    4.72
  60998.854   133.126     3.55    3.53
  61370.949   133.789     1.78    2.85
  61742.988   133.756    -0.09    2.72
  62114.970   133.524    -0.62    2.45
  62486.896   133.273    -0.67    2.35
  62858.766   131.781    -4.01    3.29
  63230.579   130.413    -3.68    3.93
  63602.337   129.016    -3.76    3.73
  63974.038   128.806    -0.56    2.97
  64345.683   129.263     1.23    2.27
  64717.271   129.266     0.01    1.99
  65088.804   128.481    -2.11    2.48
  65460.281   126.690    -4.82    3.93
  65831.701   124.687    -5.39    4.21
  66203.066   123.002    -4.54    4.39
  66574.374   121.204    -4.84    5.08
  66945.627   119.134    -5.57    5.89
  67316.823   117.551    -4.27    6.39
  67687.964   115.926    -4.38    6.03
  68059.048   114.245    -4.53    5.79
  68430.077   112.425    -4.91    5.43
  68801.050   109.171    -8.77    6.27
  69171.967   105.898    -8.82    6.67
  69542.828   102.842    -8.24    5.79
  69913.634   100.960    -5.08    4.40
  70284.383   100.888    -0.20    3.71
  70655.077   103.103     5.98    4.78
  71025.715   106.536     9.26    6.25
  71396.298   107.421     2.39    6.46
  71766.825   104.776    -7.14    7.72
  72137.296   101.718    -8.25    7.19
  72507.712    99.162    -6.90    4.49
  72878.072    97.979    -3.20    1.11
  73248.377    98.416     1.18    0.99
  73618.626    98.494     0.21    0.98
  73988.819    98.562     0.18    1.09
  74358.957    98.671     0.29    1.23
  74729.040    99.428     2.05    1.69
  75099.067   100.686     3.40    1.98
  75469.039   102.698     5.44    2.57
  75838.956   104.915     5.99    2.82
  76208.817   107.320     6.50    2.83
  76578.622   109.609     6.19    2.36
  76948.373   111.106     4.05    3.34
  77318.068   111.195     0.24    6.07
  77687.708   109.176    -5.46    7.92
  78057.293   107.795    -3.74    8.77
  78426.822   105.842    -5.28    8.72
  78796.297   104.052    -4.85    7.97
  79165.716   103.496    -1.51    7.44
  79535.080   102.340    -3.13    5.66
  79904.389   102.266    -0.20    4.68
  80273.643   103.030     2.07    4.71
  80642.842   102.591    -1.19    4.26
  81011.986   101.801    -2.14    3.63
  81381.075   100.912    -2.41    2.38
  81750.109   101.092     0.49    2.05
  82119.088   102.092     2.71    2.56
  82488.012   103.523     3.88    2.45
  82856.882   104.551     2.79    2.11
  83225.696   105.650     2.98    1.65
  83594.455   106.204     1.50    1.79
  83963.160   107.016     2.20    1.89
  84331.810   108.071     2.86    1.89
  84700.405   109.148     2.92    2.08
  85068.946   110.370     3.32    2.34
  85437.432   112.551     5.92    2.76
  85805.863   114.413     5.05    3.40
  86174.239   115.245     2.26    3.88
  86542.561   115.009    -0.64    4.53
  86910.828   113.797    -3.29    4.51
  87279.040   112.728    -2.90    3.64
  87647.198   112.523    -0.56    3.07
  88015.302   113.981     3.96    3.83
  88386.893   116.384     6.47    4.28
  88766.181   118.678     6.05    3.28
  89145.411   118.551    -0.33    3.94
  89524.582   116.766    -4.71    4.77
  89903.696   115.340    -3.76    3.82
  90282.751   114.965    -0.99    3.16
  90661.749   117.481     6.64    4.21
  91040.688   120.881     8.97    4.36
  91419.569   124.144     8.61    5.23
  91798.391   127.676     9.32    4.30
  92177.156   129.259     4.18    3.47
  92555.863   128.801    -1.21    4.41
  92934.512   126.052    -7.26    5.76
  93313.103   123.720    -6.16    4.65
  93691.636   122.906    -2.15    3.68
  94070.111   124.720     4.79    4.42
  94448.528   127.132     6.37    3.50
  94826.888   127.954     2.17    3.66
  95205.189   128.523     1.51    3.69
  95583.433   128.342    -0.48    3.25
  95961.619   128.301    -0.11    2.85
  96339.747   129.089     2.08    2.65
  96717.818   131.002     5.06    3.38
  97095.831   132.852     4.89    3.56
  97473.786   135.109     5.97    3.19
  97851.684   136.842     4.59    1.90
  98229.523   136.482    -0.95    2.55
  98607.306   135.215    -3.35    3.50
  98985.031   132.783    -6.44    3.91
  99362.698   129.952    -7.50    3.99
  99740.308   128.259    -4.48    3.74
 100117.860   126.875    -3.66    3.10
 100495.355   126.217    -1.74    2.47
 100872.793   126.879     1.75    2.14
 101250.173   127.766     2.35    2.58
 101627.496   130.181     6.40    3.40
 102004.761   133.083     7.69    3.61
 102381.969   135.195     5.60    3.09
 102759.120   135.567     0.99    3.60
 103136.214   131.537   -10.69    8.42
 103513.250   126.340   -13.78    9.33
 103890.230   121.440   -13.00    8.15
 104267.152   119.213    -5.91    6.99
 104644.016   121.777     6.80    8.37
 105020.824   125.256     9.23    8.95
 105397.575   128.152     7.69    7.06
 105774.269   127.631    -1.38    6.27
 106150.905   124.584    -8.09    7.58
 106527.485   118.589   -15.92    9.15
 106904.007   113.464   -13.61    7.60
 107280.473   111.824    -4.35    6.98
 107656.882   113.681     4.93    8.52
 108033.233   116.783     8.24    7.91
 108409.528   119.205     6.43    4.31
 108785.766   119.134    -0.19    3.71
 109161.948   119.759     1.66    4.18
 109538.072   120.692     2.48    4.05
 109914.140   121.439     1.98    3.69
 110290.151   120.295    -3.04    4.04
 110666.105   116.819    -9.24    5.08
 111042.003   113.097    -9.90    4.96
 111417.843   108.234   -12.94    7.74
 111793.628   100.091   -21.67   11.84
 112169.355    92.395   -20.48   11.57
 112545.026    85.437   -18.52    6.00
 112920.641    83.773    -4.43    3.07
 113296.199    84.662     2.37    2.57
 113671.700    85.162     1.33    1.94
 114047.145    84.664    -1.33    1.21
 114422.534    84.495    -0.45    1.04
 114797.866    84.678     0.49    1.24
 115173.141    84.852     0.46    1.44
 115548.361    85.043     0.51    1.52
 115923.524    85.347     0.81    1.47
 116298.630    85.442     0.25    1.34
 116673.680    85.358    -0.23    1.27
 117048.674    85.269    -0.24    1.21
 117423.612    85.186    -0.22    1.10
 117798.494    85.509     0.86    1.29
 118173.319    86.223     1.91    1.68
 118548.088    87.565     3.58    2.30
 118922.802    88.594     2.74    2.51
 119297.459    89.298     1.88    2.76
 119672.059    89.763     1.24    2.77
 120046.604    90.734     2.59    2.74
 120421.093    92.734     5.34    2.74
 120795.526    94.097     3.64    2.23
 121169.903    95.162     2.84    1.45
 121544.223    95.752     1.58    1.07
 121918.488    96.312     1.50    1.21
 122292.697    97.053     1.98    1.37
 122666.850    97.861     2.16    1.53
 123040.948    98.759     2.40    1.63
 123414.989    99.320     1.50    1.56
 123788.975   100.089     2.06    1.65
 124162.904   100.838     2.00    1.57
 124536.778   101.652     2.18    1.41
 124910.597   102.084     1.16    1.05
 125284.359   102.364     0.75    1.03
 125658.066   102.580     0.58    1.14
 126031.718   102.190    -1.04    1.55
 126405.313   101.791    -1.07    1.79
 126778.854   101.382    -1.09    1.76
 127152.338   101.580     0.53    1.74
 127525.767   102.227     1.73    1.89
 127899.140   103.481     3.36    1.91
 128272.458   104.567     2.91    1.80
 128645.721   105.297     1.96    1.93
 129018.928   105.915     1.66    2.42
 129392.080   105.686    -0.61    3.35
 129765.176   105.611    -0.20    3.26
 130138.217   105.756     0.39    3.14
 130511.202   106.763     2.70    3.00
 130884.132   108.176     3.79    3.30
 131257.007   110.453     6.11    2.52
 131629.827   112.538     5.59    2.62
 132002.591   114.495     5.25    2.85
 132375.300   116.756     6.06    2.66
 132747.954   118.284     4.10    2.38
 133120.553   119.565     3.44    1.91
 133493.097   120.081     1.38    2.39
 133865.586   120.185     0.28    3.04
 134238.019   120.023    -0.43    3.21
 134610.397   119.382    -1.72    3.54
 134982.721   118.495    -2.38    3.43
 135354.989   117.622    -2.35    2.95
 135727.203   117.176    -1.20    2.25
 136099.361   117.756     1.56    2.02
 136471.464   118.555     2.15    2.22
 136843.513   119.929     3.69    2.33
 137215.507   121.289     3.65    1.46
 137587.445   121.813     1.41    1.29
 137959.329   121.789    -0.07    1.31
 138331.158   121.092    -1.87    1.79
 138702.933   119.862    -3.31    2.27
 139074.652   118.632    -3.31    2.44
 139446.317   117.309    -3.56    2.14
 139817.927   116.358    -2.56    1.89
 140189.483   115.481    -2.36    1.66
 140560.984   114.912    -1.53    1.68
 140932.430   114.060    -2.29    2.52
 141303.821   112.967    -2.94    3.12
 141675.158   111.537    -3.85    3.23
 142046.441   110.312    -3.30    3.11
 142417.669   109.609    -1.89    2.90
 142788.842   109.199    -1.10    2.65
 143159.961   109.009    -0.51    2.35
 143531.025   108.938    -0.19    1.80
 143902.035   108.918    -0.05    1.34
 144272.991   109.038     0.32    1.10
 144643.892   109.256     0.59    1.16
 145014.738   109.813     1.50    1.72
 145385.531   111.190     3.71    2.60
 145756.269   112.813     4.38    2.65
 146126.953   114.415     4.32    2.21
 146497.582   113.964    -1.22    3.64
 146868.158   109.576   -11.84    9.19
 147238.679   104.676   -13.22    9.87
 147609.146   100.909   -10.17    7.64
 147979.558    99.553    -3.66    5.72
 148349.917   104.787    14.13    6.92
 148720.221   109.568    12.91    5.90
 149090.472   112.698     8.45    4.70
 149460.668   114.420     4.65    3.46
 149830.810   115.698     3.45    2.52
 150200.899   116.230     1.44    2.54
 150570.933   116.366     0.37    2.66
 150940.913   116.350    -0.04    3.13
 151310.839   116.411     0.16    3.36
 151680.712   117.118     1.91    3.34
 152050.530   117.847     1.97    3.48
 152420.295   119.190     3.63    3.15
 152790.006   120.227     2.80    2.74
 153159.663   120.881     1.77    2.21
 153529.266   120.926     0.12    2.13
 153898.815   119.799    -3.05    2.74
 154268.311   118.157    -4.44    3.26
 154637.753   117.087    -2.90    3.41
 155007.141   117.120     0.09    3.62
 155376.475   118.551     3.87    4.23
 155745.756   120.209     4.49    4.17
 156114.983   122.309     5.69    3.67
 156484.157   123.338     2.79    3.33
 156853.277   123.823     1.32    3.24
 157222.343   123.681    -0.39    3.28
 157591.356   123.123    -1.51    3.44
 157960.316   122.833    -0.79    3.32
 158329.222   123.664     2.25    3.61
 158698.074   124.712     2.84    3.43
 159066.873   125.354     1.74    3.04
 159435.619   124.723    -1.71    3.28
 159804.311   122.495    -6.04    3.61
 160172.950   120.123    -6.43    3.84
 160541.535   118.425    -4.61    3.44
 160910.068   117.248    -3.19    3.42
 161278.547   117.952     1.91    3.97
 161646.972   119.157     3.27    3.30
 162015.345   119.594     1.19    2.80
 162383.664   119.641     0.13    2.93
 162751.930   119.309    -0.90    3.20
 163121.670   118.891    -1.13    3.20
 163500.837   118.219    -1.77    3.51
 163879.947   116.818    -3.70    4.80
 164259.000   114.946    -4.94    5.29
 164637.996   113.422    -4.02    5.60
 165016.936   112.340    -2.86    6.67
 165395.819   110.379    -5.18    8.01
 165774.646   106.523   -10.18   10.25
 166153.416   100.720   -15.32   10.12
 166532.129    95.881   -12.78    6.51
 166910.786    93.662    -5.86    1.93
 167289.387    94.450     2.08    2.18
 167667.931    94.756     0.81    2.25
 168046.418    95.112     0.94    2.39
 168424.849    95.669     1.47    2.64
 168803.224    96.309     1.69    3.01
 169181.543    97.481     3.10    3.00
 169559.805    98.709     3.25    2.37
 169938.011    99.366     1.74    1.93
 170316.160    99.678     0.82    1.65
 170694.253    99.700     0.06    1.45
 171072.290   100.104     1.07    1.52
 171450.271   100.706     1.59    2.16
 171828.196   102.043     3.54    2.95
 172206.064   103.408     3.61    2.93
 172583.877   104.171     2.02    2.51
 172961.633   104.706     1.42    1.77
 173339.333   104.960     0.67    1.32
 173716.978   105.030     0.19    1.19
 174094.566   105.774     1.97    1.79
 174472.098   107.465     4.48    2.53
 174849.574   109.525     5.46    2.86
 175226.994   111.292     4.68    2.58
 175604.359   112.641     3.58    1.87
 175981.667   113.242     1.59    1.53
 176358.920   113.321     0.21    1.62
 176736.116   113.171    -0.40    1.78
 177113.257   112.669    -1.33    1.99
 177490.343   111.748    -2.44    1.44
 177867.372   111.580    -0.45    1.33
 178244.346   111.938     0.95    1.51
 178621.263   113.185     3.31    2.08
 178998.126   114.597     3.75    2.26
 179374.932   115.408     2.15    2.14
 179751.683   115.678     0.72    1.90
 180128.379   115.259    -1.11    1.72
 180505.018   114.450    -2.15    1.41
 180881.603   114.284    -0.44    1.21
 181258.131   114.566     0.75    1.59
 181634.604   115.481     2.43    2.29
 182011.022   116.692     3.22    2.59
 182387.384   117.712     2.71    2.48
 182763.691   118.002     0.77    2.15
 183139.942   117.987    -0.04    2.11
 183516.138   117.442    -1.45    2.20
 183892.279   116.964    -1.27    1.57
 184268.364   117.129     0.44    1.75
 184644.394   117.698     1.51    2.10
 185020.369   118.777     2.87    2.01
 185396.288   120.181     3.73    2.26
 185772.153   121.524     3.57    1.99
 186147.962   122.295     2.05    1.67
 186523.716   122.395     0.27    1.39
 186899.414   121.581    -2.17    2.11
 187275.058   120.364    -3.24    2.28
 187650.646   119.664    -1.86    1.80
 188026.180   119.585    -0.21    1.72
 188401.658   119.882     0.79    1.81
 188777.081   119.570    -0.83    2.78
 189152.450   118.259    -3.49    3.96
 189527.763   117.127    -3.02    4.47
 189903.021   115.995    -3.02    4.02
 190278.225   116.538     1.45    3.90
 190653.373   116.799     0.70    3.91
 191028.467   118.138     3.57    4.47
 191403.506   119.799     4.43    4.83
 191778.490   122.932     8.35    4.01
 192153.419   125.364     6.49    2.73
 192528.293   127.087     4.59    2.30
 192903.113   128.330     3.32    2.33
 193277.878   129.428     2.93    2.21
 193652.588   130.676     3.33    2.36
 194027.244   131.915     3.31    2.60
 194401.844   133.333     3.79    2.57
 194776.391   135.016     4.49    2.80
 195150.882   136.789     4.73    2.70
 195525.319   138.266     3.95    2.49
 195899.702   139.781     4.04    1.97
 196274.030   140.524     1.98    1.75
 196648.303   140.395    -0.34    1.92
 197022.522   139.738    -1.76    2.07
 197396.687   138.738    -2.67    1.68
 197770.797   138.480    -0.69    1.38
 198144.853   138.842     0.97    1.42
 198518.854   139.733     2.38    1.75
 198892.801   141.712     5.29    2.93
 199266.693   144.736     8.09    3.99
 199640.532   148.749    10.73    5.58
 200014.316   152.688    10.54    5.06
 200388.045   155.895     8.58    3.94
 200761.721   157.833     5.18    2.27
 201135.342   157.395    -1.17    2.80
 201508.909   155.263    -5.71    4.04
 201882.422   152.284    -7.97    5.21
 202255.881   148.565    -9.95    5.35
 202629.286   144.695   -10.36    5.64
 203002.636   139.058   -15.09    7.63
 203375.933   132.741   -16.92    9.39
 203749.175   124.763   -21.37    9.77
 204122.364   117.081   -20.58    7.69
 204495.498   111.692   -14.44    4.75
 204868.579   108.789    -7.78    2.64
 205241.606   107.205    -4.24    1.57
 205614.578   106.572    -1.70    1.41
 205987.497   105.980    -1.59    1.58
 206360.362   105.740    -0.64    1.73
 206733.173   105.152    -1.58    2.13
 207105.930   104.906    -0.66    2.64
 207478.634   102.988    -5.15    4.18
 207851.283   100.156    -7.60    4.27
 208223.879    97.847    -6.20    3.18
 208596.422    96.582    -3.40    1.97
 208968.910    96.157    -1.14    2.24
 209341.345    95.495    -1.78    2.17
 209713.726    95.195    -0.81    2.24
 210086.054    94.852    -0.92    2.21
 210458.327    94.566    -0.77    2.05
 210830.548    93.923    -1.73    2.17
 211202.715    94.584     1.77    2.92
 211574.828    95.608     2.75    3.63
 211946.888    95.627     0.05    3.87
 212318.894    95.947     0.86    3.48
 212690.847    95.433    -1.38    2.95
 213062.746    94.802    -1.70    2.07
 213434.592    94.782    -0.06    1.93
 213806.385    95.213     1.16    1.85
 214178.124    96.837     4.37    2.86
 214549.810    98.366     4.11    3.17
 214921.442    99.627     3.39    2.65
 215293.021   100.338     1.91    2.23
 215664.547   101.097     2.04    1.96
 216036.020   102.209     2.99    2.50
 216407.440   102.895     1.85    2.68
 216778.806   103.833     2.53    2.41
 217150.119   104.627     2.14    2.20
 217521.379   105.205     1.56    2.28
 217892.586   106.609     3.78    2.67
 218263.740   107.966     3.66    2.61
 218634.840   109.781     4.89    2.79
 219005.888   111.024     3.35    3.11
 219376.883   111.866     2.27    3.25
 219747.824   112.891     2.76    3.58
 220118.713   113.596     1.90    3.29
 220489.548   113.972     1.01    3.45
 220860.331   113.763    -0.56    3.86
 221231.061   112.375    -3.74    4.63
 221601.738   111.469    -2.44    4.44
 221972.362   111.161    -0.83    4.22
 222342.933   111.996     2.25    4.55
 222713.451   113.949     5.27    4.51
 223083.917   115.321     3.70    3.98
 223454.330   117.094     4.79    3.21
 223824.690   118.318     3.30    2.33
 224194.997   118.274    -0.12    2.19
 224565.252   116.915    -3.67    3.15
 224935.453   115.658    -3.39    3.54
 225305.603   114.795    -2.33    3.63
 225675.699   114.289    -1.37    3.54
 226045.743   114.946     1.78    3.42
 226415.735   116.391     3.91    3.64
 226785.674   118.073     4.54    3.53
 227155.560   119.866     4.85    2.90
 227525.394   120.481     1.66    2.29
 227895.175   120.987     1.37    1.91
 228264.904   120.741    -0.67    2.03
 228634.580   121.060     0.86    2.39
 229004.204   121.683     1.69    2.79
 229373.776   122.138     1.23    2.65
 229743.295   122.595     1.24    2.66
 230112.762   123.143     1.48    2.59
 230482.177   124.450     3.54    3.01
 230851.539   126.692     6.07    4.13
 231220.849   129.350     7.19    3.95
 231590.106   131.152     4.88    2.43
 231959.312   131.718     1.53    2.14
 232328.465   132.596     2.38    2.39
 232697.566   133.641     2.83    3.33
 233066.615   135.045     3.80    3.15
 233435.612   135.752     1.91    3.00
 233804.556   135.565    -0.50    3.27
 234173.449   133.658    -5.17    4.49
 234542.289   132.565    -2.96    4.12
 234911.078   131.897    -1.81    3.66
 235279.814   131.284    -1.66    3.18
 235648.498   130.706    -1.57    3.40
 236017.131   128.625    -5.64    4.94
 236385.711   126.371    -6.12    5.04
 236754.239   126.200    -0.46    5.07
 237122.716   126.447     0.67    5.47
 237491.140   128.973     6.86    5.69
 237859.513   132.691    10.09    3.83
 238238.255   133.932     3.28    3.88
 238617.248   134.871     2.48    3.91
 238996.186   134.147    -1.91    4.95
 239375.068   131.799    -6.20    6.00
 239753.895   130.352    -3.82    5.23
 240132.668   130.295    -0.15    4.75
 240511.385   130.600     0.81    4.45
 240890.047   132.083     3.91    4.94
 241268.654   133.431     3.56    4.53
 241647.205   134.009     1.53    4.31
 242025.702   135.420     3.73    3.52
 242404.144   136.723     3.44    3.14
 242782.531   138.480     4.64    2.25
 243160.863   139.569     2.88    2.33
 243539.140   140.551     2.60    1.97
 243917.363   141.364     2.15    2.22
 244295.530   141.638     0.72    1.94
 244673.643   142.140     1.33    1.73
 245051.700   142.980     2.22    1.84
 245429.703   144.584     4.24    2.46
 245807.651   146.480     5.02    2.47
 246185.545   148.583     5.56    2.52
 246563.384   150.709     5.63    2.87
 246941.168   152.785     5.49    2.42
 247318.897   153.465     1.80    2.64
 247696.572   152.966    -1.32    3.62
 248074.192   151.345    -4.29    5.05
 248451.758   148.857    -6.59    5.14
 248829.269   146.863    -5.28    3.93
 249206.725   146.671    -0.51    2.72
 249584.127   147.226     1.47    2.60
 249961.475   148.395     3.10    2.49
 250338.768   150.306     5.06    1.93
 250716.006   150.596     0.77    2.37
 251093.190   150.103    -1.31    3.21
 251470.320   149.813    -0.77    3.66
 251847.396   149.622    -0.51    3.68
 252224.417   150.371     1.99    3.61
 252601.383   149.803    -1.50    4.03
 252978.296   149.386    -1.11    4.07
 253355.154   149.875     1.30    4.42
