# NaN NaN NaN ;Mean Elev.(m), Avg Gradient(m/km), RMS Gradient(m/km) - SRTM1     
#  -18.483  -6.549  12.160 ;Mean Elev.(m), Avg Gradient(m/km), RMS Gradient(m/km) - ASTER GDEM
#    1.036  -5.028  11.418 ;Mean Elev.(m), Avg Gradient(m/km), RMS Gradient(m/km) - GMTED2010 
  7  86.571755  68.175504     8.542     2.544 35 52458.23713372 36.191
  8  86.561351  68.163618    11.010    10.438 31 52493.23711478 20.897
 10  86.570963  68.164091     3.528     1.684 24 52563.23713346 42.005
 12  86.572546  68.168385    22.602    22.626 36 52633.23710114 13.191
 13  86.569160  68.175083    19.050    17.705 37 52668.23711570 12.338
 14  86.574748  68.162890    24.374    23.642 34 52703.23709535 11.087
 16  86.541362  68.159996     1.383     1.220 24 52773.23709422 35.104
 17  86.573684  68.168039    19.938    20.409 36 52808.23715671 14.099
 18  86.574887  68.168553    17.768    18.852 36 52843.23721429 14.295
 19  86.571163  68.172475     4.113     1.081 37 52878.23725198 24.677
 20  86.568199  68.177360    18.261    16.259 37 52913.23720939 18.680
 21  86.573951  68.157207     4.348     4.219 31 52948.23717070 28.805
 23  86.565392  68.177487    15.160    14.203 37 53018.23719346 12.817
 24  86.575145  68.165248    12.539    10.407 34 53053.23717726 14.788
 25  86.561428  68.182959    19.966    20.894 37 53088.23721164  9.932
 26  86.573851  68.169042    15.136    14.092 35 53123.23718377 12.951
 27  86.560825  68.167584    14.040    14.158 32 53158.23724198 27.030
 28  86.571389  68.172597    10.902    12.241 36 53193.23723475 25.334
 30  86.562677  68.183512    33.985    36.051 38 53263.23720208 10.846
 31  86.558039  68.165626     9.429    10.350 31 53298.23724553 28.651
 35  86.564844  68.178578    15.436    14.572 37 53438.23717586 11.292
 36  86.572880  68.173251    19.450    18.163 36 53473.23723303 10.130
 37  86.585549  68.187607     6.143     2.074 25 53508.23725497 35.113
 38  86.569725  68.178591    19.897    18.248 37 53543.23726752 19.573
 39  86.567465  68.180469    16.926    16.084 37 53578.23725079 15.993
 40  86.557474  68.178599     3.999     1.559 26 53613.23720442 41.399
 41  86.572320  68.166257    22.030    21.958 34 53648.23721173 14.976
 42  86.571600  68.182750     8.849     1.582 26 53683.23722384 29.964
 43  86.565524  68.177847    15.038    13.573 37 53718.23715197 11.891
 44  86.575097  68.161551    25.960    25.312 33 53753.23707557 11.311
 45  86.569787  68.173781    17.940    15.993 37 53788.23710363 11.500
 46  86.576452  68.158280    24.468    23.766 32 53823.23706101  9.456
 47  86.570791  68.172413    14.110    13.708 37 53858.23715107 12.051
 48  86.573484  68.170009    13.712    13.727 36 53893.23716631 21.618
 49  86.566772  68.178922    19.213    17.429 38 53928.23722285 19.292
 50  86.564636  68.181642    12.513    12.188 38 53963.23720458 15.875
 51  86.574830  68.155879    16.999    17.841 32 53998.23715734 16.510
 52  86.586885  68.179290     7.163     1.494 25 54033.23720162 27.024
 54  86.562461  68.180170    11.279     7.597 37 54103.23715455 11.348
 55  86.573682  68.170236    31.163    30.380 36 54138.23712687  8.306
 56  86.567196  68.179903    17.533    15.846 37 54173.23713246  8.821
 57  86.585978  68.180429     6.602     1.475 27 54208.23713062 28.016
 59  86.570663  68.173522    21.906    22.373 37 54278.23717710 12.048
 60  86.570479  68.174641    17.924    17.131 37 54313.23717723 19.436
 61  86.565705  68.180422    20.786    18.573 38 54348.23714748 14.930
 62  86.572085  68.168960    20.503    20.610 36 54383.23711580 20.288
 63  86.575525  68.185561     9.520     1.896 29 54418.23709580 23.297
 64  86.575663  68.166883     6.536     1.557 35 54453.23708625 17.105
 65  86.569442  68.174593    11.666     9.713 36 54488.23709616 11.558
 66  86.572831  68.169824    25.099    24.562 36 54523.23709897  8.468
 67  86.566674  68.178766    19.779    17.954 38 54558.23710520  8.386
 68  86.571693  68.174378    11.372    13.650 36 54593.23709408 14.377
 69  86.570675  68.176497    11.798    11.376 37 54628.23710882 49.856
 70  86.554157  68.161709     2.142     2.000 28 54663.23711921 35.803
 71  86.567701  68.179954     9.720    11.802 37 54698.23708924 20.965
 72  86.574152  68.169322    18.550    19.051 35 54733.23707454 14.535
 73  86.570364  68.175613    21.805    22.082 36 54768.23706971 17.048
 74  86.574244  68.170280     8.326     6.449 36 54803.23706837 19.137
 75  86.569477  68.173639    14.032    10.226 37 54838.23706324 11.396
 76  86.573820  68.171214    17.427    15.934 36 54873.23706758 12.081
 77  86.564029  68.180834    14.124    10.969 38 54908.23706929 11.402
 78  86.571767  68.169527    30.716    30.420 36 54943.23706060  8.395
 79  86.547619  68.157091     6.263     6.069 24 54978.23709082 35.974
 80  86.577060  68.181725     9.060     4.994 28 55013.23709195 34.842
 81  86.571597  68.174148    14.408    14.567 37 55048.23708617 21.181
 82  86.563386  68.180605    17.428    15.781 37 55083.23705531 13.484
 83  86.565514  68.162332    26.296    24.020 31 55118.23702033 11.407
 84  86.568402  68.177313    10.826     8.438 37 55153.23701448 19.610
 85  86.573084  68.169192    16.896    17.797 36 55188.23700702 14.545
 86  86.568776  68.176395    17.590    15.730 36 55223.23701366 11.912
 87  86.571316  68.171601    19.137    17.240 36 55258.23700273 11.647
 88  86.565157  68.179982    15.256    13.463 38 55293.23700043 11.175
 89  86.582622  68.185095     5.695     1.684 25 55328.23698303 34.255
 90  86.567920  68.177630    20.497    18.969 37 55363.23698024 13.999
 91  86.573739  68.169884    15.496    15.245 35 55398.23699026 19.626
 92  86.571204  68.174327    18.355    17.182 36 55433.23699636 18.132
 93  86.562265  68.180762    12.225    14.251 37 55468.23695289 15.883
