-159644.807    61.718     0.00    5.29
-159278.535    63.743     5.53    6.74
-158912.353    66.577     7.74    8.84
-158546.263    68.565     5.43    7.82
-158180.264    71.915     9.16    8.16
-157814.355    73.735     4.97    8.75
-157448.537    74.090     0.97    8.93
-157082.810    76.465     6.49    7.55
-156717.173    79.936     9.49    7.74
-156351.627    85.416    14.99   10.45
-155986.172    91.018    15.33    9.95
-155620.807    95.874    13.29    7.68
-155255.532    99.094     8.82    5.34
-154890.347    99.693     1.64    4.57
-154525.253    97.094    -7.12    6.86
-154160.248    92.865   -11.59    9.62
-153795.334    89.775    -8.47    8.82
-153430.510    90.216     1.21    8.37
-153065.775    94.824    12.63   11.64
-152701.131   101.664    18.76    9.77
-152336.576   107.907    17.13    6.83
-151972.111   110.258     6.45    5.25
-151607.736   109.446    -2.23    7.09
-151243.450   107.075    -6.51    8.36
-150879.254   105.515    -4.28    8.04
-150515.147   105.445    -0.19    7.78
-150151.130   104.673    -2.12    8.57
-149787.202   103.284    -3.82    8.44
-149423.363   102.085    -3.29    8.94
-149059.614    96.238   -16.08   12.07
-148695.953    91.820   -12.15   12.21
-148315.830    88.153    -9.65   10.91
-147933.286    85.616    -6.63   11.54
-147550.843    85.983     0.96   12.86
-147168.502    87.396     3.70   12.47
-146786.262    91.611    11.03   12.07
-146404.123    96.348    12.40    9.67
-146022.085    97.787     3.77    8.78
-145640.149    94.934    -7.47    9.22
-145258.313    92.228    -7.09    8.21
-144876.579    88.782    -9.03    8.02
-144494.945    85.193    -9.40    7.87
-144113.412    81.084   -10.77    7.05
-143731.979    78.686    -6.29    4.87
-143350.647    77.014    -4.39    4.75
-142969.416    74.891    -5.57    6.35
-142588.285    70.472   -11.60    7.48
-142207.255    67.882    -6.80    7.09
-141826.324    67.055    -2.17    6.92
-141445.494    66.001    -2.77    5.76
-141064.764    66.044     0.11    5.75
-140684.134    66.957     2.40    6.05
-140303.604    68.483     4.01    6.47
-139923.174    68.729     0.65    7.44
-139542.844    66.985    -4.59    7.93
-139162.613    64.958    -5.33    7.03
-138782.482    62.390    -6.76    4.80
-138402.451    63.039     1.71    4.30
-138022.519    62.705    -0.88    5.26
-137642.687    59.929    -7.31    6.45
-137262.953    59.865    -0.17    6.34
-136883.320    60.007     0.37    6.79
-136503.785    60.882     2.31    5.63
-136124.349    62.253     3.61    3.22
-135745.013    62.144    -0.29    3.16
-135365.775    61.246    -2.37    4.04
-134986.636    59.148    -5.54    4.83
-134607.596    56.797    -6.20    4.72
-134228.655    55.839    -2.53    4.37
-133849.813    56.966     2.98    5.86
-133471.069    58.694     4.56    6.29
-133092.423    60.585     5.00    6.29
-132713.876    61.626     2.75    5.72
-132335.427    64.213     6.84    3.86
-131957.077    65.365     3.04    3.97
-131578.824    65.517     0.40    4.48
-131200.670    66.119     1.59    4.25
-130822.614    66.158     0.10    3.80
-130444.656    66.899     1.96    3.60
-130066.796    68.687     4.73    4.38
-129689.033    71.413     7.22    4.52
-129311.368    73.560     5.69    3.59
-128933.801    74.438     2.33    2.45
-128556.332    75.509     2.84    3.21
-128178.960    76.910     3.71    4.03
-127801.685    78.002     2.90    3.71
-127424.508    77.908    -0.25    3.50
-127047.428    76.620    -3.42    3.51
-126670.445    75.815    -2.14    3.06
-126293.560    75.611    -0.54    2.98
-125916.771    76.626     2.69    3.56
-125540.080    77.926     3.45    3.56
-125163.485    80.094     5.76    4.55
-124786.987    83.064     7.89    4.50
-124410.586    85.006     5.16    3.31
-124034.282    85.489     1.28    2.92
-123658.074    85.508     0.05    3.77
-123281.963    84.583    -2.46    3.79
-122905.948    85.796     3.23    4.99
-122530.030    89.771    10.57    7.29
-122154.208    95.085    14.14   10.29
-121778.482   102.674    20.20   12.16
-121402.853   111.297    22.96   13.66
-121027.319   119.048    20.64   15.13
-120651.882   124.663    14.96   14.50
-120276.540   128.432    10.04   12.66
-119901.295   130.641     5.89   10.52
-119526.145   134.797    11.08    8.77
-119151.091   136.883     5.56    6.91
-118776.132   136.204    -1.81    6.58
-118401.270   132.401   -10.15    8.29
-118026.502   125.568   -18.23    8.79
-117651.830   120.207   -14.31    7.29
-117277.254   115.458   -12.68    6.58
-116902.773   112.216    -8.66    6.63
-116528.387   109.458    -7.36    5.27
-116154.096   106.780    -7.16    5.55
-115779.900   103.570    -8.58    6.25
-115405.799   101.262    -6.17    4.81
-115031.794   101.378     0.31    4.54
-114657.883   102.918     4.12    5.40
-114284.067   104.900     5.30    5.14
-113910.345   104.352    -1.47    6.72
-113536.719   100.348   -10.72    8.29
-113163.186    95.609   -12.69    7.66
-112789.749    91.639   -10.63    3.36
-112416.406    91.680     0.11    3.91
-112043.157    93.111     3.83    4.01
-111670.002    93.070    -0.11    5.46
-111296.942    94.448     3.69    6.69
-110923.976    94.987     1.45    6.95
-110551.104    96.857     5.01    6.03
-110178.325    99.857     8.05    5.65
-109805.641   102.001     5.75    5.58
-109433.051   103.541     4.13    4.96
-109060.555   105.408     5.01    3.79
-108688.152   105.908     1.34    3.15
-108315.843   106.786     2.36    3.15
-107943.627   109.788     8.07    4.75
-107571.505   112.839     8.20    6.05
-107199.477   116.201     9.04    5.73
-106827.542   119.331     8.41    5.55
-106455.700   121.556     5.98    6.66
-106083.951   123.942     6.42    5.88
-105712.296   123.720    -0.60    5.33
-105340.734   120.738    -8.03    6.91
-104969.264   115.637   -13.73    7.76
-104597.888   108.157   -20.14    7.98
-104226.604   102.224   -15.98    7.99
-103855.414    98.068   -11.20    5.37
-103484.316    98.046    -0.06    5.15
-103113.311    98.813     2.07    5.62
-102742.398   100.158     3.63    4.35
-102371.578   100.899     2.00    3.38
-102000.851   102.682     4.81    5.53
-101630.215   107.284    12.42    7.55
-101259.673   112.152    13.14    6.88
-100889.222   115.231     8.31    5.74
-100518.864   114.515    -1.93    6.95
-100148.597   112.002    -6.79    7.26
 -99778.423   109.335    -7.20    5.69
 -99408.341   108.796    -1.46    4.61
 -99038.351   110.228     3.87    5.30
 -98668.453   113.335     8.40    6.95
 -98298.646   117.710    11.83    6.69
 -97928.931   122.352    12.56    5.80
 -97559.308   125.639     8.89    5.28
 -97189.776   129.417    10.22    4.67
 -96820.336   132.686     8.85    5.00
 -96450.988   134.930     6.08    4.52
 -96081.730   137.457     6.84    3.26
 -95712.564   139.150     4.59    2.88
 -95343.490   140.361     3.28    3.03
 -94974.506   141.643     3.47    3.27
 -94605.614   140.559    -2.94    4.48
 -94236.812   135.709   -13.15    7.93
 -93868.102   130.674   -13.66    8.49
 -93499.482   124.526   -16.68    7.18
 -93130.954   118.891   -15.29    8.72
 -92762.516   112.397   -17.63   10.49
 -92394.169   105.934   -17.55    8.83
 -92025.912   100.943   -13.55    6.93
 -91657.746    98.166    -7.54    7.12
 -91289.671    96.081    -5.66    7.24
 -90921.686    91.989   -11.12    7.52
 -90553.791    82.637   -25.42   12.20
 -90185.987    70.450   -33.14   17.41
 -89818.273    58.284   -33.09   16.33
 -89450.649    49.045   -25.13   10.98
 -89083.115    42.831   -16.91    6.90
 -88715.672    39.972    -7.78    5.71
 -88348.318    41.147     3.20    7.72
 -87981.054    47.288    16.72   13.19
 -87613.880    58.074    29.38   14.93
 -87246.796    68.409    28.16   12.07
 -86879.802    76.526    22.12    8.11
 -86512.897    80.823    11.71    5.73
 -86146.082    83.464     7.20    3.66
 -85779.356    84.474     2.75    2.38
 -85412.720    84.611     0.37    1.78
 -85046.173    85.150     1.47    2.76
 -84679.715    86.506     3.70    3.18
 -84313.347    87.848     3.66    2.59
 -83947.068    90.716     7.83    3.77
 -83580.878    92.400     4.60    4.22
 -83214.777    94.224     4.98    3.44
 -82848.765    93.987    -0.65    3.94
 -82482.842    92.629    -3.71    5.31
 -82117.008    90.325    -6.30    5.69
 -81751.263    88.348    -5.41    5.71
 -81385.607    87.211    -3.11    4.76
 -81020.039    87.299     0.24    5.37
 -80654.559    86.762    -1.47    6.48
 -80289.169    86.402    -0.98    7.54
 -79923.867    87.176     2.12    8.32
 -79558.653    87.943     2.10    7.54
 -79193.527    89.529     4.34    6.07
 -78828.490    90.552     2.80    5.39
 -78463.541    91.037     1.33    6.09
 -78098.680    91.117     0.22    7.56
 -77733.908    89.291    -5.01    8.57
 -77369.223    87.361    -5.29    8.42
 -77004.627    85.126    -6.13    8.05
 -76640.118    82.313    -7.72    9.09
 -76275.697    77.979   -11.89   11.92
 -75911.364    72.987   -13.70   11.12
 -75547.118    70.001    -8.20    9.77
 -75182.961    71.322     3.63   10.54
 -74818.891    75.422    11.26   10.42
 -74454.908    79.958    12.46    9.76
 -74091.013    85.065    14.04    9.22
 -73717.732    86.821     4.70    7.69
 -73335.349    83.953    -7.50    9.83
 -72953.065    75.462   -22.21   13.33
 -72570.880    66.374   -23.78   10.89
 -72188.794    61.987   -11.48    6.37
 -71806.807    62.964     2.56    8.07
 -71424.919    68.100    13.45   12.86
 -71043.129    74.123    15.78   14.62
 -70661.438    78.917    12.56   13.07
 -70279.846    81.711     7.32   10.61
 -69898.352    81.457    -0.67    7.99
 -69516.957    80.640    -2.14    5.75
 -69135.660    79.892    -1.96    4.25
 -68754.461    77.795    -5.50    5.72
 -68373.361    73.216   -12.01    8.40
 -67992.359    67.291   -15.55   10.44
 -67611.454    56.573   -28.14   13.32
 -67230.648    47.048   -25.02   12.97
 -66849.939    36.978   -26.45   10.23
 -66469.329    29.770   -18.94   10.51
 -66088.816    25.966   -10.00   12.25
 -65708.401    21.865   -10.78   12.29
 -65328.083    21.442    -1.11   10.74
 -64947.863    23.770     6.12   10.71
 -64567.741    29.883    16.08   12.86
 -64187.716    41.414    30.34   11.79
 -63807.788    46.604    13.66   10.09
 -63427.957    46.653     0.13    9.81
 -63048.224    43.058    -9.47   10.97
 -62668.588    37.714   -14.08   10.45
 -62289.048    34.196    -9.27   10.10
 -61909.606    32.737    -3.84    8.97
 -61530.260    32.726    -0.03    6.66
 -61151.012    34.129     3.70    6.11
 -60771.860    37.181     8.05    5.43
 -60392.804    38.970     4.72    3.81
 -60013.846    39.202     0.61    3.30
 -59634.983    38.526    -1.78    3.11
 -59256.217    37.271    -3.31    3.37
 -58877.548    35.089    -5.76    5.02
 -58498.975    32.549    -6.71    5.66
 -58120.498    29.814    -7.23    4.70
 -57742.117    26.812    -7.93    4.31
 -57363.832    25.265    -4.09    4.21
 -56985.644    23.999    -3.35    5.34
 -56607.551    22.361    -4.33    7.29
 -56229.554    21.204    -3.06    8.86
 -55851.653    17.244   -10.48   10.65
 -55473.847    11.541   -15.10   10.34
 -55096.137     6.153   -14.27    8.52
 -54718.523     1.751   -11.66    4.03
 -54341.004     0.154    -4.23    0.84
 -53963.581    -0.108    -0.69    0.23
 -53586.253    -0.143    -0.09    0.00
 -53209.020    -0.143     0.00    0.00
 -52831.882    -0.143     0.00    0.00
 -52454.840    -0.143     0.00    0.00
 -52077.893    -0.143     0.00    0.00
 -51701.040    -0.143     0.00    0.00
 -51324.283    -0.143     0.00    0.00
 -50947.620    -0.143     0.00    0.00
 -50571.052    -0.143     0.00    0.00
 -50194.579    -0.143     0.00    0.00
 -49818.201    -0.134     0.02    0.10
 -49441.917     0.422     1.48    1.28
 -49065.728     1.058     1.69    1.53
 -48689.633     1.409     0.93    1.44
 -48313.632     1.648     0.63    1.36
 -47937.726     1.436    -0.56    1.21
 -47561.913     1.085    -0.93    1.08
 -47186.196     1.142     0.15    1.13
 -46810.572     1.387     0.65    1.27
 -46435.042     1.517     0.35    1.34
 -46059.606     1.196    -0.86    1.44
 -45684.264     0.728    -1.25    1.38
 -45309.015     0.207    -1.39    0.95
 -44933.861    -0.108    -0.84    0.27
 -44558.800    -0.143    -0.10    0.00
 -44183.833    -0.143     0.00    0.00
 -43808.959    -0.143     0.00    0.00
 -43434.178    -0.143     0.00    0.00
 -43059.491    -0.143     0.00    0.00
 -42684.898    -0.143     0.00    0.00
 -42310.397    -0.143     0.00    0.00
 -41935.990    -0.143     0.00    0.00
 -41561.676    -0.143     0.00    0.00
 -41187.455    -0.143     0.00    0.00
 -40813.326    -0.143     0.00    0.00
 -40439.291    -0.143     0.00    0.00
 -40065.349    -0.143     0.00    0.00
 -39691.499    -0.143     0.00    0.00
 -39317.742    -0.143     0.00    0.00
 -38944.078    -0.143     0.00    0.00
 -38570.506    -0.143     0.00    0.00
 -38197.027    -0.143     0.00    0.00
 -37823.640    -0.143     0.00    0.00
 -37450.345    -0.143     0.00    0.00
 -37077.143    -0.080     0.17    0.31
 -36704.033     0.357     1.17    1.01
 -36331.015     0.786     1.15    1.24
 -35958.089     1.178     1.05    1.35
 -35585.255     1.457     0.75    1.38
 -35212.513     1.283    -0.47    1.40
 -34839.863     0.900    -1.03    1.33
 -34467.305     0.405    -1.33    1.06
 -34094.839     0.055    -0.94    0.64
 -33722.464    -0.135    -0.51    0.09
 -33350.181    -0.143    -0.02    0.00
 -32977.989    -0.143     0.00    0.00
 -32605.889    -0.143     0.00    0.00
 -32233.880    -0.143     0.00    0.00
 -31861.963    -0.143     0.00    0.00
 -31490.136    -0.143     0.00    0.00
 -31118.401    -0.143     0.00    0.00
 -30746.758    -0.143     0.00    0.00
 -30375.205    -0.143     0.00    0.00
 -30003.743    -0.143     0.00    0.00
 -29632.372    -0.143     0.00    0.00
 -29261.092    -0.090     0.14    0.29
 -28889.903     0.272     0.98    0.97
 -28518.805     1.251     2.64    1.66
 -28147.797     1.947     1.87    1.71
 -27776.880     2.618     1.81    1.58
 -27406.054     2.582    -0.10    1.63
 -27035.317     2.266    -0.85    1.65
 -26664.672     2.232    -0.09    1.55
 -26294.116     2.049    -0.49    1.46
 -25923.651     1.821    -0.62    1.37
 -25553.277     1.607    -0.58    1.33
 -25182.992     1.011    -1.61    0.64
 -24812.797     0.964    -0.13    0.61
 -24442.693     0.857    -0.29    0.00
 -24072.678     0.874     0.05    0.19
 -23702.753     1.151     0.75    0.94
 -23332.919     1.357     0.56    1.22
 -22963.173     1.565     0.56    1.33
 -22593.518     1.742     0.48    1.41
 -22223.952     1.476    -0.72    1.05
 -21854.476     1.732     0.69    1.35
 -21485.089     1.803     0.19    1.42
 -21115.792     2.113     0.84    1.65
 -20746.584     1.866    -0.67    1.55
 -20377.465     1.777    -0.24    1.39
 -20008.436     2.091     0.85    1.55
 -19639.495     2.397     0.83    1.50
 -19270.644     2.725     0.89    1.42
 -18901.882     2.504    -0.60    1.54
 -18533.209     2.299    -0.56    1.79
 -18164.625     2.478     0.49    1.87
 -17796.130     2.884     1.10    1.88
 -17427.723     3.392     1.38    1.51
 -17059.405     3.428     0.10    1.18
 -16691.176     3.352    -0.21    1.20
 -16323.035     2.956    -1.08    1.24
 -15954.983     2.437    -1.41    1.26
 -15587.020     2.032    -1.10    1.45
 -15219.145     1.309    -1.97    1.45
 -14851.358     0.529    -2.12    0.93
 -14483.660     0.118    -1.12    0.60
 -14116.049    -0.143    -0.71    0.00
 -13748.527    -0.143     0.00    0.00
 -13381.093    -0.143     0.00    0.00
 -13013.747    -0.143     0.00    0.00
 -12646.489    -0.143     0.00    0.00
 -12279.319    -0.143     0.00    0.00
 -11912.237    -0.143     0.00    0.00
 -11545.242    -0.143     0.00    0.00
 -11178.335    -0.143     0.00    0.00
 -10811.516    -0.143     0.00    0.00
 -10444.785    -0.143     0.00    0.00
 -10078.141    -0.071     0.20    0.48
  -9711.584     1.155     3.34    2.92
  -9345.115     2.051     2.45    3.47
  -8978.733     2.685     1.73    3.36
  -8612.439     3.066     1.04    3.08
  -8246.231     2.589    -1.30    2.32
  -7880.111     2.318    -0.74    1.19
  -7514.078     2.706     1.06    1.05
  -7148.132     2.848     0.39    1.41
  -6782.273     3.730     2.41    2.37
  -6416.501     5.149     3.88    3.43
  -6050.816     6.280     3.09    3.72
  -5685.217     8.313     5.56    3.84
  -5319.705    10.544     6.10    4.05
  -4954.280    10.737     0.53    4.15
  -4588.942     8.662    -5.68    5.25
  -4223.690     6.514    -5.88    5.81
  -3858.524     3.624    -7.91    4.36
  -3493.445     1.769    -5.08    2.64
  -3128.452     0.752    -2.79    1.90
  -2763.546    -0.019    -2.11    0.67
  -2398.726    -0.143    -0.34    0.00
  -2033.992    -0.143     0.00    0.00
  -1669.344    -0.143     0.00    0.00
  -1304.782    -0.124     0.05    0.14
   -940.306     0.107     0.63    1.08
   -575.916     0.187     0.22    1.25
   -211.612     0.020    -0.46    0.82
    152.606    -0.143    -0.45    0.00
    516.739    -0.143     0.00    0.00
    883.661    -0.135     0.02    0.09
   1265.878    -0.134     0.00    0.10
   1647.998    -0.143    -0.02    0.00
   2030.021    -0.143     0.00    0.00
   2411.948    -0.143     0.00    0.00
   2793.778    -0.072     0.19    0.40
   3175.511    -0.049     0.06    0.56
   3557.148    -0.089    -0.11    0.42
   3938.689     0.366     1.19    1.44
   4320.134     1.237     2.28    1.99
   4701.482     2.047     2.12    1.92
   5082.735     2.624     1.51    1.51
   5463.891     2.501    -0.32    1.03
   5844.952     3.482     2.57    2.06
   6225.916     4.162     1.79    2.21
   6606.785     4.366     0.53    2.29
   6987.558     3.884    -1.26    2.54
   7368.235     3.460    -1.11    2.35
   7748.817     3.469     0.02    2.21
   8129.303     3.593     0.33    2.39
   8509.693     3.464    -0.34    2.54
   8889.989     3.002    -1.21    2.54
   9270.189     2.874    -0.34    2.62
   9650.293     2.679    -0.51    2.28
  10030.303     2.973     0.77    2.31
  10410.217     3.597     1.64    2.18
  10790.037     3.973     0.99    1.93
  11169.761     3.476    -1.31    2.54
  11549.391     2.071    -3.70    2.68
  11928.926     0.848    -3.22    2.01
  12308.366    -0.053    -2.37    0.56
  12687.711    -0.143    -0.24    0.00
  13066.962    -0.143     0.00    0.00
  13446.118    -0.143     0.00    0.00
  13825.179    -0.143     0.00    0.00
  14204.147    -0.143     0.00    0.00
  14583.020    -0.143     0.00    0.00
  14961.798    -0.143     0.00    0.00
  15340.483    -0.143     0.00    0.00
  15719.073    -0.143     0.00    0.00
  16097.569    -0.097     0.12    0.25
  16475.972     1.163     3.33    2.26
  16854.280     2.138     2.58    2.45
  17232.495     2.902     2.02    2.12
  17610.615     3.166     0.70    1.73
  17988.642     2.737    -1.13    1.54
  18366.576     2.523    -0.57    1.20
  18744.415     3.304     2.07    2.40
  19122.162     4.667     3.61    4.09
  19499.815     5.578     2.41    4.44
  19877.374     5.848     0.72    4.07
  20254.840     6.251     1.07    3.14
  20632.213     6.428     0.47    2.30
  21009.493     6.093    -0.89    2.36
  21386.680     4.784    -3.47    3.06
  21763.774     3.767    -2.70    2.68
  22140.774     4.352     1.55    3.67
  22517.682     6.901     6.76    5.46
  22894.497    11.193    11.39    5.64
  23271.219    11.702     1.35    5.52
  23647.849    10.243    -3.87    5.51
  24024.386     8.303    -5.15    4.11
  24400.830     6.655    -4.38    2.21
  24777.182     6.066    -1.57    2.01
  25153.442     5.536    -1.41    2.24
  25529.609     4.132    -3.73    1.65
  25905.684     4.244     0.30    1.62
  26281.666     4.539     0.79    1.66
  26657.557     4.415    -0.33    1.63
  27033.355     4.206    -0.56    1.83
  27409.061     3.893    -0.83    1.88
  27784.676     3.357    -1.43    1.93
  28160.198     3.728     0.99    2.10
  28535.629     4.196     1.25    2.28
  28910.968     4.338     0.38    2.31
  29286.215     4.217    -0.32    2.03
  29661.371     4.376     0.42    1.88
  30036.435     4.705     0.88    2.08
  30411.408     4.404    -0.80    2.18
  30786.289     5.712     3.49    3.38
  31161.079     6.984     3.39    3.91
  31535.777     8.129     3.06    3.80
  31910.385     9.260     3.02    2.67
  32284.901     9.208    -0.14    2.17
  32659.326     8.157    -2.81    1.15
  33033.660     7.953    -0.54    0.93
  33407.903     8.544     1.58    1.52
  33782.056     9.221     1.81    1.92
  34156.117     9.793     1.53    1.94
  34530.088     9.930     0.37    1.88
  34903.968     9.449    -1.29    1.61
  35277.757     9.226    -0.60    1.31
  35651.456     8.779    -1.20    0.97
  36025.064     8.702    -0.21    1.11
  36398.582     8.460    -0.65    1.17
  36772.009     8.348    -0.30    1.25
  37145.347     8.380     0.09    1.47
  37518.594     8.132    -0.66    1.39
  37891.750     8.102    -0.08    1.36
  38264.817     7.838    -0.71    1.18
  38637.794     7.568    -0.72    1.08
  39010.680     7.303    -0.71    1.13
  39383.477     7.038    -0.71    1.10
  39756.184     7.040     0.00    1.10
  40128.801     7.220     0.48    1.14
  40501.328     7.370     0.40    1.11
  40873.766     7.668     0.80    1.00
  41246.114     7.728     0.16    0.92
  41618.372     7.701    -0.07    0.97
  41990.542     7.693    -0.02    0.99
  42362.621     7.829     0.37    1.21
  42734.612     8.113     0.77    1.20
  43106.513     8.208     0.25    1.08
  43478.324     9.300     2.94    2.07
  43850.047     9.669     0.99    2.20
  44221.681     9.741     0.19    2.25
  44593.225    10.658     2.47    3.43
  44964.681    11.958     3.50    4.86
  45336.048    13.940     5.34    4.40
  45707.326    14.380     1.18    3.99
  46078.515    13.428    -2.56    4.12
  46449.615    13.302    -0.34    4.19
  46820.627    14.542     3.34    4.18
  47191.550    16.730     5.90    3.53
  47562.385    17.205     1.28    3.04
  47933.131    16.458    -2.01    3.42
  48303.789    16.675     0.58    4.10
  48674.359    17.674     2.70    4.59
  49044.840    19.466     4.84    4.44
  49415.233    22.309     7.68    3.90
  49785.538    23.726     3.82    4.56
  50155.755    23.347    -1.02    5.97
  50525.884    22.366    -2.65    6.60
  50895.924    22.102    -0.71    6.07
  51265.877    22.405     0.82    5.81
  51635.743    23.315     2.46    5.08
  52005.520    23.996     1.84    4.52
  52375.210    26.150     5.83    6.03
  52744.812    30.568    11.95    9.14
  53114.326    38.457    21.35   10.38
  53483.753    44.975    17.64    8.33
  53853.092    49.209    11.46    6.10
  54222.345    49.913     1.91    4.19
  54591.509    49.536    -1.02    3.66
  54960.587    50.320     2.12    3.85
  55329.577    50.620     0.81    3.93
  55698.480    51.010     1.06    4.64
  56067.296    50.572    -1.19    5.67
  56436.025    52.283     4.64    5.78
  56804.667    54.691     6.53    6.46
  57173.222    59.393    12.76    8.41
  57541.690    66.701    19.83   10.65
  57910.072    75.591    24.13   12.09
  58278.367    83.743    22.14    9.70
  58646.575    90.165    17.44    7.45
  59014.696    94.100    10.69    6.57
  59382.731    97.866    10.23    6.99
  59750.680   100.205     6.36    7.45
  60118.542   103.135     7.97    6.44
  60486.317   104.784     4.48    5.45
  60854.007   103.403    -3.76    5.91
  61221.610    99.847    -9.67    7.18
  61589.127    94.484   -14.59    8.23
  61956.558    88.559   -16.13    9.22
  62323.902    81.966   -17.95   10.51
  62691.161    75.763   -16.89   11.13
  63058.334    69.736   -16.41   10.43
  63425.421    63.638   -16.61    9.28
  63792.422    58.255   -14.67    8.93
  64159.338    52.627   -15.34    8.61
  64526.167    47.558   -13.82    6.52
  64892.911    44.347    -8.75    5.27
  65259.570    41.938    -6.57    5.33
  65626.143    41.488    -1.23    5.43
  65992.630    42.792     3.56    6.03
  66359.032    44.564     4.84    6.06
  66725.349    47.993     9.36    6.94
  67091.580    51.475     9.51    7.83
  67457.727    55.443    10.84    7.18
  67823.788    56.747     3.56    6.32
  68189.764    57.066     0.87    5.72
  68555.655    56.178    -2.43    5.32
  68921.460    56.542     1.00    5.16
  69287.181    58.710     5.93    5.93
  69652.818    62.453    10.24    5.14
  70018.369    63.771     3.61    4.69
  70383.835    60.533    -8.86    7.78
  70749.217    54.597   -16.24    9.80
  71114.514    45.923   -23.74    9.49
  71479.727    39.629   -17.23    8.05
  71844.855    35.305   -11.84    5.86
  72209.899    34.196    -3.04    6.92
  72574.858    35.157     2.63   10.05
  72939.733    37.583     6.65   12.86
  73304.524    37.657     0.20   12.80
  73669.230    39.394     4.76   11.30
  74033.852    42.567     8.70    9.78
  74398.390    46.673    11.26    9.58
  74762.844    53.180    17.85    6.29
  75127.214    56.784     9.89    4.50
  75491.501    58.875     5.74    5.19
  75870.247    62.670    10.02    5.83
  76252.200    64.642     5.16    4.67
  76634.058    61.156    -9.13    8.82
  77015.821    55.033   -16.04   11.45
  77397.491    49.558   -14.34    8.80
  77779.066    49.320    -0.62    7.95
  78160.547    55.130    15.23    9.21
  78541.935    59.398    11.19    6.77
  78923.228    59.978     1.52    6.63
  79304.428    54.399   -14.64   10.07
  79685.534    46.904   -19.66    8.68
  80066.546    42.458   -11.67    6.04
  80447.464    41.674    -2.06    5.04
  80828.289    45.058     8.89    5.97
  81209.021    49.645    12.05    6.34
  81589.659    55.591    15.62    6.35
  81970.204    59.722    10.86    4.55
  82350.655    63.279     9.35    4.16
  82731.013    67.085    10.01    6.08
  83111.278    72.104    13.20    6.99
  83491.450    76.159    10.66    5.45
  83871.529    79.015     7.52    3.25
  84251.515    78.681    -0.88    3.13
  84631.408    75.986    -7.09    5.25
  85011.208    71.829   -10.95    7.56
  85390.916    66.576   -13.83    6.11
  85770.531    62.829    -9.87    4.68
  86150.053    61.482    -3.55    4.00
  86529.483    62.985     3.96    4.74
  86908.820    65.087     5.54    5.23
  87288.065    69.086    10.55    6.01
  87667.217    74.154    13.37    8.66
  88046.277    79.829    14.97   10.71
  88425.245    86.990    18.89   10.67
  88804.121    92.604    14.82    9.49
  89182.905    97.838    13.82   10.47
  89561.596   102.884    13.33   11.17
  89940.196   108.193    14.02   12.04
  90318.704   114.074    15.54   10.00
  90697.120   116.857     7.35    6.98
  91075.444   114.968    -4.99    7.82
  91453.676   109.431   -14.64   11.20
  91831.817   100.074   -24.74   12.47
  92209.867    91.579   -22.47   10.96
  92587.825    84.022   -19.99    7.94
  92965.691    81.402    -6.93    6.01
  93343.466    82.012     1.61    5.94
  93721.150    86.902    12.95    7.20
  94098.742    91.818    13.02    5.84
  94476.244    95.719    10.33    3.30
  94853.654    96.676     2.53    2.69
  95230.973    95.586    -2.89    3.54
  95608.202    93.847    -4.61    3.77
  95985.339    91.419    -6.44    3.41
  96362.386    89.810    -4.27    3.62
  96739.341    86.711    -8.22    4.76
  97116.206    82.343   -11.59    5.65
  97492.981    79.714    -6.98    4.30
  97869.665    78.291    -3.78    3.17
  98246.258    78.927     1.69    2.94
  98622.761    80.159     3.27    2.87
  98999.173    79.969    -0.51    3.36
  99375.495    80.688     1.91    3.35
  99751.727    81.829     3.03    3.21
 100127.869    83.564     4.61    3.38
 100503.920    85.333     4.70    3.45
 100879.882    86.662     3.54    3.85
 101255.753    87.655     2.64    5.03
 101631.535    86.806    -2.26    5.96
 102007.226    85.560    -3.31    5.99
 102382.828    83.807    -4.67    6.45
 102758.340    81.370    -6.49    6.34
 103133.763    78.857    -6.70    5.61
 103509.095    77.583    -3.39    3.78
 103884.339    77.763     0.48    3.25
 104259.492    79.476     4.56    3.70
 104634.557    81.246     4.72    3.41
 105009.531    83.604     6.29    4.71
 105384.417    86.802     8.53    5.98
 105759.213    91.507    12.55    6.41
 106133.921    96.701    13.86    7.33
 106508.539   100.468    10.06    6.14
 106883.068   102.977     6.70    6.34
 107257.508   105.489     6.71    6.88
 107631.859   107.044     4.15    6.50
 108006.121   109.199     5.76    5.09
 108380.294   110.001     2.14    3.82
 108754.379   109.315    -1.83    3.85
 109128.375   108.579    -1.97    4.29
 109502.282   105.811    -7.40    5.11
 109876.101   102.536    -8.76    5.28
 110249.831    98.072   -11.95    6.60
 110623.473    92.847   -13.98    6.78
 110997.027    87.277   -14.91    6.00
 111370.492    82.230   -13.51    6.22
 111743.869    75.953   -16.81    7.73
 112117.157    70.384   -14.92    7.43
 112490.358    65.164   -13.99    6.12
 112863.471    61.022   -11.10    4.39
 113236.495    58.760    -6.06    4.26
 113609.432    56.623    -5.73    3.15
 113982.281    56.687     0.17    3.80
 114355.042    58.026     3.59    4.72
 114727.715    59.679     4.43    4.98
 115100.300    61.497     4.88    5.17
 115472.798    62.088     1.59    4.54
 115845.208    61.267    -2.21    4.75
 116217.531    59.146    -5.69    5.76
 116589.767    57.313    -4.93    5.77
 116961.914    55.998    -3.53    5.06
 117333.975    56.168     0.46    4.78
 117705.948    56.405     0.64    3.62
 118077.835    56.810     1.09    2.69
 118449.634    57.071     0.70    2.64
 118821.346    55.644    -3.84    3.46
 119192.970    54.624    -2.74    3.93
 119564.508    53.366    -3.38    4.00
 119935.959    52.366    -2.69    3.26
 120307.324    51.498    -2.34    3.26
 120678.601    50.320    -3.17    3.35
 121049.792    48.550    -4.77    3.78
 121420.896    45.875    -7.21    3.99
 121791.913    44.724    -3.10    3.40
 122162.844    45.058     0.90    3.33
 122533.689    44.998    -0.16    3.25
 122904.447    45.866     2.34    2.96
 123275.118    46.305     1.18    2.79
 123645.703    45.035    -3.43    2.46
 124016.203    45.206     0.46    2.24
 124386.615    46.163     2.58    3.17
 124756.942    48.123     5.29    4.47
 125127.183    51.498     9.12    4.85
 125497.338    55.574    11.01    5.73
 125867.406    58.781     8.67    7.07
 126237.389    63.439    12.59    7.25
 126607.286    67.417    10.75    8.26
 126977.098    68.591     3.17    7.72
 127346.823    66.470    -5.74    7.99
 127716.463    63.828    -7.15    7.29
 128086.017    61.159    -7.22    5.61
 128455.486    59.140    -5.46    5.56
 128824.870    57.323    -4.92    4.81
 129194.168    56.885    -1.19    4.16
 129563.380    56.520    -0.99    4.44
 129932.507    55.074    -3.92    5.89
 130301.549    53.196    -5.09    5.83
 130670.506    51.609    -4.30    4.29
 131039.378    52.300     1.87    4.44
 131408.165    55.145     7.71    4.93
 131776.866    58.320     8.61    4.70
 132145.483    60.145     4.95    4.68
 132514.015    62.508     6.41    5.12
 132882.462    65.761     8.83    5.97
 133250.824    67.876     5.74    5.72
 133619.102    69.498     4.41    4.28
 133987.294    69.837     0.92    4.11
 134355.403    68.829    -2.74    4.63
 134723.426    66.672    -5.86    4.81
 135091.366    65.111    -4.24    4.16
 135459.220    64.970    -0.38    3.94
 135826.991    65.914     2.57    4.15
 136194.677    67.380     3.99    3.27
 136562.279    67.408     0.08    3.28
 136929.797    65.581    -4.97    3.72
 137297.230    62.420    -8.60    4.34
 137664.580    59.587    -7.71    4.73
 138031.845    56.588    -8.17    5.23
 138399.027    52.714   -10.55    5.09
 138766.124    49.866    -7.76    4.43
 139133.138    47.847    -5.50    4.00
 139500.068    46.536    -3.57    3.60
 139866.914    46.638     0.28    3.38
 140233.676    47.022     1.05    2.93
 140600.355    48.287     3.45    3.21
 140966.951    49.203     2.50    3.07
 141333.462    50.555     3.69    3.53
 141699.891    51.924     3.74    4.26
 142066.236    53.116     3.25    4.65
 142432.497    54.159     2.85    4.64
 142798.676    55.183     2.80    4.45
 143164.771    53.545    -4.47    4.92
 143530.783    50.031    -9.60    7.30
 143896.711    45.394   -12.67    7.80
 144262.557    42.404    -8.17    5.52
 144628.320    41.401    -2.74    4.08
 144994.000    42.875     4.03    3.89
 145359.597    44.013     3.11    2.85
 145725.111    43.291    -1.98    2.43
 146090.542    42.081    -3.31    2.22
 146455.891    40.896    -3.24    1.43
 146821.156    39.960    -2.56    1.32
 147186.340    39.857    -0.28    1.47
 147551.440    40.574     1.96    2.07
 147916.459    41.621     2.87    2.65
 148281.394    43.167     4.24    2.26
 148646.248    43.970     2.20    2.08
 149011.019    44.451     1.32    2.15
 149375.708    44.432    -0.05    1.95
 149740.314    44.414    -0.05    1.60
 150104.839    44.076    -0.93    1.45
 150477.661    44.010    -0.17    1.21
 150859.442    44.497     1.28    1.54
 151241.131    46.161     4.36    2.47
 151622.729    47.837     4.39    2.40
 152004.234    47.687    -0.39    2.87
 152385.648    45.887    -4.72    4.55
 152766.970    42.047   -10.07    5.22
 153148.201    38.142   -10.24    3.46
 153529.340    36.904    -3.25    2.10
 153910.387    37.336     1.13    2.37
 154291.343    39.142     4.74    2.75
 154672.208    39.836     1.82    2.63
 155052.981    38.847    -2.60    3.22
 155433.663    37.886    -2.52    2.94
 155814.254    37.177    -1.86    1.81
 156194.754    38.569     3.66    2.21
 156575.162    40.140     4.13    2.21
 156955.480    42.371     5.87    3.59
 157335.707    47.514    13.52    6.87
 157715.843    51.751    11.15    6.86
 158095.888    55.533     9.95    4.05
 158475.843    56.638     2.91    2.14
 158855.706    55.574    -2.80    2.23
 159235.479    54.438    -2.99    2.00
 159615.162    53.847    -1.56    1.72
 159994.754    53.328    -1.37    1.76
 160374.256    52.328    -2.64    2.32
 160753.667    50.706    -4.27    2.51
 161132.988    49.226    -3.90    1.93
 161512.219    48.347    -2.32    1.49
 161891.360    47.967    -1.00    2.35
 162270.411    47.347    -1.63    3.04
 162649.371    46.097    -3.30    3.62
 163028.242    43.385    -7.16    3.58
 163407.022    40.857    -6.67    3.61
 163785.713    38.291    -6.78    3.46
 164164.314    36.806    -3.92    2.88
 164542.826    35.857    -2.51    3.02
 164921.247    34.520    -3.53    3.92
 165299.580    32.809    -4.52    4.18
 165677.822    31.126    -4.45    3.74
 166055.975    29.399    -4.56    3.12
 166434.039    28.299    -2.91    2.50
 166812.013    26.866    -3.79    2.50
 167189.898    25.222    -4.35    2.50
 167567.694    23.857    -3.61    2.11
 167945.401    23.019    -2.22    1.51
 168323.019    22.478    -1.43    1.27
 168700.547    22.630     0.40    1.69
 169077.987    23.503     2.31    2.56
 169455.338    25.657     5.71    3.45
 169832.600    28.632     7.89    3.22
 170209.773    31.395     7.32    3.59
 170586.857    32.887     3.96    2.90
 170963.853    31.799    -2.89    3.58
 171340.760    30.284    -4.02    3.35
 171717.579    30.109    -0.46    4.14
 172094.309    31.294     3.14    5.26
 172470.950    33.420     5.64    4.91
 172847.504    35.750     6.19    3.96
 173223.969    36.818     2.84    2.80
 173600.346    36.152    -1.77    3.08
 173976.634    34.094    -5.47    4.58
 174352.835    31.025    -8.16    4.25
 174728.947    28.683    -6.23    1.97
 175104.972    29.449     2.04    2.63
 175480.909    31.540     5.56    3.04
 175856.757    33.647     5.60    2.73
 176232.518    35.037     3.70    1.79
 176608.191    34.895    -0.38    1.80
 176983.777    34.210    -1.82    2.13
 177359.275    33.190    -2.72    1.55
 177734.685    32.413    -2.07    0.98
 178110.008    32.592     0.48    1.27
 178485.243    33.580     2.63    2.12
 178860.391    34.560     2.61    2.23
 179235.452    35.619     2.82    1.60
 179610.426    35.999     1.02    1.28
 179985.312    34.130    -4.99    3.34
 180360.111    31.527    -6.95    4.19
 180734.823    29.491    -5.43    3.43
 181109.448    28.662    -2.21    2.47
 181483.986    29.059     1.06    2.18
 181858.437    29.876     2.18    1.60
 182232.802    30.289     1.10    1.87
 182607.079    30.638     0.93    2.30
 182981.270    30.778     0.38    2.26
 183355.374    30.914     0.36    2.07
 183729.392    30.836    -0.21    1.95
 184103.323    30.931     0.25    1.71
 184477.167    31.723     2.12    1.77
 184850.925    32.866     3.06    2.07
 185224.597    33.445     1.55    2.20
 185598.182    33.285    -0.43    2.52
 185971.682    33.847     1.50    2.93
 186345.095    34.905     2.83    2.85
 186718.422    35.647     1.99    2.51
 187091.662    35.474    -0.46    2.76
 187464.817    34.087    -3.72    3.02
 187837.886    32.336    -4.69    2.23
 188210.869    31.451    -2.37    1.51
 188583.766    30.837    -1.65    1.41
 188956.577    30.533    -0.81    1.55
 189329.303    30.206    -0.88    1.47
 189701.943    29.895    -0.84    0.90
 190074.497    29.685    -0.56    0.74
 190446.966    29.294    -1.05    1.15
 190819.349    28.799    -1.33    1.91
 191191.647    26.558    -6.02    4.20
 191563.860    22.451   -11.03    7.49
 191935.987    18.795    -9.82    6.98
 192308.029    16.462    -6.27    5.15
 192679.986    15.410    -2.83    2.99
 193051.858    15.504     0.25    1.86
 193423.644    16.028     1.41    1.83
 193795.346    16.633     1.63    1.88
 194166.962    16.482    -0.41    1.85
 194538.494    16.135    -0.93    1.75
 194909.941    15.366    -2.07    1.44
 195281.303    14.565    -2.16    1.23
 195652.580    14.280    -0.77    1.59
 196023.773    14.789     1.37    2.38
 196394.881    16.219     3.85    3.01
 196765.904    17.628     3.80    2.41
 197136.843    18.624     2.68    1.55
 197507.698    18.885     0.71    1.04
 197878.468    19.711     2.23    1.72
 198249.154    21.199     4.02    2.19
 198619.755    22.705     4.06    2.06
 198990.272    24.190     4.01    1.65
 199360.705    24.729     1.46    1.38
 199731.054    24.682    -0.13    1.76
 200101.319    24.885     0.55    2.54
 200471.500    25.530     1.74    4.27
 200841.597    27.123     4.30    5.46
 201211.610    29.680     6.91    5.72
 201581.540    32.780     8.38    5.00
 201951.385    35.203     6.55    2.77
 202321.147    36.145     2.55    1.30
 202690.825    36.485     0.92    1.04
 203060.420    36.769     0.77    1.08
 203429.931    37.241     1.28    0.92
 203799.359    38.455     3.28    1.93
 204168.703    40.924     6.68    3.87
 204537.963    44.109     8.62    4.70
 204907.141    47.366     8.82    3.65
 205276.235    48.788     3.85    2.05
 205645.246    48.670    -0.32    2.07
 206014.174    48.059    -1.66    1.99
 206383.019    47.530    -1.43    1.51
 206751.780    47.314    -0.59    1.49
 207120.459    47.326     0.03    1.76
 207489.055    47.031    -0.80    1.99
 207857.568    46.721    -0.84    2.01
 208225.998    46.631    -0.24    2.00
 208594.345    46.944     0.85    1.90
 208962.610    47.170     0.61    1.49
 209330.792    46.963    -0.56    1.36
 209698.891    45.908    -2.87    1.61
 210066.908    44.857    -2.86    1.52
 210434.842    44.099    -2.06    1.77
 210802.694    43.612    -1.33    1.70
 211170.463    43.712     0.27    1.81
 211538.151    43.655    -0.16    2.33
 211905.756    42.361    -3.52    3.20
 212273.278    41.030    -3.62    3.42
 212640.719    39.621    -3.83    3.33
 213008.077    39.072    -1.49    3.25
 213375.354    38.381    -1.88    3.37
 213742.548    37.942    -1.20    3.19
 214109.660    37.387    -1.51    2.66
 214476.691    37.818     1.17    2.11
 214843.640    38.757     2.56    2.55
 215210.507    39.817     2.89    2.41
 215577.292    39.572    -0.67    2.60
 215943.996    37.717    -5.06    4.50
 216310.617    34.060    -9.97    5.79
 216677.158    30.142   -10.69    5.26
 217043.617    27.280    -7.81    4.30
 217409.994    25.907    -3.75    2.44
 217776.290    25.896    -0.03    1.29
 218142.505    26.411     1.41    1.20
 218508.638    27.387     2.67    1.47
 218874.690    28.905     4.15    2.37
 219240.661    30.908     5.47    2.77
 219606.551    33.043     5.83    2.97
 219972.360    34.847     4.93    2.46
 220338.088    35.925     2.95    2.23
 220703.734    35.621    -0.83    2.19
 221069.300    34.951    -1.83    2.52
 221434.785    34.099    -2.33    2.66
 221800.189    32.807    -3.54    2.22
 222165.513    32.001    -2.21    2.49
 222530.755    31.226    -2.12    2.46
 222895.917    30.577    -1.78    2.00
 223260.999    30.138    -1.20    1.55
 223626.000    30.044    -0.26    1.36
 223990.920    29.684    -0.99    1.17
 224355.760    29.629    -0.15    1.24
 224720.520    30.401     2.12    1.87
 225087.853    31.030     1.71    1.92
 225469.463    31.867     2.19    1.54
 225850.983    33.170     3.42    2.18
 226232.413    35.018     4.84    3.80
 226613.754    37.621     6.83    4.20
 226995.006    40.193     6.75    2.90
 227376.168    41.347     3.03    1.23
 227757.241    41.217    -0.34    1.21
 228138.224    40.759    -1.20    1.21
 228519.119    40.075    -1.79    1.29
 228899.924    38.982    -2.87    1.94
 229280.640    37.377    -4.21    2.58
 229661.268    35.497    -4.94    2.93
 230041.806    33.200    -6.04    2.19
 230422.255    32.266    -2.46    1.42
 230802.616    32.284     0.05    1.23
 231182.887    32.973     1.81    1.55
 231563.070    34.234     3.32    1.92
 231943.165    35.818     4.17    2.46
 232323.171    36.836     2.68    2.39
 232703.088    36.857     0.05    2.39
 233082.917    35.888    -2.55    2.58
 233462.657    34.376    -3.98    2.20
 233842.309    33.500    -2.31    1.88
 234221.873    33.478    -0.06    2.05
 234601.349    34.247     2.03    2.42
 234980.736    35.347     2.90    1.80
 235360.036    35.397     0.13    1.57
 235739.247    34.439    -2.52    1.88
 236118.370    32.778    -4.38    2.31
 236497.406    30.818    -5.17    2.53
 236876.353    29.867    -2.51    2.06
 237255.213    29.015    -2.25    1.65
 237633.985    28.955    -0.16    1.52
 238012.669    29.407     1.19    1.56
 238391.266    30.294     2.34    2.08
 238769.775    31.659     3.61    2.02
 239148.197    31.895     0.63    2.17
 239526.531    31.412    -1.28    2.26
 239904.778    31.053    -0.95    2.08
 240282.937    31.104     0.14    1.98
 240661.010    31.847     1.96    1.38
 241038.995    31.887     0.11    1.44
 241416.893    29.546    -6.19    4.67
 241794.704    27.154    -6.33    6.18
 242172.427    24.057    -8.20    6.53
 242550.064    21.419    -6.98    4.70
 242927.614    21.180    -0.63    2.62
 243305.077    21.624     1.18    1.85
 243682.454    22.886     3.34    1.54
 244059.743    24.190     3.46    1.51
 244436.946    25.062     2.31    1.19
 244814.063    25.084     0.06    1.28
 245191.092    24.474    -1.62    1.52
 245568.036    23.537    -2.49    1.40
 245944.893    22.917    -1.64    1.25
 246321.663    22.431    -1.29    1.61
 246698.347    22.134    -0.79    1.76
 247074.945    21.342    -2.10    2.21
 247451.457    19.985    -3.60    2.15
 247827.882    18.719    -3.36    1.79
 248204.222    18.197    -1.39    1.46
 248580.475    18.043    -0.41    1.42
 248956.643    17.596    -1.19    1.60
 249332.724    16.688    -2.41    2.13
 249708.720    15.081    -4.27    1.78
 250084.630    14.309    -2.05    1.25
 250460.454    13.836    -1.26    1.04
 250836.193    13.945     0.29    1.37
 251211.846    13.826    -0.32    2.12
 251587.413    14.119     0.78    2.49
 251962.895    15.217     2.92    2.98
 252338.291    17.520     6.13    3.90
 252713.603    19.886     6.30    3.65
 253088.828    22.747     7.62    3.71
 253463.969    26.670    10.46    5.45
 253839.024    29.967     8.79    5.40
 254213.994    31.352     3.69    4.39
 254588.879    31.484     0.35    3.12
 254963.679    29.661    -4.87    2.47
 255338.394    28.948    -1.90    1.74
 255713.024    29.569     1.66    1.88
 256087.569    30.398     2.21    1.82
 256462.029    31.896     4.00    1.82
 256836.405    33.008     2.97    1.89
 257210.695    34.376     3.65    1.70
 257584.902    35.497     2.99    1.64
 257959.023    37.084     4.24    1.83
 258333.060    38.332     3.33    1.81
 258707.013    39.139     2.16    1.33
 259080.881    38.866    -0.73    1.51
 259454.665    37.836    -2.76    1.96
 259828.364    36.533    -3.49    2.44
 260201.980    35.335    -3.21    2.28
 260575.511    34.621    -1.91    1.78
 260948.958    34.284    -0.90    1.19
 261322.321    33.857    -1.14    1.39
 261695.599    33.816    -0.11    1.53
 262068.794    34.599     2.10    2.28
 262441.905    35.886     3.45    2.74
 262814.932    37.397     4.05    2.78
 263187.876    38.572     3.15    2.26
 263560.735    38.867     0.79    1.45
 263933.511    38.494    -1.00    1.59
 264306.203    37.878    -1.65    1.29
 264678.812    37.974     0.26    1.56
 265051.337    38.228     0.68    2.31
 265423.778    38.263     0.09    2.86
 265796.137    38.680     1.12    3.38
 266168.412    39.038     0.96    3.65
 266540.603    39.805     2.06    3.23
 266912.711    40.372     1.52    2.96
 267284.736    40.329    -0.11    2.80
