# NaN NaN NaN ;Mean Elev.(m), Avg Gradient(m/km), RMS Gradient(m/km) - SRTM1     
#  -20.858  -4.157  17.142 ;Mean Elev.(m), Avg Gradient(m/km), RMS Gradient(m/km) - ASTER GDEM
#    2.192  -0.667  11.297 ;Mean Elev.(m), Avg Gradient(m/km), RMS Gradient(m/km) - GMTED2010 
  8     8.586 52499.24480416 24.21  85.616026  69.624688  6.124
  8     9.853 52499.24480481 14.81  85.611756  69.621688  6.124
  8    16.984 52499.24480545 11.88  85.607486  69.618688  6.124
  8    19.721 52499.24480609 12.95  85.603216  69.615688  6.124
 11     1.604 52604.24480543 15.51  85.612309  69.624503  3.300
 11     1.813 52604.24480607 14.98  85.608029  69.621503  3.300
 11     1.695 52604.24480672 14.69  85.603762  69.618507  1.772
 11     1.620 52604.24480736 14.15  85.599492  69.615507  1.772
 11     1.505 52604.24480801 13.90  85.595232  69.612507  1.772
 12     0.945 52639.24478623 12.70  85.628005  69.618511  2.397
 12     1.283 52639.24478688 11.65  85.623725  69.615511  2.397
 12     1.391 52639.24478752 11.22  85.619455  69.612511  2.397
 12     1.378 52639.24478817 11.27  85.615185  69.609511  2.397
 12     1.500 52639.24478881 10.77  85.610915  69.606511  2.397
 13     2.083 52674.24478175  9.11  85.617109  69.624746  1.812
 13     1.531 52674.24478240  8.67  85.612839  69.621746  1.812
 13     1.781 52674.24478304  8.85  85.608569  69.618746  1.812
 13     1.687 52674.24478369  8.09  85.604299  69.615746  1.812
 13     1.759 52674.24478433  7.88  85.600029  69.612736  1.812
 14     0.443 52709.24479646  8.73  85.628754  69.620511  2.038
 14     1.056 52709.24479710  8.04  85.624474  69.617511  2.038
 14     1.254 52709.24479775  7.64  85.620204  69.614511  2.038
 14     1.656 52709.24479839  7.39  85.615934  69.611511  2.038
 14     1.697 52709.24479904  6.95  85.611664  69.608511  2.038
 15     1.714 52744.24482562  6.83  85.610774  69.624008  1.999
 15     2.046 52744.24482626  6.87  85.606504  69.621008  1.999
 15     1.919 52744.24482691  6.79  85.602234  69.618008  1.999
 15     1.375 52744.24482755  6.21  85.597964  69.615008  1.999
 18    -9.264 52849.24489949 19.50  85.621906  69.613950  9.370
 18    -9.941 52849.24490014 18.85  85.617636  69.610950  9.370
 18   -10.743 52849.24490078 19.64  85.613366  69.607950  9.370
 20     9.448 52919.24488989 22.22  85.613820  69.624295  6.933
 20     9.160 52919.24489054 17.12  85.609550  69.621295  6.933
 20     8.248 52919.24489118 16.69  85.605280  69.618295  6.933
 20     7.296 52919.24489183 16.05  85.601010  69.615295  6.933
 20     4.296 52919.24489247 16.51  85.596740  69.612295  6.933
 21    15.965 52954.24485377 13.69  85.635175  69.616752  3.632
 21     1.915 52954.24485441 20.44  85.630905  69.613752  3.632
 21     1.494 52954.24485506 21.90  85.626635  69.610752  3.632
 21     1.854 52954.24485570 21.26  85.622365  69.607752  3.632
 21     2.055 52954.24485635 19.56  85.618095  69.604752  3.632
 22     5.703 52989.24486200 12.20  85.630134  69.620122  2.360
 22     3.552 52989.24486265 11.80  85.625864  69.617122  2.360
 22     5.521 52989.24486329 11.11  85.621594  69.614122  2.360
 22     4.585 52989.24486394 10.66  85.617324  69.611122  2.360
 22     1.714 52989.24486458 10.50  85.613054  69.608122  2.360
 24     0.159 53059.24484287  9.53  85.629856  69.618376  1.742
 24     1.444 53059.24484351  8.93  85.625586  69.615376  1.742
 24     1.613 53059.24484415  8.84  85.621316  69.612376  1.742
 24     0.841 53059.24484480  8.53  85.617046  69.609376  1.742
 24     0.775 53059.24484544  8.33  85.612786  69.606376  1.742
 25     3.417 53094.24487967  7.89  85.608626  69.628091  1.777
 25     1.762 53094.24488031  7.67  85.604356  69.625081  1.777
 25     0.848 53094.24488096  7.61  85.600086  69.622081  1.777
 25     0.785 53094.24488160  7.58  85.595816  69.619081  1.777
 25     0.253 53094.24488224  7.20  85.591546  69.616081  1.777
 26    -0.466 53129.24485236  9.24  85.631825  69.618175  1.838
 26     0.356 53129.24485300  8.26  85.627555  69.615175  1.838
 26     0.444 53129.24485365  8.41  85.623285  69.612175  1.838
 26     0.774 53129.24485429  7.68  85.619015  69.609175  1.838
 26     0.130 53129.24485494  7.73  85.614745  69.606175  1.838
 28     1.987 53199.24492288 45.72  85.611494  69.613809 18.691
 28     1.889 53199.24492353 41.92  85.607224  69.610809 18.691
 29    11.005 53234.24489110 15.10  85.623467  69.622724  7.957
 29     9.645 53234.24489174 13.50  85.619197  69.619724  7.957
 29     8.649 53234.24489239 13.10  85.614927  69.616724  7.957
 31     8.994 53304.24491828 13.76  85.625444  69.623090  5.368
 31     1.841 53304.24491893 25.37  85.621174  69.620090  5.368
 31     1.674 53304.24491957 30.88  85.616904  69.617090  5.368
 31     1.446 53304.24492022 29.19  85.612634  69.614090  5.368
 31     1.460 53304.24492086 24.96  85.608364  69.611090  5.368
 31     1.525 53304.24492150 23.22  85.604094  69.608090  5.368
 32     0.925 53339.24488731 11.24  85.616251  69.623908  2.685
 32     1.148 53339.24488796 10.53  85.611981  69.620908  2.685
 32     1.104 53339.24488860 10.29  85.607711  69.617908  2.685
 32     1.030 53339.24488925 10.16  85.603441  69.614908  2.685
 32     0.915 53339.24488989  9.75  85.599181  69.611908  2.685
 33     1.458 53374.24481941  7.51  85.608061  69.624561  2.523
 33     1.119 53374.24482006  7.44  85.603791  69.621561  2.523
 33     0.823 53374.24482070  7.22  85.599521  69.618561  2.523
 33     0.533 53374.24482134  7.25  85.595261  69.615561  2.523
 35     1.041 53444.24484466  6.93  85.606054  69.625856  2.507
 35     0.683 53444.24484530  6.92  85.601784  69.622856  2.507
 35     0.562 53444.24484595  6.91  85.597514  69.619856  2.507
 35     0.749 53444.24484659  6.71  85.593244  69.616856  2.507
 36     0.252 53479.24492269  6.91  85.624204  69.622185  2.495
 36     1.186 53479.24492333  6.50  85.619934  69.619185  2.495
 36     1.052 53479.24492398  6.45  85.615654  69.616185  2.495
 36     0.947 53479.24492462  6.41  85.611394  69.613185  2.495
 36     0.235 53479.24492527  6.88  85.607114  69.610185  2.495
 37     4.416 53514.24493040 32.85  85.622119  69.623172  7.935
 37     4.463 53514.24493104 20.85  85.617849  69.620172  7.935
 37     4.659 53514.24493169 18.95  85.613579  69.617172  7.935
 37     4.762 53514.24493233 21.94  85.609309  69.614172  7.935
 38     9.716 53549.24494948 16.54  85.611993  69.623232 13.554
 38     8.667 53549.24495012 15.81  85.607723  69.620232 13.554
 38     7.735 53549.24495077 15.00  85.603453  69.617232 13.554
 38     3.200 53549.24495141 14.37  85.599183  69.614232 13.554
 39     7.272 53584.24491336 19.23  85.613483  69.620843 19.313
 39     6.476 53584.24491401 16.88  85.609213  69.617843 19.313
 39    -0.325 53584.24491465 16.93  85.604943  69.614843 19.313
 39    -0.350 53584.24491530 15.06  85.600683  69.611843 19.313
 40     8.873 53619.24486890 18.54  85.604859  69.628258 20.489
 40    -4.698 53619.24486955 16.71  85.600589  69.625258 20.489
 40     4.978 53619.24487019 13.85  85.596319  69.622258 20.489
 40     4.054 53619.24487084 12.42  85.592049  69.619258 20.489
 40     4.997 53619.24487148 12.18  85.587789  69.616258 20.489
 42     0.240 53689.24489058 24.08  85.617432  69.623843  4.330
 42     0.523 53689.24489122 26.07  85.613162  69.620843  4.330
 42     0.383 53689.24489187 27.15  85.608892  69.617843  4.330
 42     0.543 53689.24489251 26.02  85.604622  69.614843  4.330
 42     0.681 53689.24489316 26.22  85.600352  69.611843  4.330
 43     0.597 53724.24481510 11.80  85.608318  69.625580  2.577
 43     0.603 53724.24481574 11.39  85.604048  69.622580  2.577
 43     0.887 53724.24481639 10.70  85.599778  69.619580  2.577
 43     0.859 53724.24481703 10.54  85.595508  69.616580  2.577
 43     0.736 53724.24481768 10.43  85.591248  69.613580  2.577
 44     0.081 53759.24475688 12.18  85.637049  69.617966  2.573
 44     0.676 53759.24475753 11.00  85.632779  69.614966  2.573
 44     1.060 53759.24475817 10.69  85.628509  69.611966  2.573
 44     1.279 53759.24475882 10.18  85.624239  69.608966  2.573
 44     0.671 53759.24475946 10.27  85.619969  69.605966  2.573
 45     0.123 53794.24477599  9.82  85.619711  69.624219  2.377
 45     1.193 53794.24477663  9.11  85.615441  69.621219  2.377
 45     1.280 53794.24477728  8.75  85.611171  69.618219  2.377
 45     1.455 53794.24477792  8.55  85.606901  69.615219  2.377
 45     0.869 53794.24477857  8.27  85.602641  69.612219  2.377
 46    -0.632 53829.24475086 10.44  85.638664  69.618774  2.544
 46    -0.613 53829.24475150  9.75  85.634394  69.615774  2.544
 46     0.776 53829.24475215  9.42  85.630114  69.612774  2.544
 46     0.028 53829.24475279  9.02  85.625844  69.609774  2.544
 46     0.216 53829.24475344  8.68  85.621574  69.606774  2.544
 46    -0.318 53829.24475408  8.62  85.617314  69.603774  2.544
 47    22.803 53864.24483102  4.40  85.627206  69.621929  1.900
 47    22.756 53864.24483167  4.24  85.622926  69.618929  1.900
 47    23.777 53864.24483231  4.26  85.618656  69.615929  1.900
 47    24.414 53864.24483296  4.00  85.614386  69.612929  1.900
 47    26.514 53864.24483360  3.97  85.610116  69.609929  1.900
 49     9.449 53934.24490011 19.96  85.613788  69.624676 12.959
 49     8.482 53934.24490076 19.37  85.609518  69.621676 12.959
 49     0.841 53934.24490140 19.03  85.605248  69.618676 12.959
 49     0.816 53934.24490204 18.76  85.600978  69.615676 12.959
 49     0.771 53934.24490269 18.30  85.596708  69.612676 12.959
 52     0.635 54039.24487730 19.04  85.627940  69.619184  3.424
 52     0.726 54039.24487794 19.15  85.623670  69.616184  3.424
 52     1.532 54039.24487859 17.74  85.619400  69.613184  3.424
 52     1.258 54039.24487923 17.26  85.615130  69.610184  3.424
 52     1.495 54039.24487988 16.76  85.610860  69.607184  3.424
 53     1.716 54074.24487177 11.55  85.617291  69.621630  2.595
 53     1.382 54074.24487241 11.03  85.613021  69.618630  2.595
 53     1.437 54074.24487306 10.76  85.608761  69.615630  2.595
 53     1.075 54074.24487370 10.22  85.604491  69.612630  2.595
 53     1.265 54074.24487435  9.96  85.600221  69.609630  2.595
 54     2.313 54109.24481645  9.14  85.606310  69.628159  2.370
 54     1.334 54109.24481709  8.61  85.602040  69.625159  2.370
 54     1.242 54109.24481774  8.66  85.597770  69.622159  2.370
 54     1.078 54109.24481838  8.41  85.593500  69.619159  2.370
 54     1.300 54109.24481903  8.25  85.589240  69.616159  2.370
 55     0.177 54144.24480895  8.90  85.628875  69.621114  2.284
 55     1.330 54144.24480960  8.15  85.624605  69.618114  2.284
 55     0.647 54144.24481024  7.95  85.620325  69.615114  2.284
 55     0.663 54144.24481089  7.63  85.616055  69.612114  2.284
 55     0.794 54144.24481153  7.27  85.611795  69.609114  2.284
 57     6.103 54214.24481702 13.46  85.624232  69.620053  4.768
 57     6.159 54214.24481767 13.90  85.619962  69.617053  4.768
 57     1.462 54214.24481831 13.41  85.615692  69.614053  4.768
 57     1.711 54214.24481896 14.63  85.611422  69.611053  4.768
 57     1.952 54214.24481960 14.88  85.607152  69.608053  4.768
 58     7.018 54249.24484434 39.44  85.624161  69.622285 12.511
 58     9.138 54249.24484499 30.66  85.619891  69.619285 12.511
 58     7.443 54249.24484563 34.94  85.615621  69.616285 12.511
 58     8.279 54249.24484628 20.84  85.611351  69.613285 12.511
 58     9.060 54249.24484692 17.90  85.607081  69.610285 12.511
 60     9.789 54319.24485007 14.91  85.618995  69.621535 10.265
 60     9.061 54319.24485071 13.56  85.614725  69.618535 10.265
 60     7.228 54319.24485136 13.52  85.610455  69.615535 10.265
 62    15.843 54389.24479102 16.20  85.617406  69.617643  4.140
 62    16.688 54389.24479166 17.53  85.613136  69.614643  4.140
 62    18.054 54389.24479231 18.03  85.608866  69.611643  4.140
 62    18.170 54389.24479295 19.00  85.604596  69.608643  4.140
 63     1.475 54424.24476319 12.22  85.615738  69.623817  3.149
 63     1.514 54424.24476384 11.88  85.611468  69.620817  3.149
 63     1.069 54424.24476448 11.53  85.607200  69.617822  1.747
 63     1.150 54424.24476513 11.63  85.602930  69.614822  1.747
 63     0.966 54424.24476577 11.26  85.598670  69.611822  1.747
 64     1.564 54459.24476591  9.50  85.628448  69.618196  1.797
 64     4.872 54459.24476656  9.18  85.624178  69.615196  1.797
 64     0.772 54459.24476720  9.45  85.619908  69.612196  1.797
 64     0.851 54459.24476785  9.11  85.615638  69.609196  1.797
 64     0.809 54459.24476849  8.82  85.611368  69.606196  1.797
 65     2.466 54494.24476760  7.21  85.617511  69.624601  2.719
 65     3.578 54494.24476824  7.03  85.613241  69.621601  2.719
 65     0.847 54494.24476889  7.11  85.608971  69.618601  2.719
 65     0.580 54494.24476953  7.10  85.604701  69.615601  2.719
 65     0.268 54494.24477018  7.28  85.600441  69.612601  2.719
 66     3.982 54529.24477826  7.41  85.628773  69.620991  2.277
 66     1.133 54529.24477891  7.21  85.624493  69.617991  2.277
 66     1.614 54529.24477955  6.99  85.620223  69.614991  2.277
 66     1.266 54529.24478019  6.83  85.615953  69.611991  2.277
 66     0.874 54529.24478084  6.72  85.611693  69.608991  2.277
 67    10.935 54564.24477418  6.20  85.612751  69.627102  2.013
 67    10.048 54564.24477482  6.14  85.608481  69.624102  2.013
 67     5.767 54564.24477547  5.90  85.604211  69.621102  2.013
 67     5.116 54564.24477611  5.94  85.599941  69.618102  2.013
 67    16.354 54564.24477676  5.75  85.595671  69.615102  2.013
 68     9.398 54599.24477363  5.62  85.622517  69.622161  2.203
 68    18.282 54599.24477428  4.27  85.618247  69.619161  2.203
 68    16.654 54599.24477492  4.84  85.613977  69.616161  2.203
 68    19.347 54599.24477557  4.46  85.609707  69.613161  2.203
 68    20.475 54599.24477621  4.16  85.605437  69.610161  2.203
 70    10.967 54669.24479130 13.50  85.616886  69.622387 10.952
 70    10.271 54669.24479194 10.81  85.612616  69.619387 10.952
 70     9.401 54669.24479259 10.10  85.608346  69.616387 10.952
 70     7.890 54669.24479323 10.18  85.604076  69.613387 10.952
 70     6.175 54669.24479388 10.94  85.599806  69.610387 10.952
 73     2.240 54774.24473681 22.24  85.612417  69.620758  5.751
 73     2.447 54774.24473745 31.61  85.608147  69.617758  5.751
 73    -0.545 54774.24473810 35.80  85.603887  69.614758  5.751
 73     1.847 54774.24473874 22.20  85.599617  69.611758  5.751
 74     1.274 54809.24474720 13.54  85.631062  69.620040  2.565
 74     1.215 54809.24474785 14.05  85.626792  69.617040  2.565
 74     1.201 54809.24474849 13.82  85.622522  69.614040  2.565
 74     1.439 54809.24474914 12.97  85.618242  69.611040  2.565
 74     1.303 54809.24474978 12.18  85.613982  69.608040  2.565
 75     4.416 54844.24473419 10.92  85.617099  69.623908  2.130
 75     4.544 54844.24473483 10.58  85.612819  69.620908  2.130
 75     2.129 54844.24473548 10.10  85.608559  69.617908  2.130
 75     2.022 54844.24473612  9.84  85.604289  69.614908  2.130
 75     1.969 54844.24473677  9.69  85.600019  69.611908  2.130
 76     1.092 54879.24475077  9.80  85.621987  69.620265  2.113
 76     0.983 54879.24475141  9.30  85.617707  69.617265  2.113
 76     1.065 54879.24475206  9.17  85.613437  69.614265  2.113
 76     0.348 54879.24475270  8.78  85.609177  69.611265  2.113
 76     0.714 54879.24475335  8.72  85.604907  69.608265  2.113
 77     1.522 54914.24473840  7.95  85.608946  69.624624  1.998
 77     1.461 54914.24473905  8.11  85.604676  69.621624  1.998
 77     1.986 54914.24473969  8.03  85.600406  69.618624  1.998
 77     0.805 54914.24474034  8.04  85.596136  69.615624  1.998
 78    21.489 54949.24474249  7.87  85.624131  69.622280  1.907
 78    20.953 54949.24474313  7.65  85.619851  69.619280  1.907
 78    21.643 54949.24474378  7.49  85.615581  69.616280  1.907
 78    22.730 54949.24474442  7.38  85.611311  69.613280  1.907
 78    25.195 54949.24474507  7.20  85.607051  69.610280  1.907
 80    10.767 55019.24476369 21.41  85.622338  69.623663 11.493
 80    10.839 55019.24476434 13.02  85.618068  69.620663 11.493
 80    10.074 55019.24476498 11.29  85.613798  69.617663 11.493
 80     8.582 55019.24476563 10.96  85.609528  69.614663 11.493
 80    18.969 55019.24476627 10.46  85.605258  69.611663 11.493
 81    10.352 55054.24475976 20.12  85.619647  69.623878 11.765
 81     9.396 55054.24476041 14.13  85.615377  69.620878 11.765
 81     7.694 55054.24476105 12.83  85.611107  69.617878 11.765
 81     6.420 55054.24476170 12.78  85.606837  69.614878 11.765
 82     1.383 55089.24472059 34.20  85.609389  69.624600 13.447
 82     1.586 55089.24472123 42.86  85.605119  69.621600 13.447
 82     1.543 55089.24472188 48.80  85.600849  69.618600 13.447
 82     1.925 55089.24472252 43.42  85.596589  69.615600 13.447
 83    16.812 55124.24469723 13.29  85.626384  69.621405  4.391
 83    15.454 55124.24469787 15.23  85.622104  69.618405  4.391
 83     5.891 55124.24469852 18.05  85.617834  69.615405  4.391
 83    17.474 55124.24469916 15.49  85.613564  69.612405  4.391
 83    19.121 55124.24469981 14.47  85.609304  69.609405  4.391
 84     5.528 55159.24468142 14.07  85.615447  69.624986  2.355
 84     2.130 55159.24468207 14.21  85.611177  69.621986  2.355
 84     1.104 55159.24468271 14.08  85.606907  69.618986  2.355
 84     0.799 55159.24468336 13.49  85.602637  69.615986  2.355
 84     1.127 55159.24468400 13.00  85.598367  69.612986  2.355
 85     1.337 55194.24468751 11.99  85.629105  69.619138  2.304
 85     1.499 55194.24468816 11.17  85.624835  69.616138  2.304
 85     1.427 55194.24468880 10.99  85.620555  69.613138  2.304
 85     0.909 55194.24468944 10.46  85.616285  69.610138  2.304
 85     1.009 55194.24469009 10.52  85.612025  69.607138  2.304
 87     1.784 55264.24468249  9.32  85.624278  69.622206  2.095
 87     2.089 55264.24468313  9.06  85.620008  69.619206  2.095
 87     2.207 55264.24468378  8.55  85.615738  69.616206  2.095
 87     2.114 55264.24468442  8.61  85.611468  69.613206  2.095
 87     2.289 55264.24468507  8.06  85.607208  69.610206  2.095
 88     3.196 55299.24466662  8.14  85.611598  69.624339  1.823
 88     2.977 55299.24466727  7.83  85.607328  69.621339  1.823
 88     1.942 55299.24466791  7.66  85.603058  69.618339  1.823
 88     1.371 55299.24466855  7.61  85.598788  69.615339  1.823
 88     1.709 55299.24466920  7.31  85.594518  69.612339  1.823
 89    -0.209 55334.24465978 13.76  85.618777  69.623863  3.187
 89     2.119 55334.24466042 11.59  85.614507  69.620863  3.187
 89     2.344 55334.24466107 10.86  85.610237  69.617863  3.187
 89     0.341 55334.24466171 11.81  85.605967  69.614863  3.187
 89     1.745 55334.24466236 10.42  85.601697  69.611863  3.187
 93    11.560 55474.24461575 16.91  85.610709  69.625493 13.719
 93    10.242 55474.24461640 15.24  85.606439  69.622493 13.719
 93     9.444 55474.24461704 11.93  85.602169  69.619493 13.719
 93    18.127 55474.24461768 11.37  85.597899  69.616493 13.719
 93    19.099 55474.24461833 10.89  85.593629  69.613493 13.719
