# NaN NaN NaN ;Mean Elev.(m), Avg Gradient(m/km), RMS Gradient(m/km) - SRTM1     
#   40.145  -0.808   6.349 ;Mean Elev.(m), Avg Gradient(m/km), RMS Gradient(m/km) - ASTER GDEM
#   59.572  -1.062   3.493 ;Mean Elev.(m), Avg Gradient(m/km), RMS Gradient(m/km) - GMTED2010 
  7  91.367768  59.170899    59.918    59.892  6 52475.62264566 44.635
  8  91.386768  59.166615    58.813    58.815  4 52510.62259992 52.989
  9  91.366412  59.171882    58.931    58.263  5 52545.62261587 19.826
 10  91.369664  59.170474    57.964    57.725  5 52580.62264261 45.687
 11  91.380212  59.166985    61.080    61.083  5 52615.62261063 19.728
 12  91.375922  59.168391    61.820    61.754  5 52650.62258891 11.479
 13  91.386410  59.166783    60.760    60.766  4 52685.62257599 15.627
 14  91.371200  59.170308    60.548    60.505  5 52720.62262778 16.211
 15  91.367331  59.171789    60.759    60.850  5 52755.62265192 40.844
 16  91.359807  59.174345    60.452    60.433  6 52790.62260168 49.199
 17  91.367136  59.172044    59.023    59.025  6 52825.62267054 39.796
 18  91.370806  59.170507    59.043    58.584  6 52860.62271591 17.549
 19  91.373472  59.170092    58.225    58.214  5 52895.62274627 24.537
 20  91.383661  59.167190    58.330    58.311  4 52930.62269395 51.425
 21  91.365924  59.172659    57.911    57.764  6 52965.62268900 43.032
 23  91.382627  59.166830    61.061    61.103  5 53035.62266936 13.588
 24  91.373431  59.169505    60.953    60.963  6 53070.62269018 16.110
 25  91.386225  59.165630    61.680    61.681  5 53105.62267035 16.617
 26  91.368903  59.171234    61.539    61.576  5 53140.62269749 49.493
 27  91.372326  59.169984    59.719    59.784  6 53175.62272933 33.421
 28  91.373444  59.170005    59.004    59.003  5 53210.62274764 26.813
 29  91.382222  59.167039    59.134    58.940  5 53245.62271487 49.933
 30  91.358604  59.175127    59.115    59.064  6 53280.62270064 39.861
 31  91.371728  59.170065    58.607    58.618  5 53315.62271427 51.443
 32  91.384006  59.166829    59.025    59.048  4 53350.62267902 43.081
 33  91.361242  59.174585    63.257    63.369  6 53385.62266297 22.177
 34  91.384841  59.166447    62.797    62.751  4 53420.62266505 16.956
 35  91.364080  59.172258    62.817    62.785  6 53455.62267234 11.667
 36  91.362647  59.172831    61.861    61.835  6 53490.62275779 46.261
 37  91.378843  59.167970    60.061    60.015  5 53525.62274032 38.339
 38  91.370414  59.170063    59.095    59.020  5 53560.62276867 30.419
 39  91.391497  59.163484    59.255    59.181  4 53595.62270526 51.383
 40  91.350725  59.177876    58.924    58.933  7 53630.62270283 50.491
 41  91.368476  59.170507    58.982    58.984  6 53665.62272418 47.687
 42  91.383608  59.166346    58.284    58.345  5 53700.62267590 47.917
 43  91.396766  59.163039    62.660    62.632  4 53735.62259694 20.316
 44  91.378234  59.167724    62.317    62.293  5 53770.62258836 22.433
 45  91.389502  59.165152    61.785    61.774  5 53805.62258023 13.952
 47  91.373092  59.169730    63.380    63.307  5 53875.62264873 48.140
 48  91.362717  59.173655    60.222    60.247  6 53910.62269741 44.913
 49  91.366242  59.171400    61.571    61.520  6 53945.62271634 32.628
 50  91.381550  59.168160    60.302    60.217  5 53980.62266156 46.396
 51  91.363845  59.171973    59.181    58.766  6 54015.62268249 22.628
 52  91.382787  59.167072    58.229    58.226  4 54050.62268211 15.567
 53  91.381173  59.167209    60.091    60.111  5 54085.62267436 44.175
 54  91.393552  59.164956    64.090    64.093  4 54120.62260024 41.520
 55  91.374064  59.169443    63.295    63.319  6 54155.62263331 17.564
 56  91.389064  59.165272    63.770    63.849  5 54190.62259746 17.973
 57  91.370722  59.170195    65.581    64.152  5 54225.62264475 25.962
 58  91.374556  59.169153    60.636    60.633  6 54260.62266472 33.165
 59  91.376685  59.168472    59.563    59.516  5 54295.62266836 51.519
 60  91.383162  59.166855    59.035    58.933  4 54330.62266024 32.668
 61  91.388931  59.165171    58.925    58.785  4 54365.62260396 41.393
 62  91.376886  59.169052    58.206    58.275  5 54400.62260247 39.722
 63  91.384958  59.167128    58.257    58.005  5 54435.62255925 44.759
 64  91.371360  59.170420    62.923    62.927  6 54470.62258681 13.504
 65  91.386291  59.166476    62.739    62.851  4 54505.62257250 10.931
 66  91.378779  59.167452    63.082    62.941  5 54540.62260096 10.505
 67  91.387944  59.165704    68.068    68.216  5 54575.62257374  5.850
 68  91.376455  59.168960    68.628    68.670  6 54610.62259346 19.731
 69  91.376295  59.168172    60.646    61.325  5 54645.62260067 17.796
 70  91.376163  59.169846    58.938    58.417  5 54680.62260232 17.230
 71  91.389499  59.166123    58.523    58.481  4 54715.62255140 36.457
 72  91.370346  59.170092    58.664    58.597  6 54750.62257328 41.677
 73  91.383490  59.167110    58.297    58.280  4 54785.62254052 47.356
 74  91.370874  59.170503    62.175    62.165  6 54820.62256660 14.493
 75  91.383146  59.167649    63.689    63.681  5 54855.62253715 12.531
 76  91.375304  59.169750    63.431    63.426  5 54890.62257013  9.829
 77  91.388527  59.164689    64.214    64.218  4 54925.62253534 22.664
 78  91.370500  59.170043    67.984    67.915  5 54960.62256887 22.709
 79  91.373280  59.169950    67.342    67.557  6 54995.62259022 17.935
 80  91.376397  59.169324    58.910    58.883  5 55030.62257972 34.460
 81  91.380604  59.168456    59.513    59.526  5 55065.62256990 46.160
 82  91.388667  59.166089    59.326    59.325  4 55100.62251157 50.621
 83  91.372412  59.169300    59.074    59.130  5 55135.62251536 42.586
 84  91.385273  59.166998    60.434    60.419  4 55170.62247779 47.000
 85  91.371231  59.170106    63.281    63.303  6 55205.62250906 14.361
 86  91.385794  59.166190    63.114    63.174  5 55240.62248358 11.303
 87  91.378754  59.168346    62.430    62.447  5 55275.62250241 10.041
 88  91.387878  59.165390    62.290    62.287  4 55310.62246778 18.862
 89  91.377879  59.169145    61.609    61.744  5 55345.62247169 49.645
 90  91.380987  59.168319    60.154    60.098  5 55380.62246444 25.511
 91  91.370904  59.169692    59.716    59.707  5 55415.62249152 48.033
 92  91.384357  59.166243    59.418    59.314  4 55450.62247562 21.092
 93  91.393874  59.163036    63.473    64.253  4 55485.62239911 28.756
