# NaN NaN NaN ;Mean Elev.(m), Avg Gradient(m/km), RMS Gradient(m/km) - SRTM1     
#  -13.699   2.480  17.260 ;Mean Elev.(m), Avg Gradient(m/km), RMS Gradient(m/km) - ASTER GDEM
#    1.711   0.800  10.403 ;Mean Elev.(m), Avg Gradient(m/km), RMS Gradient(m/km) - GMTED2010 
  8    57.279 52499.24479062 12.37  85.705976  69.687669 16.633
  8    64.359 52499.24479127  4.22  85.701676  69.684669 16.633
  8    62.298 52499.24479191  5.18  85.697386  69.681679 16.633
  8    74.448 52499.24479256  3.71  85.693096  69.678679 16.633
  8    73.914 52499.24479320  3.81  85.688796  69.675679 16.633
  8    91.889 52499.24479385  0.83  85.684506  69.672679 16.633
 17     5.331 52814.24483167 38.94  85.722159  69.683067 25.126
 17     4.474 52814.24483231 46.68  85.717859  69.680067 25.126
 17     4.860 52814.24483296 45.98  85.713569  69.677067 25.126
 17     5.405 52814.24483360 45.33  85.709269  69.674067 25.126
 17     5.397 52814.24483425 44.67  85.704979  69.671077 25.126
 17     5.490 52814.24483489 45.04  85.700689  69.668077 25.126
 17     5.799 52814.24483554 44.36  85.696389  69.665077 25.126
 17     5.510 52814.24483618 44.40  85.692099  69.662077 25.126
 17     5.727 52814.24483682 44.90  85.687819  69.659077 25.126
 17     5.536 52814.24483747 45.09  85.683529  69.656077 25.126
 18    59.845 52849.24488467  9.60  85.720437  69.682928 12.022
 18    58.266 52849.24488531 10.11  85.716137  69.679928 12.022
 18    52.904 52849.24488595 10.23  85.711837  69.676928 12.022
 18    49.020 52849.24488660 11.56  85.707547  69.673928 12.022
 18     8.660 52849.24488724 12.11  85.703257  69.670928 12.022
 18     9.246 52849.24488789 13.10  85.698967  69.667938 12.022
 18     9.490 52849.24488853 15.40  85.694667  69.664938 12.022
 18    10.377 52849.24488918 18.63  85.690387  69.661938 12.022
 18    10.303 52849.24488982 22.55  85.686097  69.658938 12.022
 18    10.227 52849.24489047 26.52  85.681807  69.655938 12.022
 19    68.393 52884.24491975 10.30  85.709981  69.687463 13.842
 19    57.685 52884.24492040 10.87  85.705691  69.684463 13.842
 19     6.056 52884.24492104 11.95  85.701391  69.681463 13.842
 19     7.523 52884.24492169 11.98  85.697101  69.678463 13.842
 19     9.187 52884.24492233 12.57  85.692801  69.675463 13.842
 19     9.256 52884.24492298 13.83  85.688511  69.672473 13.842
 19     9.523 52884.24492362 18.99  85.684221  69.669473 13.842
 20    59.913 52919.24487635 18.75  85.703757  69.687283  8.487
 20    58.833 52919.24487700 16.94  85.699457  69.684283  8.487
 20    57.453 52919.24487764 16.36  85.695167  69.681283  8.487
 20    55.482 52919.24487829 19.06  85.690877  69.678283  8.487
 20    54.421 52919.24487893 17.00  85.686587  69.675293  8.487
 20    53.416 52919.24487958 17.58  85.682297  69.672293  8.487
 21   105.113 52954.24484023  3.51  85.725145  69.679726  3.698
 21   103.658 52954.24484087  3.80  85.720855  69.676726  3.698
 21   103.075 52954.24484152  3.27  85.716555  69.673726  3.698
 21   104.615 52954.24484216  1.59  85.712265  69.670736  3.698
 21    98.941 52954.24484281  1.63  85.707975  69.667736  3.698
 21    97.019 52954.24484345  0.17  85.703675  69.664736  3.698
 21    94.961 52954.24484410  0.16  85.699395  69.661736  3.698
 21    91.912 52954.24484474  1.02  85.695105  69.658736  3.698
 21    88.888 52954.24484539  0.53  85.690815  69.655736  3.698
 21    85.098 52954.24484603  1.31  85.686525  69.652746  3.698
 21    82.837 52954.24484667  0.49  85.682245  69.649746  3.698
 28     1.468 53199.24490741 43.71  85.714273  69.685789 35.863
 28     2.847 53199.24490805 48.15  85.709983  69.682789 35.863
 28     2.535 53199.24490870 46.33  85.705683  69.679789 35.863
 28     2.495 53199.24490934 44.38  85.701393  69.676799 35.863
 28     1.405 53199.24490999 43.71  85.697103  69.673799 35.863
 28     2.243 53199.24491063 45.85  85.692813  69.670799 35.863
 28     2.267 53199.24491128 44.23  85.688523  69.667799 35.863
 28     1.844 53199.24491192 44.12  85.684233  69.664799 35.863
 31   100.268 53304.24490539  3.44  85.711147  69.683069  4.317
 31    99.789 53304.24490603  2.80  85.706857  69.680069  4.317
 31    98.597 53304.24490668  1.62  85.702557  69.677069  4.317
 31    96.734 53304.24490732  1.65  85.698267  69.674069  4.317
 31    95.255 53304.24490797  1.35  85.693977  69.671079  4.317
 31    92.655 53304.24490861  1.15  85.689687  69.668079  4.317
 31    90.880 53304.24490926  0.85  85.685397  69.665079  4.317
 37    74.078 53514.24491686  4.02  85.712082  69.686148  4.499
 37    77.321 53514.24491750  2.84  85.707792  69.683158  4.499
 37    76.240 53514.24491815  4.16  85.703502  69.680158  4.499
 37    61.456 53514.24491879  2.97  85.699202  69.677158  4.499
 37    63.708 53514.24491944  2.66  85.694912  69.674158  4.499
 37    72.067 53514.24492008  1.07  85.690622  69.671158  4.499
 37    55.462 53514.24492073  2.26  85.686332  69.668158  4.499
 38     1.821 53549.24493529 17.44  85.706231  69.689217 15.960
 38     2.682 53549.24493594 17.12  85.701941  69.686217 15.960
 38     2.883 53549.24493658 18.25  85.697641  69.683217 15.960
 38     2.938 53549.24493723 18.92  85.693351  69.680217 15.960
 38     3.328 53549.24493787 18.93  85.689061  69.677217 15.960
 38     8.405 53549.24493852 20.21  85.684771  69.674217 15.960
 39    59.667 53584.24489918 10.62  85.707706  69.686830 17.018
 39     3.989 53584.24489982 11.40  85.703406  69.683830 17.018
 39     6.268 53584.24490047 11.79  85.699116  69.680830 17.018
 39     8.537 53584.24490111 11.40  85.694826  69.677830 17.018
 39     9.066 53584.24490176 12.53  85.690536  69.674830 17.018
 39     9.797 53584.24490240 14.81  85.686246  69.671830 17.018
 40     1.719 53619.24485536 19.79  85.694798  69.691243 16.231
 40     1.754 53619.24485601 19.51  85.690498  69.688243 16.231
 40     2.316 53619.24485665 19.92  85.686208  69.685253 16.231
 40     2.965 53619.24485730 19.37  85.681918  69.682253 16.231
 40     8.440 53619.24485794 17.88  85.677628  69.679253 16.231
 41    78.189 53654.24488124 13.95  85.715496  69.683251 10.129
 41    63.095 53654.24488189 14.31  85.711196  69.680251 10.129
 41    57.235 53654.24488253 14.85  85.706906  69.677251 10.129
 41    49.475 53654.24488317 17.01  85.702606  69.674251 10.129
 41     8.086 53654.24488382 17.91  85.698316  69.671251 10.129
 41     8.761 53654.24488446 20.41  85.694026  69.668261 10.129
 41     9.049 53654.24488511 22.80  85.689736  69.665261 10.129
 41     9.454 53654.24488575 23.78  85.685451  69.662261 17.036
 42    99.429 53689.24487704  1.95  85.707397  69.686818  3.183
 42    99.073 53689.24487768  1.72  85.703097  69.683828  3.183
 42    98.179 53689.24487833  1.05  85.698807  69.680828  3.183
 42    96.705 53689.24487897  0.38  85.694507  69.677828  3.183
 42    94.145 53689.24487962  0.38  85.690217  69.674828  3.183
 42    92.277 53689.24488026  0.16  85.685927  69.671828  3.183
 48    10.748 53899.24484264 43.39  85.713830  69.684871 16.132
 48    10.363 53899.24484329 44.54  85.709530  69.681871 16.132
 48    10.586 53899.24484393 43.92  85.705240  69.678871 16.132
 48    11.279 53899.24484458 43.69  85.700940  69.675871 16.132
 48    11.037 53899.24484522 43.23  85.696650  69.672871 16.132
 48    11.598 53899.24484587 41.06  85.692360  69.669881 16.132
 48    10.841 53899.24484651 42.51  85.688070  69.666881 16.132
 48     9.592 53899.24484716 39.27  85.683784  69.663878 14.079
 49     1.513 53934.24488657 43.36  85.703759  69.687662 19.857
 49     1.799 53934.24488722 40.69  85.699469  69.684662 19.857
 49     1.789 53934.24488786 42.46  85.695169  69.681662 19.857
 49     1.806 53934.24488851 41.36  85.690879  69.678662 19.857
 49     1.930 53934.24488915 42.58  85.686589  69.675662 19.857
 49     1.943 53934.24488980 44.84  85.682299  69.672662 19.857
 50    78.881 53969.24485708 11.02  85.703796  69.688941 23.052
 50     1.325 53969.24485772 11.76  85.699496  69.685941 23.052
 50     4.995 53969.24485837 12.81  85.695206  69.682951 23.052
 50     7.217 53969.24485901 13.45  85.690906  69.679951 23.052
 50     8.915 53969.24485966 13.56  85.686616  69.676951 23.052
 50     9.120 53969.24486030 15.84  85.682326  69.673951 23.052
 51    10.642 54004.24483086 18.01  85.726737  69.679837  9.027
 51    56.997 54004.24483150  9.21  85.722447  69.676837  9.027
 51    56.435 54004.24483215  9.78  85.718147  69.673837  9.027
 51    50.439 54004.24483279  9.51  85.713857  69.670837  9.027
 51     8.634 54004.24483344 10.84  85.709557  69.667847  9.027
 51     9.305 54004.24483408 11.34  85.705267  69.664847  9.027
 51     9.712 54004.24483473 12.83  85.700977  69.661847  9.027
 51     9.697 54004.24483537 15.92  85.696686  69.658850  9.853
 51     9.467 54004.24483602 18.16  85.692396  69.655850  9.853
 51     9.409 54004.24483666 19.47  85.688116  69.652850  9.853
 51     9.853 54004.24483731 21.82  85.683826  69.649850  9.853
 51     9.619 54004.24483795 24.74  85.679546  69.646860  9.853
 52   101.997 54039.24486376  3.15  85.717904  69.682157  3.802
 52   100.741 54039.24486440  2.73  85.713604  69.679167  3.802
 52    97.630 54039.24486569  0.94  85.705014  69.673167  3.802
 52    95.952 54039.24486634  1.74  85.700724  69.670167  3.802
 57    59.528 54214.24480348  9.43  85.714199  69.683031  4.598
 57    57.983 54214.24480413  8.32  85.709909  69.680031  4.598
 57    57.120 54214.24480477  9.04  85.705609  69.677031  4.598
 57    56.360 54214.24480542  9.34  85.701319  69.674041  4.598
 57    55.592 54214.24480606  9.06  85.697029  69.671041  4.598
 57    54.756 54214.24480671  6.75  85.692729  69.668041  4.598
 57    53.637 54214.24480735  7.30  85.688439  69.665041  4.598
 57    52.938 54214.24480800  4.45  85.684159  69.662041  4.598
 58    64.521 54249.24483080 10.59  85.714133  69.685267  5.682
 58    59.035 54249.24483145  9.79  85.709843  69.682267  5.682
 58    57.790 54249.24483209  8.59  85.705543  69.679267  5.682
 58    56.384 54249.24483274  9.44  85.701253  69.676277  5.682
 58    47.724 54249.24483338 13.72  85.696963  69.673277  5.682
 58    54.711 54249.24483403 11.28  85.692663  69.670277  5.682
 58    53.804 54249.24483467  7.29  85.688373  69.667277  5.682
 58    52.984 54249.24483532  5.40  85.684093  69.664277  5.682
 59     3.229 54284.24483873 45.82  85.710570  69.685781 24.694
 59     3.525 54284.24483938 46.23  85.706280  69.682781 24.694
 59     3.784 54284.24484002 44.48  85.701990  69.679781 24.694
 59     4.045 54284.24484067 44.77  85.697690  69.676781 24.694
 59     4.122 54284.24484131 44.16  85.693400  69.673781 24.694
 59     4.399 54284.24484196 43.76  85.689110  69.670791 24.694
 59     2.832 54284.24484260 38.13  85.684820  69.667791 24.694
 60    57.539 54319.24483653  8.98  85.708935  69.684521 19.108
 60    57.020 54319.24483718  9.45  85.704645  69.681521 19.108
 60     7.408 54319.24483782 10.29  85.700345  69.678521 19.108
 60     7.762 54319.24483847 11.96  85.696055  69.675521 19.108
 60     8.780 54319.24483911 14.33  85.691765  69.672521 19.108
 60     9.124 54319.24483975 16.07  85.687475  69.669531 19.108
 60     9.792 54319.24484040 22.03  85.683185  69.666531 19.108
 61    63.969 54354.24479974  9.24  85.700780  69.687324 18.760
 61    59.224 54354.24480038 10.50  85.696490  69.684324 18.760
 61    56.451 54354.24480102 10.86  85.692190  69.681324 18.760
 61     8.468 54354.24480167 13.32  85.687900  69.678324 18.760
 61     8.680 54354.24480231 15.97  85.683610  69.675334 18.760
 62    62.808 54389.24477748 14.91  85.707325  69.680632  4.066
 62    56.595 54389.24477813 15.65  85.703035  69.677632  4.066
 62    74.870 54389.24477942 11.44  85.694455  69.671632  4.066
 62    83.428 54389.24478006  9.90  85.690165  69.668632  4.066
 62    72.092 54389.24478070  9.36  85.685875  69.665642  4.066
 68    73.187 54599.24476010  2.67  85.712483  69.685142  5.041
 68    63.622 54599.24476074  1.19  85.708183  69.682142  5.041
 68    61.385 54599.24476139  3.17  85.703893  69.679142  5.041
 68    59.375 54599.24476203  2.92  85.699603  69.676152  5.041
 68    57.742 54599.24476268  1.97  85.695313  69.673152  5.041
 69    58.683 54634.24477289 14.91  85.710089  69.685359 15.697
 69    56.260 54634.24477354 14.53  85.705789  69.682359 15.697
 69     6.762 54634.24477418 15.21  85.701499  69.679359 15.697
 69     7.664 54634.24477483 15.78  85.697209  69.676369 15.697
 69     8.653 54634.24477547 16.96  85.692919  69.673369 15.697
 69    10.123 54634.24477612 17.80  85.688619  69.670369 15.697
 69    10.620 54634.24477676 20.86  85.684339  69.667369 15.697
 70     8.077 54669.24477969 11.23  85.693958  69.676379 18.809
 70     8.408 54669.24478034 16.21  85.689658  69.673379 18.809
 70     8.431 54669.24478098 19.27  85.685368  69.670379 18.809
 71    64.764 54704.24474144  5.14  85.702753  69.686569 16.284
 71     5.240 54704.24474208 12.11  85.698453  69.683569 16.284
 71     5.929 54704.24474273 13.89  85.694163  69.680569 16.284
 71     7.928 54704.24474337 12.54  85.689873  69.677569 16.284
 71     8.877 54704.24474402 14.58  85.685583  69.674579 16.284
 71     9.446 54704.24474466 16.42  85.681293  69.671579 16.284
 72    89.783 54739.24474032  8.92  85.716548  69.682619 16.546
 72     5.664 54739.24474097  9.63  85.712248  69.679619 16.546
 72     7.012 54739.24474161 10.97  85.707958  69.676629 16.546
 72     7.897 54739.24474226 10.83  85.703668  69.673629 16.546
 72     8.761 54739.24474290 11.33  85.699378  69.670629 16.546
 72     9.905 54739.24474354 13.06  85.695088  69.667629 16.546
 72     9.879 54739.24474419 16.30  85.690798  69.664629 16.546
 72    10.164 54739.24474483 20.90  85.686508  69.661629 16.546
 72    10.210 54739.24474548 25.16  85.682218  69.658629 16.546
 73    89.542 54774.24472262  8.30  85.706628  69.686741  3.719
 73    97.158 54774.24472327  6.81  85.702338  69.683741  3.719
 73    96.558 54774.24472391  6.44  85.698048  69.680741  3.719
 73    95.577 54774.24472456  5.23  85.693748  69.677751  3.719
 73    93.263 54774.24472520  2.89  85.689458  69.674751  3.719
 73    92.361 54774.24472585  2.03  85.685168  69.671751  3.719
 77    86.356 54914.24472422  0.84  85.703168  69.690611  2.726
 77    84.600 54914.24472551  0.20  85.694588  69.684611  2.726
 79     6.965 54984.24475451 20.12  85.708649  69.683716 17.726
 79     7.522 54984.24475516 20.63  85.704349  69.680716 17.726
 79     7.287 54984.24475580 18.70  85.700059  69.677726 17.726
 79     7.644 54984.24475645 18.09  85.695769  69.674726 17.726
 79     8.486 54984.24475709 16.99  85.691469  69.671726 17.726
 79     9.196 54984.24475773 18.10  85.687189  69.668726 17.726
 80    79.696 55019.24475015  3.23  85.712300  69.686644 17.479
 80    60.069 55019.24475080 10.33  85.708000  69.683644 17.479
 80    55.630 55019.24475144 10.56  85.703710  69.680644 17.479
 80     7.045 55019.24475209 10.80  85.699420  69.677654 17.479
 80     8.110 55019.24475273 12.68  85.695120  69.674654 17.479
 80     8.416 55019.24475338 15.65  85.690830  69.671654 17.479
 80     9.184 55019.24475402 17.95  85.686540  69.668654 17.479
 81    94.103 55054.24474622  1.43  85.709603  69.686863 19.488
 81    58.613 55054.24474687 10.34  85.705303  69.683863 19.488
 81     5.886 55054.24474751 11.06  85.701013  69.680863 19.488
 81     7.191 55054.24474816 11.11  85.696723  69.677873 19.488
 81     7.541 55054.24474880 12.37  85.692423  69.674873 19.488
 81     8.684 55054.24474945 14.72  85.688133  69.671873 19.488
 81     8.944 55054.24475009 20.68  85.683843  69.668873 19.488
 82    59.143 55089.24470641 16.59  85.703617  69.690590 12.034
 82    56.389 55089.24470705 15.82  85.699317  69.687590 12.034
 82     2.481 55089.24470770 16.09  85.695027  69.684590 12.034
 82     1.773 55089.24470834 17.93  85.690737  69.681590 12.034
 82     1.575 55089.24470899 18.32  85.686447  69.678600 12.034
 82     9.032 55089.24470963 17.85  85.682157  69.675600 12.034
 83    64.698 55124.24468369 15.88  85.716345  69.684380  7.485
 83    62.911 55124.24468433 16.26  85.712045  69.681380  7.485
 83    61.200 55124.24468498 15.20  85.707755  69.678380  7.485
 83    59.198 55124.24468562 13.96  85.703465  69.675390  7.485
 83    58.260 55124.24468627 13.49  85.699165  69.672390  7.485
 83    54.377 55124.24468691 13.26  85.694885  69.669390  7.485
 83    53.144 55124.24468756 12.14  85.690595  69.666390  7.485
 83    53.447 55124.24468820 10.34  85.686305  69.663390  7.485
 84    98.758 55159.24466788  2.05  85.705395  69.687972  3.536
 84    98.209 55159.24466853  1.88  85.701105  69.684972  3.536
 84    96.550 55159.24466917  1.50  85.696805  69.681972  3.536
 84    95.227 55159.24466982  1.02  85.692515  69.678972  3.536
 90    61.157 55369.24463742 11.57  85.710748  69.687242 15.815
 90    57.844 55369.24463806 11.73  85.706448  69.684242 15.815
 90     6.638 55369.24463871 13.30  85.702158  69.681242 15.815
 90     7.547 55369.24463935 13.07  85.697868  69.678252 15.815
 90     8.800 55369.24464000 14.49  85.693578  69.675252 15.815
 90     9.825 55369.24464064 17.08  85.689278  69.672252 15.815
 90     9.540 55369.24464129 20.45  85.684988  69.669252 15.815
 91    60.533 55404.24465448  9.20  85.718619  69.684113 16.102
 91    58.454 55404.24465513 10.26  85.714329  69.681113 16.102
 91    56.710 55404.24465577 11.19  85.710029  69.678113 16.102
 91     6.689 55404.24465642 12.60  85.705739  69.675123 16.102
 91     7.711 55404.24465706 12.63  85.701449  69.672123 16.102
 91     8.806 55404.24465771 13.85  85.697149  69.669123 16.102
 91     9.313 55404.24465835 15.42  85.692869  69.666123 16.102
 91     9.762 55404.24465900 18.46  85.688579  69.663123 16.102
 91    10.241 55404.24465964 21.97  85.684289  69.660123 16.102
 92   100.154 55439.24465591  0.95  85.707182  69.686082 18.675
 92     7.592 55439.24465785 12.49  85.694302  69.677092 18.675
 92     8.677 55439.24465849 15.17  85.690012  69.674092 18.675
 92     8.695 55439.24465914 18.54  85.685722  69.671092 18.675
