-114230.874    74.185     0.00    9.33
-113853.323    75.612     3.78   11.33
-113475.867    80.532    13.03   14.64
-113098.507    86.739    16.45   14.62
-112721.241    86.082    -1.74   13.98
-112344.071    84.464    -4.29   11.71
-111966.996    82.590    -4.97    7.76
-111590.016    82.090    -1.33    5.05
-111213.130    84.682     6.88    5.28
-110836.340    89.072    11.65    6.16
-110459.644    94.480    14.36    7.51
-110083.043    99.749    13.99    7.13
-109706.536   104.618    12.93    5.03
-109330.124   107.265     7.03    6.29
-108953.806   110.142     7.65    8.74
-108577.583   114.543    11.70    9.17
-108201.454   118.102     9.46    5.69
-107825.419   117.787    -0.84    4.94
-107449.479   116.523    -3.36    5.91
-107073.632   116.018    -1.34    6.54
-106697.880   118.169     5.72    7.74
-106322.221   122.202    10.74    8.51
-105946.657   127.739    14.74    7.89
-105571.186   131.826    10.89    6.67
-105195.809   136.148    11.52    5.59
-104820.526   137.274     3.00    4.91
-104445.336   133.180   -10.91    9.90
-104070.240   123.799   -25.01   14.66
-103695.237   112.496   -30.14   13.22
-103320.327   102.140   -27.62    8.63
-102945.511    97.343   -12.80    6.74
-102570.789    94.111    -8.63    6.33
-102196.159    91.984    -5.68    5.85
-101821.623    89.299    -7.17    2.96
-101447.179    89.201    -0.26    2.89
-101072.829    90.951     4.67    6.66
-100698.571    93.318     6.32    8.12
-100324.407    95.066     4.67    8.19
 -99950.335    96.861     4.80    9.08
 -99576.356    97.379     1.39    9.58
 -99202.469    98.096     1.92    9.01
 -98828.675    99.810     4.59    7.99
 -98454.974   102.094     6.11    6.86
 -98081.365   104.468     6.35    6.13
 -97707.848   106.806     6.26    4.58
 -97334.424   107.289     1.29    4.56
 -96961.091   108.162     2.34    4.48
 -96587.852   110.354     5.87    5.05
 -96214.704   112.889     6.79    5.70
 -95841.648   115.479     6.94    5.85
 -95468.684   117.817     6.27    5.78
 -95095.812   119.968     5.77    5.45
 -94723.032   121.716     4.69    5.40
 -94350.344   122.401     1.84    5.03
 -93977.747   120.587    -4.87    5.70
 -93605.242   116.195   -11.79    8.20
 -93232.828   111.941   -11.42    8.96
 -92860.506   108.753    -8.56    7.99
 -92488.276   107.634    -3.01    7.49
 -92116.137   109.071     3.86    7.35
 -91744.089   113.462    11.80    7.62
 -91372.132   118.253    12.88    5.99
 -91000.267   122.109    10.37    4.31
 -90628.492   125.200     8.31    4.07
 -90256.809   129.905    12.66    5.97
 -89885.216   135.423    14.85    7.34
 -89513.715   141.400    16.09    7.06
 -89142.304   147.171    15.54    7.33
 -88770.984   152.740    15.00    6.25
 -88399.755   155.084     6.32    4.73
 -88028.616   155.539     1.23    4.55
 -87657.568   153.296    -6.05    6.59
 -87286.610   148.116   -13.96    9.33
 -86915.743   142.999   -13.80   11.28
 -86544.966   136.289   -18.10   12.12
 -86174.280   128.227   -21.75   11.92
 -85803.684   120.869   -19.85   11.35
 -85433.178   114.578   -16.98    9.70
 -85062.762   110.769   -10.28    7.58
 -84692.436   110.321    -1.21    9.01
 -84322.200   112.265     5.25   12.57
 -83952.054   114.548     6.17   14.39
 -83581.998   117.851     8.93   12.96
 -83212.031   119.692     4.98   11.45
 -82842.154   123.127     9.29   10.07
 -82472.367   127.437    11.66    8.34
 -82102.670   130.581     8.51    5.62
 -81733.062   130.512    -0.18    5.85
 -81363.543   126.272   -11.48   11.64
 -80994.114   116.774   -25.71   16.77
 -80624.775   110.070   -18.15   14.64
 -80255.524   107.423    -7.17   11.16
 -79886.363   110.093     7.23   11.57
 -79517.290   115.368    14.29   12.17
 -79148.307   116.967     4.34   13.85
 -78779.413   115.231    -4.71   15.59
 -78410.608   110.482   -12.88   17.38
 -78041.892   105.503   -13.50   15.86
 -77673.264   101.373   -11.21   12.76
 -77304.725   102.755     3.75   11.41
 -76936.275   105.695     7.98    9.58
 -76567.914   105.298    -1.08   11.16
 -76199.641   101.066   -11.49   12.55
 -75831.457    93.096   -21.65   13.66
 -75463.361    84.512   -23.32   15.19
 -75095.353    71.452   -35.49   15.83
 -74727.434    57.516   -37.88   18.60
 -74359.603    47.164   -28.14   17.03
 -73991.860    39.159   -21.77   14.54
 -73624.205    35.649    -9.55   14.25
 -73256.639    32.721    -7.97   13.71
 -72889.160    30.253    -6.72   12.71
 -72521.769    24.548   -15.53   13.30
 -72154.466    15.004   -25.98   13.74
 -71787.251     6.985   -21.84   11.29
 -71420.124     2.481   -12.27    8.14
 -71053.084     5.256     7.56   11.40
 -70686.132     8.637     9.21   11.98
 -70319.267    11.150     6.85   11.66
 -69952.490     9.825    -3.61   11.55
 -69585.801     8.913    -2.49   10.77
 -69219.198    14.011    13.90   14.36
 -68852.684    23.084    24.76   16.74
 -68486.256    34.599    31.43   12.33
 -68119.915    40.445    15.96    6.83
 -67753.662    41.316     2.38    5.49
 -67387.496    37.366   -10.79    6.88
 -67021.416    33.613   -10.25    5.91
 -66655.424    30.090    -9.63    2.94
 -66289.518    28.693    -3.82    2.28
 -65923.699    28.180    -1.40    2.72
 -65557.967    28.058    -0.33    2.46
 -65192.322    27.835    -0.61    2.26
 -64826.763    27.602    -0.64    2.16
 -64461.291    26.680    -2.52    2.34
 -64095.906    25.005    -4.58    3.92
 -63730.606    21.932    -8.41    4.79
 -63365.394    18.031   -10.68    5.32
 -63000.267    12.913   -14.02    6.01
 -62635.227     8.224   -12.85    5.97
 -62270.273     4.545   -10.08    4.84
 -61905.405     2.023    -6.91    2.71
 -61540.623     1.773    -0.69    2.63
 -61175.927     1.846     0.20    2.49
 -60811.317     2.637     2.17    3.10
 -60446.793     2.852     0.59    3.72
 -60082.355     2.299    -1.52    4.25
 -59718.003     0.463    -5.04    4.90
 -59353.736    -1.875    -6.42    4.27
 -58989.555    -3.359    -4.07    3.31
 -58625.460    -4.122    -2.10    2.31
 -58244.769    -3.494     1.65    2.56
 -57862.623    -2.755     1.93    2.61
 -57480.574    -2.294     1.21    2.88
 -57098.620    -1.900     1.03    3.20
 -56716.764    -2.391    -1.29    3.26
 -56335.003    -3.747    -3.55    3.50
 -55953.339    -4.952    -3.16    2.35
 -55571.771    -3.050     4.98    4.70
 -55190.299    -0.077     7.79    5.70
 -54808.923     3.959    10.58    4.73
 -54427.643     6.005     5.37    3.31
 -54046.459     6.392     1.01    3.63
 -53665.371     5.923    -1.23    3.78
 -53284.379     6.032     0.29    3.63
 -52903.482     5.825    -0.54    3.62
 -52522.681     6.023     0.52    3.58
 -52141.975     7.271     3.28    3.61
 -51761.365     8.895     4.27    3.54
 -51380.850     9.103     0.55    3.39
 -51000.431     8.625    -1.26    3.86
 -50620.107     6.789    -4.83    3.56
 -50239.878     4.683    -5.54    2.17
 -49859.744     3.761    -2.42    1.96
 -49479.705     2.830    -2.45    2.21
 -49099.761     1.259    -4.13    2.40
 -48719.913    -0.185    -3.80    2.40
 -48340.158    -0.559    -0.98    2.27
 -47960.499     0.428     2.60    3.03
 -47580.935     1.269     2.22    2.98
 -47201.465     1.269     0.00    2.76
 -46822.089     0.512    -1.99    2.90
 -46442.808    -0.380    -2.35    3.06
 -46063.622    -0.837    -1.20    2.94
 -45684.529    -0.505     0.87    2.95
 -45305.531     0.394     2.37    3.11
 -44926.628     1.753     3.59    1.94
 -44547.818     2.281     1.39    1.45
 -44169.103     2.373     0.24    1.42
 -43790.481     2.087    -0.76    1.55
 -43411.953     1.805    -0.74    1.57
 -43033.520     1.512    -0.77    1.57
 -42655.180     2.008     1.31    2.01
 -42276.934     2.401     1.04    1.97
 -41898.781     3.144     1.97    2.24
 -41520.722     5.003     4.92    2.73
 -41142.757     6.666     4.40    2.99
 -40764.885     8.761     5.54    3.05
 -40387.106    10.244     3.93    2.50
 -40009.421    10.914     1.77    2.12
 -39631.828    11.541     1.66    2.46
 -39254.330    11.932     1.04    2.30
 -38876.924    13.218     3.41    2.91
 -38499.611    16.868     9.67    5.43
 -38122.391    21.082    11.17    7.21
 -37745.264    25.827    12.58    6.25
 -37368.230    28.405     6.84    3.91
 -36991.289    28.952     1.45    3.04
 -36614.440    28.469    -1.28    2.78
 -36237.684    27.803    -1.77    2.51
 -35861.021    28.532     1.94    2.59
 -35484.450    30.501     5.23    3.32
 -35107.972    33.299     7.43    4.72
 -34731.586    35.301     5.32    4.39
 -34355.292    33.275    -5.38    7.55
 -33979.090    30.159    -8.28    8.92
 -33602.981    27.038    -8.30    7.06
 -33226.964    25.841    -3.18    5.40
 -32851.038    28.201     6.28    6.22
 -32475.205    32.207    10.66    6.17
 -32099.464    35.455     8.64    6.51
 -31723.814    38.173     7.24    6.27
 -31348.256    39.278     2.94    5.80
 -30972.790    38.895    -1.02    5.18
 -30597.415    38.581    -0.84    4.51
 -30222.132    37.635    -2.52    4.50
 -29846.941    35.659    -5.26    6.19
 -29471.841    33.821    -4.90    7.01
 -29096.832    32.152    -4.45    6.16
 -28721.915    30.253    -5.07    5.51
 -28347.089    27.525    -7.28    5.62
 -27972.354    24.319    -8.55    6.59
 -27597.710    19.700   -12.33    6.33
 -27223.157    13.759   -15.86    7.85
 -26848.695     7.712   -16.15    6.30
 -26474.324     4.608    -8.29    4.57
 -26100.044     3.988    -1.66    4.75
 -25725.855     4.767     2.08    6.21
 -25351.756     5.442     1.80    6.94
 -24977.748     5.074    -0.98    8.29
 -24603.831     4.157    -2.45    9.32
 -24230.004     2.817    -3.58   10.00
 -23856.267     0.492    -6.22    9.39
 -23482.621    -2.348    -7.60    7.43
 -23109.065    -5.149    -7.50    4.09
 -22735.600    -6.577    -3.82    1.14
 -22362.225    -6.930    -0.95    0.62
 -21988.939    -6.924     0.02    0.69
 -21615.744    -6.969    -0.12    0.66
 -21242.639    -7.032    -0.17    0.64
 -20869.624    -6.841     0.51    1.04
 -20496.698    -5.550     3.46    2.52
 -20123.863    -4.426     3.02    3.09
 -19751.117    -4.114     0.84    2.94
 -19378.461    -4.304    -0.51    2.57
 -19005.894    -3.869     1.17    2.92
 -18633.417    -3.168     1.88    3.08
 -18261.030    -2.721     1.20    3.09
 -17888.732    -2.495     0.61    3.66
 -17516.523    -2.367     0.35    4.27
 -17144.403    -2.646    -0.75    4.29
 -16772.373    -2.404     0.65    4.07
 -16400.432    -2.544    -0.37    3.76
 -16028.580    -2.341     0.55    3.62
 -15656.817    -2.605    -0.71    3.39
 -15285.143    -2.682    -0.21    3.75
 -14913.558    -2.297     1.04    4.43
 -14542.062     1.474    10.15    8.77
 -14170.654     6.088    12.42   11.99
 -13799.336    10.727    12.49   15.63
 -13428.106    14.088     9.05   18.64
 -13056.964    12.942    -3.09   19.61
 -12685.911     7.134   -15.65   18.31
 -12314.947     0.308   -18.40   14.89
 -11944.071    -5.893   -16.72    7.91
 -11573.283    -8.818    -7.89    1.31
 -11202.584    -9.077    -0.70    0.00
 -10831.972    -9.077     0.00    0.00
 -10461.449    -9.077     0.00    0.00
 -10091.014    -8.747     0.89    1.55
  -9720.667    -6.728     5.45    4.69
  -9350.408    -3.740     8.07    6.13
  -8980.237    -1.426     6.25    5.77
  -8610.154    -0.187     3.35    4.39
  -8240.158    -1.311    -3.04    4.13
  -7870.251    -3.151    -4.97    3.70
  -7500.431    -4.984    -4.96    2.31
  -7130.698    -6.095    -3.00    1.28
  -6761.053    -6.634    -1.46    0.77
  -6391.496    -6.686    -0.14    0.73
  -6022.026    -6.448     0.64    0.98
  -5652.643    -6.159     0.78    1.21
  -5283.347    -5.903     0.69    1.25
  -4914.139    -5.725     0.48    1.10
  -4545.018    -5.793    -0.18    0.76
  -4175.984    -5.505     0.78    1.22
  -3807.037    -5.383     0.33    1.23
  -3438.177    -5.357     0.07    1.29
  -3069.404    -5.410    -0.14    1.26
  -2700.718    -5.386     0.07    1.10
  -2332.119    -5.191     0.53    1.24
  -1963.606    -4.986     0.56    1.37
  -1595.181    -4.867     0.32    1.66
  -1226.841    -3.338     4.15    3.46
   -858.588    -2.334     2.73    3.94
   -490.422    -2.200     0.36    4.12
   -122.342    -2.995    -2.16    4.23
    245.651    -5.443    -6.65    2.97
    613.558    -5.123     0.87    3.13
    981.379    -4.983     0.38    3.51
   1349.114    -5.441    -1.25    3.95
   1716.762    -5.359     0.22    3.99
   2084.325    -5.844    -1.32    3.37
   2451.801    -4.609     3.36    3.32
   2819.192    -2.731     5.11    3.60
   3186.496    -1.855     2.39    3.31
   3553.715    -2.677    -2.24    3.57
   3920.848    -2.519     0.43    3.71
   4287.895    -2.813    -0.80    2.82
   4654.857    -2.909    -0.26    2.72
   5021.733    -3.058    -0.41    3.08
   5388.523    -3.521    -1.26    3.21
   5755.228    -3.769    -0.68    3.13
   6121.848    -4.188    -1.14    2.62
   6488.382    -4.375    -0.51    2.71
   6854.831    -1.983     6.53    6.12
   7221.195     1.269     8.88    7.99
   7587.473     5.279    10.95    8.26
   7953.667     9.538    11.63    7.59
   8319.775    13.375    10.48    5.24
   8685.799    16.914     9.67    6.19
   9051.737    20.312     9.29    6.13
   9417.590    26.065    15.72    9.81
   9783.359    34.455    22.94   12.94
  10149.043    44.149    26.51   14.68
  10514.642    56.114    32.73   14.50
  10880.157    66.053    27.19   12.69
  11245.587    70.979    13.48   13.27
  11610.932    73.253     6.22   16.81
  11976.193    75.904     7.26   18.47
  12341.370    83.629    21.16   18.29
  12706.462    91.097    20.45   15.93
  13071.470   100.075    24.60   10.90
  13436.393   104.354    11.73    5.78
  13801.233   103.519    -2.29    4.89
  14165.988    99.624   -10.68    5.75
  14530.659    95.129   -12.33    6.22
  14895.246    90.202   -13.51    6.39
  15259.750    86.464   -10.25    6.18
  15624.169    83.797    -7.32    4.65
  15988.505    81.689    -5.78    4.62
  16362.900    79.297    -6.39    5.40
  16744.877    75.942    -8.78    6.15
  17126.759    71.896   -10.59    6.09
  17508.547    68.080    -9.99    5.73
  17890.241    65.032    -7.99    6.18
  18271.841    62.659    -6.22    6.69
  18653.347    59.164    -9.16    6.76
  19034.759    55.119   -10.60    6.41
  19416.078    50.510   -12.09    6.39
  19797.303    43.865   -17.43    9.65
  20178.434    35.841   -21.06   11.92
  20559.471    31.507   -11.37   10.13
  20940.416    31.960     1.19   10.34
  21321.266    35.523     9.36   10.26
  21702.024    40.143    12.13    6.47
  22082.688    42.149     5.27    4.07
  22463.259    40.519    -4.28    6.50
  22843.736    36.329   -11.01   11.38
  23224.121    30.596   -15.07   14.28
  23604.412    27.222    -8.87   13.44
  23984.611    25.035    -5.75   13.84
  24364.717    24.210    -2.17   14.31
  24744.730    18.652   -14.63   14.77
  25124.650    12.405   -16.44   13.12
  25504.477     6.970   -14.31    9.75
  25884.212     7.327     0.94   11.06
  26263.855     9.333     5.28   13.43
  26643.404    13.189    10.16   14.94
  27022.862    16.350     8.33   14.41
  27402.227    17.587     3.26   11.78
  27781.500    15.202    -6.29    9.86
  28160.680    10.584   -12.18    8.99
  28539.768     7.971    -6.89    6.69
  28918.765     9.689     4.53    7.63
  29297.669    14.282    12.12    7.74
  29676.481    16.805     6.66    6.08
  30055.202    16.219    -1.55    6.16
  30433.830    14.390    -4.83    5.62
  30812.367    12.082    -6.10    3.91
  31190.812    10.531    -4.10    3.18
  31569.166     9.256    -3.37    2.81
  31947.428     7.171    -5.51    2.76
  32325.598     6.185    -2.61    3.12
  32703.677     5.394    -2.09    3.48
  33081.665     6.143     1.98    3.46
  33459.562     6.616     1.25    3.75
  33837.367     5.694    -2.44    3.93
  34215.081     4.981    -1.89    3.95
  34592.704     4.703    -0.74    4.61
  34970.235     5.218     1.37    5.98
  35347.676     7.338     5.62    7.43
  35725.026    10.082     7.27    8.92
  36102.285    13.470     8.98    9.65
  36479.454    16.932     9.18    9.50
  36856.531    17.779     2.24    8.62
  37233.518    17.547    -0.62    6.99
  37610.415    16.066    -3.93    5.61
  37987.221    13.334    -7.25    5.45
  38363.936    11.678    -4.40    5.01
  38740.561    10.556    -2.98    5.09
  39117.096     8.423    -5.66    4.94
  39493.540     4.830    -9.55    5.39
  39869.894     1.260    -9.49    5.03
  40246.158    -2.628   -10.33    4.54
  40622.332    -5.133    -6.66    2.65
  40998.416    -6.245    -2.96    1.89
  41374.411    -6.930    -1.82    1.46
  41750.315    -7.037    -0.28    1.48
  42126.129    -7.294    -0.68    1.32
  42501.854    -7.608    -0.83    1.00
  42877.489    -7.426     0.48    1.18
  43253.034    -7.388     0.10    1.20
  43628.490    -7.451    -0.17    1.11
  44003.856    -7.567    -0.31    0.96
  44379.133    -7.376     0.51    1.01
  44754.320    -7.189     0.50    1.04
  45129.418    -6.851     0.90    1.24
  45504.427    -5.737     2.97    2.31
  45879.347    -3.710     5.41    4.12
  46254.177    -0.115     9.59    6.30
  46628.919     3.229     8.92    6.09
  47003.571     5.290     5.50    5.45
  47378.135     5.706     1.11    5.43
  47752.609     3.605    -5.61    4.85
  48126.995     3.587    -0.05    4.63
  48501.292     3.310    -0.74    4.85
  48875.501     4.136     2.21    5.54
  49249.621     3.953    -0.49    5.79
  49623.652     1.970    -5.30    5.59
  49997.595    -0.710    -7.17    3.78
  50371.449    -0.976    -0.71    3.35
  50745.215    -0.534     1.18    3.33
  51118.893     0.316     2.27    3.04
  51492.482     1.185     2.33    2.69
  51865.983     0.583    -1.61    2.67
  52239.396    -1.068    -4.42    2.77
  52612.721    -2.542    -3.95    2.41
  52985.958    -3.696    -3.09    1.87
  53359.107    -4.536    -2.25    1.92
  53732.169    -4.407     0.35    3.10
  54105.142    -4.801    -1.06    3.39
  54478.028    -4.554     0.66    3.91
  54850.825    -3.806     2.01    4.48
  55223.536    -1.284     6.76    6.05
  55596.158     1.556     7.62    6.56
  55968.694     3.137     4.24    5.70
  56341.141     3.914     2.08    4.37
  56713.502     4.822     2.44    3.78
  57085.775     6.830     5.39    4.33
  57457.960     9.875     8.18    4.84
  57830.059    13.633    10.10    5.60
  58202.070    17.508    10.41    4.60
  58573.995    19.885     6.39    4.85
  58945.832    21.175     3.47    5.53
  59317.582    19.943    -3.31    5.91
  59689.246    19.689    -0.68    4.77
  60060.822    20.433     2.00    4.35
  60432.312    22.123     4.55    5.38
  60803.715    25.083     7.97    4.49
  61175.031    26.894     4.88    3.75
  61546.261    27.708     2.19    3.68
  61917.404    28.240     1.43    3.70
  62288.461    29.469     3.31    3.92
  62659.431    30.409     2.53    4.14
  63030.315    31.527     3.02    3.77
  63401.113    32.171     1.74    3.71
  63771.824    32.056    -0.31    3.54
  64142.449    31.857    -0.54    3.51
  64512.988    31.038    -2.21    3.61
  64883.441    28.238    -7.56    4.68
  65253.808    26.519    -4.64    4.24
  65624.089    26.404    -0.31    3.74
  65994.285    26.565     0.43    3.72
  66364.394    28.414     5.00    3.86
  66734.417    30.531     5.72    3.45
  67104.355    31.658     3.05    3.51
  67474.207    32.063     1.09    3.39
  67843.974    32.200     0.37    3.13
  68213.655    33.253     2.85    3.37
  68583.251    34.065     2.20    3.11
  68952.761    35.282     3.29    2.66
  69322.185    37.173     5.12    3.09
  69691.525    38.933     4.77    4.75
  70060.779    41.904     8.05    4.92
  70429.948    44.793     7.83    4.86
  70799.032    48.157     9.11    5.51
  71168.031    51.999    10.41    6.53
  71536.945    55.456     9.37    6.20
  71905.774    57.689     6.05    4.94
  72274.518    59.331     4.45    4.17
  72643.177    61.858     6.85    5.18
  73011.751    65.263     9.24    5.90
  73380.241    68.485     8.74    5.77
  73748.646    67.549    -2.54    7.65
  74116.966    64.438    -8.45    8.84
  74485.202    62.008    -6.60    8.18
  74853.353    61.266    -2.01    7.04
  75221.420    65.149    10.55    7.95
  75589.403    69.786    12.60    8.34
  75957.301    73.673    10.57    8.26
  76325.115    74.348     1.83    8.90
  76692.845    71.952    -6.51    9.39
  77060.490    69.446    -6.82    7.93
  77428.052    68.230    -3.31    6.03
  77795.529    71.933    10.07    7.36
  78162.923    75.838    10.63    7.10
  78530.232    78.529     7.32    5.10
  78897.458    75.168    -9.15    9.34
  79264.600    67.495   -20.90   12.47
  79631.658    58.858   -23.53   11.20
  79998.633    52.495   -17.34    9.83
  80365.524    48.499   -10.89    8.01
  80732.331    48.876     1.03    8.20
  81099.055    47.717    -3.16    8.49
  81465.695    47.923     0.56   11.05
  81832.252    48.533     1.66   11.89
  82198.726    47.055    -4.03   11.50
  82565.116    44.413    -7.21   10.48
  82931.423    41.115    -9.00    9.82
  83297.647    37.602    -9.59    7.44
  83663.788    34.269    -9.10    3.96
  84029.845    35.470     3.28    4.64
  84395.820    38.337     7.83    5.56
  84761.712    42.058    10.17    6.18
  85127.521    45.112     8.35    7.54
  85493.247    47.683     7.03    9.71
  85858.890    51.593    10.69   11.59
  86224.450    55.962    11.95   11.00
  86589.928    57.942     5.42    9.75
  86955.323    57.716    -0.62   10.47
  87320.636    57.537    -0.49   10.19
  87685.866    59.199     4.55    8.97
  88051.013    63.433    11.59    9.11
  88416.079    68.809    14.72    9.23
  88781.061    73.546    12.98    7.68
  89145.962    77.787    11.62    7.07
  89510.780    81.244     9.47    7.96
  89875.517    85.383    11.35    7.76
  90240.171    89.437    11.12    7.52
  90604.743    93.433    10.96    7.00
  90973.300    95.865     6.60    5.96
  91355.107    96.999     2.97    5.47
  91736.822    96.538    -1.21    6.31
  92118.446    94.527    -5.27    6.74
  92499.978    93.315    -3.18    6.13
  92881.418    92.102    -3.18    5.17
  93262.767    91.695    -1.07    4.18
  93644.024    91.368    -0.86    3.41
  94025.190    91.468     0.26    2.87
  94406.265    90.763    -1.85    2.99
  94787.248    89.219    -4.05    2.85
  95168.140    86.744    -6.50    4.03
  95548.940    82.983    -9.88    5.28
  95929.650    79.451    -9.28    6.07
  96310.269    75.963    -9.16    5.49
  96690.796    76.766     2.11    6.50
  97071.233    77.983     3.20    8.12
  97451.579    80.104     5.58    7.92
  97831.834    82.418     6.09    6.21
  98211.998    82.904     1.28    5.31
  98592.072    85.580     7.04    6.80
  98972.055    88.194     6.88    7.89
  99351.947    89.952     4.63    7.51
  99731.749    90.357     1.07    7.42
 100111.461    89.096    -3.32    7.02
 100491.082    86.571    -6.65    6.45
 100870.613    84.173    -6.32    6.36
 101250.054    78.059   -16.11    9.01
 101629.404    71.163   -18.18    9.58
 102008.665    66.137   -13.25    6.72
 102387.835    63.856    -6.01    5.17
 102766.916    63.836    -0.05    5.07
 103145.907    63.875     0.10    4.19
 103524.807    63.398    -1.26    3.71
 103903.618    65.074     4.42    4.61
 104282.340    68.423     8.84    4.58
 104660.971    72.466    10.68    5.71
 105039.513    77.321    12.82    7.09
 105417.966    80.599     8.66    7.04
 105796.329    81.973     3.63    6.16
 106174.603    80.596    -3.64    7.43
 106552.787    76.693   -10.32    9.68
 106930.882    71.000   -15.06    8.61
 107308.888    70.205    -2.10    8.13
 107686.805    72.980     7.34    8.97
 108064.632    78.077    13.49    7.23
 108442.371    81.288     8.50    5.03
 108820.020    81.409     0.32    6.05
 109197.581    80.554    -2.26    7.62
 109575.053    79.161    -3.69    8.61
 109952.436    75.580    -9.49    9.51
 110329.730    72.010    -9.46    8.44
 110706.936    68.403    -9.56    4.65
 111084.053    68.025    -1.00    3.34
 111461.082    69.246     3.24    3.48
 111838.022    70.914     4.42    4.30
 112214.874    71.923     2.68    4.37
 112591.637    71.017    -2.40    4.93
 112968.312    68.913    -5.59    5.77
 113344.899    65.856    -8.12    5.07
 113721.398    63.178    -7.11    3.71
 114097.808    61.807    -3.64    4.08
 114474.131    60.574    -3.28    5.05
 114850.365    59.198    -3.66    5.95
 115226.512    56.731    -6.56    6.45
 115602.571    53.418    -8.81    5.73
 115978.542    51.615    -4.79    4.49
 116354.425    52.454     2.23    6.02
 116730.220    57.263    12.80    8.80
 117105.928    62.546    14.06    7.86
 117481.549    65.333     7.42    6.35
 117857.082    66.413     2.88    5.99
 118232.527    68.590     5.80    7.64
 118607.885    69.739     3.06    7.87
 118983.156    69.913     0.47    7.71
 119358.339    67.787    -5.67    6.98
 119733.436    65.198    -6.90    5.04
 120108.445    63.590    -4.29    3.14
 120483.367    62.666    -2.46    2.36
 120858.202    61.519    -3.06    3.41
 121232.950    59.250    -6.06    4.80
 121607.611    57.185    -5.51    3.87
 121982.186    56.913    -0.73    3.83
 122356.673    58.240     3.54    4.26
 122731.074    60.101     4.97    3.61
 123105.388    60.972     2.32    2.85
 123479.616    61.447     1.27    3.07
 123853.757    61.846     1.07    3.23
 124227.811    61.866     0.05    3.58
 124601.780    61.517    -0.93    4.37
 124975.661    60.266    -3.35    4.97
 125349.457    57.535    -7.30    4.56
 125723.166    56.218    -3.52    3.63
 126096.789    55.193    -2.74    3.18
 126470.326    53.296    -5.08    4.91
 126843.777    52.963    -0.89    5.74
 127217.142    52.379    -1.56    6.00
 127590.421    51.704    -1.81    6.12
 127963.614    49.541    -5.80    6.82
 128336.721    45.683   -10.34    7.20
 128709.742    42.557    -8.38    4.44
 129082.678    42.590     0.09    4.32
 129455.528    44.637     5.49    5.13
 129828.292    47.740     8.32    5.03
 130200.971    49.043     3.50    4.83
 130573.565    50.152     2.98    4.29
 130946.073    49.933    -0.59    3.52
 131318.495    49.298    -1.70    3.76
 131690.833    48.048    -3.36    4.19
 132063.085    47.551    -1.34    4.64
 132435.251    48.202     1.75    5.23
 132807.333    48.965     2.05    5.27
 133179.330    49.375     1.10    4.76
 133551.241    49.823     1.20    4.04
 133923.068    49.199    -1.68    2.90
 134294.810    48.884    -0.85    2.58
 134666.467    49.323     1.18    2.55
 135038.039    49.462     0.37    3.05
 135409.526    49.727     0.71    3.44
 135780.929    50.923     3.22    3.22
 136152.247    52.460     4.14    2.80
 136523.480    52.123    -0.91    2.72
 136894.629    50.793    -3.58    3.54
 137265.694    48.760    -5.48    4.08
 137636.674    47.502    -3.39    3.23
 138007.570    46.816    -1.85    2.36
 138378.382    46.038    -2.10    2.83
 138749.109    44.853    -3.20    4.03
 139119.752    43.260    -4.30    4.26
 139490.311    41.344    -5.17    4.74
 139860.786    37.990    -9.05    5.69
 140231.177    34.952    -8.20    5.73
 140601.484    31.279    -9.92    5.20
 140971.707    27.637    -9.84    5.04
 141341.847    26.651    -2.66    5.12
 141711.902    26.096    -1.50    4.64
 142081.874    25.944    -0.41    4.72
 142451.763    24.951    -2.68    4.79
 142821.567    23.546    -3.80    4.09
 143191.288    22.723    -2.22    3.00
 143560.926    22.335    -1.05    2.81
 143930.480    22.894     1.51    2.08
 144299.951    23.663     2.08    2.33
 144669.338    26.253     7.01    4.54
 145038.643    29.337     8.35    5.31
 145407.864    33.018     9.97    5.33
 145777.001    36.644     9.82    4.71
 146146.056    38.583     5.25    3.86
 146515.028    39.380     2.16    3.36
 146883.917    39.615     0.64    3.40
 147252.722    39.433    -0.49    4.72
 147621.445    40.971     4.17    5.79
 147990.085    42.510     4.17    6.55
 148358.643    44.058     4.20    7.11
 148727.117    46.217     5.86    6.97
 149095.509    47.663     3.93    5.68
 149463.819    47.685     0.06    4.87
 149832.046    47.020    -1.81    3.84
 150200.190    46.154    -2.35    3.10
 150568.252    46.285     0.36    2.80
 150936.231    47.748     3.98    3.41
 151304.129    49.171     3.87    2.88
 151671.944    49.615     1.21    2.73
 152039.676    48.314    -3.54    4.01
 152407.327    46.331    -5.39    4.03
 152774.895    44.971    -3.70    3.39
 153142.382    43.817    -3.14    2.53
 153509.786    43.739    -0.21    2.06
 153877.108    44.363     1.70    2.12
 154244.349    44.663     0.82    2.23
 154611.508    44.828     0.45    2.56
 154978.585    45.646     2.23    2.94
 155345.580    47.058     3.85    3.32
 155712.494    48.657     4.36    2.75
 156079.325    48.797     0.38    2.50
 156446.076    48.636    -0.44    2.78
 156812.745    49.472     2.28    4.21
 157179.332    50.933     3.98    4.57
 157545.838    53.523     7.07    2.94
 157912.263    54.856     3.64    1.63
 158278.606    55.039     0.50    1.30
 158644.868    54.874    -0.45    1.32
 159011.049    55.458     1.59    1.44
 159377.149    56.207     2.05    1.96
 159743.168    56.282     0.20    2.11
 160109.105    56.260    -0.06    2.45
 160474.962    55.333    -2.53    2.90
 160840.738    54.333    -2.73    2.40
 161206.433    53.292    -2.85    2.28
 161572.047    52.688    -1.65    2.11
 161937.580    52.101    -1.60    1.80
 162303.033    52.001    -0.28    1.52
 162668.405    52.047     0.13    0.99
 163033.696    52.600     1.51    1.82
 163398.907    53.359     2.08    1.95
 163764.037    53.963     1.65    1.99
 164129.087    54.345     1.05    2.12
 164494.057    54.117    -0.62    1.98
 164858.946    54.205     0.24    1.90
 165223.755    53.790    -1.14    2.07
 165588.483    52.903    -2.43    1.84
 165968.530    52.354    -1.44    1.62
 166350.076    52.845     1.28    1.99
 166731.534    54.041     3.14    2.24
 167112.901    55.639     4.19    2.07
 167494.180    56.458     2.15    2.39
 167875.369    56.649     0.50    3.21
 168256.469    55.952    -1.83    3.92
 168637.480    55.002    -2.49    3.81
 169018.401    53.538    -3.84    3.46
 169399.234    50.626    -7.65    4.66
 169779.978    46.590   -10.60    6.31
 170160.633    43.649    -7.73    5.48
 170541.199    43.052    -1.57    4.93
 170921.676    45.794     7.21    6.37
 171302.065    49.826    10.60    5.80
 171682.365    53.289     9.11    3.51
 172062.577    53.865     1.51    2.96
 172442.700    53.529    -0.88    3.81
 172822.734    53.580     0.13    4.39
 173202.680    54.236     1.73    4.73
 173582.538    54.413     0.47    4.48
 173962.307    53.883    -1.39    3.91
 174341.989    53.845    -0.10    3.57
 174721.582    54.829     2.59    3.90
 175101.087    56.476     4.34    4.14
 175480.504    58.183     4.50    3.47
 175859.833    59.609     3.76    3.06
 176239.074    60.770     3.06    2.14
 176618.227    59.991    -2.05    2.71
 176997.293    58.773    -3.21    3.24
 177376.271    57.010    -4.65    2.74
 177755.161    55.523    -3.93    1.42
 178133.963    55.315    -0.55    1.32
 178512.678    54.923    -1.04    1.30
 178891.306    54.288    -1.68    1.63
 179269.846    53.772    -1.37    1.79
 179648.299    54.198     1.13    2.61
 180026.664    54.626     1.13    2.79
 180404.942    54.535    -0.24    2.85
 180783.133    53.933    -1.59    3.15
 181161.237    52.913    -2.70    2.56
 181539.253    52.472    -1.17    1.94
 181917.183    52.853     1.01    2.67
 182295.026    52.835    -0.05    3.76
 182672.782    51.616    -3.23    4.79
 183050.451    50.088    -4.05    5.38
 183428.033    48.620    -3.89    4.83
 183805.528    47.139    -3.92    3.16
 184182.937    47.542     1.07    2.74
 184560.260    48.815     3.37    3.13
 184937.495    50.464     4.37    3.41
 185314.645    51.787     3.51    2.44
 185691.707    51.532    -0.68    2.12
 186068.684    49.680    -4.91    2.58
 186445.574    48.129    -4.12    2.48
 186822.378    49.111     2.61    3.68
 187199.096    50.610     3.98    4.23
 187575.727    51.835     3.25    3.43
 187952.273    52.125     0.77    2.74
 188328.732    50.725    -3.72    2.91
 188705.106    50.398    -0.87    2.78
 189081.393    50.874     1.27    2.87
 189457.595    50.313    -1.49    3.23
 189833.711    49.472    -2.24    3.82
 190209.741    49.448    -0.06    4.08
 190585.686    50.671     3.25    4.09
 190961.545    52.953     6.07    2.78
 191337.318    54.663     4.55    1.84
 191713.006    56.117     3.87    2.80
 192088.609    57.439     3.52    2.52
 192464.126    57.321    -0.31    2.56
 192839.558    55.872    -3.86    3.66
 193214.904    53.729    -5.71    3.43
 193590.165    52.495    -3.29    2.68
 193965.342    51.658    -2.23    2.57
 194340.433    51.163    -1.32    2.58
 194715.439    51.002    -0.43    2.14
 195090.360    51.032     0.08    2.26
 195465.196    51.323     0.78    2.41
 195839.947    51.863     1.44    1.97
 196214.613    52.145     0.75    1.63
 196589.195    52.388     0.65    1.77
 196963.692    53.493     2.95    2.32
 197338.105    53.766     0.73    2.68
 197712.432    52.640    -3.01    3.67
 198086.676    51.482    -3.10    3.67
 198460.834    50.923    -1.49    3.67
 198834.909    52.487     4.18    4.45
 199208.899    54.984     6.68    3.61
 199582.804    56.825     4.92    2.13
 199956.626    57.666     2.25    1.34
 200330.363    56.963    -1.88    2.02
 200704.016    55.171    -4.80    3.20
 201077.585    51.773    -9.09    4.60
 201451.070    48.178    -9.62    4.73
 201824.472    45.340    -7.60    3.77
 202197.789    43.725    -4.32    3.10
 202571.022    43.882     0.42    3.29
 202944.172    47.256     9.04    5.79
 203317.237    50.715     9.27    5.91
 203690.219    53.384     7.16    3.26
 204063.118    53.691     0.82    2.49
 204435.933    52.200    -4.00    2.81
 204808.664    50.443    -4.71    2.32
 205181.312    49.707    -1.97    1.86
 205553.877    50.553     2.27    2.50
 205926.358    51.347     2.13    2.81
 206298.756    52.458     2.98    2.48
 206671.070    52.700     0.65    2.22
 207043.302    52.884     0.49    2.55
 207415.450    53.732     2.28    2.83
 207787.515    54.379     1.74    2.95
 208159.497    55.307     2.50    2.40
 208531.397    55.973     1.79    2.48
 208903.213    56.359     1.04    2.47
 209274.946    57.054     1.87    2.29
 209646.597    57.121     0.18    2.51
 210018.165    56.655    -1.25    2.86
 210389.650    56.776     0.33    3.05
 210761.053    58.162     3.73    2.83
 211132.373    60.041     5.06    2.28
 211503.610    60.963     2.48    1.90
 211874.765    62.043     2.91    1.82
 212245.838    62.093     0.13    2.19
 212616.828    61.173    -2.48    2.85
 212987.736    59.893    -3.45    3.87
 213358.561    59.448    -1.20    3.87
 213729.305    59.101    -0.94    3.78
 214099.966    59.740     1.72    4.23
 214470.545    60.658     2.48    3.83
 214841.042    60.546    -0.30    3.62
 215211.458    59.527    -2.75    3.81
 215581.791    58.196    -3.59    4.46
 215952.042    57.095    -2.97    5.34
 216322.212    55.393    -4.60    5.67
 216692.299    54.378    -2.74    5.43
 217062.305    52.393    -5.36    5.61
 217432.230    47.944   -12.02    8.91
 217802.072    41.560   -17.26   10.29
 218171.833    36.872   -12.68    8.79
 218541.513    36.992     0.33    7.61
 218911.111    40.822    10.36    7.63
 219280.628    45.792    13.45    4.61
 219650.064    47.473     4.55    3.61
 220019.418    47.570     0.26    3.58
 220388.691    47.463    -0.29    3.82
 220757.882    46.901    -1.52    4.16
 221126.993    46.031    -2.36    3.97
 221496.022    45.433    -1.62    4.12
 221864.971    44.756    -1.83    3.99
 222233.838    43.693    -2.88    3.37
 222602.625    44.503     2.20    4.11
 222971.331    45.103     1.63    4.15
 223339.956    46.270     3.17    3.88
 223708.500    45.992    -0.75    3.47
 224076.963    45.260    -1.99    3.08
 224445.346    44.373    -2.41    3.27
 224813.648    42.357    -5.47    3.24
 225181.870    41.923    -1.18    3.24
 225550.011    41.573    -0.95    3.21
 225918.071    40.643    -2.53    3.95
 226286.052    40.743     0.27    4.13
 226653.952    39.631    -3.02    3.55
 227021.771    39.747     0.31    3.39
 227389.510    42.009     6.15    3.10
 227757.170    42.473     1.26    3.04
 228124.749    43.222     2.04    2.78
 228492.248    42.633    -1.60    3.32
 228859.666    39.824    -7.64    4.55
 229227.005    39.387    -1.19    5.38
 229594.264    39.626     0.65    5.15
 229961.443    39.506    -0.33    5.66
 230328.543    39.717     0.57    5.47
 230695.562    37.438    -6.21    5.21
 231062.502    34.775    -7.26    5.52
 231429.362    33.843    -2.54    4.76
 231796.143    32.640    -3.28    4.72
 232162.843    33.002     0.99    6.11
 232529.465    35.017     5.49    6.38
 232896.007    36.874     5.06    7.22
 233262.469    40.372     9.55    6.77
 233628.852    44.145    10.30    4.82
 233995.156    45.487     3.66    3.12
 234361.381    45.423    -0.18    3.29
 234727.526    45.091    -0.91    3.15
 235093.592    45.445     0.97    2.68
 235459.579    46.656     3.31    2.45
 235825.487    47.768     3.04    2.24
 236191.316    48.319     1.51    2.72
 236557.066    49.196     2.40    3.11
 236922.738    50.923     4.72    3.45
 237288.330    51.705     2.14    3.76
 237653.843    52.881     3.22    3.96
 238019.278    54.933     5.61    5.18
 238384.634    57.075     5.86    5.66
 238749.911    60.723     9.99    5.57
 239115.110    63.333     7.15    4.89
 239480.230    64.861     4.18    5.09
 239845.272    64.563    -0.82    5.40
 240210.235    63.996    -1.55    5.56
 240584.843    63.913    -0.22    5.17
 240966.220    64.818     2.37    4.81
 241347.509    65.755     2.46    3.99
 241728.711    66.934     3.09    3.79
 242109.826    65.176    -4.61    5.24
 242490.854    61.923    -8.53    6.78
 242871.795    57.052   -12.79    8.92
 243252.650    50.891   -16.17    9.90
 243633.417    46.155   -12.44    9.65
 244014.098    44.091    -5.42    7.80
 244394.693    44.418     0.86    6.62
 244775.200    44.954     1.41    5.92
 245155.621    47.226     5.97    5.95
 245535.956    49.968     7.21    5.29
 245916.204    52.123     5.67    4.27
 246296.366    54.111     5.23    2.62
 246676.441    55.907     4.72    4.06
