# NaN NaN NaN ;Mean Elev.(m), Avg Gradient(m/km), RMS Gradient(m/km) - SRTM1     
#    1.211   1.973  10.441 ;Mean Elev.(m), Avg Gradient(m/km), RMS Gradient(m/km) - ASTER GDEM
#    0.181   1.907   8.420 ;Mean Elev.(m), Avg Gradient(m/km), RMS Gradient(m/km) - GMTED2010 
  7  83.361865  70.048938    63.141    64.303  5 52470.25271458  4.163
  8  83.350467  70.042878    59.159    60.707 10 52505.25269907  7.042
  9  83.372739  70.036738     0.988     1.372 11 52540.25268224 22.380
 11  83.359946  70.048794    64.821    64.428  6 52610.25268698  3.028
 12  83.369628  70.045138    65.548    65.602  6 52645.25267704  1.651
 16  83.372016  70.038219     2.571     2.631  9 52785.25267139 21.698
 17  83.370754  70.040335    58.090    58.057  6 52820.25274613  2.845
 18  83.364273  70.039130     0.863     0.898 10 52855.25279472 27.542
 20  83.338806  70.041996    63.473    62.135  7 52925.25278123  9.582
 21  83.373578  70.038297    64.500    64.569  9 52960.25274825  2.856
 22  83.369992  70.047417    66.134    65.613  5 52995.25278180  1.161
 23  83.357251  70.052855    68.882    70.020  3 53030.25274444  0.671
 28  83.369335  70.051304    61.913    62.105  4 53205.25282038  3.814
 29  83.361881  70.049133    61.331    60.948  6 53240.25278900  5.558
 31  83.357854  70.041930    62.480    62.876  9 53310.25280435  4.787
 32  83.363720  70.050379    66.475    66.457  4 53345.25276883  0.618
 37  83.357217  70.042099    60.674    60.262 10 53520.25282239  6.306
 39  83.362536  70.048949    63.919    65.233  6 53590.25278736  3.996
 40  83.368032  70.038696     1.541     1.488 10 53625.25277036 18.148
 41  83.361807  70.040584    62.763    62.685 10 53660.25279661 10.284
 42  83.349123  70.043031    62.313    61.362  9 53695.25277003  5.807
 43  83.348870  70.046805    63.046    62.312  7 53730.25269223  2.161
 45  83.363601  70.052743    69.400    68.472  3 53800.25266246  0.760
 48  83.363568  70.045585    60.920    60.251  6 53905.25276101  4.606
 49  83.360896  70.050119    64.097    63.821  4 53940.25279247  2.068
 50  83.354447  70.050894    65.358    65.271  3 53975.25275058  1.000
 51  83.371401  70.036038     6.775     0.600 10 54010.25274995 18.883
 52  83.365990  70.039144    62.302    62.175 10 54045.25276686  3.150
 54  83.358086  70.056765    66.396    66.396  2 54115.25269199  0.331
 58  83.353820  70.039641    27.782    27.637  7 54255.25274150 32.105
 59  83.367339  70.048140    63.258    65.299  6 54290.25274210  1.805
 60  83.357289  70.042489     0.621     0.629 10 54325.25274096 28.985
 61  83.344564  70.046605    56.952    56.672  8 54360.25269394  5.415
 62  83.359425  70.039852    62.221    62.604 10 54395.25268142  5.908
 63  83.357740  70.048856    63.024    63.148  5 54430.25264338  0.749
 64  83.379466  70.049523    68.000    67.558  3 54465.25265911  0.367
 65  83.370701  70.055258    70.175    70.175  2 54500.25265381  0.406
 69  83.352703  70.041840    58.180    58.479  9 54640.25267994  8.097
 70  83.368023  70.050765    26.181    18.229  4 54675.25268024  8.054
 71  83.352749  70.047171    63.153    62.001  5 54710.25263778  2.999
 72  83.356792  70.038878    61.601    61.804  7 54745.25264988  4.907
 73  83.353458  70.041660    65.099    66.974  9 54780.25262310  6.661
 74  83.371910  70.046259    66.001    66.134  6 54815.25264136  1.545
 75  83.363994  70.051580    65.672    66.021  3 54850.25261953  1.667
 76  83.374913  70.051596    68.459    68.459  2 54885.25264426  0.373
 79  83.355647  70.041377    39.662    42.369 10 54990.25266532 12.396
 80  83.364857  70.050240    63.009    63.770  4 55025.25265488  2.927
 81  83.350297  70.038347     0.614     0.478  8 55060.25265127 21.561
 82  83.347026  70.048577    61.096    60.103  6 55095.25260125  8.089
 83  83.358885  70.040980    62.030    62.463 10 55130.25259277  6.388
 84  83.364666  70.050466    65.331    65.303  5 55165.25256236  1.827
 85  83.378482  70.052920    67.826    67.826  2 55200.25258182  0.592
 90  83.352251  70.041913    60.422    60.832 10 55375.25254281  9.005
 91  83.362308  70.041160    59.233    58.930 10 55410.25256464  5.317
 92  83.355266  70.042335    59.506    59.629  9 55445.25255884  6.259
 93  83.339918  70.044744    66.583    64.752 10 55480.25249375  9.355
