# NaN NaN NaN ;Mean Elev.(m), Avg Gradient(m/km), RMS Gradient(m/km) - SRTM1     
#    0.139  -4.130  14.355 ;Mean Elev.(m), Avg Gradient(m/km), RMS Gradient(m/km) - ASTER GDEM
#   25.000  -3.768  11.171 ;Mean Elev.(m), Avg Gradient(m/km), RMS Gradient(m/km) - GMTED2010 
  6    33.888 52440.21447206 14.11  89.189921  62.073035 16.363
  6    33.825 52440.21447271 13.99  89.187451  62.069885 16.363
  6    26.309 52440.21447335 15.33  89.184991  62.066745 16.363
  6    26.752 52440.21447400 15.45  89.182521  62.063595 16.363
  6    31.541 52440.21447464 15.06  89.180051  62.060445 16.363
  6    31.963 52440.21447529 14.63  89.177591  62.057295 16.363
  6    31.963 52440.21447593 15.51  89.175121  62.054155 16.363
  6    31.834 52440.21447658 16.28  89.172661  62.051005 16.363
  6    30.611 52440.21447722 18.06  89.170191  62.047855 16.363
  7    34.001 52475.21447008 13.18  89.192968  62.071118 15.407
  7    34.269 52475.21447073 12.46  89.190498  62.067968 15.407
  7    24.922 52475.21447137 13.21  89.188028  62.064818 15.407
  7    25.942 52475.21447202 13.83  89.185568  62.061678 15.407
  7    26.188 52475.21447266 15.19  89.183098  62.058528 15.407
  7    23.022 52475.21447331 17.19  89.180638  62.055378 15.407
  7    23.185 52475.21447395 19.67  89.178168  62.052228 15.407
  7    23.133 52475.21447460 23.30  89.175708  62.049088 15.407
  7    23.231 52475.21447524 25.22  89.173238  62.045938 15.407
  8    22.230 52510.21442885 13.61  89.193329  62.068266 11.459
  8    22.101 52510.21442950 13.15  89.190859  62.065116 11.459
  8    22.135 52510.21443014 14.33  89.188399  62.061966 11.459
  8    22.108 52510.21443079 16.28  89.185929  62.058816 11.459
  8    21.923 52510.21443143 17.48  89.183469  62.055676 11.459
  8    21.794 52510.21443208 20.00  89.181009  62.052526 11.459
  8    21.989 52510.21443272 21.57  89.178539  62.049376 11.459
  8    22.166 52510.21443337 23.44  89.176079  62.046226 11.459
  8    22.420 52510.21443401 27.05  89.173619  62.043076 11.459
  9    22.106 52545.21444126 13.96  89.196074  62.051936 26.123
  9    23.140 52545.21444190 14.97  89.193604  62.048786 26.123
  9    23.603 52545.21444255 15.31  89.191144  62.045636 26.123
  9    23.784 52545.21444319 16.91  89.188674  62.042486 26.123
  9    23.727 52545.21444384 18.61  89.186214  62.039346 26.123
  9    23.386 52545.21444448 21.00  89.183754  62.036196 26.123
  9    23.752 52545.21444512 26.23  89.181284  62.033046 26.123
  9    23.907 52545.21444577 27.48  89.178824  62.029896 26.123
 10    22.265 52580.21447058 44.45  89.192098  62.061990 22.986
 10    22.069 52580.21447122 44.52  89.189628  62.058840 22.986
 10    21.293 52580.21447187 44.53  89.187168  62.055690 22.986
 10    21.153 52580.21447251 45.17  89.184698  62.052540 22.986
 10    21.262 52580.21447315 47.67  89.182238  62.049400 22.986
 10    21.266 52580.21447380 47.90  89.179768  62.046250 22.986
 10    21.343 52580.21447444 46.37  89.177308  62.043100 22.986
 10    21.250 52580.21447509 33.96  89.174848  62.039950 22.986
 11    23.232 52615.21443667 18.88  89.188228  62.074851  6.203
 11    23.520 52615.21443731 19.16  89.185758  62.071701  6.203
 11    23.274 52615.21443796 19.22  89.183298  62.068561  6.203
 11    23.589 52615.21443860 20.44  89.180828  62.065411  6.203
 11    23.849 52615.21443925 20.73  89.178368  62.062261  6.203
 11    26.698 52615.21443989 20.44  89.175898  62.059111  6.203
 11    27.464 52615.21444053 19.99  89.173438  62.055971  6.203
 11    28.075 52615.21444118 20.27  89.170968  62.052821  6.203
 12    24.833 52650.21441881 16.35  89.194012  62.054432  3.904
 12    25.745 52650.21441945 16.43  89.191542  62.051282  3.904
 12    26.888 52650.21442010 16.90  89.189082  62.048142  3.904
 12    26.602 52650.21442074 18.18  89.186612  62.044992  3.904
 12    28.390 52650.21442139 17.51  89.184152  62.041842  3.904
 12    28.898 52650.21442203 17.18  89.181692  62.038692  3.904
 12    29.407 52650.21442267 17.27  89.179222  62.035542  3.904
 13    24.314 52685.21440234 11.12  89.191860  62.065697  3.146
 13    24.456 52685.21440299 11.94  89.189400  62.062547  3.146
 13    25.762 52685.21440363 11.36  89.186930  62.059407  3.146
 13    26.820 52685.21440428 12.19  89.184470  62.056257  3.146
 13    27.757 52685.21440492 12.04  89.182010  62.053107  3.146
 13    28.408 52685.21440557 12.45  89.179540  62.049957  3.146
 13    29.159 52685.21440621 11.97  89.177080  62.046807  3.146
 13    29.674 52685.21440686 11.86  89.174620  62.043667  3.146
 13    30.286 52685.21440750 12.43  89.172159  62.040517  7.702
 14    23.799 52720.21445446 11.26  89.191857  62.063075  4.857
 14    25.071 52720.21445511 11.35  89.189397  62.059925  4.857
 14    25.825 52720.21445575 11.38  89.186927  62.056785  4.857
 14    26.737 52720.21445640 11.47  89.184467  62.053635  4.857
 14    27.152 52720.21445704 12.15  89.181997  62.050485  4.857
 14    28.256 52720.21445769 11.61  89.179537  62.047335  4.857
 14    28.381 52720.21445833 11.65  89.177067  62.044195  4.857
 14    28.642 52720.21445897 11.63  89.174607  62.041045  4.857
 15    24.574 52755.21447795  9.04  89.176182  62.068523  3.621
 15    24.978 52755.21447860  9.84  89.173722  62.065373  3.621
 15    24.865 52755.21447924  9.47  89.171252  62.062223  3.621
 15    28.222 52755.21447989  9.04  89.168792  62.059083  3.621
 15    28.926 52755.21448053  9.15  89.166322  62.055933  3.621
 16    29.727 52790.21442868 17.50  89.196674  62.052019  3.176
 16    29.724 52790.21442933 17.64  89.194204  62.048869  3.176
 16    29.670 52790.21442997 18.37  89.191744  62.045719  3.176
 16    29.694 52790.21443062 18.70  89.189274  62.042579  3.176
 16    29.765 52790.21443126 20.26  89.186814  62.039429  3.176
 16    29.964 52790.21443191 21.16  89.184354  62.036275 37.332
 16    30.329 52790.21443255 21.77  89.181884  62.033135 37.332
 16    31.442 52790.21443320 22.40  89.179424  62.029985 37.332
 17    22.282 52825.21449818 51.47  89.195928  62.054129 16.954
 17    23.485 52825.21449883 56.31  89.193458  62.050979 16.954
 17    22.250 52825.21449947 52.27  89.190998  62.047829 16.954
 17    23.155 52825.21450012 51.55  89.188528  62.044679 16.954
 17    22.327 52825.21450076 51.31  89.186068  62.041539 16.954
 17    22.206 52825.21450141 53.12  89.183608  62.038389 16.954
 17    22.288 52825.21450205 52.31  89.181143  62.035244 35.711
 17    22.689 52825.21450270 42.32  89.178673  62.032094 35.711
 18    22.097 52860.21454420 14.20  89.196205  62.053411  5.375
 18    21.805 52860.21454485 16.20  89.193745  62.050261  5.375
 18    21.802 52860.21454549 17.62  89.191275  62.047111  5.375
 18    22.071 52860.21454614 19.07  89.188815  62.043961  5.375
 18    22.000 52860.21454678 22.24  89.186345  62.040821  5.375
 18    22.307 52860.21454743 25.10  89.183885  62.037671  5.375
 18    22.095 52860.21454807 28.92  89.181424  62.034525 36.077
 18    22.214 52860.21454871 30.29  89.178954  62.031375 36.077
 19    21.809 52895.21457617 45.73  89.176437  62.049649 28.945
 19    21.791 52895.21457682 44.35  89.173977  62.046509 28.945
 20    33.495 52930.21451966  9.80  89.187622  62.078149  9.272
 20    27.036 52930.21452031 12.92  89.185162  62.075009  9.272
 20    21.936 52930.21452095 17.57  89.182692  62.071859  9.272
 20    22.080 52930.21452160 18.06  89.180232  62.068709  9.272
 20    22.794 52930.21452224 18.61  89.177762  62.065559  9.272
 20    22.261 52930.21452289 20.15  89.175302  62.062419  9.272
 20    27.506 52930.21452353 20.38  89.172832  62.059269  9.272
 20    28.795 52930.21452417 21.18  89.170372  62.056119  9.272
 20    29.497 52930.21452482 22.78  89.167912  62.052969  9.272
 21    23.533 52965.21451600 24.17  89.194974  62.048918  5.444
 21    23.715 52965.21451664 28.60  89.192504  62.045768  5.444
 21    23.617 52965.21451729 30.91  89.190043  62.042617  9.429
 21    23.717 52965.21451793 35.38  89.187583  62.039477  9.429
 21    23.831 52965.21451858 29.15  89.185113  62.036327  9.429
 21    23.370 52965.21451922 28.20  89.182653  62.033177  9.429
 21    23.430 52965.21451987 26.57  89.180193  62.030027  9.429
 22    25.133 53000.21454792 15.66  89.183694  62.063333  3.971
 22    25.984 53000.21454857 16.81  89.181224  62.060183  3.971
 22    26.382 53000.21454921 17.73  89.178764  62.057033  3.971
 22    27.545 53000.21454986 17.68  89.176294  62.053883  3.971
 22    27.982 53000.21455050 17.92  89.173834  62.050743  3.971
 22    28.803 53000.21455115 17.58  89.171374  62.047593  3.971
 23    24.058 53035.21449604 13.27  89.183520  62.069848  4.087
 23    25.822 53035.21449668 13.05  89.181050  62.066698  4.087
 23    26.783 53035.21449733 13.17  89.178590  62.063548  4.087
 23    27.389 53035.21449797 12.53  89.176120  62.060398  4.087
 23    27.962 53035.21449862 13.19  89.173660  62.057258  4.087
 23    28.630 53035.21449926 14.14  89.171200  62.054108  4.087
 23    29.036 53035.21449990 14.49  89.168730  62.050958  4.087
 24    25.565 53070.21451782 11.57  89.186767  62.054397  3.136
 24    27.347 53070.21451847 10.25  89.184307  62.051257  3.136
 24    28.207 53070.21451911 10.72  89.181837  62.048107  3.136
 24    28.435 53070.21451976 10.24  89.179373  62.044953  7.931
 24    29.466 53070.21452040 10.48  89.176913  62.041813  7.931
 24    29.981 53070.21452105 11.13  89.174453  62.038663  7.931
 26    26.197 53140.21452352 34.26  89.193318  62.055324 10.525
 26    25.721 53140.21452416 34.55  89.190858  62.052184 10.525
 26    25.934 53140.21452481 35.83  89.188388  62.049034 10.525
 26    25.785 53140.21452545 36.76  89.185929  62.045880 23.790
 26    25.780 53140.21452610 38.62  89.183469  62.042740 23.790
 26    25.711 53140.21452674 38.08  89.180999  62.039590 23.790
 26    25.620 53140.21452739 40.25  89.178539  62.036440 23.790
 28    33.717 53210.21457303 16.63  89.192929  62.069666  8.226
 28    23.279 53210.21457367 14.55  89.190459  62.066516  8.226
 28    23.114 53210.21457432 15.44  89.187989  62.063366  8.226
 28    22.973 53210.21457496 16.66  89.185529  62.060216  8.226
 28    22.909 53210.21457561 18.17  89.183059  62.057076  8.226
 28    23.069 53210.21457625 18.50  89.180599  62.053926  8.226
 28    23.094 53210.21457690 20.25  89.178139  62.050776  8.226
 28    23.141 53210.21457754 23.21  89.175669  62.047626  8.226
 28    23.097 53210.21457819 29.04  89.173209  62.044476  8.226
 29    22.878 53245.21454090 12.09  89.193071  62.069964  6.789
 29    23.557 53245.21454154 12.77  89.190601  62.066814  6.789
 29    25.081 53245.21454218 13.12  89.188141  62.063664  6.789
 29    25.963 53245.21454283 13.89  89.185671  62.060514  6.789
 29    26.538 53245.21454347 14.90  89.183211  62.057374  6.789
 29    27.174 53245.21454412 17.77  89.180741  62.054224  6.789
 29    22.136 53245.21454476 21.08  89.178281  62.051074  6.789
 29    27.884 53245.21454541 22.40  89.175811  62.047924  6.789
 29    22.528 53245.21454605 25.89  89.173351  62.044774  6.789
 30    22.906 53280.21452570 47.91  89.195988  62.055965 11.121
 30    22.815 53280.21452635 49.14  89.193518  62.052815 11.121
 30    22.737 53280.21452699 46.03  89.191058  62.049665 11.121
 30    22.788 53280.21452764 48.73  89.188594  62.046514 35.403
 30    23.289 53280.21452828 43.86  89.186124  62.043374 35.403
 30    23.208 53280.21452893 32.93  89.183664  62.040224 35.403
 30    22.663 53280.21452957 29.71  89.181194  62.037074 35.403
 30    22.639 53280.21453022 42.51  89.178734  62.033924 35.403
 31    21.964 53315.21454228 45.19  89.193445  62.061797 19.655
 31    22.683 53315.21454293 41.67  89.190975  62.058647 19.655
 31    21.899 53315.21454357 42.81  89.188515  62.055497 19.655
 31    21.866 53315.21454422 42.22  89.186045  62.052347 19.655
 31    21.872 53315.21454486 41.93  89.183585  62.049207 19.655
 31    21.904 53315.21454551 43.05  89.181115  62.046057 19.655
 31    22.156 53315.21454615 41.26  89.178655  62.042907 19.655
 31    21.916 53315.21454680 37.05  89.176195  62.039757 19.655
 32    24.961 53350.21450990 30.43  89.183041  62.053071 10.676
 32    25.091 53350.21451054 32.42  89.180581  62.049931 10.676
 32    24.855 53350.21451119 31.58  89.178121  62.046781 10.676
 32    24.937 53350.21451183 27.93  89.175651  62.043631 10.676
 32    25.042 53350.21451248 26.51  89.173191  62.040481 10.676
 33    26.313 53385.21448889 15.77  89.195115  62.053908  3.348
 33    26.406 53385.21448953 16.71  89.192655  62.050758  3.348
 33    26.383 53385.21449017 18.32  89.190185  62.047608  3.348
 33    27.103 53385.21449082 18.24  89.187719  62.044457  5.874
 33    26.832 53385.21449146 19.07  89.185259  62.041317  5.874
 33    26.745 53385.21449211 19.09  89.182789  62.038167  5.874
 33    27.010 53385.21449275 18.24  89.180329  62.035017  5.874
 34    25.547 53420.21449310 14.84  89.195173  62.058001  4.141
 34    25.908 53420.21449374 15.45  89.192703  62.054861  4.141
 34    26.142 53420.21449439 16.81  89.190243  62.051711  4.141
 34    26.981 53420.21449503 16.46  89.187783  62.048561  4.141
 34    27.106 53420.21449568 17.26  89.185313  62.045411  4.141
 34    28.067 53420.21449632 16.90  89.182853  62.042261  4.141
 34    28.808 53420.21449697 15.79  89.180393  62.039121  4.141
 34    29.002 53420.21449761 16.06  89.177931  62.035973  6.655
 35    25.348 53455.21450041 14.69  89.197423  62.048549  3.536
 35    25.463 53455.21450106 15.11  89.194953  62.045399  3.536
 35    25.554 53455.21450170 15.39  89.192483  62.042249  3.536
 35    26.113 53455.21450235 15.39  89.190024  62.039098  5.964
 35    27.740 53455.21450299 15.86  89.187554  62.035958  5.964
 35    28.106 53455.21450364 15.20  89.185094  62.032808  5.964
 35    27.948 53455.21450428 15.39  89.182634  62.029658  5.964
 35    29.017 53455.21450493 15.09  89.180174  62.026508  5.964
 36    26.367 53490.21458184 25.18  89.191332  62.069668 11.735
 36    26.268 53490.21458249 22.18  89.188862  62.066518 11.735
 36    26.195 53490.21458313 19.66  89.186402  62.063368 11.735
 36    26.054 53490.21458377 21.32  89.183932  62.060228 11.735
 36    25.911 53490.21458442 22.40  89.181462  62.057078 11.735
 36    25.837 53490.21458506 22.83  89.179002  62.053928 11.735
 36    25.960 53490.21458571 22.10  89.176532  62.050778 11.735
 36    25.992 53490.21458635 23.12  89.174072  62.047628 11.735
 36    26.143 53490.21458700 23.13  89.171602  62.044488 11.735
 37    24.859 53525.21456805 17.77  89.193682  62.060360  5.639
 37    25.403 53525.21456870 18.79  89.191222  62.057210  5.639
 37    27.412 53525.21456934 17.35  89.188752  62.054060  5.639
 37    27.817 53525.21456999 17.17  89.186292  62.050920  5.639
 37    28.850 53525.21457063 16.62  89.183822  62.047770  5.639
 37    29.650 53525.21457128 15.78  89.181362  62.044620  5.639
 37    30.399 53525.21457192 16.69  89.178902  62.041470  5.639
 37    30.909 53525.21457257 17.78  89.176432  62.038320  5.639
 38    32.324 53560.21459362 13.20  89.188735  62.072597 11.821
 38    32.757 53560.21459427 14.05  89.186275  62.069457 11.821
 38    23.366 53560.21459491 14.94  89.183805  62.066307 11.821
 38    23.286 53560.21459556 15.97  89.181335  62.063157 11.821
 38    23.741 53560.21459620 17.01  89.178875  62.060007 11.821
 38    23.916 53560.21459685 18.21  89.176405  62.056867 11.821
 38    23.547 53560.21459749 21.10  89.173945  62.053717 11.821
 38    24.594 53560.21459814 24.30  89.171485  62.050567 11.821
 39    22.276 53595.21453274 12.06  89.192173  62.067284 10.260
 39    22.356 53595.21453339 12.84  89.189713  62.064134 10.260
 39    22.148 53595.21453403 15.01  89.187243  62.060984 10.260
 39    22.166 53595.21453468 15.69  89.184783  62.057834 10.260
 39    22.107 53595.21453532 17.71  89.182313  62.054694 10.260
 39    22.099 53595.21453596 21.20  89.179853  62.051544 10.260
 39    22.150 53595.21453661 24.90  89.177393  62.048394 10.260
 39    22.384 53595.21453725 27.16  89.174933  62.045244 10.260
 39    22.473 53595.21453790 32.66  89.172463  62.042104 10.260
 40    22.327 53630.21452804 11.89  89.195512  62.055879  4.089
 40    22.150 53630.21452869 13.62  89.193042  62.052729  4.089
 40    22.054 53630.21452933 14.88  89.190572  62.049579  4.089
 40    22.076 53630.21452998 15.97  89.188112  62.046439  4.089
 40    22.062 53630.21453062 18.70  89.185642  62.043289  4.089
 40    22.082 53630.21453127 20.63  89.183178  62.040138 35.093
 40    22.154 53630.21453191 25.03  89.180718  62.036998 35.093
 42    21.934 53700.21450661 49.65  89.183130  62.055541 19.091
 42    21.955 53700.21450726 45.39  89.180660  62.052391 19.091
 42    21.888 53700.21450790 45.02  89.178200  62.049251 19.091
 42    22.546 53700.21450855 40.50  89.175740  62.046101 19.091
 42    22.030 53700.21450919 32.25  89.173270  62.042951 19.091
 44    24.582 53770.21441662 17.74  89.195129  62.054946  4.482
 44    25.192 53770.21441726 18.60  89.192669  62.051806  4.482
 44    25.920 53770.21441791 19.16  89.190199  62.048656  4.482
 44    25.948 53770.21441855 18.81  89.187739  62.045506  4.482
 44    27.935 53770.21441919 18.16  89.185269  62.042356  4.482
 44    28.361 53770.21441984 19.92  89.182809  62.039216  4.482
 44    29.395 53770.21442048 19.54  89.180349  62.036066  4.482
 45    24.440 53805.21440776 10.53  89.191241  62.068830  4.152
 45    24.224 53805.21440840 11.75  89.188781  62.065690  4.152
 45    25.019 53805.21440905 12.91  89.186311  62.062540  4.152
 45    25.887 53805.21440969 13.04  89.183851  62.059390  4.152
 45    26.698 53805.21441034 13.15  89.181381  62.056240  4.152
 45    27.608 53805.21441098 13.33  89.178921  62.053090  4.152
 45    28.341 53805.21441163 13.69  89.176461  62.049950  4.152
 45    28.681 53805.21441227 14.89  89.174001  62.046800  4.152
 47   101.662 53875.21447723  7.00  89.189638  62.053663  2.768
 47   104.316 53875.21447788  6.69  89.187178  62.050513  2.768
 47   109.202 53875.21447852  2.59  89.184718  62.047363  2.768
 47   107.635 53875.21447917  1.15  89.182248  62.044213  2.768
 47   106.536 53875.21447981  0.90  89.179788  62.041073  2.768
 47   104.274 53875.21448045  1.09  89.177328  62.037923  2.768
 49    25.303 53945.21454046 21.34  89.189480  62.074562 17.176
 49    25.478 53945.21454110 23.56  89.187020  62.071412 17.176
 49    26.137 53945.21454433 36.26  89.174690  62.055672 17.176
 49    25.137 53945.21454497 27.31  89.172220  62.052522 17.176
 49    24.810 53945.21454562 27.45  89.169760  62.049382 17.176
 50    23.440 53980.21448820 11.63  89.188471  62.072598 20.922
 50    23.466 53980.21448884 12.72  89.186001  62.069448 20.922
 50    24.765 53980.21448949 12.39  89.183531  62.066298 20.922
 50    24.018 53980.21449013 13.83  89.181071  62.063148 20.922
 50    26.288 53980.21449078 15.06  89.178611  62.060008 20.922
 50    27.060 53980.21449142 15.88  89.176141  62.056858 20.922
 50    27.563 53980.21449207 17.64  89.173681  62.053708 20.922
 50    23.459 53980.21449271 21.21  89.171211  62.050558 20.922
 51    21.988 54015.21450968 47.45  89.197460  62.051278 20.735
 51    23.100 54015.21451032 50.52  89.194990  62.048128 20.735
 51    22.421 54015.21451097 46.47  89.192530  62.044978 20.735
 51    22.320 54015.21451161 47.83  89.190060  62.041828 20.735
 51    21.981 54015.21451226 48.62  89.187600  62.038688 20.735
 51    22.013 54015.21451290 50.15  89.185130  62.035538 20.735
 51    21.959 54015.21451355 50.34  89.182670  62.032388 20.735
 51    22.152 54015.21451419 36.87  89.180210  62.029238 20.735
 57    32.470 54225.21447078 32.84  89.194078  62.063048 19.331
 57    32.332 54225.21447142 29.06  89.191608  62.059898 19.331
 57    32.200 54225.21447207 21.61  89.189148  62.056748 19.331
 57    32.191 54225.21447271 19.98  89.186678  62.053598 19.331
 57    32.013 54225.21447336 19.75  89.184218  62.050448 19.331
 57    31.764 54225.21447400 21.17  89.181748  62.047308 19.331
 57    31.334 54225.21447464 23.12  89.179288  62.044158 19.331
 57    31.243 54225.21447529 25.20  89.176818  62.041008 19.331
 58    27.707 54260.21449300 38.70  89.185946  62.054250 20.619
 58    27.898 54260.21449364 37.03  89.183486  62.051100 20.619
 58    27.743 54260.21449429 34.38  89.181016  62.047960 20.619
 58    27.827 54260.21449493 30.95  89.178556  62.044810 20.619
 58    27.894 54260.21449558 30.66  89.176096  62.041660 20.619
 59    23.038 54295.21449503 13.62  89.193113  62.063811 22.215
 59    24.147 54295.21449567 13.78  89.190653  62.060661 22.215
 59    22.277 54295.21449631 17.43  89.188183  62.057511 22.215
 59    22.271 54295.21449696 21.80  89.185723  62.054361 22.215
 59    22.537 54295.21449760 22.18  89.183253  62.051211 22.215
 59    22.892 54295.21449825 24.85  89.180793  62.048071 22.215
 59    23.050 54295.21449889 29.44  89.178333  62.044921 22.215
 59    23.020 54295.21449954 32.36  89.175863  62.041771 22.215
 60    22.815 54330.21448917 29.96  89.184469  62.057740 21.288
 60    22.469 54330.21448981 31.15  89.181999  62.054590 21.288
 60    22.429 54330.21449045 30.16  89.179539  62.051440 21.288
 60    22.479 54330.21449110 32.48  89.177079  62.048300 21.288
 60    22.550 54330.21449174 32.18  89.174609  62.045150 21.288
 60    22.632 54330.21449239 42.40  89.172149  62.042000 21.288
 62    22.754 54400.21443064 46.00  89.189208  62.057153 22.947
 62    22.107 54400.21443128 46.52  89.186738  62.054013 22.947
 62    22.133 54400.21443192 47.20  89.184278  62.050863 22.947
 62    21.784 54400.21443257 47.55  89.181808  62.047713 22.947
 62    21.833 54400.21443321 38.11  89.179348  62.044563 22.947
 62    22.003 54400.21443386 31.45  89.176888  62.041423 22.947
 62    22.195 54400.21443450 28.34  89.174428  62.038273 22.947
 63    23.389 54435.21438676 28.25  89.184916  62.065357 14.498
 63    23.390 54435.21438740 26.55  89.182456  62.062207 14.498
 63    23.627 54435.21438805 25.31  89.179986  62.059057 14.498
 63    23.491 54435.21438869 25.37  89.177526  62.055917 14.498
 63    23.583 54435.21438934 25.70  89.175066  62.052767 14.498
 63    27.245 54435.21438998 24.92  89.172596  62.049617 14.498
 64    25.765 54470.21441464 12.17  89.193987  62.054290  6.064
 64    27.282 54470.21441529 11.95  89.191517  62.051150  6.064
 64    28.215 54470.21441593 12.66  89.189057  62.048000  6.064
 64    28.790 54470.21441658 13.48  89.186597  62.044850  6.064
 64    29.610 54470.21441722 14.11  89.184127  62.041700  6.064
 64    29.807 54470.21441786 14.73  89.181667  62.038560  6.064
 64    30.046 54470.21441851 17.12  89.179197  62.035410  6.064
 65    24.343 54505.21439948 14.29  89.189263  62.070973  5.416
 65    24.396 54505.21440012 16.20  89.186803  62.067833  5.416
 65    24.490 54505.21440077 17.15  89.184333  62.064683  5.416
 65    25.242 54505.21440141 16.37  89.181873  62.061533  5.416
 65    26.533 54505.21440206 15.42  89.179403  62.058383  5.416
 65    27.359 54505.21440270 15.46  89.176943  62.055243  5.416
 65    27.911 54505.21440335 15.31  89.174483  62.052093  5.416
 65    28.752 54505.21440399 14.33  89.172013  62.048943  5.416
 66    27.276 54540.21443020 11.78  89.184614  62.052728  3.553
 66    27.926 54540.21443085 12.20  89.182144  62.049578  3.553
 66    28.989 54540.21443149 12.29  89.179682  62.046423  8.857
 66    29.908 54540.21443214 12.01  89.177222  62.043283  8.857
 66    30.100 54540.21443278 13.35  89.174762  62.040133  8.857
 68    83.910 54610.21441981 10.46  89.193255  62.064945  4.132
 68   109.262 54610.21442045  8.50  89.190785  62.061805  4.132
 68   109.538 54610.21442110  6.41  89.188315  62.058655  4.132
 68   108.726 54610.21442174  6.78  89.185855  62.055505  4.132
 68   109.129 54610.21442238  3.93  89.183395  62.052355  4.132
 68   105.008 54610.21442303  3.85  89.180925  62.049205  4.132
 68   106.088 54610.21442367  2.25  89.178465  62.046065  4.132
 68   105.395 54610.21442432  1.53  89.176002  62.042917  1.815
 68   103.654 54610.21442496  1.37  89.173532  62.039767  1.815
 69    23.265 54645.21442992 47.54  89.182896  62.053734 15.939
 69    23.984 54645.21443056 48.96  89.180436  62.050594 15.939
 69    23.166 54645.21443121 49.93  89.177976  62.047444 15.939
 69    23.768 54645.21443185 44.64  89.175511  62.044298 26.848
 69    23.013 54645.21443250 39.93  89.173051  62.041148 26.848
 70    22.567 54680.21442834 15.62  89.193001  62.067562  7.314
 70    22.854 54680.21442899 15.85  89.190541  62.064412  7.314
 70    22.766 54680.21442963 15.90  89.188071  62.061262  7.314
 70    22.778 54680.21443028 16.80  89.185611  62.058122  7.314
 70    22.454 54680.21443092 19.24  89.183141  62.054972  7.314
 70    22.394 54680.21443157 21.95  89.180681  62.051822  7.314
 70    22.585 54680.21443221 24.85  89.178211  62.048672  7.314
 70    22.688 54680.21443286 27.18  89.175751  62.045532  7.314
 70    22.751 54680.21443350 33.97  89.173283  62.042383 32.860
 71    23.163 54715.21437774 11.19  89.189958  62.074497 11.376
 71    22.874 54715.21437839 12.09  89.187498  62.071357 11.376
 71    23.054 54715.21437903 12.50  89.185028  62.068207 11.376
 71    22.931 54715.21437968 14.02  89.182568  62.065057 11.376
 71    22.684 54715.21438032 15.66  89.180098  62.061907 11.376
 71    22.605 54715.21438096 18.49  89.177638  62.058757 11.376
 71    22.448 54715.21438161 21.54  89.175178  62.055617 11.376
 71    23.691 54715.21438225 25.30  89.172708  62.052467 11.376
 71    22.562 54715.21438290 29.69  89.170248  62.049317 11.376
 72    23.703 54750.21440285 26.23  89.183814  62.048199  8.059
 72    22.344 54750.21440349 24.02  89.181354  62.045047 27.568
 72    22.480 54750.21440414 24.49  89.178884  62.041907 27.568
 72    22.569 54750.21440478 28.50  89.176424  62.038757 27.568
 73    21.481 54785.21437073 45.39  89.178733  62.054029 15.418
 73    22.170 54785.21437138 42.01  89.176273  62.050879 15.418
 73    21.144 54785.21437202 37.52  89.173803  62.047739 15.418
 74    24.628 54820.21439359 18.64  89.193363  62.058253  5.889
 74    24.768 54820.21439423 19.15  89.190903  62.055103  5.889
 74    25.275 54820.21439487 19.41  89.188433  62.051963  5.889
 74    25.370 54820.21439552 19.49  89.185973  62.048813  5.889
 74    26.797 54820.21439616 19.22  89.183509  62.045658  8.536
 74    27.311 54820.21439681 19.59  89.181039  62.042518  8.536
 74    28.115 54820.21439745 18.94  89.178579  62.039368  8.536
 75    25.123 54855.21436382 11.99  89.192232  62.069863  3.426
 75    24.978 54855.21436446 12.68  89.189762  62.066713  3.426
 75    25.153 54855.21436511 14.34  89.187302  62.063563  3.426
 75    25.826 54855.21436575 14.07  89.184832  62.060423  3.426
 75    26.964 54855.21436640 13.87  89.182372  62.057273  3.426
 75    27.580 54855.21436704 14.37  89.179912  62.054123  3.426
 75    28.557 54855.21436769 13.99  89.177442  62.050973  3.426
 75    28.868 54855.21436833 15.04  89.174982  62.047823  3.426
 75    29.754 54855.21436898 15.91  89.172522  62.044683  3.426
 76    24.407 54890.21439615 10.75  89.192885  62.068388  2.927
 76    24.325 54890.21439679 11.87  89.190415  62.065248  2.927
 76    24.977 54890.21439744 12.41  89.187945  62.062098  2.927
 76    25.727 54890.21439808 12.98  89.185485  62.058948  2.927
 76    26.590 54890.21439873 13.01  89.183015  62.055798  2.927
 76    27.535 54890.21439937 13.15  89.180555  62.052658  2.927
 76    28.365 54890.21440002 13.50  89.178085  62.049508  2.927
 76    29.208 54890.21440066 13.16  89.175627  62.046354  7.053
 76    29.276 54890.21440130 13.89  89.173167  62.043214  7.053
 78    35.255 54960.21439489 19.63  89.193876  62.062229  7.273
 78    34.907 54960.21439554 20.20  89.191406  62.059079  7.273
 78    34.746 54960.21439618 21.29  89.188936  62.055929  7.273
 78    34.015 54960.21439683 21.93  89.186476  62.052779  7.273
 78    33.699 54960.21439747 23.17  89.184006  62.049629  7.273
 78    34.172 54960.21439812 24.49  89.181546  62.046489  7.273
 78    34.168 54960.21439876 26.36  89.179080  62.043342 28.684
 78    34.384 54960.21439941 28.35  89.176620  62.040192 28.684
 79    34.854 54995.21441591 17.72  89.191709  62.067359  6.808
 79    28.358 54995.21441656 17.91  89.189239  62.064219  6.808
 79    28.334 54995.21441720 18.08  89.186769  62.061069  6.808
 79    28.379 54995.21441785 17.58  89.184309  62.057919  6.808
 79    28.355 54995.21441849 17.06  89.181839  62.054769  6.808
 79    29.050 54995.21441914 16.15  89.179379  62.051629  6.808
 79    29.476 54995.21441978 16.68  89.176909  62.048479  6.808
 79    30.280 54995.21442043 18.13  89.174451  62.045333 29.331
 79    30.820 54995.21442107 18.55  89.171991  62.042183 29.331
 80    22.780 55030.21440768 49.63  89.185477  62.058053 16.370
 80    22.810 55030.21440832 50.08  89.183007  62.054903 16.370
 80    22.815 55030.21440897 50.12  89.180547  62.051763 16.370
 80    22.880 55030.21440961 48.34  89.178087  62.048613 16.370
 80    22.694 55030.21441026 51.87  89.175621  62.045466 29.464
 80    22.766 55030.21441090 52.08  89.173161  62.042316 29.464
 81    22.884 55065.21439850 50.84  89.183564  62.056649 19.689
 81    22.611 55065.21439915 51.93  89.181094  62.053499 19.689
 81    22.457 55065.21439979 51.41  89.178634  62.050349 19.689
 81    22.607 55065.21440044 50.66  89.176174  62.047199 19.689
 81    22.634 55065.21440108 52.46  89.173704  62.044059 19.689
 83    21.281 55135.21434267 36.03  89.193802  62.061447 11.278
 83    21.531 55135.21434332 38.54  89.191332  62.058297 11.278
 83    22.166 55135.21434396 35.42  89.188872  62.055147 11.278
 83    21.609 55135.21434460 34.76  89.186402  62.052007 11.278
 83    21.573 55135.21434525 36.29  89.183942  62.048857 11.278
 83    21.268 55135.21434589 37.76  89.181483  62.045704 13.877
 83    21.587 55135.21434654 37.11  89.179013  62.042564 13.877
 83    21.422 55135.21434718 31.11  89.176553  62.039414 13.877
 84    25.614 55170.21430413 13.21  89.191537  62.072152  3.472
 84    25.402 55170.21430477 13.85  89.189077  62.069002  3.472
 84    25.391 55170.21430542 14.79  89.186607  62.065852  3.472
 84    25.985 55170.21430606 15.54  89.184137  62.062712  3.472
 84    26.511 55170.21430671 15.52  89.181677  62.059562  3.472
 84    27.244 55170.21430735 16.44  89.179217  62.056412  3.472
 84    28.082 55170.21430800 16.53  89.176747  62.053262  3.472
 84    28.810 55170.21430864 17.89  89.174287  62.050112  3.472
 84    29.177 55170.21430929 18.96  89.171827  62.046972  3.472
 85    25.169 55205.21433605 11.87  89.193008  62.059940  2.955
 85    25.449 55205.21433669 12.55  89.190538  62.056790  2.955
 85    25.802 55205.21433734 12.59  89.188078  62.053640  2.955
 85    26.629 55205.21433798 13.71  89.185608  62.050500  2.955
 85    27.310 55205.21433862 13.18  89.183148  62.047350  2.955
 85    27.638 55205.21433927 14.67  89.180682  62.044196  8.021
 85    28.288 55205.21433991 14.68  89.178222  62.041056  8.021
 85    28.470 55205.21434056 16.19  89.175762  62.037906  8.021
 86    26.542 55240.21431024  9.43  89.190151  62.074336  3.129
 86    25.586 55240.21431089  9.82  89.187681  62.071186  3.129
 86    25.653 55240.21431153 10.29  89.185221  62.068036  3.129
 86    25.684 55240.21431218 11.40  89.182751  62.064886  3.129
 86    26.290 55240.21431282 12.23  89.180291  62.061746  3.129
 86    27.106 55240.21431347 12.13  89.177821  62.058596  3.129
 86    27.490 55240.21431411 12.73  89.175361  62.055446  3.129
 86    27.989 55240.21431476 13.08  89.172901  62.052296  3.129
 86    28.702 55240.21431540 12.59  89.170431  62.049146  3.129
 87    24.629 55275.21432843  8.18  89.192491  62.068790  2.775
 87    24.712 55275.21432907  9.06  89.190021  62.065650  2.775
 87    24.915 55275.21432972 10.03  89.187551  62.062500  2.775
 87    25.644 55275.21433036 10.34  89.185091  62.059350  2.775
 87    26.732 55275.21433101  9.88  89.182621  62.056200  2.775
 87    27.488 55275.21433165  9.76  89.180161  62.053060  2.775
 87    28.056 55275.21433230 10.07  89.177701  62.049910  2.775
 87    28.806 55275.21433294 10.77  89.175235  62.046763  6.622
 87    28.793 55275.21433359 11.07  89.172775  62.043613  6.622
 88    24.978 55310.21429413  8.71  89.189181  62.072545  6.679
 88    24.686 55310.21429477 10.79  89.186711  62.069395  6.679
 88    24.601 55310.21429542 12.71  89.184251  62.066245  6.679
 88    24.452 55310.21429606 12.38  89.181781  62.063095  6.679
 88    24.603 55310.21429671 10.45  89.179321  62.059955  6.679
 88    24.567 55310.21429735  9.97  89.176851  62.056805  6.679
 88    24.652 55310.21429799 11.08  89.174391  62.053655  6.679
 88    28.011 55310.21429864 10.27  89.171931  62.050505  6.679
 89   108.989 55345.21429778  6.22  89.193115  62.064656  3.962
 89   109.585 55345.21429843  2.55  89.190645  62.061506  3.962
 89   109.698 55345.21429907  2.48  89.188185  62.058356  3.962
 89   108.520 55345.21429972  3.52  89.185715  62.055206  3.962
 89   109.215 55345.21430036  0.21  89.183255  62.052056  3.962
 89   108.437 55345.21430101  0.57  89.180785  62.048916  3.962
 90    34.259 55380.21429046 15.02  89.192272  62.070385  9.538
 90    24.061 55380.21429111 14.60  89.189812  62.067235  9.538
 90    23.862 55380.21429175 15.36  89.187342  62.064095  9.538
 90    24.235 55380.21429240 16.23  89.184882  62.060945  9.538
 90    25.868 55380.21429304 16.00  89.182412  62.057795  9.538
 90    27.160 55380.21429368 16.62  89.179952  62.054645  9.538
 90    24.578 55380.21429433 18.25  89.177482  62.051495  9.538
 90    29.547 55380.21429497 17.27  89.175022  62.048355  9.538
 90    30.185 55380.21429562 15.55  89.172556  62.045208 23.061
 91    22.737 55415.21431818 13.89  89.194912  62.060047  4.806
 91    22.764 55415.21431883 14.74  89.192442  62.056897  4.806
 91    22.823 55415.21431947 14.36  89.189982  62.053747  4.806
 91    22.776 55415.21432012 16.14  89.187512  62.050607  4.806
 91    22.632 55415.21432076 19.09  89.185052  62.047457  4.806
 91    22.753 55415.21432141 21.81  89.182590  62.044302 29.919
 91    22.766 55415.21432205 24.21  89.180120  62.041162 29.919
 91    23.138 55415.21432269 29.37  89.177660  62.038012 29.919
 92    22.622 55450.21430261 12.99  89.191096  62.068756  8.295
 92    23.234 55450.21430325 13.74  89.188636  62.065606  8.295
 92    23.161 55450.21430390 14.42  89.186166  62.062456  8.295
 92    24.981 55450.21430454 15.83  89.183706  62.059306  8.295
 92    22.469 55450.21430519 18.19  89.181236  62.056166  8.295
 92    22.369 55450.21430583 19.93  89.178776  62.053016  8.295
 92    22.416 55450.21430648 22.98  89.176306  62.049866  8.295
 92    22.575 55450.21430712 27.10  89.173846  62.046716  8.295
