# NaN NaN NaN ;Mean Elev.(m), Avg Gradient(m/km), RMS Gradient(m/km) - SRTM1     
#   58.063  -1.506   7.976 ;Mean Elev.(m), Avg Gradient(m/km), RMS Gradient(m/km) - ASTER GDEM
#   61.008  -0.737   3.891 ;Mean Elev.(m), Avg Gradient(m/km), RMS Gradient(m/km) - GMTED2010 
  7    58.800 52475.62266855 51.09  91.292998  59.283680 31.211
  7    58.859 52475.62266919 52.14  91.290888  59.286860 31.211
  7    58.612 52475.62267500 50.75  91.271858  59.315440 31.211
  7    58.557 52475.62267564 51.45  91.269738  59.318620 31.211
  7    58.432 52475.62267629 51.33  91.267628  59.321790 31.211
  7    58.288 52475.62267693 55.45  91.265513  59.324971 25.870
  7    58.296 52475.62267757 54.82  91.263393  59.328151 25.870
  7    58.303 52475.62267822 51.72  91.261273  59.331321 25.870
  7    58.313 52475.62267886 52.63  91.259153  59.334501 25.870
  7    58.314 52475.62267951 51.74  91.257043  59.337671 25.870
  7    58.317 52475.62268015 51.05  91.254923  59.340851 25.870
  7    58.316 52475.62268080 52.45  91.252803  59.344031 25.870
  7    58.265 52475.62268144 45.22  91.250683  59.347201 25.870
  8    57.927 52510.62262087 35.79  91.318372  59.269867 23.727
  8    58.059 52510.62262152 36.62  91.316262  59.273047 23.727
  8    57.910 52510.62262216 34.42  91.314152  59.276227 23.727
  8    57.993 52510.62262281 36.37  91.312042  59.279397 23.727
  8    57.584 52510.62262603 29.44  91.301482  59.295287 23.727
  8    57.762 52510.62262667 32.96  91.299372  59.298457 23.727
  8    57.742 52510.62262732 34.45  91.297252  59.301637 23.727
  8    57.768 52510.62262796 34.54  91.295142  59.304807 23.727
  8    57.666 52510.62262861 29.18  91.293022  59.307987 23.727
  8    57.508 52510.62262925 29.61  91.290912  59.311167 23.727
  8    57.582 52510.62262990 30.72  91.288802  59.314337 23.727
  8    57.569 52510.62263054 28.59  91.286682  59.317517 23.727
  8    57.330 52510.62263119 27.16  91.284562  59.320697 23.727
  8    57.238 52510.62263183 29.17  91.282452  59.323867 23.727
  8    58.366 52510.62263248 30.16  91.280332  59.327047 23.727
  8    57.418 52510.62263312 30.87  91.278222  59.330217 23.727
  8    57.707 52510.62263377 25.80  91.276104  59.333399  6.189
  9    57.808 52545.62263843 19.63  91.292664  59.283065 17.852
  9    57.758 52545.62263908 26.74  91.290544  59.286245 17.852
  9    56.901 52545.62264488 22.63  91.271514  59.314825 17.852
  9    57.260 52545.62264552 23.91  91.269394  59.318005 17.852
  9    57.421 52545.62264617 34.87  91.267274  59.321175 17.852
  9    57.544 52545.62264681 42.07  91.265164  59.324355 17.852
  9    57.334 52545.62264746 32.67  91.263044  59.327525 17.852
  9    57.227 52545.62264810 29.58  91.260924  59.330705 17.852
  9    57.003 52545.62264875 23.59  91.258809  59.333879 18.217
  9    56.940 52545.62264939 20.83  91.256689  59.337059 18.217
  9    57.117 52545.62265004 19.43  91.254569  59.340229 18.217
  9    60.831 52545.62265068 18.51  91.252449  59.343409 18.217
  9    57.081 52545.62265133 23.96  91.250329  59.346589 18.217
  9    63.304 52545.62265197 24.03  91.248209  59.349759 18.217
 10    57.119 52580.62266517 53.54  91.295946  59.281666 31.968
 10    57.143 52580.62266582 50.77  91.293836  59.284836 31.968
 10    56.922 52580.62267162 48.44  91.274806  59.313426 31.968
 10    56.834 52580.62267226 44.84  91.272686  59.316596 31.968
 10    56.595 52580.62267291 45.78  91.270568  59.319776 25.783
 10    56.536 52580.62267355 46.34  91.268458  59.322956 25.783
 10    56.529 52580.62267420 49.10  91.266338  59.326126 25.783
 10    56.508 52580.62267484 50.08  91.264218  59.329306 25.783
 10    56.490 52580.62267549 51.75  91.262098  59.332476 25.783
 10    56.474 52580.62267613 49.37  91.259988  59.335656 25.783
 10    56.463 52580.62267678 44.93  91.257868  59.338836 25.783
 10    56.130 52580.62267742 37.84  91.255748  59.342006 25.783
 10    56.067 52580.62267807 37.59  91.253628  59.345186 25.783
 10    55.837 52580.62267871 31.55  91.251508  59.348356 25.783
 11    59.780 52615.62263320 27.02  91.306557  59.278180 17.675
 11    59.677 52615.62263384 26.49  91.304437  59.281360 17.675
 11    59.341 52615.62263836 24.37  91.289657  59.303590 17.675
 11    59.362 52615.62263900 26.39  91.287537  59.306770 17.675
 11    59.456 52615.62263964 29.53  91.285427  59.309940 17.675
 11    59.674 52615.62264029 37.14  91.283311  59.313124 14.051
 11    59.685 52615.62264093 40.29  91.281201  59.316294 14.051
 11    59.329 52615.62264158 25.35  91.279081  59.319474 14.051
 11    59.231 52615.62264222 25.04  91.276971  59.322654 14.051
 11    59.308 52615.62264287 24.92  91.274851  59.325824 14.051
 11    59.200 52615.62264351 26.16  91.272741  59.329004 14.051
 11    59.001 52615.62264416 27.30  91.270621  59.332174 14.051
 11    58.823 52615.62264480 26.34  91.268501  59.335354 14.051
 11    58.506 52615.62264545 25.93  91.266391  59.338534 14.051
 12    60.578 52650.62261147 15.31  91.302202  59.279578 11.077
 12    60.589 52650.62261211 15.72  91.300092  59.282758 11.077
 12    60.228 52650.62261727 16.82  91.283182  59.308168 11.077
 12    60.387 52650.62261792 34.61  91.281062  59.311338 11.077
 12    60.435 52650.62261856 41.23  91.278952  59.314518 11.077
 12    60.317 52650.62261921 18.18  91.276832  59.317688 11.077
 12    60.020 52650.62261985 14.42  91.274718  59.320867  5.163
 12    60.035 52650.62262049 14.22  91.272598  59.324047  5.163
 12    60.047 52650.62262114 14.76  91.270478  59.327217  5.163
 12    60.053 52650.62262178 14.92  91.268358  59.330397  5.163
 12    59.878 52650.62262243 15.48  91.266248  59.333567  5.163
 12    59.782 52650.62262307 15.10  91.264128  59.336747  5.163
 12    59.561 52650.62262372 14.82  91.262008  59.339917  5.163
 12    59.478 52650.62262436 14.66  91.259888  59.343097  5.163
 13    59.197 52685.62259694 17.40  91.318014  59.270041  9.060
 13    59.734 52685.62259759 14.82  91.315904  59.273211  9.060
 13    59.928 52685.62259823 13.74  91.313794  59.276391  9.060
 13    60.013 52685.62259888 13.61  91.311684  59.279571  9.060
 13    59.493 52685.62260210 13.56  91.301124  59.295451  9.060
 13    59.347 52685.62260274 13.47  91.299014  59.298631  9.060
 13    59.397 52685.62260339 12.88  91.296898  59.301807  5.640
 13    59.278 52685.62260403 13.22  91.294788  59.304977  5.640
 13    59.333 52685.62260468 14.44  91.292678  59.308157  5.640
 13    59.649 52685.62260532 17.01  91.290558  59.311337  5.640
 13    59.486 52685.62260597 23.49  91.288448  59.314507  5.640
 13    59.525 52685.62260661 13.47  91.286328  59.317687  5.640
 13    59.343 52685.62260726 12.49  91.284218  59.320857  5.640
 13    59.259 52685.62260790 12.68  91.282098  59.324037  5.640
 13    59.298 52685.62260855 12.75  91.279978  59.327217  5.640
 13    58.950 52685.62260919 13.77  91.277868  59.330387  5.640
 13    58.964 52685.62260983 13.37  91.275748  59.333567  5.640
 14    59.397 52720.62265035 13.68  91.297485  59.281499  4.768
 14    59.342 52720.62265099 15.64  91.295375  59.284679  4.768
 14    58.669 52720.62265615 14.80  91.278459  59.310082  5.556
 14    58.856 52720.62265679 14.41  91.276349  59.313262  5.556
 14    58.962 52720.62265744 14.15  91.274229  59.316442  5.556
 14    58.965 52720.62265808 15.07  91.272119  59.319612  5.556
 14    58.923 52720.62265873 15.65  91.269999  59.322792  5.556
 14    58.712 52720.62265937 16.19  91.267879  59.325972  5.556
 14    58.716 52720.62266002 16.23  91.265759  59.329142  5.556
 14    58.662 52720.62266066 15.64  91.263649  59.332322  5.556
 14    58.683 52720.62266131 15.08  91.261529  59.335492  5.556
 14    58.685 52720.62266195 15.61  91.259409  59.338672  5.556
 14    58.575 52720.62266260 15.64  91.257289  59.341842  5.556
 14    58.809 52720.62266324 16.35  91.255169  59.345022  5.556
 15    59.762 52755.62267448 14.01  91.293641  59.282983  7.902
 15    59.744 52755.62267513 14.13  91.291531  59.286163  7.902
 15    59.255 52755.62268093 12.72  91.272511  59.314748  7.313
 15    59.215 52755.62268158 13.84  91.270401  59.317928  7.313
 15    59.204 52755.62268222 12.79  91.268281  59.321098  7.313
 15    59.139 52755.62268286 14.13  91.266171  59.324278  7.313
 15    59.131 52755.62268351 14.45  91.264051  59.327448  7.313
 15    59.114 52755.62268415 14.01  91.261931  59.330628  7.313
 15    59.048 52755.62268480 13.80  91.259821  59.333808  7.313
 15    58.985 52755.62268544 13.16  91.257701  59.336978  7.313
 15    59.128 52755.62268609 13.20  91.255581  59.340158  7.313
 15    59.089 52755.62268673 13.07  91.253461  59.343328  7.313
 15    59.105 52755.62268738 14.22  91.251351  59.346508  7.313
 15    58.983 52755.62268802 13.86  91.249231  59.349688  7.313
 16    58.538 52790.62262392 34.30  91.287089  59.283937 19.826
 16    58.921 52790.62262457 33.38  91.284979  59.287117 19.826
 16    58.842 52790.62262521 33.35  91.282859  59.290297 19.826
 16    59.048 52790.62263101 52.31  91.263815  59.318878 29.384
 16    59.015 52790.62263166 50.49  91.261695  59.322048 29.384
 16    58.720 52790.62263230 43.86  91.259585  59.325228 29.384
 16    58.765 52790.62263295 45.72  91.257465  59.328408 29.384
 16    58.838 52790.62263359 49.43  91.255345  59.331578 29.384
 16    58.791 52790.62263424 45.85  91.253225  59.334758 29.384
 16    58.814 52790.62263488 47.30  91.251105  59.337928 29.384
 16    58.814 52790.62263553 46.52  91.248985  59.341108 29.384
 16    58.806 52790.62263617 48.55  91.246865  59.344278 29.384
 16    58.792 52790.62263682 52.22  91.244745  59.347458 29.384
 16    58.796 52790.62263746 49.86  91.242625  59.350638 29.384
 17    58.041 52825.62269278 43.34  91.294448  59.281641 26.140
 17    57.956 52825.62269343 44.59  91.292328  59.284821 26.140
 17    57.877 52825.62269407 48.93  91.290218  59.287991 26.140
 17    57.741 52825.62269987 46.55  91.271184  59.316582 38.208
 17    57.690 52825.62270052 48.18  91.269064  59.319752 38.208
 17    57.471 52825.62270116 45.18  91.266944  59.322932 38.208
 17    57.394 52825.62270181 48.04  91.264824  59.326112 38.208
 17    57.379 52825.62270245 50.13  91.262714  59.329282 38.208
 17    57.376 52825.62270310 49.71  91.260594  59.332462 38.208
 17    57.370 52825.62270374 51.37  91.258474  59.335632 38.208
 17    57.365 52825.62270438 50.83  91.256354  59.338812 38.208
 17    57.358 52825.62270503 51.84  91.254234  59.341982 38.208
 17    57.350 52825.62270567 50.39  91.252114  59.345162 38.208
 17    57.315 52825.62270632 40.07  91.249994  59.348342 38.208
 18    57.604 52860.62273815 21.92  91.298124  59.280103 11.537
 18    57.461 52860.62273880 20.94  91.296014  59.283283 11.537
 18    57.988 52860.62273944 19.99  91.293894  59.286463 11.537
 18    58.667 52860.62274460 13.94  91.276979  59.311874 15.369
 18    58.676 52860.62274525 14.24  91.274859  59.315044 15.369
 18    57.624 52860.62274589 17.40  91.272749  59.318224 15.369
 18    57.571 52860.62274654 25.54  91.270629  59.321394 15.369
 18    58.327 52860.62274718 31.17  91.268509  59.324574 15.369
 18    57.581 52860.62274782 25.89  91.266389  59.327754 15.369
 18    57.185 52860.62274847 20.98  91.264279  59.330924 15.369
 18    57.134 52860.62274911 18.09  91.262159  59.334104 15.369
 18    57.159 52860.62274976 17.07  91.260039  59.337274 15.369
 18    57.134 52860.62275040 15.51  91.257919  59.340454 15.369
 18    61.137 52860.62275105 16.48  91.255799  59.343624 15.369
 18    62.310 52860.62275169 16.16  91.253679  59.346804 15.369
 19    57.489 52895.62276884 31.70  91.299772  59.281291 16.054
 19    57.685 52895.62276948 34.79  91.297663  59.284470 29.170
 19    57.319 52895.62277400 36.82  91.282873  59.306700 29.170
 19    57.338 52895.62277464 29.55  91.280753  59.309880 29.170
 19    57.321 52895.62277528 33.40  91.278643  59.313050 29.170
 19    57.300 52895.62277593 35.76  91.276523  59.316230 29.170
 19    57.341 52895.62277657 42.31  91.274413  59.319400 29.170
 19    57.328 52895.62277722 43.28  91.272293  59.322580 29.170
 19    56.994 52895.62277786 37.43  91.270173  59.325760 29.170
 19    56.961 52895.62277851 37.55  91.268063  59.328930 29.170
 19    56.950 52895.62277915 35.53  91.265943  59.332110 29.170
 19    56.919 52895.62277980 29.83  91.263823  59.335280 29.170
 19    57.067 52895.62278044 27.06  91.261703  59.338460 29.170
 19    57.095 52895.62278109 26.17  91.259593  59.341640 29.170
 19    57.039 52895.62278173 24.89  91.257473  59.344810 29.170
 20    57.455 52930.62271555 50.43  91.313181  59.273629 48.669
 20    57.430 52930.62271619 50.47  91.311071  59.276799 48.669
 20    57.411 52930.62271684 51.69  91.308961  59.279979 48.669
 20    57.385 52930.62271748 49.74  91.306851  59.283159 48.669
 20    57.268 52930.62272006 52.96  91.298401  59.295859 48.669
 20    57.286 52930.62272071 51.25  91.296291  59.299039 48.669
 20    57.299 52930.62272135 51.46  91.294171  59.302209 48.669
 20    57.316 52930.62272200 52.96  91.292061  59.305389 48.669
 20    57.288 52930.62272264 52.63  91.289951  59.308569 48.669
 20    57.142 52930.62272328 53.70  91.287841  59.311739 48.669
 20    57.053 52930.62272393 53.35  91.285721  59.314919 48.669
 20    57.007 52930.62272457 53.61  91.283611  59.318099 48.669
 20    56.960 52930.62272522 54.33  91.281493  59.321274 22.334
 20    56.905 52930.62272586 51.09  91.279373  59.324444 22.334
 20    56.851 52930.62272651 50.20  91.277263  59.327624 22.334
 20    56.807 52930.62272715 46.90  91.275143  59.330804 22.334
 20    56.774 52930.62272780 41.05  91.273033  59.333974 22.334
 21    57.083 52965.62271124 51.06  91.293222  59.282252 37.988
 21    57.142 52965.62271189 52.92  91.291112  59.285432 37.988
 21    56.835 52965.62271253 38.01  91.288992  59.288602 37.988
 21    56.506 52965.62271833 39.44  91.269959  59.317193 32.676
 21    56.389 52965.62271898 40.01  91.267839  59.320363 32.676
 21    56.332 52965.62271962 41.97  91.265719  59.323543 32.676
 21    56.442 52965.62272027 45.91  91.263599  59.326713 32.676
 21    56.439 52965.62272091 46.51  91.261479  59.329893 32.676
 21    56.412 52965.62272156 46.20  91.259369  59.333063 32.676
 21    56.384 52965.62272220 44.26  91.257249  59.336243 32.676
 21    56.145 52965.62272285 37.37  91.255129  59.339423 32.676
 21    55.995 52965.62272349 32.80  91.253009  59.342593 32.676
 21    55.729 52965.62272414 28.95  91.250889  59.345773 32.676
 21    55.384 52965.62272478 26.14  91.248769  59.348943 32.676
 23    59.956 53035.62269128 11.88  91.311078  59.274849  6.683
 23    60.393 53035.62269192 10.48  91.308968  59.278029  6.683
 23    60.370 53035.62269257 10.50  91.306858  59.281199  6.683
 23    59.763 53035.62269579 10.41  91.296298  59.297089  6.683
 23    59.566 53035.62269644  9.58  91.294188  59.300259  6.683
 23    59.691 53035.62269708  9.45  91.292078  59.303439  6.683
 23    59.785 53035.62269773  9.57  91.289968  59.306619  6.683
 23    59.586 53035.62269837 10.09  91.287851  59.309796  4.503
 23    59.733 53035.62269901  9.32  91.285741  59.312966  4.503
 23    59.687 53035.62269966  9.61  91.283621  59.316146  4.503
 23    59.853 53035.62270030  9.80  91.281511  59.319316  4.503
 23    59.672 53035.62270095 10.19  91.279391  59.322496  4.503
 23    59.749 53035.62270159 10.35  91.277271  59.325676  4.503
 23    59.604 53035.62270224 10.29  91.275161  59.328846  4.503
 23    59.519 53035.62270288 11.14  91.273041  59.332026  4.503
 23    59.374 53035.62270353 11.00  91.270931  59.335206  4.503
 24    60.034 53070.62271242 14.21  91.300782  59.279104 10.659
 24    60.098 53070.62271307 15.48  91.298672  59.282284 10.659
 24    59.944 53070.62271371 15.38  91.296552  59.285454 10.659
 24    59.243 53070.62271822 17.07  91.281763  59.307689 10.150
 24    59.474 53070.62271887 16.64  91.279643  59.310869 10.150
 24    59.419 53070.62271951 16.55  91.277533  59.314039 10.150
 24    59.444 53070.62272016 17.15  91.275413  59.317219 10.150
 24    59.456 53070.62272080 16.92  91.273293  59.320399 10.150
 24    59.387 53070.62272145 17.04  91.271183  59.323569 10.150
 24    59.382 53070.62272209 17.63  91.269063  59.326749 10.150
 24    59.383 53070.62272274 18.86  91.266943  59.329919 10.150
 24    59.361 53070.62272338 18.69  91.264833  59.333099 10.150
 24    59.333 53070.62272403 19.45  91.262713  59.336279 10.150
 24    59.317 53070.62272467 19.47  91.260593  59.339449 10.150
 24    59.277 53070.62272531 20.62  91.258473  59.342629 10.150
 25    60.313 53105.62269163 19.01  91.316804  59.270478 14.714
 25    60.230 53105.62269227 18.55  91.314694  59.273658 14.714
 25    60.236 53105.62269292 18.83  91.312594  59.276828 14.714
 25    60.262 53105.62269356 19.33  91.310484  59.280008 14.714
 25    60.169 53105.62269678 17.64  91.299924  59.295888 14.714
 25    60.240 53105.62269743 18.84  91.297814  59.299068 14.714
 25    60.336 53105.62269807 19.51  91.295704  59.302238 14.714
 25    60.247 53105.62269872 18.06  91.293584  59.305418 14.714
 25    60.012 53105.62269936 16.32  91.291474  59.308598 14.714
 25    60.077 53105.62270001 17.02  91.289362  59.311775  6.885
 25    60.086 53105.62270065 17.70  91.287242  59.314945  6.885
 25    60.083 53105.62270130 18.66  91.285132  59.318125  6.885
 25    60.040 53105.62270194 19.07  91.283012  59.321305  6.885
 25    59.955 53105.62270259 19.30  91.280902  59.324475  6.885
 25    59.812 53105.62270323 17.13  91.278782  59.327655  6.885
 25    59.751 53105.62270387 17.15  91.276672  59.330825  6.885
 25    59.683 53105.62270452 16.32  91.274552  59.334005  6.885
 26    60.210 53140.62272005 50.44  91.295165  59.282425 36.956
 26    60.205 53140.62272070 49.54  91.293055  59.285605 36.956
 26    59.849 53140.62272650 50.71  91.274018  59.314191 38.436
 26    59.912 53140.62272714 51.47  91.271908  59.317361 38.436
 26    59.907 53140.62272779 47.83  91.269788  59.320541 38.436
 26    59.654 53140.62272843 43.74  91.267668  59.323711 38.436
 26    59.727 53140.62272908 48.25  91.265558  59.326891 38.436
 26    59.697 53140.62272972 44.13  91.263438  59.330061 38.436
 26    59.606 53140.62273037 47.17  91.261318  59.333241 38.436
 26    59.577 53140.62273101 44.42  91.259198  59.336421 38.436
 26    59.515 53140.62273166 39.59  91.257078  59.339591 38.436
 26    59.404 53140.62273230 38.04  91.254958  59.342771 38.436
 26    59.306 53140.62273295 36.94  91.252838  59.345941 38.436
 26    59.182 53140.62273359 36.22  91.250718  59.349121 38.436
 27    58.764 53175.62275157 51.09  91.299661  59.279590 26.694
 27    58.716 53175.62275221 50.16  91.297551  59.282760 26.694
 27    58.704 53175.62275286 49.85  91.295441  59.285940 26.694
 27    58.561 53175.62275737 51.33  91.280641  59.308170 26.694
 27    58.573 53175.62275802 49.23  91.278524  59.311353 33.812
 27    58.562 53175.62275866 51.01  91.276414  59.314523 33.812
 27    58.535 53175.62275931 53.07  91.274294  59.317703 33.812
 27    58.306 53175.62275995 54.93  91.272174  59.320883 33.812
 27    58.238 53175.62276060 54.28  91.270064  59.324053 33.812
 27    58.189 53175.62276124 54.03  91.267944  59.327233 33.812
 27    58.170 53175.62276188 52.21  91.265824  59.330403 33.812
 27    58.166 53175.62276253 51.40  91.263714  59.333583 33.812
 27    58.155 53175.62276317 50.77  91.261594  59.336763 33.812
 27    58.103 53175.62276382 47.93  91.259474  59.339933 33.812
 27    58.052 53175.62276446 44.30  91.257354  59.343113 33.812
 27    57.976 53175.62276511 40.93  91.255234  59.346283 33.812
 28    58.199 53210.62277021 23.77  91.299745  59.281197  7.316
 28    58.249 53210.62277085 20.47  91.297635  59.284377  7.316
 28    57.685 53210.62277601 24.43  91.280725  59.309782 15.683
 28    57.440 53210.62277665 24.27  91.278615  59.312962 15.683
 28    57.450 53210.62277730 24.68  91.276495  59.316142 15.683
 28    57.609 53210.62277794 25.37  91.274375  59.319312 15.683
 28    57.779 53210.62277859 27.12  91.272265  59.322492 15.683
 28    57.754 53210.62277923 30.43  91.270145  59.325662 15.683
 28    57.575 53210.62277988 27.21  91.268025  59.328842 15.683
 28    57.516 53210.62278052 25.44  91.265915  59.332022 15.683
 28    57.786 53210.62278117 26.28  91.263795  59.335192 15.683
 28    57.796 53210.62278181 33.42  91.261675  59.338372 15.683
 28    57.744 53210.62278246 33.52  91.259555  59.341542 15.683
 28    57.688 53210.62278310 26.44  91.257435  59.344722 15.683
 29    57.943 53245.62273678 49.24  91.310653  59.275059 47.728
 29    57.934 53245.62273743 47.71  91.308543  59.278229 47.728
 29    57.906 53245.62273807 47.85  91.306433  59.281409 47.728
 29    57.752 53245.62274130 53.25  91.295873  59.297289 47.728
 29    57.728 53245.62274194 52.67  91.293763  59.300469 47.728
 29    57.696 53245.62274259 50.89  91.291643  59.303649 47.728
 29    57.671 53245.62274323 53.44  91.289532  59.306824 29.881
 29    57.638 53245.62274388 51.30  91.287422  59.309994 29.881
 29    57.676 53245.62274452 53.20  91.285302  59.313174 29.881
 29    57.679 53245.62274517 52.08  91.283192  59.316354 29.881
 29    57.624 53245.62274581 53.64  91.281072  59.319524 29.881
 29    57.578 53245.62274645 51.44  91.278952  59.322704 29.881
 29    57.488 53245.62274710 53.14  91.276842  59.325874 29.881
 29    57.373 53245.62274774 52.42  91.274722  59.329054 29.881
 29    57.339 53245.62274839 50.13  91.272612  59.332234 29.881
 29    57.322 53245.62274903 42.28  91.270492  59.335404 29.881
 30    57.983 53280.62272288 52.32  91.285896  59.284717 22.003
 30    57.877 53280.62272353 51.94  91.283780  59.287900 35.206
 30    57.844 53280.62272417 48.92  91.281660  59.291070 35.206
 30    57.809 53280.62272997 50.74  91.262620  59.319660 35.206
 30    57.571 53280.62273062 49.37  91.260500  59.322830 35.206
 30    57.557 53280.62273126 38.47  91.258390  59.326010 35.206
 30    57.503 53280.62273191 44.49  91.256270  59.329180 35.206
 30    57.507 53280.62273255 52.00  91.254150  59.332360 35.206
 30    57.507 53280.62273320 50.28  91.252030  59.335540 35.206
 30    57.457 53280.62273384 51.69  91.249910  59.338710 35.206
 30    57.441 53280.62273449 51.65  91.247790  59.341890 35.206
 30    57.379 53280.62273513 53.00  91.245670  59.345060 35.206
 30    57.335 53280.62273578 53.44  91.243550  59.348240 35.206
 31    57.717 53315.62273684 52.78  91.298010  59.281257 37.960
 31    57.699 53315.62273748 51.32  91.295900  59.284427 37.960
 31    57.465 53315.62274264 50.70  91.278990  59.309837 37.960
 31    57.430 53315.62274329 51.16  91.276876  59.313018 34.471
 31    57.361 53315.62274393 52.73  91.274756  59.316198 34.471
 31    57.256 53315.62274457 51.75  91.272636  59.319368 34.471
 31    57.066 53315.62274522 50.97  91.270526  59.322548 34.471
 31    57.032 53315.62274586 50.29  91.268406  59.325718 34.471
 31    57.008 53315.62274651 51.53  91.266286  59.328898 34.471
 31    56.995 53315.62274715 53.10  91.264166  59.332068 34.471
 31    56.973 53315.62274780 50.02  91.262056  59.335248 34.471
 31    56.958 53315.62274844 47.47  91.259936  59.338428 34.471
 31    56.941 53315.62274909 46.54  91.257816  59.341598 34.471
 31    56.908 53315.62274973 39.37  91.255696  59.344778 34.471
 32    57.960 53350.62270062 47.93  91.313497  59.273260 46.815
 32    57.899 53350.62270126 48.02  91.311387  59.276440 46.815
 32    57.870 53350.62270191 47.14  91.309277  59.279610 46.815
 32    57.765 53350.62270255 40.02  91.307157  59.282790 46.815
 32    57.532 53350.62270578 47.22  91.296597  59.298670 46.815
 32    57.516 53350.62270642 46.00  91.294487  59.301850 46.815
 32    57.503 53350.62270707 44.29  91.292367  59.305020 46.815
 32    57.532 53350.62270771 44.91  91.290257  59.308200 46.815
 32    57.434 53350.62270835 44.25  91.288137  59.311370 46.815
 32    57.389 53350.62270900 43.89  91.286027  59.314553 19.918
 32    57.345 53350.62270964 43.94  91.283907  59.317723 19.918
 32    57.300 53350.62271029 43.77  91.281797  59.320903 19.918
 32    57.238 53350.62271093 38.43  91.279677  59.324083 19.918
 32    57.132 53350.62271158 37.83  91.277567  59.327253 19.918
 32    57.005 53350.62271222 33.92  91.275447  59.330433 19.918
 32    56.893 53350.62271287 32.78  91.273327  59.333603 19.918
 33    62.088 53385.62268521 13.87  91.288530  59.284181  7.443
 33    61.928 53385.62268585 14.56  91.286420  59.287361  7.443
 33    62.143 53385.62268650 15.55  91.284300  59.290531  7.443
 33    61.337 53385.62269230 16.37  91.265259  59.319122 13.422
 33    61.401 53385.62269294 16.33  91.263149  59.322292 13.422
 33    61.523 53385.62269359 16.39  91.261029  59.325472 13.422
 33    61.422 53385.62269423 22.91  91.258909  59.328642 13.422
 33    61.540 53385.62269488 16.16  91.256789  59.331822 13.422
 33    61.205 53385.62269552 14.08  91.254669  59.334992 13.422
 33    61.203 53385.62269617 13.10  91.252549  59.338172 13.422
 33    60.911 53385.62269681 14.17  91.250429  59.341352 13.422
 33    60.917 53385.62269746 14.29  91.248309  59.344522 13.422
 33    60.848 53385.62269810 15.98  91.246189  59.347702 13.422
 34    61.083 53420.62268665 15.70  91.314322  59.272873  8.966
 34    61.626 53420.62268729 13.82  91.312212  59.276053  8.966
 34    61.823 53420.62268794 12.89  91.310092  59.279223  8.966
 34    61.983 53420.62268858 12.78  91.307982  59.282403  8.966
 34    61.439 53420.62269116 12.21  91.299532  59.295113  8.966
 34    61.267 53420.62269181 10.35  91.297422  59.298283  8.966
 34    61.032 53420.62269245 10.43  91.295302  59.301463  8.966
 34    61.030 53420.62269310 10.35  91.293192  59.304633  8.966
 34    60.932 53420.62269374 10.04  91.291079  59.307816  6.358
 34    60.847 53420.62269439 11.16  91.288959  59.310986  6.358
 34    61.234 53420.62269503  9.47  91.286849  59.314166  6.358
 34    61.253 53420.62269567 11.63  91.284729  59.317346  6.358
 34    61.458 53420.62269632 11.00  91.282609  59.320516  6.358
 34    61.367 53420.62269696 13.47  91.280499  59.323696  6.358
 34    61.185 53420.62269761 14.16  91.278379  59.326866  6.358
 34    61.064 53420.62269825 14.30  91.276259  59.330046  6.358
 34    60.950 53420.62269890 14.21  91.274149  59.333226  6.358
 35    61.736 53455.62269522  8.56  91.289258  59.285025  5.605
 35    61.730 53455.62269587  8.48  91.287148  59.288205  5.605
 35    60.555 53455.62270167 13.37  91.268102  59.316784 12.043
 35    60.774 53455.62270231 14.94  91.265982  59.319964 12.043
 35    60.954 53455.62270296 18.55  91.263872  59.323144 12.043
 35    60.875 53455.62270360 24.07  91.261752  59.326314 12.043
 35    60.738 53455.62270425 25.01  91.259632  59.329494 12.043
 35    60.585 53455.62270489 19.20  91.257512  59.332664 12.043
 35    60.415 53455.62270554 15.86  91.255392  59.335844 12.043
 35    60.604 53455.62270618 12.84  91.253272  59.339014 12.043
 35    60.590 53455.62270683 13.37  91.251152  59.342194 12.043
 35    60.605 53455.62270747 13.41  91.249032  59.345374 12.043
 35    60.398 53455.62270812 12.50  91.246912  59.348544 12.043
 36    60.536 53490.62278068 23.80  91.287862  59.285609 17.394
 36    63.931 53490.62278132 21.33  91.285752  59.288789 17.394
 36    60.261 53490.62278712 28.10  91.266726  59.317373 18.945
 36    60.058 53490.62278777 26.94  91.264606  59.320543 18.945
 36    60.208 53490.62278841 29.08  91.262486  59.323723 18.945
 36    60.166 53490.62278906 28.95  91.260376  59.326903 18.945
 36    60.153 53490.62278970 31.72  91.258256  59.330073 18.945
 36    60.187 53490.62279035 28.41  91.256136  59.333253 18.945
 36    60.215 53490.62279099 32.55  91.254016  59.336423 18.945
 36    60.173 53490.62279164 36.00  91.251896  59.339603 18.945
 36    60.127 53490.62279228 39.55  91.249786  59.342773 18.945
 36    60.071 53490.62279293 35.79  91.247666  59.345953 18.945
 36    60.022 53490.62279357 31.31  91.245546  59.349133 18.945
 37    65.099 53525.62276288 23.22  91.305137  59.279160  8.724
 37    58.872 53525.62276352 23.78  91.303027  59.282340  8.724
 37    58.748 53525.62276804 37.12  91.288237  59.304580  8.724
 37    58.828 53525.62276868 41.48  91.286120  59.307755 24.770
 37    58.710 53525.62276933 43.67  91.284000  59.310925 24.770
 37    58.658 53525.62276997 45.92  91.281890  59.314105 24.770
 37    58.659 53525.62277062 45.13  91.279770  59.317285 24.770
 37    58.620 53525.62277126 46.84  91.277660  59.320455 24.770
 37    58.581 53525.62277191 47.86  91.275540  59.323635 24.770
 37    58.494 53525.62277255 50.40  91.273420  59.326805 24.770
 37    58.403 53525.62277319 48.98  91.271310  59.329985 24.770
 37    58.470 53525.62277384 50.71  91.269190  59.333165 24.770
 37    58.296 53525.62277448 48.61  91.267070  59.336335 24.770
 37    71.347 53525.62277513 36.75  91.264950  59.339515 24.770
 38    58.277 53560.62279124 24.84  91.296722  59.281258  8.212
 38    58.285 53560.62279188 25.72  91.294612  59.284438  8.212
 38    58.217 53560.62279252 37.16  91.292502  59.287608  8.212
 38    57.915 53560.62279768 27.62  91.275587  59.313024 14.069
 38    57.971 53560.62279833 28.89  91.273477  59.316194 14.069
 38    57.936 53560.62279897 37.25  91.271357  59.319374 14.069
 38    57.964 53560.62279962 38.54  91.269247  59.322554 14.069
 38    57.871 53560.62280026 40.93  91.267127  59.325724 14.069
 38    57.636 53560.62280091 29.78  91.265007  59.328904 14.069
 38    57.552 53560.62280155 27.61  91.262897  59.332084 14.069
 38    57.555 53560.62280219 27.60  91.260777  59.335254 14.069
 38    57.741 53560.62280284 27.19  91.258657  59.338434 14.069
 38    57.848 53560.62280348 28.50  91.256537  59.341604 14.069
 38    57.836 53560.62280413 27.47  91.254417  59.344784 14.069
 38    57.401 53560.62280477 25.86  91.252307  59.347964 14.069
 39    58.181 53595.62272686 42.08  91.321009  59.269923 36.364
 39    58.294 53595.62272750 43.14  91.318899  59.273093 36.364
 39    58.328 53595.62272815 44.51  91.316789  59.276273 36.364
 39    58.292 53595.62272879 43.60  91.314679  59.279443 36.364
 39    58.268 53595.62272944 45.45  91.312569  59.282623 36.364
 39    58.167 53595.62273073 44.75  91.308349  59.288983 36.364
 39    58.092 53595.62273137 43.18  91.306239  59.292153 36.364
 39    58.068 53595.62273202 41.30  91.304129  59.295333 36.364
 39    58.013 53595.62273266 40.75  91.302009  59.298503 36.364
 39    57.910 53595.62273331 46.06  91.299899  59.301683 36.364
 39    57.910 53595.62273395 47.18  91.297779  59.304863 36.364
 39    57.904 53595.62273459 42.77  91.295671  59.308039 14.510
 39    57.926 53595.62273524 40.16  91.293551  59.311209 14.510
 39    57.876 53595.62273588 39.80  91.291441  59.314389 14.510
 39    57.826 53595.62273653 38.69  91.289331  59.317569 14.510
 39    57.780 53595.62273717 39.66  91.287211  59.320739 14.510
 39    57.724 53595.62273782 37.54  91.285091  59.323919 14.510
 39    57.666 53595.62273846 36.11  91.282981  59.327089 14.510
 40    57.978 53630.62272475 42.96  91.279051  59.285880 14.310
 40    57.946 53630.62272540 42.91  91.276931  59.289060 14.310
 40    57.729 53630.62272604 46.29  91.274821  59.292230 14.310
 40    57.438 53630.62273249 52.88  91.253657  59.323990 32.812
 40    57.430 53630.62273313 54.11  91.251537  59.327170 32.812
 40    57.419 53630.62273378 48.15  91.249417  59.330340 32.812
 40    57.418 53630.62273442 51.54  91.247297  59.333520 32.812
 40    57.419 53630.62273507 52.33  91.245177  59.336690 32.812
 40    57.420 53630.62273571 52.28  91.243057  59.339870 32.812
 40    57.408 53630.62273636 47.69  91.240937  59.343040 32.812
 40    57.318 53630.62273700 46.51  91.238817  59.346220 32.812
 40    57.321 53630.62273765 53.37  91.236697  59.349400 32.812
 41    57.711 53665.62274707 56.02  91.293709  59.283287 26.313
 41    57.685 53665.62274771 54.96  91.291599  59.286457 26.313
 41    57.585 53665.62275351 51.63  91.272566  59.315050 40.149
 41    57.539 53665.62275416 51.14  91.270456  59.318220 40.149
 41    57.470 53665.62275480 49.12  91.268336  59.321400 40.149
 41    57.320 53665.62275545 50.60  91.266216  59.324570 40.149
 41    57.306 53665.62275609 52.57  91.264096  59.327750 40.149
 41    57.286 53665.62275674 51.14  91.261986  59.330930 40.149
 41    57.259 53665.62275738 51.85  91.259866  59.334100 40.149
 41    57.221 53665.62275803 51.91  91.257746  59.337280 40.149
 41    57.180 53665.62275867 52.05  91.255626  59.340450 40.149
 41    57.141 53665.62275932 52.56  91.253506  59.343630 40.149
 41    57.098 53665.62275996 44.95  91.251386  59.346800 40.149
 42    57.456 53700.62269782 47.48  91.312049  59.274359 45.938
 42    57.416 53700.62269847 46.06  91.309939  59.277539 45.938
 42    57.378 53700.62269911 40.82  91.307829  59.280719 45.938
 42    57.093 53700.62270234 50.23  91.297269  59.296599 45.938
 42    57.066 53700.62270298 43.95  91.295149  59.299769 45.938
 42    57.043 53700.62270363 42.20  91.293039  59.302949 45.938
 42    57.048 53700.62270427 42.47  91.290919  59.306129 45.938
 42    57.103 53700.62270491 45.71  91.288809  59.309299 45.938
 42    57.057 53700.62270556 45.75  91.286699  59.312479 45.938
 42    56.999 53700.62270620 45.10  91.284579  59.315649 45.938
 42    56.978 53700.62270685 47.39  91.282461  59.318832 21.081
 42    56.894 53700.62270749 49.91  91.280351  59.322002 21.081
 42    56.809 53700.62270814 49.45  91.278231  59.325182 21.081
 42    56.703 53700.62270878 47.97  91.276121  59.328362 21.081
 42    56.649 53700.62270943 46.78  91.274001  59.331532 21.081
 42    56.587 53700.62271007 37.69  91.271881  59.334712 21.081
 43    61.158 53735.62261918 22.62  91.324192  59.272651 12.575
 43    61.248 53735.62261983 21.57  91.322092  59.275831 12.575
 43    61.110 53735.62262047 21.10  91.319982  59.279011 12.575
 43    61.062 53735.62262112 20.21  91.317862  59.282181 12.575
 43    60.931 53735.62262176 20.11  91.315752  59.285361 12.575
 43    61.081 53735.62262240 21.78  91.313642  59.288541 12.575
 43    61.066 53735.62262305 26.16  91.311532  59.291711 12.575
 43    60.665 53735.62262369 20.46  91.309422  59.294891 12.575
 43    60.592 53735.62262434 19.09  91.307312  59.298061 12.575
 43    60.577 53735.62262498 17.11  91.305202  59.301241 12.575
 43    60.563 53735.62262563 17.71  91.303082  59.304421 12.575
 44    60.876 53770.62261093 16.86  91.304521  59.278913  7.526
 44    60.938 53770.62261157 17.84  91.302411  59.282083  7.526
 44    60.376 53770.62261609 18.73  91.287611  59.304323  7.526
 44    60.312 53770.62261673 19.68  91.285501  59.307493  7.526
 44    60.244 53770.62261738 19.38  91.283381  59.310673  7.526
 44    60.211 53770.62261802 19.34  91.281271  59.313853  7.526
 44    60.213 53770.62261866 20.38  91.279151  59.317023  7.526
 44    60.154 53770.62261931 22.89  91.277040  59.320203  7.003
 44    60.127 53770.62261995 22.93  91.274920  59.323383  7.003
 44    60.186 53770.62262060 23.53  91.272800  59.326553  7.003
 44    60.176 53770.62262124 22.00  91.270680  59.329733  7.003
 44    60.072 53770.62262189 21.07  91.268570  59.332903  7.003
 44    59.848 53770.62262253 19.68  91.266450  59.336083  7.003
 44    59.622 53770.62262318 18.08  91.264330  59.339253  7.003
 45    60.310 53805.62260151 17.19  91.320066  59.269998  6.766
 45    60.383 53805.62260215 16.61  91.317956  59.273178  6.766
 45    60.546 53805.62260280 14.98  91.315846  59.276348  6.766
 45    60.492 53805.62260344 13.67  91.313736  59.279528  6.766
 45    60.425 53805.62260602 12.45  91.305296  59.292228  6.766
 45    60.106 53805.62260666 12.60  91.303186  59.295408  6.766
 45    60.195 53805.62260731 13.33  91.301066  59.298588  6.766
 45    60.171 53805.62260795 13.57  91.298956  59.301758  6.766
 45    59.940 53805.62260860 15.06  91.296846  59.304938  6.766
 45    59.689 53805.62260924 15.96  91.294726  59.308118  6.766
 45    59.704 53805.62260989 16.51  91.292613  59.311293  5.498
 45    59.927 53805.62261053 15.74  91.290503  59.314463  5.498
 45    59.967 53805.62261118 15.89  91.288383  59.317643  5.498
 45    59.949 53805.62261182 16.60  91.286273  59.320823  5.498
 45    59.849 53805.62261247 17.16  91.284153  59.323993  5.498
 45    59.868 53805.62261311 17.71  91.282043  59.327173  5.498
 45    59.779 53805.62261376 18.42  91.279923  59.330343  5.498
 47    62.077 53875.62267130 51.65  91.299370  59.280919 41.795
 47    62.031 53875.62267194 51.67  91.297260  59.284099 41.795
 47    61.788 53875.62267710 48.08  91.280339  59.309502 37.545
 47    61.802 53875.62267774 51.51  91.278229  59.312682 37.545
 47    61.790 53875.62267839 51.26  91.276109  59.315862 37.545
 47    61.717 53875.62267903 51.98  91.273999  59.319032 37.545
 47    61.702 53875.62267968 52.45  91.271879  59.322212 37.545
 47    61.699 53875.62268032 51.41  91.269759  59.325382 37.545
 47    61.654 53875.62268097 51.77  91.267649  59.328562 37.545
 47    61.658 53875.62268161 52.89  91.265529  59.331742 37.545
 47    61.573 53875.62268226 52.16  91.263409  59.334912 37.545
 47    61.558 53875.62268290 52.69  91.261289  59.338092 37.545
 47    61.568 53875.62268355 50.17  91.259169  59.341262 37.545
 47    61.396 53875.62268419 38.54  91.257049  59.344442 37.545
 48    59.111 53910.62271965 34.23  91.290036  59.283259 12.728
 48    59.097 53910.62272029 36.24  91.287926  59.286429 12.728
 48    59.078 53910.62272094 39.79  91.285816  59.289609 12.728
 48    58.796 53910.62272674 51.48  91.266776  59.318201 39.085
 48    58.704 53910.62272739 49.84  91.264666  59.321371 39.085
 48    58.538 53910.62272803 47.92  91.262546  59.324551 39.085
 48    58.525 53910.62272867 51.69  91.260426  59.327721 39.085
 48    58.508 53910.62272932 54.15  91.258306  59.330901 39.085
 48    58.499 53910.62272996 52.48  91.256196  59.334071 39.085
 48    58.496 53910.62273061 53.54  91.254076  59.337251 39.085
 48    58.513 53910.62273125 51.83  91.251956  59.340431 39.085
 48    58.497 53910.62273190 53.16  91.249836  59.343601 39.085
 48    58.448 53910.62273254 52.26  91.247716  59.346781 39.085
 48    58.377 53910.62273319 46.06  91.245596  59.349951 39.085
 49    60.544 53945.62273923 51.78  91.291488  59.284182 24.923
 49    60.436 53945.62273987 52.18  91.289368  59.287362 24.923
 49    60.170 53945.62274567 50.24  91.270348  59.315942 24.923
 49    60.219 53945.62274632 50.89  91.268232  59.319126 29.835
 49    60.130 53945.62274696 45.08  91.266112  59.322296 29.835
 49    59.919 53945.62274761 51.63  91.263992  59.325476 29.835
 49    59.903 53945.62274825 53.42  91.261882  59.328656 29.835
 49    59.933 53945.62274890 50.30  91.259762  59.331826 29.835
 49    59.979 53945.62274954 50.68  91.257642  59.335006 29.835
 49    59.984 53945.62275019 51.04  91.255532  59.338186 29.835
 49    59.947 53945.62275083 52.26  91.253412  59.341356 29.835
 49    59.886 53945.62275148 52.29  91.251292  59.344536 29.835
 49    59.845 53945.62275212 50.35  91.249172  59.347706 29.835
 50    59.317 53980.62268348 23.70  91.309992  59.276183 13.524
 50    59.255 53980.62268412 23.61  91.307882  59.279353 13.524
 50    59.277 53980.62268477 28.46  91.305772  59.282533 13.524
 50    57.788 53980.62268799 26.99  91.295212  59.298413 13.524
 50    57.331 53980.62268863 26.68  91.293102  59.301593 13.524
 50    56.935 53980.62268928 26.69  91.290982  59.304773 13.524
 50    56.283 53980.62268992 26.36  91.288872  59.307943 13.524
 50    55.759 53980.62269057 26.77  91.286762  59.311123 13.524
 50    55.146 53980.62269121 26.91  91.284642  59.314303 13.524
 50    54.682 53980.62269186 26.20  91.282532  59.317473 13.524
 50    54.904 53980.62269250 25.01  91.280412  59.320653 13.524
 50    58.669 53980.62269315 23.80  91.278302  59.323823 13.524
 50    58.966 53980.62269379 26.65  91.276183  59.327006 11.180
 50    58.862 53980.62269444 23.84  91.274063  59.330176 11.180
 50    58.077 53980.62269508 22.90  91.271953  59.333356 11.180
 50    64.413 53980.62269572 23.22  91.269833  59.336536 11.180
 51    58.148 54015.62270538 50.39  91.289020  59.284751 23.399
 51    58.106 54015.62270602 39.86  91.286910  59.287921 23.399
 51    57.785 54015.62271182 51.35  91.267868  59.316510 35.905
 51    57.758 54015.62271247 43.74  91.265748  59.319690 35.905
 51    57.472 54015.62271311 38.49  91.263638  59.322860 35.905
 51    57.406 54015.62271376 38.27  91.261518  59.326040 35.905
 51    57.447 54015.62271440 52.26  91.259398  59.329210 35.905
 51    57.465 54015.62271505 51.81  91.257278  59.332390 35.905
 51    57.481 54015.62271569 50.43  91.255158  59.335560 35.905
 51    57.463 54015.62271634 43.61  91.253038  59.338740 35.905
 51    57.283 54015.62271698 37.16  91.250918  59.341920 35.905
 51    57.432 54015.62271762 50.04  91.248798  59.345090 35.905
 51    57.391 54015.62271827 49.07  91.246678  59.348270 35.905
 52    57.232 54050.62270435 18.98  91.310144  59.276675 11.990
 52    57.296 54050.62270499 18.20  91.308034  59.279855 11.990
 52    57.523 54050.62270564 18.13  91.305924  59.283025 11.990
 52    57.079 54050.62270886 20.02  91.295354  59.298905 11.990
 52    57.107 54050.62270951 20.53  91.293234  59.302085 11.990
 52    57.137 54050.62271015 18.54  91.291124  59.305265 11.990
 52    57.071 54050.62271080 19.37  91.289004  59.308435 11.990
 52    57.037 54050.62271144 18.26  91.286894  59.311615 11.990
 52    57.191 54050.62271209 16.36  91.284774  59.314785 11.990
 52    57.103 54050.62271273 17.36  91.282664  59.317965 11.990
 52    56.946 54050.62271338 20.10  91.280544  59.321145 11.990
 52    56.911 54050.62271402 20.77  91.278434  59.324315 11.990
 52    57.002 54050.62271466 18.20  91.276312  59.327495  9.569
 52    56.792 54050.62271531 19.29  91.274192  59.330675  9.569
 52    56.622 54050.62271595 17.82  91.272082  59.333845  9.569
 52    56.806 54050.62271660 17.75  91.269962  59.337025  9.569
 53    59.380 54085.62269692 47.93  91.307493  59.278405 49.752
 53    59.373 54085.62269756 43.84  91.305383  59.281575 49.752
 53    59.373 54085.62270143 43.78  91.292713  59.300635 49.752
 53    59.367 54085.62270208 43.74  91.290593  59.303815 49.752
 53    59.357 54085.62270272 45.41  91.288483  59.306985 49.752
 53    59.358 54085.62270337 45.11  91.286373  59.310165 49.752
 53    59.343 54085.62270401 41.51  91.284253  59.313345 49.752
 53    59.334 54085.62270466 43.16  91.282133  59.316515 49.752
 53    59.325 54085.62270530 44.97  91.280023  59.319695 49.752
 53    59.315 54085.62270595 44.74  91.277903  59.322865 49.752
 53    59.293 54085.62270659 36.95  91.275789  59.326046 13.358
 53    59.199 54085.62270723 34.87  91.273679  59.329226 13.358
 53    59.090 54085.62270788 32.52  91.271559  59.332396 13.358
 53    58.943 54085.62270852 29.97  91.269439  59.335576 13.358
 53    58.744 54085.62270917 28.59  91.267319  59.338746 13.358
 54    63.007 54120.62262184 33.83  91.323098  59.271390 15.113
 54    62.796 54120.62262248 26.39  91.320988  59.274570 15.113
 54    62.439 54120.62262313 22.31  91.318878  59.277750 15.113
 54    61.979 54120.62262377 21.13  91.316768  59.280930 15.113
 54    61.951 54120.62262442 20.74  91.314658  59.284100 15.113
 54    61.878 54120.62262506 24.06  91.312548  59.287280 15.113
 54    62.075 54120.62262571 38.30  91.310438  59.290460 15.113
 54    61.975 54120.62262635 27.13  91.308328  59.293630 15.113
 54    61.797 54120.62262700 18.24  91.306208  59.296810 15.113
 54    61.784 54120.62262764 17.03  91.304098  59.299980 15.113
 54    61.695 54120.62262829 17.21  91.301988  59.303160 15.113
 54    61.582 54120.62262893 17.62  91.299878  59.306340 15.113
 55    62.032 54155.62265555 17.24  91.301417  59.279047  7.787
 55    61.567 54155.62265620 16.36  91.299307  59.282227  7.787
 55    61.272 54155.62265684 18.17  91.297197  59.285397  7.787
 55    59.153 54155.62266135 18.88  91.282397  59.307637  7.787
 55    60.828 54155.62266200 18.82  91.280277  59.310807  7.787
 55    61.054 54155.62266264 16.95  91.278167  59.313987  7.787
 55    61.247 54155.62266329 16.08  91.276047  59.317157  7.787
 55    61.278 54155.62266393 15.62  91.273934  59.320339  8.073
 55    61.302 54155.62266458 15.54  91.271814  59.323519  8.073
 55    61.302 54155.62266522 15.45  91.269704  59.326689  8.073
 55    61.179 54155.62266587 15.88  91.267584  59.329869  8.073
 55    61.023 54155.62266651 16.09  91.265464  59.333039  8.073
 55    61.116 54155.62266716 15.41  91.263344  59.336219  8.073
 55    61.198 54155.62266780 14.80  91.261234  59.339399  8.073
 55    61.301 54155.62266845 14.45  91.259114  59.342569  8.073
 56    62.769 54190.62261873 24.37  91.319648  59.270118  7.968
 56    62.436 54190.62261938 16.84  91.317538  59.273298  7.968
 56    62.165 54190.62262002 16.60  91.315428  59.276468  7.968
 56    62.134 54190.62262067 15.94  91.313318  59.279648  7.968
 56    61.984 54190.62262325 15.54  91.304866  59.292349  5.566
 56    61.978 54190.62262389 15.39  91.302756  59.295529  5.566
 56    61.943 54190.62262453 14.76  91.300646  59.298709  5.566
 56    61.850 54190.62262518 15.20  91.298536  59.301879  5.566
 56    61.765 54190.62262582 15.80  91.296416  59.305059  5.566
 56    61.733 54190.62262647 15.68  91.294306  59.308239  5.566
 56    61.701 54190.62262711 16.63  91.292196  59.311409  5.566
 56    61.737 54190.62262776 15.96  91.290076  59.314589  5.566
 56    61.847 54190.62262840 15.26  91.287966  59.317759  5.566
 56    61.810 54190.62262905 15.64  91.285846  59.320939  5.566
 56    61.890 54190.62262969 15.64  91.283736  59.324119  5.566
 56    61.845 54190.62263034 15.61  91.281616  59.327289  5.566
 56    61.730 54190.62263098 16.01  91.279506  59.330469  5.566
 57    66.652 54225.62266731 23.01  91.297002  59.281388 14.860
 57    65.903 54225.62266796 22.20  91.294892  59.284558 14.860
 57    61.735 54225.62267376 22.64  91.275862  59.313148 14.860
 57    61.655 54225.62267441 23.92  91.273752  59.316328 14.860
 57    61.660 54225.62267505 23.49  91.271632  59.319498 14.860
 57    61.695 54225.62267570 24.53  91.269512  59.322678 14.860
 57    61.828 54225.62267634 24.29  91.267402  59.325848 14.860
 57    61.657 54225.62267698 25.24  91.265282  59.329028 14.860
 57    61.906 54225.62267763 22.27  91.263162  59.332208 14.860
 57    61.329 54225.62267827 22.07  91.261042  59.335378 14.860
 57    71.030 54225.62267892 21.08  91.258922  59.338555 13.164
 57    71.224 54225.62267956 18.97  91.256802  59.341735 13.164
 57    70.990 54225.62268021 18.64  91.254692  59.344905 13.164
 57    64.547 54225.62268085 18.37  91.252572  59.348085 13.164
 58    59.638 54260.62268696 38.30  91.301906  59.278756 37.426
 58    59.549 54260.62268760 37.80  91.299796  59.281936 37.426
 58    59.574 54260.62268825 46.19  91.297686  59.285116 37.426
 58    59.450 54260.62269276 49.42  91.282886  59.307346 37.426
 58    59.393 54260.62269341 50.87  91.280766  59.310526 37.426
 58    59.376 54260.62269405 51.54  91.278656  59.313696 37.426
 58    59.307 54260.62269469 52.04  91.276536  59.316876 37.426
 58    59.334 54260.62269534 52.32  91.274416  59.320056 37.426
 58    59.292 54260.62269598 52.43  91.272306  59.323226 37.426
 58    59.133 54260.62269663 54.10  91.270186  59.326406 37.426
 58    59.076 54260.62269727 52.49  91.268066  59.329586 37.426
 58    59.118 54260.62269792 53.01  91.265956  59.332756 37.426
 58    59.139 54260.62269856 53.33  91.263836  59.335936 37.426
 58    59.156 54260.62269921 51.09  91.261716  59.339106 37.426
 58    59.095 54260.62269985 44.05  91.259592  59.342285  9.425
 59    58.592 54295.62269092 44.83  91.302984  59.279664 36.774
 59    58.568 54295.62269156 46.62  91.300874  59.282844 36.774
 59    58.217 54295.62269608 36.39  91.286084  59.305074 36.774
 59    58.130 54295.62269672 36.09  91.283964  59.308254 36.774
 59    58.137 54295.62269737 40.17  91.281854  59.311424 36.774
 59    58.197 54295.62269801 43.85  91.279734  59.314604 36.774
 59    58.184 54295.62269866 45.58  91.277624  59.317784 36.774
 59    58.157 54295.62269930 47.89  91.275504  59.320954 36.774
 59    58.085 54295.62269994 51.41  91.273384  59.324134 36.774
 59    57.970 54295.62270059 51.95  91.271274  59.327304 36.774
 59    57.973 54295.62270123 50.35  91.269154  59.330484 36.774
 59    57.992 54295.62270188 50.72  91.267034  59.333664 36.774
 59    57.997 54295.62270252 51.97  91.264914  59.336834 36.774
 59    57.883 54295.62270317 44.77  91.262798  59.340012 14.052
 60    57.859 54330.62268248 37.41  91.310540  59.276465 20.098
 60    58.136 54330.62268313 36.16  91.308428  59.279635 37.277
 60    58.283 54330.62268377 37.88  91.306318  59.282815 37.277
 60    58.090 54330.62268699 49.11  91.295758  59.298695 37.277
 60    58.058 54330.62268764 48.84  91.293648  59.301875 37.277
 60    58.047 54330.62268828 48.65  91.291528  59.305055 37.277
 60    58.015 54330.62268893 49.79  91.289418  59.308225 37.277
 60    57.974 54330.62268957 50.35  91.287298  59.311405 37.277
 60    57.930 54330.62269022 51.75  91.285188  59.314575 37.277
 60    57.894 54330.62269086 51.98  91.283068  59.317755 37.277
 60    57.856 54330.62269151 51.77  91.280958  59.320935 37.277
 60    57.801 54330.62269215 50.61  91.278838  59.324105 37.277
 60    57.777 54330.62269280 50.47  91.276718  59.327285 37.277
 60    57.702 54330.62269344 48.30  91.274608  59.330455 37.277
 60    57.676 54330.62269408 44.05  91.272488  59.333635 37.277
 60    57.625 54330.62269473 35.73  91.270368  59.336815 37.277
 61    57.976 54365.62262491 35.35  91.320562  59.268427 24.546
 61    57.868 54365.62262556 26.40  91.318452  59.271607 24.546
 61    57.153 54365.62262620 22.88  91.316342  59.274787 24.546
 61    57.512 54365.62262685 19.52  91.314232  59.277957 24.546
 61    57.907 54365.62262749 21.72  91.312122  59.281137 24.546
 61    57.650 54365.62263007 24.10  91.303685  59.293840 28.499
 61    57.594 54365.62263071 22.82  91.301565  59.297020 28.499
 61    57.558 54365.62263136 23.78  91.299455  59.300200 28.499
 61    57.698 54365.62263200 29.45  91.297345  59.303370 28.499
 61    57.570 54365.62263265 40.49  91.295235  59.306550 28.499
 61    57.539 54365.62263329 45.50  91.293115  59.309730 28.499
 61    57.583 54365.62263394 45.60  91.291005  59.312900 28.499
 61    57.615 54365.62263458 45.11  91.288885  59.316080 28.499
 61    57.544 54365.62263523 42.74  91.286775  59.319250 28.499
 61    57.451 54365.62263587 42.41  91.284655  59.322430 28.499
 61    57.335 54365.62263652 41.18  91.282545  59.325610 28.499
 61    57.239 54365.62263716 39.92  91.280425  59.328780 28.499
 62    56.218 54400.62262504 32.73  91.303188  59.280242 28.273
 62    56.672 54400.62262568 28.38  91.301078  59.283422 28.273
 62    57.247 54400.62263019 30.39  91.286280  59.305649 33.376
 62    57.324 54400.62263084 33.27  91.284170  59.308829 33.376
 62    57.118 54400.62263148 35.05  91.282050  59.312009 33.376
 62    57.122 54400.62263213 35.35  91.279940  59.315179 33.376
 62    57.055 54400.62263277 34.35  91.277820  59.318359 33.376
 62    57.043 54400.62263342 33.76  91.275710  59.321529 33.376
 62    57.095 54400.62263406 36.19  91.273590  59.324709 33.376
 62    57.075 54400.62263471 39.54  91.271470  59.327889 33.376
 62    57.078 54400.62263535 45.38  91.269350  59.331059 33.376
 62    57.053 54400.62263600 47.93  91.267240  59.334239 33.376
 62    56.977 54400.62263664 45.69  91.265120  59.337409 33.376
 62    56.799 54400.62263729 37.38  91.263000  59.340589 33.376
 63    57.357 54435.62258053 46.18  91.315518  59.271970 38.898
 63    57.239 54435.62258117 44.90  91.313408  59.275150 38.898
 63    57.212 54435.62258182 44.72  91.311298  59.278320 38.898
 63    57.163 54435.62258246 34.99  91.309188  59.281500 38.898
 63    57.134 54435.62258568 40.78  91.298628  59.297379 31.611
 63    57.102 54435.62258633 38.12  91.296518  59.300559 31.611
 63    57.115 54435.62258697 40.34  91.294398  59.303739 31.611
 63    57.089 54435.62258762 39.08  91.292288  59.306909 31.611
 63    57.041 54435.62258826 37.28  91.290178  59.310089 31.611
 63    56.960 54435.62258891 35.76  91.288058  59.313269 31.611
 63    56.917 54435.62258955 38.11  91.285948  59.316439 31.611
 63    56.795 54435.62259020 35.87  91.283828  59.319619 31.611
 63    56.685 54435.62259084 36.26  91.281718  59.322789 31.611
 63    56.497 54435.62259149 35.68  91.279598  59.325969 31.611
 63    56.422 54435.62259213 32.59  91.277478  59.329149 31.611
 63    56.299 54435.62259278 30.53  91.275368  59.332319 31.611
 64    61.773 54470.62260905 16.33  91.298689  59.280021  9.929
 64    61.780 54470.62260969 13.18  91.296569  59.283201  9.929
 64    61.683 54470.62261034 11.74  91.294457  59.286376  6.365
 64    61.229 54470.62261485 12.08  91.279657  59.308606  6.365
 64    61.157 54470.62261550 13.10  91.277537  59.311786  6.365
 64    61.154 54470.62261614 12.84  91.275427  59.314956  6.365
 64    61.042 54470.62261678 13.77  91.273307  59.318136  6.365
 64    60.965 54470.62261743 14.48  91.271197  59.321306  6.365
 64    60.962 54470.62261807 15.44  91.269077  59.324486  6.365
 64    61.021 54470.62261872 14.35  91.266957  59.327666  6.365
 64    60.985 54470.62261936 13.87  91.264837  59.330836  6.365
 64    60.892 54470.62262001 13.88  91.262717  59.334016  6.365
 64    60.822 54470.62262065 14.61  91.260597  59.337186  6.365
 64    60.688 54470.62262130 15.67  91.258487  59.340366  6.365
 64    60.767 54470.62262194 15.07  91.256367  59.343536  6.365
 64    60.870 54470.62262259 15.22  91.254247  59.346716  6.365
 65    61.901 54505.62259345 17.00  91.317916  59.269727  7.143
 65    62.130 54505.62259410 15.85  91.315806  59.272907  7.143
 65    62.287 54505.62259474 14.68  91.313696  59.276087  7.143
 65    62.087 54505.62259539 14.04  91.311586  59.279257  7.143
 65    62.104 54505.62259603 12.55  91.309476  59.282437  7.143
 65    61.882 54505.62259861 10.08  91.301026  59.295147  7.143
 65    61.816 54505.62259926  9.74  91.298914  59.298325  5.418
 65    61.763 54505.62259990  9.94  91.296794  59.301495  5.418
 65    61.730 54505.62260055 10.12  91.294684  59.304675  5.418
 65    61.549 54505.62260119 11.84  91.292574  59.307845  5.418
 65    61.343 54505.62260183 12.55  91.290454  59.311025  5.418
 65    61.569 54505.62260248 11.75  91.288344  59.314205  5.418
 65    61.500 54505.62260312 11.46  91.286224  59.317375  5.418
 65    61.383 54505.62260377 12.55  91.284114  59.320555  5.418
 65    61.465 54505.62260441 12.86  91.281994  59.323735  5.418
 65    61.255 54505.62260506 14.23  91.279884  59.326905  5.418
 65    61.276 54505.62260570 13.92  91.277764  59.330085  5.418
 65    61.016 54505.62260635 15.29  91.275654  59.333255  5.418
 66    61.364 54540.62262352 12.04  91.305087  59.278638  6.530
 66    61.363 54540.62262417 11.66  91.302977  59.281818  6.530
 66    61.063 54540.62262868 11.17  91.288187  59.304052  6.289
 66    61.123 54540.62262932 11.68  91.286067  59.307232  6.289
 66    60.828 54540.62262997 12.72  91.283957  59.310402  6.289
 66    60.908 54540.62263061 12.05  91.281837  59.313582  6.289
 66    60.894 54540.62263126 12.51  91.279727  59.316752  6.289
 66    60.820 54540.62263190 12.76  91.277607  59.319932  6.289
 66    60.833 54540.62263255 13.83  91.275487  59.323112  6.289
 66    60.763 54540.62263319 14.18  91.273377  59.326282  6.289
 66    60.717 54540.62263384 14.20  91.271257  59.329462  6.289
 66    60.791 54540.62263448 14.31  91.269137  59.332632  6.289
 66    60.700 54540.62263512 13.80  91.267027  59.335812  6.289
 66    60.674 54540.62263577 14.00  91.264907  59.338992  6.289
 67    61.416 54575.62259501 11.91  91.318510  59.270551  4.053
 67    65.349 54575.62259566 10.46  91.316400  59.273731  4.053
 67    63.759 54575.62259630 10.24  91.314300  59.276901  4.053
 67    63.309 54575.62259695  9.55  91.312180  59.280081  4.053
 67    61.345 54575.62259952  8.00  91.303740  59.292791  4.053
 67    61.442 54575.62260017  7.54  91.301630  59.295961  4.053
 67    65.904 54575.62260081  7.61  91.299510  59.299141  4.053
 67    65.163 54575.62260146  7.14  91.297400  59.302321  4.053
 67    63.741 54575.62260210  7.49  91.295283  59.305499  3.560
 67    63.647 54575.62260275  8.34  91.293173  59.308669  3.560
 67    60.958 54575.62260339  8.25  91.291063  59.311849  3.560
 67    60.846 54575.62260404  8.97  91.288943  59.315019  3.560
 67    61.015 54575.62260468  8.24  91.286833  59.318199  3.560
 67    60.714 54575.62260533  8.43  91.284713  59.321379  3.560
 67    60.583 54575.62260597  8.63  91.282603  59.324549  3.560
 67    60.550 54575.62260662  8.99  91.280483  59.327729  3.560
 67    60.434 54575.62260726  9.20  91.278363  59.330909  3.560
 68    65.513 54610.62261570 22.92  91.303806  59.278571 15.285
 68    65.474 54610.62261635 21.43  91.301696  59.281751 15.285
 68    64.553 54610.62261699 24.20  91.299586  59.284921 15.285
 68    60.742 54610.62262150 17.86  91.284787  59.307158 13.088
 68    60.550 54610.62262215 18.78  91.282677  59.310338 13.088
 68    60.853 54610.62262279 17.66  91.280557  59.313508 13.088
 68    60.836 54610.62262344 18.28  91.278437  59.316688 13.088
 68    61.342 54610.62262408 17.47  91.276327  59.319858 13.088
 68    59.752 54610.62262473 21.16  91.274207  59.323038 13.088
 68    59.464 54610.62262537 28.93  91.272097  59.326218 13.088
 68    61.344 54610.62262602 25.14  91.269977  59.329388 13.088
 68    64.409 54610.62262666 20.44  91.267857  59.332568 13.088
 68    71.789 54610.62262731 22.76  91.265737  59.335738 13.088
 68    71.741 54610.62262795 30.53  91.263617  59.338918 13.088
 68    73.179 54610.62262860 27.43  91.261507  59.342098 13.088
 69    60.934 54645.62262324 17.25  91.302596  59.279363  9.165
 69    58.247 54645.62262388 23.12  91.300486  59.282533  9.165
 69    56.009 54645.62262904 21.67  91.283577  59.307948  8.178
 69    56.466 54645.62262968 21.54  91.281467  59.311128  8.178
 69    57.300 54645.62263033 22.22  91.279347  59.314298  8.178
 69    57.455 54645.62263097 21.91  91.277227  59.317478  8.178
 69    57.723 54645.62263162 22.85  91.275117  59.320648  8.178
 69    57.862 54645.62263226 25.77  91.272997  59.323828  8.178
 69    57.712 54645.62263291 25.23  91.270887  59.327008  8.178
 69    57.401 54645.62263355 23.97  91.268767  59.330178  8.178
 69    57.280 54645.62263420 22.66  91.266647  59.333358  8.178
 69    71.341 54645.62263484 22.53  91.264527  59.336528  8.178
 69    71.634 54645.62263549 22.91  91.262407  59.339708  8.178
 69    57.358 54645.62263613 22.65  91.260297  59.342888  8.178
 70    58.001 54680.62262424 29.17  91.304570  59.277862 21.837
 70    57.900 54680.62262488 27.46  91.302460  59.281042 21.837
 70    57.885 54680.62262553 25.84  91.300350  59.284212 21.837
 70    57.778 54680.62263004 24.09  91.285559  59.306448 10.867
 70    57.708 54680.62263069 21.10  91.283439  59.309628 10.867
 70    57.506 54680.62263133 19.94  91.281329  59.312798 10.867
 70    57.557 54680.62263198 21.05  91.279209  59.315978 10.867
 70    57.364 54680.62263262 22.64  91.277099  59.319158 10.867
 70    57.313 54680.62263326 25.67  91.274979  59.322328 10.867
 70    57.501 54680.62263391 25.77  91.272859  59.325508 10.867
 70    57.231 54680.62263455 28.36  91.270749  59.328688 10.867
 70    57.142 54680.62263520 22.73  91.268629  59.331858 10.867
 70    56.679 54680.62263584 22.39  91.266509  59.335038 10.867
 70    56.471 54680.62263649 22.22  91.264389  59.338208 10.867
 70    56.237 54680.62263713 21.98  91.262269  59.341388 10.867
 71    57.899 54715.62257235 47.91  91.321124  59.269387 38.047
 71    57.835 54715.62257299 48.09  91.319014  59.272567 38.047
 71    57.757 54715.62257364 46.11  91.316914  59.275737 38.047
 71    57.680 54715.62257428 41.96  91.314794  59.278917 38.047
 71    57.626 54715.62257493 46.57  91.312684  59.282087 38.047
 71    57.582 54715.62257686 44.70  91.306354  59.291617 38.047
 71    57.584 54715.62257751 44.75  91.304244  59.294797 38.047
 71    57.574 54715.62257815 43.06  91.302134  59.297977 38.047
 71    57.504 54715.62257879 46.66  91.300014  59.301147 38.047
 71    57.509 54715.62257944 47.99  91.297904  59.304327 38.047
 71    57.530 54715.62258008 45.31  91.295794  59.307507 38.047
 71    57.504 54715.62258073 41.79  91.293679  59.310685 13.994
 71    57.444 54715.62258137 42.08  91.291559  59.313855 13.994
 71    57.372 54715.62258202 40.69  91.289449  59.317035 13.994
 71    57.345 54715.62258266 40.43  91.287339  59.320205 13.994
 71    57.293 54715.62258331 36.92  91.285219  59.323385 13.994
 71    57.148 54715.62258395 35.44  91.283099  59.326565 13.994
 71    57.054 54715.62258460 34.77  91.280989  59.329735 13.994
 72    64.458 54750.62259617 22.19  91.295573  59.282868 18.422
 72    64.442 54750.62259681 19.08  91.293453  59.286048 18.422
 72    57.066 54750.62260197 20.02  91.276539  59.311452 11.334
 72    57.122 54750.62260261 19.44  91.274429  59.314632 11.334
 72    57.271 54750.62260326 20.31  91.272309  59.317802 11.334
 72    57.368 54750.62260390 26.44  91.270189  59.320982 11.334
 72    57.271 54750.62260455 31.32  91.268079  59.324162 11.334
 72    57.152 54750.62260519 27.74  91.265959  59.327332 11.334
 72    57.090 54750.62260584 26.19  91.263839  59.330512 11.334
 72    56.925 54750.62260648 24.10  91.261719  59.333682 11.334
 72    57.028 54750.62260713 22.83  91.259599  59.336862 11.334
 72    56.971 54750.62260777 22.62  91.257489  59.340032 11.334
 72    57.055 54750.62260842 22.74  91.255369  59.343212 11.334
 72    62.738 54750.62260906 22.31  91.253249  59.346392 11.334
 73    57.430 54785.62256211 49.96  91.312983  59.273541 46.683
 73    57.390 54785.62256276 48.58  91.310883  59.276711 46.683
 73    57.348 54785.62256340 47.61  91.308763  59.279891 46.683
 73    57.193 54785.62256405 39.39  91.306653  59.283071 46.683
 73    57.010 54785.62256727 47.97  91.296093  59.298951 46.683
 73    57.053 54785.62256792 46.69  91.293983  59.302121 46.683
 73    57.064 54785.62256856 49.57  91.291871  59.305305 29.212
 73    57.041 54785.62256921 48.90  91.289751  59.308475 29.212
 73    56.984 54785.62256985 46.75  91.287641  59.311655 29.212
 73    56.867 54785.62257050 45.12  91.285521  59.314835 29.212
 73    56.760 54785.62257114 46.27  91.283411  59.318005 29.212
 73    56.657 54785.62257178 48.26  91.281291  59.321185 29.212
 73    56.594 54785.62257243 46.75  91.279181  59.324355 29.212
 73    56.541 54785.62257307 45.54  91.277061  59.327535 29.212
 73    56.477 54785.62257372 42.20  91.274941  59.330715 29.212
 73    56.411 54785.62257436 34.89  91.272831  59.333885 29.212
 74    61.266 54820.62258884 16.96  91.298205  59.280101 14.613
 74    61.214 54820.62258948 18.13  91.296085  59.283281 14.613
 74    61.111 54820.62259013 18.70  91.293975  59.286451 14.613
 74    60.089 54820.62259528 15.18  91.277056  59.311865 11.838
 74    60.229 54820.62259593 16.02  91.274946  59.315035 11.838
 74    60.216 54820.62259657 16.19  91.272826  59.318215 11.838
 74    60.110 54820.62259722 18.90  91.270716  59.321395 11.838
 74    60.208 54820.62259786 18.44  91.268596  59.324565 11.838
 74    60.073 54820.62259851 20.09  91.266476  59.327745 11.838
 74    60.057 54820.62259915 19.97  91.264356  59.330915 11.838
 74    60.082 54820.62259980 18.49  91.262236  59.334095 11.838
 74    60.028 54820.62260044 18.04  91.260126  59.337275 11.838
 74    60.021 54820.62260109 17.72  91.258006  59.340445 11.838
 74    60.018 54820.62260173 16.65  91.255886  59.343625 11.838
 74    60.000 54820.62260238 17.70  91.253766  59.346795 11.838
 75    62.305 54855.62255843 14.35  91.313698  59.272490 10.063
 75    62.166 54855.62255907 13.87  91.311588  59.275670 10.063
 75    62.347 54855.62255972 12.03  91.309468  59.278840 10.063
 75    62.412 54855.62256036 11.56  91.307358  59.282020 10.063
 75    61.712 54855.62256358 12.18  91.296798  59.297900 10.063
 75    61.855 54855.62256423 13.33  91.294688  59.301080 10.063
 75    62.107 54855.62256487 13.14  91.292568  59.304260 10.063
 75    62.120 54855.62256552 10.84  91.290458  59.307435  7.102
 75    61.834 54855.62256616 11.54  91.288348  59.310605  7.102
 75    62.056 54855.62256681 11.69  91.286228  59.313785  7.102
 75    62.050 54855.62256745 16.65  91.284118  59.316965  7.102
 75    61.924 54855.62256810 16.60  91.281998  59.320135  7.102
 75    61.664 54855.62256874 12.23  91.279888  59.323315  7.102
 75    61.592 54855.62256939 12.61  91.277768  59.326485  7.102
 75    61.544 54855.62257003 13.55  91.275648  59.329665  7.102
 75    61.494 54855.62257068 13.82  91.273538  59.332845  7.102
 75    61.421 54855.62257132 14.16  91.271418  59.336015  7.102
 76    62.358 54890.62259269  9.63  91.301610  59.280935 11.096
 76    62.212 54890.62259333  9.68  91.299500  59.284115 11.096
 76    61.227 54890.62259785  9.68  91.284708  59.306349  6.430
 76    61.408 54890.62259849 10.58  91.282588  59.309529  6.430
 76    61.285 54890.62259914 10.89  91.280478  59.312699  6.430
 76    61.470 54890.62259978 10.23  91.278358  59.315879  6.430
 76    61.499 54890.62260043 10.03  91.276248  59.319049  6.430
 76    61.378 54890.62260107 11.78  91.274128  59.322229  6.430
 76    61.433 54890.62260171 12.16  91.272008  59.325409  6.430
 76    61.405 54890.62260236 12.55  91.269898  59.328579  6.430
 76    61.366 54890.62260300 12.81  91.267778  59.331759  6.430
 76    61.346 54890.62260365 12.17  91.265658  59.334929  6.430
 76    61.387 54890.62260429 11.65  91.263548  59.338109  6.430
 76    61.226 54890.62260494 12.76  91.261428  59.341279  6.430
 77    62.704 54925.62255629 18.78  91.320163  59.267949 25.002
 77    62.589 54925.62255694 22.42  91.318053  59.271129 25.002
 77    62.747 54925.62255758 13.43  91.315943  59.274299 25.002
 77    62.465 54925.62255823 12.95  91.313833  59.277479 25.002
 77    62.444 54925.62255887 17.31  91.311733  59.280649 25.002
 77    62.332 54925.62256145 19.98  91.303283  59.293359 25.002
 77    62.198 54925.62256210 17.19  91.301173  59.296539 25.002
 77    62.336 54925.62256274 17.05  91.299063  59.299709 25.002
 77    62.395 54925.62256339 20.35  91.296943  59.302889 25.002
 77    62.293 54925.62256403 18.52  91.294833  59.306069 25.002
 77    62.014 54925.62256468 17.69  91.292725  59.309245 18.097
 77    62.179 54925.62256532 16.86  91.290605  59.312415 18.097
 77    62.134 54925.62256596 17.30  91.288495  59.315595 18.097
 77    62.080 54925.62256661 20.82  91.286375  59.318775 18.097
 77    62.079 54925.62256725 17.54  91.284265  59.321945 18.097
 77    61.997 54925.62256790 20.97  91.282145  59.325125 18.097
 77    61.969 54925.62256854 21.08  91.280035  59.328295 18.097
 77    61.969 54925.62256919 19.27  91.277915  59.331475 18.097
 78    66.910 54960.62259144 22.79  91.296780  59.281232 14.340
 78    69.356 54960.62259208 19.77  91.294660  59.284412 14.340
 78    69.827 54960.62259273 19.10  91.292550  59.287582 14.340
 78    62.280 54960.62259788 21.16  91.275630  59.312999 16.154
 78    61.737 54960.62259853 22.15  91.273520  59.316169 16.154
 78    60.868 54960.62259917 24.53  91.271400  59.319349 16.154
 78    60.687 54960.62259982 26.46  91.269290  59.322519 16.154
 78    60.922 54960.62260046 26.39  91.267170  59.325699 16.154
 78    60.786 54960.62260111 30.24  91.265050  59.328879 16.154
 78    60.700 54960.62260175 28.99  91.262930  59.332049 16.154
 78    60.811 54960.62260240 25.49  91.260810  59.335229 16.154
 78    61.003 54960.62260304 24.47  91.258700  59.338399 16.154
 78    60.932 54960.62260368 22.66  91.256580  59.341579 16.154
 78    61.361 54960.62260433 21.00  91.254460  59.344759 16.154
 78    63.460 54960.62260497 20.33  91.252340  59.347929 16.154
 79    65.579 54995.62261246 17.55  91.300634  59.279561 13.889
 79    64.917 54995.62261310 18.64  91.298524  59.282731 13.889
 79    59.206 54995.62261375 22.74  91.296414  59.285911 13.889
 79    60.631 54995.62261826 15.60  91.281611  59.308138 10.233
 79    60.688 54995.62261890 15.43  91.279501  59.311318 10.233
 79    61.372 54995.62261955 13.27  91.277381  59.314498 10.233
 79    61.621 54995.62262019 14.21  91.275271  59.317668 10.233
 79    61.750 54995.62262084 14.77  91.273151  59.320848 10.233
 79    59.660 54995.62262148 18.67  91.271041  59.324028 10.233
 79    61.767 54995.62262213 18.12  91.268921  59.327198 10.233
 79    62.589 54995.62262277 17.74  91.266801  59.330378 10.233
 79    71.419 54995.62262342 16.50  91.264681  59.333548 10.233
 79    71.718 54995.62262406 19.07  91.262571  59.336728 10.233
 79    71.806 54995.62262471 21.76  91.260451  59.339908 10.233
 79    80.583 54995.62262535 14.56  91.258331  59.343078 10.233
 80    58.137 55030.62260229 50.36  91.302702  59.280509 42.998
 80    58.113 55030.62260293 51.56  91.300592  59.283689 42.998
 80    57.902 55030.62260744 51.39  91.285800  59.305924 43.229
 80    57.878 55030.62260809 51.96  91.283680  59.309104 43.229
 80    57.847 55030.62260873 51.06  91.281570  59.312274 43.229
 80    57.824 55030.62260938 52.40  91.279450  59.315454 43.229
 80    57.780 55030.62261002 48.65  91.277340  59.318624 43.229
 80    57.750 55030.62261067 52.27  91.275220  59.321804 43.229
 80    57.672 55030.62261131 52.70  91.273100  59.324984 43.229
 80    57.607 55030.62261196 53.42  91.270990  59.328154 43.229
 80    57.579 55030.62261260 50.85  91.268870  59.331334 43.229
 80    57.560 55030.62261324 51.81  91.266750  59.334504 43.229
 80    57.534 55030.62261389 52.32  91.264640  59.337684 43.229
 80    57.497 55030.62261453 38.79  91.262520  59.340864 43.229
 81    58.054 55065.62259182 34.01  91.309023  59.276473 27.141
 81    57.953 55065.62259247 32.92  91.306913  59.279653 27.141
 81    58.402 55065.62259311 30.88  91.304803  59.282833 27.141
 81    58.242 55065.62259633 37.98  91.294243  59.298713 27.141
 81    58.282 55065.62259698 36.04  91.292123  59.301893 27.141
 81    58.123 55065.62259762 39.93  91.290014  59.305070 30.948
 81    58.138 55065.62259827 43.71  91.287904  59.308240 30.948
 81    58.161 55065.62259891 47.49  91.285784  59.311420 30.948
 81    58.101 55065.62259956 48.22  91.283674  59.314590 30.948
 81    58.144 55065.62260020 47.73  91.281554  59.317770 30.948
 81    58.093 55065.62260085 52.00  91.279434  59.320950 30.948
 81    58.008 55065.62260149 51.24  91.277324  59.324120 30.948
 81    57.896 55065.62260214 54.06  91.275204  59.327300 30.948
 81    57.792 55065.62260278 52.74  91.273084  59.330480 30.948
 81    57.783 55065.62260343 49.29  91.270974  59.333650 30.948
 81    57.741 55065.62260407 39.64  91.268854  59.336830 30.948
 82    58.457 55100.62253252 51.09  91.320300  59.269349 48.508
 82    58.502 55100.62253317 50.45  91.318200  59.272529 48.508
 82    58.417 55100.62253381 49.70  91.316090  59.275709 48.508
 82    58.334 55100.62253445 48.99  91.313980  59.278879 48.508
 82    58.260 55100.62253510 49.17  91.311870  59.282059 48.508
 82    58.207 55100.62253703 51.29  91.305530  59.291589 48.508
 82    58.215 55100.62253768 49.69  91.303420  59.294769 48.508
 82    58.176 55100.62253832 51.96  91.301310  59.297939 48.508
 82    58.169 55100.62253897 49.66  91.299200  59.301119 48.508
 82    58.167 55100.62253961 51.24  91.297080  59.304289 48.508
 82    58.156 55100.62254026 51.39  91.294970  59.307469 48.508
 82    58.136 55100.62254090 48.75  91.292860  59.310649 48.508
 82    58.045 55100.62254155 47.51  91.290743  59.313827 15.864
 82    58.016 55100.62254219 44.92  91.288633  59.316997 15.864
 82    57.989 55100.62254284 42.72  91.286513  59.320177 15.864
 82    57.936 55100.62254348 42.19  91.284403  59.323347 15.864
 82    57.851 55100.62254412 39.63  91.282283  59.326527 15.864
 82    57.771 55100.62254477 37.71  91.280163  59.329707 15.864
 83    58.014 55135.62253792 41.81  91.298702  59.280481 29.474
 83    57.702 55135.62253857 35.69  91.296592  59.283661 29.474
 83    57.652 55135.62253921 29.61  91.294472  59.286841 29.474
 83    57.753 55135.62254373 40.57  91.279679  59.309073 34.064
 83    57.610 55135.62254437 39.67  91.277559  59.312243 34.064
 83    57.518 55135.62254502 37.37  91.275449  59.315423 34.064
 83    57.406 55135.62254566 36.42  91.273329  59.318593 34.064
 83    57.365 55135.62254630 38.78  91.271209  59.321773 34.064
 83    57.322 55135.62254695 40.55  91.269099  59.324953 34.064
 83    57.281 55135.62254759 39.83  91.266979  59.328123 34.064
 83    57.266 55135.62254824 42.38  91.264859  59.331303 34.064
 83    57.244 55135.62254888 41.74  91.262739  59.334473 34.064
 83    57.224 55135.62254953 42.91  91.260619  59.337653 34.064
 83    57.210 55135.62255017 43.00  91.258509  59.340833 34.064
 83    57.154 55135.62255082 35.94  91.256389  59.344003 34.064
 84    60.098 55170.62249874 47.54  91.316881  59.270250 47.178
 84    60.108 55170.62249938 49.28  91.314771  59.273430 47.178
 84    60.090 55170.62250003 49.25  91.312661  59.276600 47.178
 84    60.089 55170.62250067 47.02  91.310551  59.279780 47.178
 84    59.940 55170.62250390 46.84  91.300001  59.295660 47.178
 84    59.939 55170.62250454 41.25  91.297881  59.298840 47.178
 84    59.867 55170.62250518 41.30  91.295771  59.302020 47.178
 84    59.868 55170.62250583 43.12  91.293652  59.305196 27.642
 84    59.868 55170.62250647 43.67  91.291542  59.308366 27.642
 84    59.842 55170.62250712 37.69  91.289432  59.311546 27.642
 84    59.820 55170.62250776 40.98  91.287312  59.314716 27.642
 84    59.816 55170.62250841 43.52  91.285202  59.317896 27.642
 84    59.857 55170.62250905 48.35  91.283082  59.321076 27.642
 84    59.784 55170.62250970 39.74  91.280972  59.324246 27.642
 84    59.698 55170.62251034 33.80  91.278852  59.327426 27.642
 84    59.581 55170.62251099 31.32  91.276732  59.330606 27.642
 84    59.481 55170.62251163 29.04  91.274622  59.333776 27.642
 85    61.909 55205.62253194 21.08  91.296461  59.282884  7.211
 85    61.732 55205.62253259 19.18  91.294341  59.286064  7.211
 85    61.509 55205.62253775 21.59  91.277428  59.311468  8.773
 85    61.494 55205.62253839 21.81  91.275308  59.314648  8.773
 85    61.426 55205.62253904 24.42  91.273198  59.317818  8.773
 85    61.466 55205.62253968 20.42  91.271078  59.320998  8.773
 85    61.454 55205.62254033 21.18  91.268968  59.324178  8.773
 85    61.479 55205.62254097 21.05  91.266848  59.327348  8.773
 85    61.417 55205.62254161 21.26  91.264728  59.330528  8.773
 85    61.278 55205.62254226 19.64  91.262608  59.333698  8.773
 85    61.250 55205.62254290 19.18  91.260488  59.336878  8.773
 85    61.170 55205.62254355 18.38  91.258378  59.340048  8.773
 85    60.776 55205.62254419 18.71  91.256258  59.343228  8.773
 85    60.673 55205.62254484 17.85  91.254138  59.346408  8.773
 86    61.602 55240.62250485 15.24  91.316358  59.271036  6.387
 86    61.712 55240.62250550 14.58  91.314258  59.274206  6.387
 86    61.866 55240.62250614 13.81  91.312138  59.277386  6.387
 86    61.884 55240.62250679 13.93  91.310028  59.280556  6.387
 86    61.507 55240.62251001 14.18  91.299478  59.296446  6.387
 86    61.578 55240.62251066 14.62  91.297358  59.299616  6.387
 86    61.525 55240.62251130 14.78  91.295248  59.302796  6.387
 86    61.508 55240.62251194 15.00  91.293138  59.305976  6.387
 86    61.443 55240.62251259 15.03  91.291024  59.309151  4.469
 86    61.342 55240.62251323 15.45  91.288904  59.312321  4.469
 86    61.440 55240.62251388 15.28  91.286794  59.315501  4.469
 86    61.389 55240.62251452 15.23  91.284684  59.318681  4.469
 86    61.378 55240.62251517 16.40  91.282564  59.321851  4.469
 86    61.349 55240.62251581 16.24  91.280444  59.325031  4.469
 86    61.259 55240.62251646 15.46  91.278334  59.328201  4.469
 86    61.200 55240.62251710 14.96  91.276214  59.331381  4.469
 86    60.852 55240.62251775 14.97  91.274094  59.334561  4.469
 87    61.220 55275.62252497 12.56  91.305070  59.279531  6.626
 87    61.089 55275.62252562 12.39  91.302960  59.282711  6.626
 87    60.769 55275.62253013 14.66  91.288175  59.304946  5.295
 87    60.711 55275.62253077 14.92  91.286055  59.308126  5.295
 87    60.726 55275.62253142 15.16  91.283945  59.311296  5.295
 87    60.720 55275.62253206 15.27  91.281825  59.314476  5.295
 87    60.841 55275.62253271 15.30  91.279715  59.317646  5.295
 87    60.728 55275.62253335 14.70  91.277595  59.320826  5.295
 87    60.711 55275.62253400 15.53  91.275475  59.324006  5.295
 87    60.707 55275.62253464 15.86  91.273365  59.327176  5.295
 87    60.569 55275.62253529 15.29  91.271245  59.330356  5.295
 87    60.545 55275.62253593 15.22  91.269125  59.333526  5.295
 87    60.485 55275.62253658 15.25  91.267015  59.336706  5.295
 87    60.465 55275.62253722 15.36  91.264895  59.339886  5.295
 88    66.427 55310.62248874 19.02  91.319500  59.268645 23.595
 88    65.776 55310.62248938 17.56  91.317390  59.271825 23.595
 88    61.197 55310.62249003 17.50  91.315290  59.275005 23.595
 88    61.088 55310.62249067 17.25  91.313180  59.278175 23.595
 88    61.100 55310.62249131 20.75  91.311060  59.281355 23.595
 88    60.894 55310.62249389 18.40  91.302620  59.294065 23.595
 88    60.867 55310.62249454 16.93  91.300510  59.297235 23.595
 88    60.916 55310.62249518 16.68  91.298390  59.300415 23.595
 88    60.750 55310.62249583 18.56  91.296280  59.303595 23.595
 88    60.884 55310.62249647 16.33  91.294170  59.306774 20.346
 88    60.699 55310.62249712 16.72  91.292050  59.309944 20.346
 88    60.831 55310.62249776 19.98  91.289940  59.313124 20.346
 88    60.784 55310.62249841 18.32  91.287820  59.316294 20.346
 88    60.732 55310.62249905 17.80  91.285710  59.319474 20.346
 88    60.694 55310.62249970 18.10  91.283590  59.322654 20.346
 88    60.663 55310.62250034 21.88  91.281480  59.325824 20.346
 88    60.652 55310.62250098 22.05  91.279360  59.329004 20.346
 88    60.595 55310.62250163 19.21  91.277240  59.332184 20.346
 89    60.342 55345.62249361 51.33  91.306288  59.277165 44.890
 89    60.511 55345.62249426 49.39  91.304178  59.280335 44.890
 89    60.449 55345.62249490 47.52  91.302068  59.283515 44.890
 89    60.119 55345.62249877 49.26  91.289388  59.302575 44.890
 89    60.080 55345.62249941 46.11  91.287278  59.305745 44.890
 89    60.031 55345.62250006 49.85  91.285158  59.308925 44.890
 89    60.150 55345.62250070 50.09  91.283048  59.312105 44.890
 89    60.115 55345.62250135 50.37  91.280928  59.315275 44.890
 89    60.045 55345.62250199 49.73  91.278818  59.318455 44.890
 89    59.989 55345.62250264 51.24  91.276698  59.321635 44.890
 89    59.990 55345.62250328 51.16  91.274578  59.324805 44.890
 89    59.884 55345.62250393 53.19  91.272468  59.327985 44.890
 89    59.885 55345.62250457 51.29  91.270348  59.331155 44.890
 89    59.920 55345.62250522 51.78  91.268227  59.334336 11.851
 89    59.969 55345.62250586 47.21  91.266117  59.337516 11.851
 89    71.680 55345.62250650 37.52  91.263997  59.340686 11.851
 90    59.429 55380.62248636 38.84  91.309417  59.276335 17.623
 90    59.472 55380.62248701 38.54  91.307307  59.279515 17.623
 90    59.384 55380.62248765 43.11  91.305197  59.282685 17.623
 90    59.284 55380.62249087 38.60  91.294637  59.298575 17.623
 90    59.189 55380.62249152 37.49  91.292528  59.301751 27.429
 90    59.143 55380.62249216 41.01  91.290408  59.304921 27.429
 90    59.020 55380.62249281 43.48  91.288298  59.308101 27.429
 90    59.011 55380.62249345 45.56  91.286178  59.311281 27.429
 90    58.971 55380.62249410 44.77  91.284068  59.314451 27.429
 90    59.021 55380.62249474 48.75  91.281948  59.317631 27.429
 90    59.089 55380.62249539 50.52  91.279838  59.320801 27.429
 90    58.979 55380.62249603 50.70  91.277718  59.323981 27.429
 90    58.857 55380.62249668 54.32  91.275598  59.327161 27.429
 90    58.849 55380.62249732 50.85  91.273488  59.330331 27.429
 90    58.890 55380.62249796 47.65  91.271368  59.333511 27.429
 90    58.864 55380.62249861 40.53  91.269258  59.336681 27.429
 91    58.274 55415.62251408 33.83  91.297180  59.280878 19.914
 91    58.249 55415.62251473 32.12  91.295060  59.284058 19.914
 91    58.242 55415.62251537 30.24  91.292950  59.287228 19.914
 91    58.490 55415.62252053 51.37  91.276038  59.312642 38.515
 91    58.438 55415.62252117 50.57  91.273918  59.315812 38.515
 91    58.324 55415.62252182 49.12  91.271798  59.318992 38.515
 91    58.165 55415.62252246 48.79  91.269688  59.322172 38.515
 91    58.130 55415.62252311 53.08  91.267568  59.325342 38.515
 91    58.125 55415.62252375 52.06  91.265448  59.328522 38.515
 91    58.118 55415.62252440 51.79  91.263328  59.331692 38.515
 91    58.113 55415.62252504 53.09  91.261208  59.334872 38.515
 91    58.106 55415.62252569 52.73  91.259098  59.338052 38.515
 91    58.096 55415.62252633 53.34  91.256978  59.341222 38.515
 91    58.096 55415.62252697 46.69  91.254858  59.344402 38.515
 91    57.988 55415.62252762 36.09  91.252738  59.347572 38.515
 92    56.192 55450.62249722 25.21  91.313850  59.272674 13.183
 92    55.818 55450.62249786 25.57  91.311740  59.275854 13.183
 92    55.561 55450.62249851 24.00  91.309630  59.279024 13.183
 92    58.239 55450.62249915 26.29  91.307520  59.282204 13.183
 92    57.712 55450.62250238 20.06  91.296960  59.298084 13.183
 92    57.418 55450.62250302 21.04  91.294850  59.301264 13.183
 92    57.483 55450.62250367 19.24  91.292730  59.304444 13.183
 92    57.706 55450.62250431 20.62  91.290619  59.307621  9.230
 92    57.786 55450.62250496 20.71  91.288509  59.310791  9.230
 92    58.050 55450.62250560 21.08  91.286389  59.313971  9.230
 92    57.867 55450.62250624 19.62  91.284279  59.317141  9.230
 92    57.846 55450.62250689 20.25  91.282159  59.320321  9.230
 92    58.355 55450.62250753 22.34  91.280039  59.323501  9.230
 92    57.617 55450.62250818 30.50  91.277929  59.326671  9.230
 92    57.753 55450.62250882 32.33  91.275809  59.329851  9.230
 92    58.191 55450.62250947 26.70  91.273699  59.333031  9.230
 92    71.296 55450.62251011 22.00  91.271579  59.336201  9.230
 93    58.247 55485.62242135 33.56  91.321301  59.272652 25.770
 93    58.464 55485.62242199 35.22  91.319191  59.275832 25.770
 93    58.381 55485.62242264 38.80  91.317081  59.279002 25.770
 93    58.351 55485.62242328 42.49  91.314971  59.282182 25.770
 93    58.303 55485.62242393 42.47  91.312861  59.285352 25.770
 93    58.155 55485.62242457 37.63  91.310751  59.288532 25.770
 93    58.186 55485.62242521 42.24  91.308641  59.291712 25.770
 93    58.030 55485.62242586 43.85  91.306531  59.294882 25.770
 93    58.033 55485.62242650 46.54  91.304421  59.298062 25.770
 93    58.070 55485.62242715 49.52  91.302311  59.301242 25.770
 93    58.164 55485.62242779 47.17  91.300191  59.304412 25.770
 93    57.969 55485.62242844 38.21  91.298081  59.307592 25.770
 93    57.931 55485.62242908 34.86  91.295971  59.310772 25.770
 93    57.912 55485.62242973 36.58  91.293855  59.313948 13.447
 93    57.854 55485.62243037 35.68  91.291735  59.317118 13.447
 93    57.848 55485.62243102 32.96  91.289625  59.320298 13.447
 93    57.630 55485.62243166 33.73  91.287515  59.323478 13.447
