-228987.146   350.782     0.00    9.07
-228612.643   348.867    -5.12   12.01
-228238.205   342.559   -16.85   16.66
-227863.833   330.185   -33.06   21.58
-227489.526   315.889   -38.20   21.25
-227115.285   300.134   -42.11   18.09
-226741.110   288.457   -31.21   14.03
-226366.999   280.295   -21.82   10.68
-225992.955   279.122    -3.14   10.61
-225618.975   277.807    -3.51   10.30
-225245.061   277.198    -1.63    9.98
-224871.212   274.982    -5.93    8.18
-224497.428   272.729    -6.03    7.55
-224123.710   269.895    -7.59    7.20
-223750.056   268.424    -3.94    5.50
-223376.468   269.859     3.84    5.79
-223002.945   273.489     9.72    6.97
-222629.487   279.092    15.01   10.45
-222256.094   284.902    15.56   12.63
-221882.766   290.807    15.82   12.53
-221509.503   295.888    13.61   10.88
-221136.305   298.427     6.80    8.34
-220763.172   304.325    15.81   11.03
-220390.103   319.760    41.38   22.73
-220017.100   340.901    56.69   30.72
-219644.161   364.665    63.73   30.65
-219271.287   379.023    38.51   19.07
-218898.478   369.390   -25.84   27.61
-218525.733   345.496   -64.12   35.72
-218153.053   321.254   -65.06   32.51
-217780.438   301.415   -53.25   21.02
-217407.887   291.390   -26.91   17.56
-217035.401   288.591    -7.52   15.68
-216662.979   288.957     0.99   13.41
-216290.622   289.838     2.36    9.99
-215918.329   289.007    -2.23    8.79
-215546.101   284.982   -10.81   10.78
-215173.937   273.882   -29.83   16.43
-214801.837   263.739   -27.26   16.24
-214429.802   260.807    -7.88   12.78
-214057.831   265.775    13.36   15.81
-213685.925   275.397    25.88   17.61
-213314.082   285.943    28.37   11.79
-212942.304   291.257    14.30    8.78
-212570.590   291.862     1.63   10.27
-212198.940   289.807    -5.53   12.54
-211827.354   289.203    -1.63   14.54
-211455.832   290.287     2.92   13.45
-211084.374   291.476     3.20   10.46
-210712.980   287.582   -10.49   11.79
-210341.650   280.259   -19.73   16.04
-209970.384   271.595   -23.34   17.62
-209599.182   263.073   -22.96   15.66
-209228.043   258.995   -10.99   11.83
-208856.969   258.008    -2.66    9.47
-208485.958   257.182    -2.23    8.44
-208115.011   255.156    -5.46   10.79
-207744.128   245.320   -26.52   17.81
-207373.309   235.554   -26.34   18.86
-207002.553   230.970   -12.37   16.79
-206631.860   228.456    -6.78   17.84
-206261.232   229.520     2.87   21.25
-205890.667   231.009     4.02   23.33
-205520.165   229.470    -4.16   22.34
-205149.727   229.167    -0.82   21.37
-204779.352   226.945    -6.00   20.02
-204409.041   224.550    -6.47   23.81
-204038.793   221.895    -7.17   22.64
-203668.608   218.928    -8.02   19.54
-203298.487   216.871    -5.56   17.29
-202928.429   210.614   -16.91   17.49
-202558.435   202.377   -22.26   17.61
-202188.503   197.361   -13.56   17.78
-201818.635   191.239   -16.56   16.63
-201448.830   185.739   -14.87   15.45
-201079.088   181.390   -11.77   13.83
-200709.409   176.640   -12.85   13.65
-200339.794   174.452    -5.92   12.50
-199970.241   174.293    -0.43   12.80
-199600.751   175.732     3.90   13.73
-199231.324   175.712    -0.05   14.87
-198861.960   172.810    -7.86   15.31
-198492.660   169.112   -10.01   14.02
-198123.421   170.020     2.46   14.15
-197754.246   176.627    17.90   15.29
-197385.134   186.932    27.92   12.01
-197016.084   193.588    18.04    6.94
-196647.097   195.395     4.90    6.74
-196278.173   194.767    -1.70    7.78
-195909.311   195.195     1.16    7.76
-195540.512   196.816     4.40    8.00
-195171.776   200.432     9.81    8.60
-194803.102   202.893     6.67    7.86
-194434.491   201.337    -4.22    9.36
-194065.943   197.514   -10.37   12.01
-193697.456   192.513   -13.57   11.94
-193329.033   189.345    -8.60    9.46
-192960.671   186.096    -8.82   10.57
-192592.372   179.333   -18.37   15.09
-192224.136   171.930   -20.11   14.63
-191855.962   170.552    -3.74   12.57
-191487.850   173.316     7.51   13.26
-191119.800   183.545    27.80   16.23
-190751.812   197.312    37.42   17.77
-190383.887   208.818    31.28   20.40
-190016.024   223.585    40.15   20.42
-189648.223   233.856    27.93   16.28
-189280.484   239.880    16.38   11.82
-188912.807   240.945     2.90    9.28
-188545.192   239.803    -3.11    6.50
-188177.640   239.582    -0.60    6.18
-187810.149   239.892     0.84    6.35
-187442.720   240.445     1.51    7.19
-187075.353   241.550     3.01    7.88
-186708.048   241.532    -0.05    8.46
-186340.804   241.101    -1.18    8.33
-185972.687   237.069   -10.95    9.79
-185592.691   231.158   -15.56   11.77
-185212.762   222.795   -22.02   13.77
-184832.900   212.996   -25.80   14.24
-184453.104   204.495   -22.39   13.94
-184073.375   198.082   -16.89   12.47
-183693.713   195.895    -5.76    9.61
-183314.117   192.729    -8.34    9.22
-182934.588   188.956    -9.94   12.92
-182555.125   178.932   -26.42   26.43
-182175.729   159.193   -52.04   42.48
-181796.399   124.807   -90.66   50.88
-181417.136    93.575   -82.36   38.29
-181037.939    90.896    -7.06   34.62
-180658.808   109.226    48.35   42.54
-180279.744   140.457    82.40   41.26
-179900.746   168.995    75.31   29.98
-179521.814   183.362    37.92   23.75
-179142.948   190.957    20.05   18.36
-178764.149   192.932     5.22   17.65
-178385.416   190.845    -5.51   18.95
-178006.749   184.918   -15.65   23.63
-177628.148   181.307    -9.54   24.13
-177249.613   184.403     8.18   25.40
-176871.143   194.745    27.33   25.15
-176492.740   203.905    24.21   19.33
-176114.403   198.248   -14.95   25.49
-175736.132   176.834   -56.62   36.27
-175357.927   146.810   -79.40   40.81
-174979.787   117.172   -78.39   31.83
-174601.713    96.932   -53.54   24.07
-174223.705    87.918   -23.85   17.20
-173845.763    92.945    13.30   18.18
-173467.887   104.033    29.35   12.26
-173090.076   107.829    10.05    8.83
-172712.330   109.320     3.95   10.34
-172334.651   109.403     0.22   13.39
-171957.037   112.236     7.50   17.17
-171579.488   115.085     7.55   18.80
-171202.005   115.120     0.09   18.33
-170824.587   107.982   -18.91   20.13
-170447.235    91.069   -44.83   26.83
-170069.948    74.793   -43.14   26.75
-169692.726    59.501   -40.55   20.34
-169315.570    47.793   -31.05   11.46
-168938.479    39.370   -22.34   12.32
-168561.453    33.930   -14.43   13.35
-168184.493    32.539    -3.69   12.89
-167807.597    33.272     1.94   12.51
-167430.767    34.532     3.35   11.49
-167054.002    35.619     2.88   10.41
-166677.302    37.034     3.76   10.63
-166300.667    42.489    14.49   16.43
-165924.097    50.945    22.46   22.40
-165547.592    60.645    25.77   27.13
-165171.152    69.200    22.73   31.83
-164794.777    77.071    20.91   33.82
-164418.467    84.444    19.60   33.08
-164042.221    86.045     4.26   36.12
-163666.041    90.502    11.85   39.88
-163289.925    94.109     9.59   44.49
-162913.873   105.996    31.61   49.89
-162537.887   108.707     7.21   51.31
-162161.965   109.482     2.06   47.92
-161786.108   106.245    -8.61   37.01
-161410.316    91.901   -38.17   26.10
-161034.588    81.767   -26.98   16.21
-160658.924    93.764    31.94   28.03
-160283.325   119.354    68.14   41.55
-159907.791   158.398   103.98   43.88
-159532.321   187.932    78.67   31.63
-159156.915   201.736    36.78   20.47
-158781.574   197.970   -10.03   26.31
-158406.297   177.060   -55.72   38.62
-158031.084   156.220   -55.55   37.08
-157655.936   143.095   -34.99   28.66
-157280.852   143.245     0.40   29.61
-156905.832   143.136    -0.29   32.74
-156530.876   135.437   -20.54   35.41
-156155.984   117.982   -46.56   34.15
-155781.157   105.769   -32.59   24.90
-155406.393   103.149    -6.99   18.55
-155031.694   112.020    23.68   25.26
-154657.059   138.995    72.01   38.27
-154282.487   168.807    79.60   36.88
-153907.980   197.637    76.99   30.85
-153533.536   218.202    54.93   19.33
-153159.156   205.857   -32.98   40.39
-152784.840   183.536   -59.64   52.33
-152410.588   170.147   -35.78   44.44
-152036.400   172.364     5.93   46.71
-151662.275   215.172   114.44   69.94
-151288.214   262.062   125.37   65.68
-150914.217   302.545   108.26   41.84
-150540.284   323.351    55.65   17.90
-150166.414   322.045    -3.49   22.08
-149792.607   315.298   -18.05   26.70
-149418.864   306.299   -24.08   28.88
-149045.185   302.162   -11.07   30.60
-148671.569   295.200   -18.64   38.46
-148298.017   283.706   -30.77   45.17
-147924.528   282.122    -4.24   52.92
-147551.102   276.697   -14.53   62.49
-147177.740   282.801    16.35   67.43
-146804.441   290.729    21.24   60.61
-146431.205   287.970    -7.39   51.35
-146058.033   275.007   -34.74   42.03
-145684.923   254.098   -56.05   41.24
-145311.877   225.906   -75.58   36.44
-144938.894   206.496   -52.05   35.85
-144565.975   189.742   -44.93   27.61
-144193.118   186.151    -9.63   22.72
-143820.324   182.944    -8.60   23.43
-143447.594   179.160   -10.15   28.21
-143074.926   167.700   -30.75   30.62
-142702.321   154.496   -35.44   22.10
-142329.779   152.957    -4.13   13.80
-141957.301   161.406    22.68   17.62
-141584.885   176.944    41.73   23.66
-141212.531   195.180    48.98   27.46
-140840.241   217.565    60.13   30.18
-140468.013   238.425    56.05   28.16
-140095.849   253.982    41.81   20.10
-139723.746   258.982    13.44   19.08
-139351.707   233.782   -67.74   44.68
-138979.730   204.009   -80.05   43.65
-138607.816   195.407   -23.13   34.18
-138235.964   203.807    22.59   37.21
-137864.175   227.444    63.58   37.02
-137492.448   246.099    50.19   22.75
-137120.784   255.662    25.73   21.49
-136749.182   257.658     5.37   21.95
-136377.643   260.995     8.98   21.01
-136006.166   268.010    18.89   18.52
-135634.751   272.820    12.95   15.64
-135263.399   277.847    13.54   13.29
-134892.109   280.463     7.05   12.29
-134520.881   284.226    10.14   12.34
-134149.716   291.229    18.87   13.96
-133778.612   303.293    32.51   19.20
-133407.571   314.257    29.55   20.84
-133036.592   328.288    37.82   20.29
-132665.675   341.595    35.88   20.09
-132294.820   349.699    21.85   16.90
-131924.028   350.645     2.55   14.72
-131553.297   343.766   -18.56   18.97
-131182.628   332.736   -29.76   20.52
-130812.021   321.428   -30.51   13.93
-130441.476   320.607    -2.22   14.19
-130070.993   323.580     8.02   15.05
-129700.572   322.620    -2.59   18.11
-129330.212   316.618   -16.21   23.11
-128959.914   304.667   -32.28   21.68
-128589.678   300.280   -11.85   18.35
-128219.504   304.398    11.13   21.01
-127849.392   311.185    18.34   20.05
-127479.341   312.932     4.72   19.13
-127109.351   309.288    -9.85   20.51
-126739.424   302.670   -17.89   21.91
-126369.558   298.712   -10.70   18.98
-125999.753   299.982     3.44   16.61
-125630.010   296.804    -8.60   16.81
-125260.329   282.164   -39.61   27.00
-124890.708   262.325   -53.68   30.47
-124521.150   257.532   -12.97   25.38
-124151.652   253.900    -9.83   21.78
-123782.216   254.870     2.63   24.23
-123412.842   254.476    -1.07   26.68
-123043.528   244.236   -27.73   26.83
-122674.276   235.847   -22.72   23.44
-122305.085   226.645   -24.93   14.18
-121935.955   225.509    -3.08   13.24
-121566.887   229.515    10.85   14.73
-121197.879   237.849    22.59   17.94
-120828.933   249.657    32.01   20.16
-120460.048   266.116    44.62   20.14
-120091.223   283.729    47.76   25.38
-119722.460   302.798    51.72   30.44
-119353.758   319.316    44.80   26.52
-118985.117   327.829    23.09   17.96
-118616.536   327.034    -2.16   15.37
-118248.017   318.449   -23.30   17.34
-117879.558   303.628   -40.23   19.51
-117511.160   293.307   -28.02   17.81
-117142.823   281.818   -31.20   16.37
-116774.547   272.851   -24.35   13.25
-116406.331   264.281   -23.28   12.94
-116038.176   256.857   -20.17   13.26
-115670.082   249.109   -21.05   10.96
-115302.049   245.226   -10.55    8.17
-114934.076   242.995    -6.06    6.51
-114566.164   241.469    -4.15    6.22
-114198.312   239.996    -4.01    5.49
-113830.521   240.585     1.60    6.59
-113462.790   242.995     6.56    8.68
-113095.119   247.567    12.43    8.99
-112727.510   253.818    17.01   10.36
-112359.960   259.636    15.83   11.07
-111992.471   269.658    27.27   13.69
-111625.042   281.470    32.15   16.20
-111257.674   292.969    31.31   14.42
-110879.569   297.157    11.08   12.45
-110499.777   291.249   -15.56   16.41
-110120.049   282.739   -22.41   16.68
-109740.386   275.567   -18.89   10.67
-109360.787   275.814     0.65   10.70
-108981.254   283.653    20.66   13.16
-108601.786   291.793    21.45   14.60
-108222.382   293.375     4.17   17.84
-107843.043   280.599   -33.68   31.20
-107463.769   259.745   -54.99   33.81
-107084.560   241.209   -48.88   21.63
-106705.415   234.072   -18.83    6.43
-106326.335   237.431     8.86    6.60
-105947.319   240.021     6.83    5.50
-105568.369   241.805     4.71    5.20
-105189.482   245.072     8.62    6.02
-104810.660   252.444    19.46   11.24
-104431.903   263.236    28.50   15.78
-104053.210   282.020    49.61   23.66
-103674.581   308.635    70.30   32.65
-103296.017   339.382    81.23   39.70
-102917.517   370.834    83.10   36.95
-102539.081   398.285    72.55   38.46
-102160.710   431.593    88.04   43.30
-101782.403   463.918    85.45   46.11
-101404.160   506.995   113.90   44.40
-101025.981   539.684    86.44   40.77
-100647.867   563.153    62.08   29.61
-100269.816   550.167   -34.36   55.12
 -99891.830   500.501  -131.41   85.88
 -99513.907   445.956  -144.34   80.83
 -99136.049   394.854  -135.25   46.18
 -98758.254   365.699   -77.18   19.79
 -98380.524   348.385   -45.84   20.63
 -98002.857   330.092   -48.44   22.26
 -97625.255   311.362   -49.61   22.25
 -97247.716   298.791   -33.30   14.28
 -96870.241   295.482    -8.76    8.07
 -96492.829   299.129     9.66    8.55
 -96115.482   303.312    11.08    7.45
 -95738.198   304.242     2.47    8.21
 -95360.978   303.636    -1.61    9.11
 -94983.821   307.704    10.79   12.22
 -94606.728   314.623    18.35   14.19
 -94229.699   320.372    15.25   12.55
 -93852.733   322.129     4.66   11.85
 -93475.831   321.932    -0.52   10.98
 -93098.992   324.050     5.62   11.06
 -92722.217   333.682    25.57   12.86
 -92345.505   345.807    32.19   16.80
 -91968.856   361.140    40.71   20.25
 -91592.271   371.339    27.08   17.66
 -91215.749   371.528     0.50   20.15
 -90839.291   365.347   -16.42   26.12
 -90462.895   354.252   -29.48   23.15
 -90086.563   348.409   -15.53   20.11
 -89710.294   350.869     6.54   21.62
 -89334.088   356.417    14.75   21.52
 -88957.946   360.437    10.69   19.66
 -88581.866   367.255    18.13   18.23
 -88205.850   377.463    27.15   20.42
 -87829.896   397.403    53.04   30.06
 -87454.006   422.417    66.55   34.58
 -87078.178   452.622    80.38   38.38
 -86702.414   481.246    76.18   33.10
 -86326.712   501.982    55.20   24.71
 -85951.073   510.077    21.55   24.79
 -85575.498   510.145     0.18   31.39
 -85199.984   505.913   -11.27   37.53
 -84824.534   502.607    -8.80   39.43
 -84449.146   502.064    -1.45   35.08
 -84073.822   503.377     3.50   23.84
 -83698.559   498.104   -14.05   15.35
 -83323.360   491.746   -16.95   13.47
 -82948.223   484.048   -20.52   14.10
 -82573.148   481.752    -6.12   18.07
 -82198.137   485.443     9.84   24.72
 -81823.187   487.893     6.53   29.01
 -81448.300   490.377     6.63   30.29
 -81073.476   487.316    -8.17   29.71
 -80698.714   480.294   -18.74   28.99
 -80324.015   469.736   -28.18   26.42
 -79949.377   459.746   -26.67   23.55
 -79574.802   448.463   -30.12   21.11
 -79200.290   445.048    -9.12   21.36
 -78825.840   448.706     9.77   24.89
 -78451.452   459.482    28.79   29.43
 -78077.126   474.569    40.31   27.77
 -77702.862   485.045    27.99   27.88
 -77328.661   496.746    31.27   26.76
 -76954.521   520.729    64.11   40.24
 -76580.444   544.320    63.07   36.90
 -76206.429   553.811    25.38   32.64
 -75832.475   553.552    -0.69   35.37
 -75458.584   530.671   -61.20   37.81
 -75084.755   505.722   -66.74   34.13
 -74710.987   489.667   -42.96   24.66
 -74337.282   478.050   -31.09   16.73
 -73963.638   469.539   -22.78   13.21
 -73590.056   461.942   -20.34   13.50
 -73216.536   451.425   -28.16   17.04
 -72843.078   435.548   -42.52   22.11
 -72469.681   418.333   -46.11   27.06
 -72096.347   396.307   -59.00   29.49
 -71723.073   377.320   -50.87   26.22
 -71349.862   371.995   -14.27   28.85
 -70976.712   372.385     1.04   36.55
 -70603.624   367.739   -12.45   41.46
 -70230.597   360.022   -20.69   43.40
 -69857.632   344.706   -41.07   35.44
 -69484.728   335.049   -25.90   22.54
 -69111.886   332.906    -5.75   22.37
 -68739.105   327.035   -15.75   27.28
 -68366.385   321.099   -15.93   29.67
 -67993.727   311.916   -24.64   27.97
 -67621.131   304.535   -19.81   27.82
 -67248.595   297.409   -19.13   28.27
 -66876.121   290.129   -19.55   26.48
 -66503.708   290.509     1.02   27.03
 -66131.356   295.406    13.15   32.11
 -65759.066   306.982    31.10   35.91
 -65386.836   323.220    43.62   28.86
 -65014.668   338.509    41.08   24.51
 -64642.561   352.757    38.29   29.23
 -64270.515   363.092    27.78   24.50
 -63898.530   365.890     7.52   19.12
 -63526.606   361.434   -11.98   21.71
 -63154.743   347.403   -37.73   23.88
 -62782.940   341.382   -16.20   28.65
 -62411.199   332.298   -24.44   34.28
 -62039.519   325.388   -18.59   36.99
 -61667.899   316.918   -22.79   36.84
 -61296.341   316.344    -1.55   36.24
 -60924.843   308.257   -21.77   40.90
 -60553.405   289.830   -49.61   53.93
 -60182.029   253.780   -97.08   66.13
 -59810.713   221.774   -86.20   47.44
 -59439.458   224.180     6.48   44.62
 -59068.264   240.172    43.08   52.17
 -58697.130   259.969    53.35   57.64
 -58326.057   272.119    32.74   59.52
 -57955.044   276.456    11.69   59.04
 -57584.092   270.401   -16.32   55.86
 -57213.200   270.777     1.01   50.28
 -56842.369   282.455    31.49   43.95
 -56471.598   289.032    17.74   48.39
 -56100.887   297.753    23.52   45.46
 -55730.237   296.572    -3.19   41.37
 -55359.647   294.861    -4.62   34.07
 -54989.118   289.359   -14.85   25.44
 -54618.649   285.377   -10.75   20.22
 -54248.240   281.156   -11.40   18.19
 -53877.891   281.796     1.73   23.59
 -53507.603   283.769     5.33   33.30
 -53137.374   293.169    25.39   41.06
 -52767.206   294.149     2.65   44.39
 -52397.098   277.276   -45.59   57.24
 -52027.050   254.096   -62.64   56.94
 -51657.062   234.667   -52.51   46.37
 -51287.134   235.623     2.58   46.16
 -50917.266   245.596    26.96   50.51
 -50547.458   252.380    18.35   53.27
 -50177.710   262.289    26.80   51.76
 -49808.021   280.780    50.02   43.62
 -49438.393   299.262    50.01   35.35
 -49068.824   314.726    41.84   29.44
 -48699.315   330.836    43.60   25.76
 -48329.866   342.658    32.00   19.65
 -47960.477   346.809    11.24   18.57
 -47591.148   342.816   -10.81   26.27
 -47221.878   339.791    -8.19   32.56
 -46852.667   337.096    -7.30   40.34
 -46483.517   329.793   -19.78   46.17
 -46114.426   325.431   -11.82   41.76
 -45745.394   330.156    12.80   38.68
 -45376.422   346.396    44.02   47.01
 -45007.510   370.689    65.85   36.01
 -44638.657   374.942    11.53   31.08
 -44269.864   365.382   -25.92   36.41
 -43901.130   344.462   -56.74   33.44
 -43532.455   321.469   -62.37   30.88
 -43163.840   296.893   -66.67   42.80
 -42795.284   278.645   -49.51   42.39
 -42426.787   264.370   -38.74   37.68
 -42058.350   255.104   -25.15   40.27
 -41689.971   262.995    21.42   51.92
 -41321.652   278.524    42.16   56.59
 -40953.393   291.917    36.37   54.01
 -40585.192   302.708    29.31   44.79
 -40217.051   298.798   -10.62   33.88
 -39848.968   291.054   -21.04   28.94
 -39480.945   276.167   -40.45   30.11
 -39112.981   267.844   -22.62   33.00
 -38745.075   257.575   -27.91   38.21
 -38377.229   254.969    -7.08   43.25
 -38009.442   247.345   -20.73   40.42
 -37641.714   237.830   -25.88   33.34
 -37274.044   232.207   -15.29   27.00
 -36906.433   226.080   -16.67   16.65
 -36538.882   230.788    12.81   18.69
 -36163.360   244.571    36.71   26.20
 -35783.700   258.140    35.74   26.75
 -35404.104   266.712    22.58   21.34
 -35024.570   262.396   -11.37   24.40
 -34645.100   249.076   -35.10   25.29
 -34265.693   235.996   -34.48   23.75
 -33886.349   221.969   -36.98   21.80
 -33507.069   210.496   -30.25   21.54
 -33127.851   199.700   -28.47   25.19
 -32748.696   190.658   -23.85   31.11
 -32369.605   165.084   -67.46   45.33
 -31990.576   146.288   -49.59   40.96
 -31611.610   144.995    -3.41   35.44
 -31232.707   155.066    26.58   37.15
 -30853.867   181.995    71.09   29.26
 -30475.090   192.396    27.46   20.52
 -30096.375   189.640    -7.28   22.58
 -29717.724   183.398   -16.49   18.75
 -29339.135   180.246    -8.33   12.00
 -28960.609   184.361    10.87   12.90
 -28582.145   193.104    23.10   10.61
 -28203.744   205.798    33.55   17.83
 -27825.406   222.536    44.24   25.57
 -27447.130   242.746    53.43   29.37
 -27068.917   269.969    71.98   25.21
 -26690.766   290.507    54.32   22.30
 -26312.678   301.955    30.28   13.58
 -25934.652   303.611     4.38   10.26
 -25556.689   302.272    -3.54   15.61
 -25178.788   299.762    -6.64   20.27
 -24800.950   294.502   -13.92   24.51
 -24423.174   287.982   -17.26   26.31
 -24045.460   269.523   -48.87   29.10
 -23667.808   254.182   -40.62   24.03
 -23290.219   244.476   -25.71   14.92
 -22912.691   244.873     1.05   13.60
 -22535.226   259.127    37.76   15.43
 -22157.823   273.788    38.85   17.49
 -21780.483   291.588    47.17   21.75
 -21403.204   310.256    49.48   21.22
 -21025.987   327.337    45.28   18.47
 -20648.833   338.371    29.26   12.05
 -20271.740   336.476    -5.03   14.34
 -19894.709   322.329   -37.52   24.41
 -19517.741   303.338   -50.38   27.26
 -19140.834   279.364   -63.61   22.78
 -18763.989   263.542   -41.99   17.68
 -18387.206   251.756   -31.28   12.72
 -18010.484   246.969   -12.71   13.24
 -17633.825   242.689   -11.36   14.87
 -17257.227   238.687   -10.63   16.87
 -16880.691   230.246   -22.42   18.81
 -16504.216   220.191   -26.71   16.20
 -16127.803   216.156   -10.72   11.01
 -15751.452   216.635     1.27    8.71
 -15375.162   219.264     6.99    7.91
 -14998.934   220.311     2.78    8.92
 -14622.768   219.034    -3.39    9.96
 -14246.663   215.645    -9.01   11.08
 -13870.619   213.680    -5.22   12.11
 -13494.637   208.796   -12.99   11.18
 -13118.716   203.956   -12.88    8.95
 -12742.857   198.338   -14.95    9.22
 -12367.059   193.188   -13.70   11.98
 -11991.322   186.887   -16.77   12.37
 -11615.646   184.928    -5.21   10.78
 -11240.032   188.356     9.13    8.66
 -10864.479   192.250    10.37    5.11
 -10488.987   193.035     2.09    5.32
 -10113.557   189.316    -9.91    8.50
  -9738.187   180.036   -24.72   17.16
  -9362.879   161.413   -49.62   33.50
  -8987.631   132.495   -77.06   42.74
  -8612.445   115.900   -44.23   33.53
  -8237.320   114.476    -3.80   27.44
  -7862.255   127.280    34.14   29.84
  -7487.252   147.164    53.03   25.64
  -7112.309   166.262    50.94   21.10
  -6737.428   179.259    34.67   19.15
  -6362.607   191.180    31.80   12.45
  -5987.847   193.582     6.41   10.83
  -5613.148   188.388   -13.86   17.30
  -5238.510   172.609   -42.12   29.73
  -4863.932   133.832  -103.52   54.89
  -4489.415    94.982  -103.73   58.42
  -4114.959    69.396   -68.33   43.03
  -3740.563    72.448     8.15   49.29
  -3366.228   112.502   107.00   64.02
  -2991.954   149.538    98.95   51.51
  -2617.740   163.457    37.19   52.77
  -2243.587   160.927    -6.76   62.79
  -1869.494   138.145   -60.90   79.86
  -1495.461   110.517   -73.87   89.37
  -1121.490    72.162  -102.56   84.54
   -747.578    36.270   -95.99   64.55
   -373.727     7.619   -76.64   23.45
      0.064     0.077   -20.18    0.71
    373.794     0.569     1.32    2.68
    747.465     3.036     6.60    5.92
   1121.075     5.716     7.17    7.11
   1494.624     9.196     9.32    7.78
   1868.114    12.943    10.03    7.74
   2241.543    15.929     8.00    5.29
   2614.912    18.889     7.93    8.00
   2988.221    23.469    12.27   13.04
   3361.470    27.390    10.51   14.81
   3734.659    29.008     4.33   15.15
   4107.788    29.550     1.45   14.52
   4480.857    28.138    -3.78   12.36
   4853.866    26.750    -3.72    9.16
   5226.815    23.739    -8.07    6.55
   5599.705    21.489    -6.03    6.12
   5972.534    20.575    -2.45    4.91
   6345.303    21.137     1.51    4.08
   6718.013    21.219     0.22    3.30
   7090.663    20.982    -0.64    2.60
   7463.253    21.259     0.74    3.08
   7835.783    21.811     1.48    2.95
   8208.254    22.942     3.04    2.78
   8580.665    24.040     2.95    1.96
   8953.016    23.929    -0.30    2.06
   9325.308    23.166    -2.05    2.68
   9697.540    21.662    -4.04    3.19
  10069.713    20.763    -2.42    3.71
  10441.826    21.385     1.67    3.81
  10813.879    20.716    -1.80    5.97
  11185.873    19.136    -4.25    7.42
  11557.808    16.320    -7.57    7.80
  11929.683    13.450    -7.72    6.69
  12301.499    12.036    -3.80    5.45
  12673.256    11.535    -1.35    4.28
  13044.953    11.280    -0.69    3.52
  13416.591    11.996     1.93    3.90
  13788.170    13.796     4.84    3.75
  14159.689    16.382     6.96    6.36
  14531.149    17.569     3.19    7.14
  14902.550    17.246    -0.87    7.39
  15273.892    15.916    -3.58    7.30
  15645.175    13.509    -6.48    5.61
  16016.399    11.809    -4.58    3.96
  16387.563    11.469    -0.92    3.44
  16758.669    10.955    -1.38    3.91
  17129.716    10.941    -0.04    3.74
  17500.703    10.876    -0.18    3.82
  17871.632    11.212     0.91    4.21
  18242.502    12.535     3.57    3.86
  18613.313    12.476    -0.16    3.54
  18984.065    12.918     1.19    3.08
  19354.758    15.023     5.68    3.73
  19725.392    16.450     3.85    4.71
  20095.968    17.857     3.80    4.50
  20466.485    18.216     0.97    3.74
  20836.943    18.298     0.22    3.05
  21207.342    19.329     2.78    3.50
  21577.683    21.640     6.24    3.77
  21947.965    24.377     7.39    4.17
  22318.189    27.009     7.11    3.90
  22688.354    30.649     9.83    5.63
  23058.460    34.844    11.33    8.08
  23428.508    40.780    16.04    8.48
  23798.498    46.095    14.37    5.85
  24168.429    49.689     9.72    3.52
  24538.301    51.673     5.36    3.25
  24908.115    53.329     4.48    2.53
  25277.871    54.461     3.06    1.58
  25647.569    54.796     0.90    1.53
  26017.208    54.740    -0.15    1.60
  26386.788    54.609    -0.35    1.68
  26756.311    54.968     0.97    1.58
  27125.775    55.396     1.16    1.49
  27495.181    55.419     0.06    1.50
  27864.529    55.548     0.35    1.56
  28233.819    55.469    -0.22    2.23
  28603.051    55.307    -0.44    2.24
  28972.224    55.135    -0.47    2.09
  29341.340    55.190     0.15    1.56
  29710.397    55.385     0.53    1.31
  30079.396    55.272    -0.31    1.47
  30448.338    54.236    -2.81    2.62
  30817.221    50.609    -9.83    5.96
  31186.047    46.968    -9.87    6.46
  31554.814    42.222   -12.87    6.13
  31923.524    37.881   -11.77    3.71
  32292.176    39.022     3.10    6.39
  32660.770    42.725    10.05    8.80
  33029.307    48.476    15.60    8.96
  33397.785    53.701    14.18    5.86
  33766.206    59.236    15.02    7.92
  34134.569    65.194    16.17   12.74
  34502.874    75.622    28.31   16.88
  34871.122    85.897    27.90   16.08
  35239.312    96.889    29.85   17.27
  35607.445   105.574    23.59   16.98
  35975.520   111.582    16.32   13.44
  36343.537   112.791     3.28   10.83
  36711.497   106.943   -15.89   14.01
  37079.400    99.380   -20.56   11.21
  37447.245    92.905   -17.60   10.52
  37815.032    90.106    -7.61   10.88
  38182.762    86.772    -9.07   11.53
  38555.924    84.147    -7.03   11.18
  38935.452    84.515     0.97   12.49
  39314.919    89.191    12.32   13.92
  39694.325    92.772     9.44   14.07
  40073.669    94.955     5.75   13.35
  40452.951    97.008     5.41   11.72
  40832.172   102.199    13.69   11.51
  41211.331   104.062     4.92   10.64
  41590.430    96.496   -19.96   18.31
  41969.466    84.791   -30.88   20.77
  42348.442    71.226   -35.79   16.77
  42727.356    61.982   -24.39    9.82
  43106.209    58.209    -9.96    6.58
  43485.000    57.111    -2.90    5.05
  43863.731    57.476     0.96    3.66
  44242.400    60.065     6.84    6.23
  44621.008    64.092    10.64    7.70
  44999.555    69.503    14.29    7.65
  45378.041    72.536     8.01    6.73
  45756.466    74.916     6.29    8.21
  46134.830    76.320     3.71    8.25
  46513.133    77.061     1.96    8.54
  46891.374    78.010     2.51    8.48
  47269.555    78.942     2.46    8.28
  47647.675    79.898     2.53    8.74
  48025.734    83.449     9.39    7.84
  48403.733    85.421     5.22    6.78
  48781.670    88.710     8.70    5.44
  49159.547    90.915     5.84    4.93
  49537.363    92.614     4.50    3.84
  49915.118    92.969     0.94    4.16
  50292.812    92.145    -2.18    6.00
  50670.446    92.680     1.42    7.13
  51048.019    94.202     4.03    8.19
  51425.532    97.398     8.47    8.22
  51802.984   100.719     8.80    8.69
  52180.375   104.209     9.25    9.51
  52557.706   109.640    14.39    8.24
  52934.977   111.649     5.33    7.04
  53312.187   112.419     2.04    6.55
  53689.336   110.604    -4.81    7.78
  54066.425   106.010   -12.18    9.92
  54443.454   101.591   -11.72    8.62
  54820.422   100.956    -1.68    7.07
  55197.331   100.929    -0.07    6.10
  55574.178   101.133     0.54    6.43
  55950.966    99.151    -5.26    7.77
  56327.693    95.996    -8.38    7.29
  56704.360    93.668    -6.18    7.31
  57080.967    93.062    -1.61    6.87
  57457.514    92.540    -1.39    5.94
  57834.001    94.022     3.94    6.24
  58210.428    98.411    11.66    6.71
  58586.794   101.780     8.95    7.76
  58963.101   106.325    12.08    7.81
  59339.347   108.902     6.85    8.26
  59715.534   112.523     9.62    8.71
  60091.661   116.822    11.43    8.56
  60467.728   119.569     7.30    7.45
  60843.734   118.750    -2.18    8.51
  61219.682   115.430    -8.83    9.93
  61595.569   109.791   -15.00    9.57
  61971.396   102.667   -18.95    8.75
  62347.164   101.037    -4.34    7.22
  62722.872   101.862     2.20    6.68
  63098.520   104.510     7.05    8.34
  63474.109   107.209     7.19    8.03
  63849.638   109.732     6.72    7.59
  64225.107   109.575    -0.42    9.19
  64600.517   105.051   -12.05   11.89
  64975.867   101.246   -10.14   11.26
  65351.158    96.982   -11.36    9.51
  65726.389    94.102    -7.67    6.74
  66101.561    94.845     1.98    6.43
  66476.673    97.455     6.96    8.51
  66851.726   103.982    17.40    9.39
  67226.720   110.104    16.32    9.38
  67601.654   115.739    15.03    7.59
  67976.529   119.024     8.76    6.64
  68351.344   120.226     3.21    6.49
  68726.101   120.897     1.79    7.27
  69100.798   122.142     3.32    7.21
  69475.436   123.098     2.55    6.58
  69850.014   125.569     6.60    4.62
  70224.534   126.168     1.60    4.11
  70598.994   124.756    -3.77    6.16
  70973.396   122.297    -6.57    7.31
  71347.738   117.229   -13.54   10.52
  71722.021   109.433   -20.83   12.48
  72096.245   103.845   -14.93   10.52
  72470.410   101.080    -7.39    7.41
  72844.517   102.942     4.98    7.13
  73218.564   105.022     5.56    7.98
  73592.552   106.763     4.65    8.73
  73966.482   107.293     1.42    9.01
  74340.353   106.820    -1.26    8.55
  74714.165   107.564     1.99    8.16
  75087.918   107.161    -1.08    7.78
  75461.612   107.374     0.57    8.31
  75835.248   106.926    -1.20    8.84
  76208.825   107.249     0.86    8.84
  76582.343   109.432     5.84    8.43
  76955.803   111.356     5.15    6.70
  77329.204   113.454     5.62    5.67
  77702.547   115.822     6.34    5.63
  78075.830   118.912     8.28    6.19
  78449.056   122.649    10.01    6.31
  78822.223   126.530    10.40    6.34
  79195.331   130.640    11.01    5.30
  79568.381   133.024     6.39    4.45
  79941.373   133.902     2.35    2.98
  80314.306   133.064    -2.25    3.61
  80687.181   129.706    -9.00    5.68
  81059.997   124.361   -14.34    8.15
  81432.755   121.847    -6.74    7.84
  81805.455   120.280    -4.21    7.57
  82178.097   118.320    -5.26    7.86
  82550.681   119.104     2.10    7.66
  82923.206   120.550     3.88    8.02
  83295.673   121.726     3.16    7.24
  83668.082   122.509     2.10    6.34
  84040.433   122.036    -1.27    6.31
  84412.726   119.857    -5.85    6.34
  84784.960   119.259    -1.61    6.61
  85157.137   119.899     1.72    6.97
  85529.256   120.329     1.16    6.87
  85901.316   120.857     1.42    6.23
  86273.319   118.369    -6.69    7.47
  86645.264   115.098    -8.79    7.92
  87017.151   112.476    -7.05    8.87
  87388.980   109.953    -6.78    8.93
  87760.752   108.169    -4.80    9.37
  88132.465   105.791    -6.40    9.13
  88504.121   104.076    -4.62    8.46
  88875.719   102.056    -5.44    6.99
  89247.259   102.415     0.97    7.36
  89618.742   103.852     3.87    8.19
  89990.167   106.280     6.54    8.11
  90361.534   109.532     8.76    7.62
  90732.844   111.009     3.98    7.13
  91104.096   111.302     0.79    7.26
  91475.290   109.763    -4.14    8.66
  91846.427   107.517    -6.05    8.82
  92217.507   103.722   -10.22    7.94
  92588.529   101.024    -7.27    6.24
  92959.493    99.503    -4.10    5.21
  93330.401    98.913    -1.59    3.49
  93701.250    99.626     1.92    3.55
  94072.043   101.094     3.96    4.12
  94442.778   103.982     7.79    5.30
  94813.456   108.622    12.52    5.69
  95184.076   111.276     7.16    5.14
  95554.639   112.876     4.32    4.29
  95925.145   112.809    -0.18    5.24
  96295.594   111.766    -2.81    5.50
  96665.986   111.422    -0.93    4.89
  97036.320   112.726     3.52    4.71
  97406.598   114.722     5.39    5.10
  97776.818   117.780     8.26    4.84
  98146.981   120.024     6.06    4.22
  98517.087   121.352     3.59    4.02
  98887.137   121.413     0.16    4.46
  99257.129   120.708    -1.90    4.68
  99627.064   120.928     0.59    4.72
  99996.942   120.859    -0.19    4.44
 100366.764   121.667     2.19    4.27
 100736.528   123.530     5.04    4.62
 101106.236   124.750     3.30    4.50
 101475.887   126.750     5.41    4.41
 101845.481   128.229     4.00    4.24
 102215.018   129.599     3.71    3.88
 102584.499   131.246     4.46    4.15
 102953.922   133.307     5.58    3.99
 103323.290   134.260     2.58    3.68
 103692.600   133.145    -3.02    4.37
 104061.854   131.560    -4.29    5.27
 104431.051   128.172    -9.18    6.84
 104800.192   125.264    -7.88    6.52
 105169.276   121.739    -9.55    6.21
 105538.303   119.475    -6.13    6.52
 105907.274   119.928     1.23    6.69
 106276.189   121.588     4.50    6.82
 106645.047   123.050     3.96    7.01
 107013.849   125.687     7.15    4.10
 107382.594   124.996    -1.87    4.22
 107751.283   122.658    -6.34    5.93
 108119.916   118.158   -12.21    7.23
 108488.492   113.151   -13.58    7.01
 108857.012   108.131   -13.62    6.67
 109225.476   103.954   -11.33    5.44
 109593.883   100.591    -9.13    4.51
 109962.235    98.405    -5.93    4.02
 110330.530    96.982    -3.86    4.14
 110698.769    97.011     0.08    4.24
 111066.952    94.916    -5.69    5.71
 111435.078    91.250    -9.96    8.64
 111803.149    85.956   -14.38    9.24
 112171.164    81.377   -12.44    6.42
 112539.122    78.982    -6.51    3.74
 112907.025    78.701    -0.77    3.19
 113278.036    82.849    11.18    7.32
 113657.435    87.615    12.56    8.47
 114036.775    92.302    12.36    7.24
 114416.054    97.168    12.83    3.81
 114795.274    99.182     5.31    3.37
 115174.433    99.552     0.97    3.96
 115553.533    99.185    -0.97    4.53
 115932.573    98.681    -1.33    4.49
 116311.554    98.302    -1.00    3.70
 116690.474    97.091    -3.20    4.17
 117069.335    96.447    -1.70    4.29
 117448.136    96.182    -0.70    4.17
 117826.878    96.482     0.79    4.25
 118205.560    97.676     3.15    4.22
 118584.182    99.208     4.05    4.30
 118962.745   101.199     5.26    5.18
 119341.248   103.441     5.92    4.84
 119719.692   105.339     5.01    4.39
 120098.076   107.307     5.20    3.58
 120476.401   109.010     4.50    2.92
 120854.666   110.658     4.36    2.10
 121232.872   111.968     3.46    2.23
 121611.019   112.862     2.36    2.45
 121989.106   112.850    -0.03    2.79
 122367.134   112.262    -1.55    3.22
 122745.102   110.982    -3.39    3.30
 123123.012   109.982    -2.65    3.04
 123500.862   109.177    -2.13    3.04
 123878.653   108.413    -2.02    2.90
 124256.385   107.914    -1.32    2.59
 124634.057   107.913    -0.00    2.57
 125011.671   108.266     0.94    2.49
 125389.225   108.208    -0.15    2.55
 125766.721   107.942    -0.70    2.44
 126144.157   107.718    -0.59    2.59
 126521.534   107.969     0.67    3.00
 126898.853   108.668     1.85    2.87
 127276.112   108.969     0.80    3.00
 127653.313   108.560    -1.08    3.01
 128030.454   108.427    -0.35    3.11
 128407.537   108.385    -0.11    3.19
 128784.561   108.816     1.14    3.20
 129161.526   109.777     2.55    2.87
 129538.433   110.691     2.42    2.50
 129915.280   111.036     0.92    2.09
 130292.069   111.258     0.59    2.07
 130668.799   111.550     0.78    2.25
 131045.471   112.041     1.30    2.65
 131422.084   112.266     0.60    3.09
 131798.638   112.597     0.88    3.36
 132175.134   112.145    -1.20    3.24
 132551.571   112.274     0.34    2.83
 132927.950   111.900    -0.99    2.46
 133304.270   111.673    -0.60    1.79
 133680.532   111.871     0.53    1.79
 134056.735   111.928     0.15    1.52
 134432.880   112.066     0.37    0.85
 134808.966   112.996     2.47    2.20
 135184.994   113.925     2.47    2.60
 135560.964   114.455     1.41    2.65
 135936.876   114.835     1.01    2.15
 136312.729   115.396     1.49    2.72
 136688.524   117.468     5.51    4.66
 137064.261   120.104     7.02    5.43
 137439.939   123.701     9.57    5.17
 137815.560   125.791     5.56    4.00
 138191.122   126.441     1.73    2.91
 138566.626   126.544     0.28    2.71
 138942.073   125.380    -3.10    3.07
 139317.461   123.859    -4.05    3.48
 139692.791   122.393    -3.90    3.15
 140068.063   121.546    -2.26    2.56
 140443.277   121.982     1.16    2.85
 140818.433   122.229     0.66    2.94
 141193.531   122.209    -0.05    2.89
 141568.572   121.438    -2.05    2.80
 141943.554   120.342    -2.92    3.11
 142318.479   119.718    -1.67    3.22
 142693.346   119.051    -1.78    3.90
 143068.155   117.630    -3.79    4.45
 143442.906   116.489    -3.04    4.43
 143817.600   114.799    -4.51    4.06
 144192.236   113.325    -3.94    3.08
 144566.814   112.199    -3.01    1.72
 144941.335   111.708    -1.31    0.87
 145315.798   111.380    -0.88    1.10
 145690.203   111.191    -0.50    2.06
 146064.551   111.325     0.36    2.96
 146438.842   110.954    -0.99    3.21
 146813.075   111.320     0.98    3.90
 147187.250   112.330     2.70    4.72
 147561.368   113.955     4.34    4.96
 147935.429   115.468     4.04    4.60
 148309.432   115.289    -0.48    4.74
 148683.377   114.615    -1.80    4.82
 149057.266   112.982    -4.37    4.72
 149431.097   111.654    -3.55    4.46
 149804.871   111.199    -1.22    4.25
 150178.588   110.927    -0.73    4.83
 150552.247   111.066     0.37    4.85
 150925.849   110.982    -0.22    4.72
 151299.394   109.663    -3.53    4.41
 151672.882   108.538    -3.01    4.10
 152046.313   107.288    -3.35    4.71
 152419.686   104.777    -6.72    5.11
 152793.003   102.913    -4.99    5.35
 153166.262   101.177    -4.65    5.09
 153539.465    99.405    -4.75    3.65
 153912.610    98.847    -1.49    3.00
 154285.699    99.997     3.08    4.29
 154658.731   102.621     7.03    5.72
 155031.705   105.668     8.17    5.81
 155404.623   109.068     9.12    5.05
 155777.484   112.302     8.67    3.48
 156150.288   114.811     6.73    3.37
 156523.036   117.240     6.51    3.03
 156895.726   118.825     4.25    2.56
 157268.360   120.177     3.63    1.91
 157640.937   120.818     1.72    1.73
 158013.458   121.109     0.78    1.56
 158385.921   120.982    -0.34    1.40
 158758.328   120.107    -2.35    2.27
 159130.679   118.496    -4.33    2.69
 159502.973   116.357    -5.74    3.09
 159875.210   114.476    -5.05    3.29
 160247.391   112.427    -5.50    3.22
 160619.515   110.621    -4.85    3.32
 160991.583   109.094    -4.11    2.93
 161363.594   107.663    -3.84    2.59
 161735.549   105.538    -5.71    3.64
 162107.448   100.560   -13.38    8.57
 162479.290    93.774   -18.25   10.48
 162851.076    87.566   -16.70    8.30
 163222.805    82.901   -12.55    2.94
 163594.479    82.397    -1.36    2.22
 163966.095    82.158    -0.64    2.29
 164337.656    81.852    -0.82    2.00
 164709.161    81.834    -0.05    2.20
 165080.609    82.247     1.11    2.52
 165452.001    82.716     1.26    2.35
 165823.337    83.520     2.16    2.29
 166194.617    84.982     3.94    2.79
 166565.841    87.043     5.55    3.26
 166937.008    89.702     7.16    3.83
 167308.120    92.879     8.56    3.79
 167679.176    96.672    10.22    4.52
 168050.175   100.409    10.07    5.28
 168421.119   104.366    10.67    5.86
 168792.007   108.825    12.02    5.42
 169162.839   111.133     6.22    4.71
 169533.615   111.754     1.67    4.35
 169904.335   109.871    -5.08    5.84
 170274.999   107.468    -6.48    5.90
 170645.608   105.885    -4.27    5.09
 171016.160   105.385    -1.35    5.41
 171386.657   105.844     1.24    6.01
 171757.099   106.246     1.09    6.90
 172127.484   105.760    -1.31    7.27
 172497.814   106.496     1.99    7.71
 172868.088   107.121     1.69    7.41
 173238.307   106.552    -1.54    6.84
 173608.470   105.667    -2.39    6.21
 173978.577   106.080     1.11    5.50
 174348.629   107.455     3.72    5.92
 174718.626   110.594     8.48    5.30
 175088.567   112.191     4.32    4.68
 175458.452   115.256     8.29    4.18
 175828.282   117.708     6.63    4.58
 176198.057   120.982     8.85    4.68
 176567.776   123.644     7.20    3.76
 176937.440   124.859     3.29    2.77
 177307.048   124.278    -1.57    3.70
 177676.602   120.316   -10.72    6.90
 178046.099   115.405   -13.29    8.21
 178415.542   110.205   -14.07    6.83
 178784.929   107.511    -7.29    5.19
 179154.262   107.780     0.73    5.88
 179523.539   109.311     4.15    7.01
 179892.761   112.550     8.77    6.33
 180261.927   114.446     5.14    5.27
 180631.039   114.469     0.06    4.72
 181000.095   111.953    -6.82    6.21
 181369.097   106.577   -14.57    9.30
 181738.043    99.747   -18.51   10.00
 182106.935    93.249   -17.61    9.68
 182475.771    88.773   -12.13    8.54
 182844.553    87.222    -4.21    8.27
 183213.279    86.788    -1.18    8.43
 183581.951    86.145    -1.75    8.15
 183950.568    84.982    -3.15    7.49
 184319.130    82.604    -6.45    5.99
 184687.637    81.071    -4.16    4.70
 185056.089    80.307    -2.07    3.15
 185424.487    80.321     0.04    2.97
 185792.830    79.982    -0.92    2.91
 186161.118    79.644    -0.92    3.16
 186529.351    78.658    -2.68    2.40
 186897.530    78.071    -1.60    1.64
 187265.654    78.214     0.39    0.89
 187633.723    78.174    -0.11    0.78
 188002.790    77.525    -1.76    1.45
 188382.065    76.229    -3.42    2.19
 188761.281    74.774    -3.84    2.44
 189140.438    73.205    -4.14    2.02
 189519.538    72.677    -1.39    1.73
 189898.579    72.830     0.40    1.64
 190277.562    73.163     0.88    1.72
 190656.486    74.818     4.37    3.17
 191035.353    76.391     4.15    4.17
 191414.161    78.078     4.45    4.38
 191792.911    80.747     7.05    4.89
 192171.603    82.104     3.58    5.22
 192550.237    83.554     3.83    5.69
 192928.813    85.746     5.79    5.78
 193307.330    87.560     4.79    5.36
 193685.790    88.763     3.18    4.93
 194064.192    89.566     2.12    4.77
 194442.536    90.546     2.59    4.37
 194820.822    91.681     3.00    4.54
 195199.050    93.438     4.65    4.48
 195577.220    95.942     6.62    4.58
 195955.332    98.236     6.07    4.05
 196333.387   100.401     5.73    5.20
 196711.384   103.282     7.62    5.13
 197089.323   104.250     2.56    4.49
 197467.204   104.504     0.67    4.04
 197845.027   103.574    -2.46    4.41
 198222.793   103.496    -0.21    4.32
 198600.501   104.926     3.78    3.95
 198978.152   106.884     5.18    3.81
 199355.745   108.011     2.99    3.67
 199733.280   108.225     0.57    4.37
 200110.758   108.629     1.07    5.13
 200488.179   109.574     2.50    4.97
 200865.541   111.243     4.42    4.90
 201242.847   113.095     4.91    4.59
 201620.095   115.232     5.66    3.46
 201997.285   115.621     1.03    2.90
 202374.419   114.927    -1.84    3.44
 202751.494   112.982    -5.16    4.19
 203128.513   109.455    -9.36    4.94
 203505.474   106.751    -7.17    5.04
 203882.378   105.185    -4.15    3.85
 204259.225   105.027    -0.42    3.53
 204636.014   107.901     7.63    4.33
 205012.746   111.069     8.41    2.83
 205389.421   112.407     3.55    1.82
 205766.039   112.433     0.07    1.49
 206142.600   111.024    -3.74    2.75
 206519.104   108.229    -7.42    3.80
 206895.551   106.997    -3.27    3.43
 207271.940   107.469     1.25    3.98
 207648.273   109.297     4.86    4.50
 208024.549   112.413     8.28    3.78
 208400.767   114.718     6.12    1.92
 208776.929   114.898     0.48    2.10
 209153.034   114.982     0.22    2.13
 209529.082   114.602    -1.01    1.92
 209905.073   114.497    -0.28    1.88
 210281.008   115.215     1.91    1.79
 210656.885   116.330     2.96    2.13
 211032.706   117.856     4.06    2.40
 211408.470   119.391     4.08    2.18
 211784.177   120.566     3.13    2.00
 212159.828   118.566    -5.32    6.83
 212535.422   113.222   -14.23   11.23
 212910.959   105.830   -19.68   12.17
 213286.440    98.247   -20.19    8.91
 213661.864    93.334   -13.08    5.65
 214037.232    90.571    -7.36    3.97
 214412.543    88.780    -4.77    2.45
 214787.798    87.674    -2.95    1.53
 215162.996    87.311    -0.97    1.35
 215538.137    87.311    -0.00    1.52
 215913.223    87.607     0.79    1.66
 216288.252    88.982     3.67    2.55
 216663.224    90.799     4.84    3.58
 217038.140    92.941     5.71    2.63
 217413.000    94.568     4.34    1.80
 217787.803    95.842     3.40    2.07
 218162.551    96.340     1.33    2.04
 218537.242    96.771     1.15    2.20
 218911.877    97.085     0.84    2.36
 219286.455    96.852    -0.62    2.43
 219660.978    96.119    -1.96    2.68
 220035.444    95.468    -1.74    2.70
 220409.854    95.197    -0.72    2.51
 220784.208    95.320     0.33    2.32
 221158.506    95.588     0.71    2.10
 221532.748    96.024     1.16    1.92
 221906.934    96.616     1.58    1.97
 222281.064    97.441     2.20    1.98
 222655.138    98.302     2.30    1.63
 223029.156    98.729     1.14    1.20
 223403.119    98.274    -1.22    1.48
 223777.025    97.682    -1.58    1.51
 224150.876    97.284    -1.07    1.36
 224524.670    96.953    -0.88    1.04
 224898.409    97.131     0.48    1.02
 225272.092    97.370     0.64    0.94
 225645.720    97.756     1.03    1.26
 226019.291    97.953     0.53    0.98
 226392.807    98.306     0.95    0.91
 226766.268    98.968     1.77    1.35
 227139.672    99.616     1.74    1.38
 227513.021   100.497     2.36    1.72
 227886.315   101.302     2.16    2.21
 228259.552   102.882     4.23    2.59
 228632.735   104.419     4.12    2.48
 229005.862   105.658     3.32    2.09
 229378.933   106.757     2.94    1.40
 229751.949   107.232     1.27    1.15
 230124.909   107.574     0.92    1.14
 230497.814   107.968     1.06    1.18
 230870.664   108.397     1.15    1.34
 231243.458   109.024     1.68    1.39
 231616.197   109.504     1.29    1.40
 231988.880   110.393     2.39    1.71
 232361.509   111.361     2.60    1.73
 232734.082   112.316     2.56    1.61
 233106.599   113.285     2.60    1.23
 233479.062   114.334     2.81    1.57
 233851.469   115.453     3.00    1.74
 234223.822   116.969     4.07    1.96
 234596.119   118.446     3.97    1.73
 234968.361   118.813     0.99    3.82
 235340.547   117.168    -4.42    7.60
 235712.679   112.969   -11.28   10.74
 236084.756   108.911   -10.90   12.03
 236456.778   105.011   -10.48   11.77
 236828.745    99.433   -14.99    9.78
 237200.657    97.040    -6.43    8.15
 237572.513    94.532    -6.74    5.42
 237944.315    92.982    -4.17    2.92
 238316.063    92.842    -0.38    1.12
 238687.755    92.895     0.14    1.08
 239059.392    93.371     1.28    1.17
 239430.975    93.825     1.22    1.18
 239802.503    94.147     0.87    1.07
 240173.976    94.388     0.65    1.02
 240545.394    94.644     0.69    1.05
 240916.758    94.857     0.57    1.04
