-108468.583    70.423     0.00    5.38
-108094.420    72.442     5.40    4.56
-107720.350    72.992     1.47    3.16
-107346.372    72.484    -1.36    3.11
-106972.488    70.009    -6.62    5.00
-106598.696    68.897    -2.98    4.77
-106224.996    69.488     1.58    4.52
-105851.389    71.719     5.97    4.20
-105477.874    75.371     9.78    3.98
-105104.452    77.440     5.54    4.01
-104731.122    79.401     5.25    3.57
-104357.884    81.500     5.63    3.03
-103984.738    83.388     5.06    3.18
-103611.684    85.307     5.15    3.13
-103238.722    86.422     2.99    2.80
-102865.852    86.866     1.19    2.36
-102493.074    86.006    -2.31    2.22
-102120.388    84.835    -3.14    3.24
-101747.794    83.726    -2.98    3.93
-101375.291    82.555    -3.14    4.09
-101002.879    81.808    -2.01    4.02
-100630.559    81.095    -1.91    3.88
-100258.331    81.280     0.50    3.73
 -99886.194    81.570     0.78    4.66
 -99514.148    82.371     2.15    4.94
 -99142.194    82.870     1.34    4.76
 -98770.331    81.511    -3.66    5.42
 -98398.558    78.884    -7.07    4.84
 -98026.877    75.714    -8.53    4.87
 -97655.287    73.084    -7.08    4.61
 -97283.788    72.298    -2.11    5.54
 -96912.379    70.183    -5.69    5.95
 -96541.062    71.843     4.47    7.49
 -96169.835    76.272    11.93   10.22
 -95798.699    81.789    14.87   10.08
 -95427.653    86.059    11.51    7.88
 -95056.698    86.343     0.77    7.64
 -94685.833    84.812    -4.13    7.28
 -94315.059    80.950   -10.42    6.64
 -93944.375    76.547   -11.88    6.63
 -93573.781    73.050    -9.43    5.68
 -93203.277    70.721    -6.29    4.51
 -92832.864    72.989     6.13    7.10
 -92462.541    75.736     7.42    6.69
 -92092.307    78.354     7.07    4.96
 -91722.164    76.458    -5.12    6.81
 -91352.110    69.799   -17.99   10.56
 -90982.146    64.201   -15.13   10.81
 -90612.272    61.201    -8.11    8.42
 -90242.488    60.911    -0.78    7.22
 -89872.793    62.997     5.64    5.77
 -89503.188    62.922    -0.21    7.13
 -89133.672    57.528   -14.60   10.85
 -88764.245    52.825   -12.73   10.12
 -88394.908    50.316    -6.79    8.82
 -88025.660    52.123     4.89   10.41
 -87656.502    56.328    11.39   11.36
 -87287.432    60.971    12.58   12.74
 -86918.452    66.280    14.39   14.12
 -86549.561    71.956    15.39   12.39
 -86180.758    74.833     7.80    9.30
 -85812.045    73.480    -3.67    7.43
 -85443.420    72.723    -2.05    5.61
 -85074.884    72.325    -1.08    4.78
 -84706.437    71.745    -1.58    4.97
 -84338.079    71.123    -1.69    4.83
 -83969.809    72.063     2.55    4.86
 -83601.627    73.518     3.95    5.35
 -83233.534    74.497     2.66    5.76
 -82865.529    76.362     5.07    6.10
 -82497.613    76.886     1.43    6.47
 -82129.785    76.025    -2.34    6.33
 -81762.045    74.980    -2.84    6.17
 -81394.394    76.635     4.50    7.63
 -81026.830    80.362    10.14    9.59
 -80659.354    83.388     8.24    9.12
 -80291.966    84.789     3.82    8.54
 -79924.667    82.723    -5.63    9.07
 -79557.455    78.553   -11.36   10.83
 -79190.330    71.271   -19.84   12.43
 -78823.294    65.227   -16.47   11.52
 -78456.345    60.138   -13.87   11.88
 -78089.483    55.022   -13.95   14.22
 -77722.710    49.555   -14.90   16.70
 -77356.023    41.548   -21.84   16.18
 -76989.424    35.199   -17.32   12.80
 -76622.912    28.895   -17.20    3.90
 -76256.488    27.923    -2.65    2.98
 -75890.151    27.553    -1.01    2.90
 -75523.901    27.037    -1.41    2.83
 -75157.737    26.495    -1.48    2.43
 -74791.661    26.129    -1.00    2.44
 -74425.672    26.539     1.12    2.28
 -74059.770    26.671     0.36    1.79
 -73693.955    26.635    -0.10    1.53
 -73328.226    26.673     0.11    1.55
 -72962.584    26.901     0.62    1.88
 -72597.029    27.555     1.79    2.07
 -72231.560    28.551     2.72    2.68
 -71866.178    29.893     3.67    3.69
 -71500.882    30.741     2.32    3.96
 -71135.673    31.818     2.95    3.58
 -70770.549    32.565     2.05    3.28
 -70405.513    34.517     5.35    4.91
 -70040.562    37.860     9.16    6.79
 -69675.698    40.861     8.23    7.84
 -69310.919    42.095     3.38    8.90
 -68946.227    40.008    -5.72   10.55
 -68581.621    35.893   -11.29    8.58
 -68217.100    31.318   -12.55    4.88
 -67852.666    28.656    -7.31    2.96
 -67488.317    27.171    -4.07    2.77
 -67124.054    26.517    -1.80    2.95
 -66759.877    28.129     4.43    4.63
 -66395.785    29.803     4.60    5.59
 -66014.359    31.812     5.26    5.65
 -65632.216    33.623     4.74    4.47
 -65250.170    34.581     2.51    3.96
 -64868.220    34.938     0.93    3.65
 -64486.367    33.968    -2.54    3.80
 -64104.610    32.389    -4.14    3.85
 -63722.949    32.010    -0.99    3.59
 -63341.385    32.026     0.04    3.49
 -62959.916    32.644     1.62    3.84
 -62578.544    34.105     3.83    4.76
 -62197.268    36.688     6.77    6.72
 -61816.087    40.542    10.11    7.34
 -61435.003    45.486    12.97    4.66
 -61054.014    47.289     4.73    2.65
 -60673.121    47.299     0.03    2.84
 -60292.323    47.200    -0.26    2.99
 -59911.621    46.903    -0.78    3.83
 -59531.015    47.281     0.99    4.64
 -59150.504    47.455     0.46    5.33
 -58770.088    45.620    -4.82    6.21
 -58389.767    43.499    -5.58    6.86
 -58009.542    41.480    -5.31    7.46
 -57629.412    38.959    -6.63    7.35
 -57249.377    36.996    -5.17    5.96
 -56869.437    34.974    -5.32    4.58
 -56489.592    34.262    -1.88    3.69
 -56109.842    34.157    -0.28    2.88
 -55730.186    33.708    -1.18    2.86
 -55350.625    34.189     1.27    2.73
 -54971.159    35.501     3.46    3.73
 -54591.788    36.334     2.20    4.12
 -54212.510    37.086     1.98    3.89
 -53833.328    36.135    -2.51    4.18
 -53454.240    34.482    -4.36    3.74
 -53075.246    33.812    -1.77    3.81
 -52696.346    33.416    -1.05    3.45
 -52317.540    33.567     0.40    2.96
 -51938.829    33.006    -1.48    3.00
 -51560.211    32.054    -2.52    3.25
 -51181.688    30.099    -5.17    3.62
 -50803.258    29.366    -1.94    3.42
 -50424.922    30.705     3.54    4.17
 -50046.680    33.345     6.98    3.84
 -49668.531    36.073     7.21    2.72
 -49290.477    36.808     1.94    2.46
 -48912.515    36.834     0.07    2.68
 -48534.647    36.426    -1.08    2.86
 -48156.873    36.308    -0.31    2.78
 -47779.192    36.479     0.45    3.45
 -47401.604    36.419    -0.16    3.45
 -47024.109    36.524     0.28    3.32
 -46646.708    36.318    -0.54    3.23
 -46269.399    35.861    -1.21    3.33
 -45892.184    36.112     0.67    3.36
 -45515.061    36.731     1.64    3.41
 -45138.031    37.234     1.34    3.17
 -44761.094    37.407     0.46    2.98
 -44384.250    37.225    -0.48    3.17
 -44007.499    36.873    -0.93    2.97
 -43630.840    36.808    -0.17    2.45
 -43254.273    35.828    -2.60    2.72
 -42877.799    34.298    -4.06    3.01
 -42501.417    32.966    -3.54    2.50
 -42125.128    32.154    -2.16    1.52
 -41748.931    32.372     0.58    1.37
 -41372.826    33.244     2.32    1.87
 -40996.813    34.089     2.25    2.11
 -40620.892    35.445     3.61    2.35
 -40245.064    36.326     2.34    2.40
 -39869.327    38.809     6.61    4.96
 -39493.682    42.199     9.02    6.05
 -39118.128    44.482     6.08    6.13
 -38742.667    44.917     1.16    5.96
 -38367.297    43.706    -3.23    6.14
 -37992.019    43.748     0.11    6.68
 -37616.832    46.517     7.38    6.55
 -37241.736    49.888     8.99    6.26
 -36866.732    50.571     1.82    6.97
 -36491.820    49.838    -1.96    7.98
 -36116.998    49.680    -0.42    7.98
 -35742.268    51.412     4.62    8.37
 -35367.629    53.389     5.28    7.24
 -34993.081    55.141     4.68    5.79
 -34618.624    54.595    -1.46    5.82
 -34244.258    54.992     1.06    6.26
 -33869.982    57.775     7.44    7.36
 -33495.798    60.781     8.03    7.35
 -33121.704    61.261     1.28    7.67
 -32747.701    57.425   -10.26    9.83
 -32373.788    53.666   -10.05    8.48
 -31999.966    50.243    -9.16    5.90
 -31626.235    48.141    -5.62    4.51
 -31252.593    46.567    -4.21    5.60
 -30879.043    43.145    -9.16    6.53
 -30505.582    39.174   -10.63    6.61
 -30132.212    37.172    -5.36    5.84
 -29758.931    38.959     4.79    7.02
 -29385.741    43.182    11.32    7.88
 -29012.641    46.895     9.95    6.06
 -28639.631    48.629     4.65    4.75
 -28266.711    48.889     0.70    4.72
 -27893.880    49.843     2.56    4.60
 -27521.139    48.138    -4.57    5.79
 -27148.488    44.126   -10.77    7.10
 -26775.927    42.632    -4.01    8.77
 -26403.455    40.565    -5.55   10.69
 -26031.073    40.840     0.74   11.50
 -25658.780    39.620    -3.28   11.45
 -25286.576    37.851    -4.75   10.80
 -24914.462    37.280    -1.53    8.42
 -24542.437    39.074     4.82    7.10
 -24170.501    37.803    -3.42    6.53
 -23798.654    33.984   -10.27    6.91
 -23426.896    30.058   -10.56    7.09
 -23055.228    27.508    -6.86    6.00
 -22683.648    26.956    -1.48    6.70
 -22312.157    26.334    -1.67    7.46
 -21940.755    25.101    -3.32    7.13
 -21569.441    22.875    -5.99    5.07
 -21198.217    21.614    -3.40    3.00
 -20827.081    22.123     1.37    3.68
 -20456.033    23.708     4.27    4.50
 -20085.074    24.740     2.78    4.50
 -19714.203    24.163    -1.56    4.30
 -19343.421    23.356    -2.18    3.39
 -18972.727    22.097    -3.40    2.82
 -18602.121    21.752    -0.93    2.74
 -18231.603    22.233     1.30    3.42
 -17861.174    23.012     2.10    3.82
 -17490.832    23.934     2.49    5.76
 -17120.579    24.904     2.62    6.93
 -16750.413    26.289     3.74    7.67
 -16380.336    26.968     1.83    7.16
 -16010.346    27.521     1.49    6.78
 -15640.444    27.823     0.82    6.07
 -15270.629    28.262     1.19    5.70
 -14900.902    28.397     0.37    5.85
 -14531.263    27.089    -3.54    5.70
 -14161.711    25.243    -5.00    5.67
 -13792.247    23.996    -3.38    4.75
 -13422.870    23.675    -0.87    3.96
 -13053.580    24.155     1.30    4.22
 -12684.377    25.335     3.20    3.54
 -12315.262    25.514     0.48    3.83
 -11946.234    25.867     0.96    4.65
 -11577.293    27.289     3.85    6.68
 -11208.438    28.966     4.54    7.12
 -10839.671    30.271     3.54    6.30
 -10470.991    30.009    -0.71    6.12
 -10102.397    26.436    -9.69    6.72
  -9733.890    23.465    -8.06    5.41
  -9365.470    21.028    -6.62    3.36
  -8997.137    20.271    -2.05    2.72
  -8628.890    21.386     3.03    3.25
  -8260.730    22.586     3.26    3.72
  -7892.656    24.176     4.32    4.69
  -7524.668    29.104    13.39    7.38
  -7156.767    35.189    16.54   10.28
  -6788.952    43.175    21.71   11.92
  -6421.223    53.262    27.43   12.29
  -6053.581    60.799    20.50    9.58
  -5686.024    65.785    13.56    7.66
  -5318.554    65.803     0.05    9.03
  -4951.169    60.443   -14.59   12.68
  -4583.871    54.207   -16.98   14.18
  -4216.658    47.684   -17.76   11.85
  -3849.531    43.471   -11.47    9.75
  -3482.490    42.178    -3.52    8.44
  -3115.534    43.393     3.31    7.12
  -2748.664    42.592    -2.18    8.45
  -2381.880    40.280    -6.30   10.06
  -2015.181    35.762   -12.32    8.83
  -1648.567    29.401   -17.35   11.34
  -1282.039    20.271   -24.91   14.78
   -915.596    13.037   -19.74   15.23
   -549.239     4.759   -22.59   10.65
   -182.967     0.180   -12.50    3.73
    183.221    -0.711    -2.43    0.00
    549.323    -0.010     1.91    3.19
    915.340     2.932     8.04    7.46
   1281.272     7.139    11.50    9.78
   1647.119    11.271    11.29   10.05
   2012.882    15.186    10.70    8.67
   2378.559    18.215     8.28    5.91
   2744.152    20.335     5.80    2.69
   3109.661    20.953     1.69    1.84
   3475.084    21.280     0.90    1.99
   3840.423    21.567     0.79    2.05
   4205.678    21.243    -0.89    1.94
   4570.848    21.046    -0.54    2.13
   4935.934    21.078     0.09    2.17
   5300.935    20.666    -1.13    2.16
   5665.852    20.695     0.08    2.32
   6030.686    20.317    -1.04    2.40
   6395.434    18.380    -5.31    5.54
   6760.099    13.794   -12.58    9.06
   7124.680     7.702   -16.71    9.74
   7489.177     2.617   -13.95    7.10
   7853.590    -0.617    -8.87    0.65
   8217.919     0.317     2.56    4.33
   8593.270     5.319    13.33   10.49
   8975.244    13.886    22.43   13.91
   9357.124    22.619    22.87   12.56
   9738.910    29.253    17.37    6.72
  10120.602    31.163     5.01    5.51
  10502.199    32.620     3.82    4.20
  10883.703    32.089    -1.39    4.73
  11265.113    28.383    -9.72    6.56
  11646.429    24.393   -10.46    6.05
  12027.652    21.171    -8.45    3.03
  12408.780    20.299    -2.29    2.18
  12789.816    19.989    -0.81    2.31
  13170.757    19.725    -0.70    2.48
  13551.606    19.972     0.65    2.70
  13932.360    20.215     0.64    2.53
  14313.022    20.794     1.52    2.56
  14693.590    21.308     1.35    2.28
  15074.066    21.159    -0.39    2.25
  15454.448    21.280     0.32    2.10
  15834.737    21.357     0.20    1.84
  16214.933    21.326    -0.08    1.62
  16595.036    21.667     0.90    1.63
  16975.046    21.567    -0.26    1.76
  17354.964    21.494    -0.19    2.12
  17734.788    21.345    -0.39    2.11
  18114.520    21.052    -0.77    2.02
  18494.160    21.051    -0.00    1.94
  18873.707    21.099     0.13    1.94
  19253.162    21.234     0.36    1.96
  19632.524    20.832    -1.06    3.00
  20011.794    18.419    -6.36    6.21
  20390.972    15.530    -7.62    8.18
  20770.057    14.233    -3.42    8.17
  21149.051    15.391     3.06    8.24
  21527.952    18.713     8.77    5.94
  21906.762    20.475     4.65    2.90
  22285.479    21.070     1.57    2.22
  22664.105    21.076     0.02    1.95
  23042.639    21.289     0.56    1.84
  23421.081    21.762     1.25    1.69
  23799.432    21.761    -0.00    1.64
  24177.691    21.827     0.18    1.63
  24555.858    21.299    -1.40    1.85
  24933.934    21.216    -0.22    1.81
  25311.919    21.392     0.47    1.85
  25689.812    21.560     0.45    1.84
  26067.614    21.869     0.82    1.88
  26445.325    21.962     0.25    1.88
  26822.945    21.956    -0.02    2.00
  27200.474    22.196     0.64    2.29
  27577.911    22.252     0.15    2.30
  27955.258    22.309     0.15    2.26
  28332.514    22.153    -0.41    2.10
  28709.679    21.740    -1.09    2.01
  29086.754    21.803     0.17    2.08
  29463.738    22.722     2.44    2.98
  29840.631    23.549     2.19    3.87
  30217.433    23.648     0.26    3.97
  30594.145    23.422    -0.60    3.78
  30970.767    23.054    -0.98    3.44
  31347.298    22.528    -1.40    2.85
  31723.740    22.243    -0.76    2.37
  32100.090    21.874    -0.98    1.98
  32476.351    21.891     0.05    2.33
  32852.522    22.177     0.76    2.67
  33228.602    23.374     3.18    3.38
  33604.593    23.600     0.60    3.35
  33980.494    23.864     0.70    3.48
  34356.305    24.708     2.25    3.88
  34732.026    24.495    -0.57    5.02
  35107.657    22.589    -5.08    6.22
  35483.199    19.922    -7.10    7.05
  35858.651    20.400     1.27    6.23
  36234.014    19.350    -2.80    5.21
  36609.287    17.959    -3.71    6.66
  36984.471    17.106    -2.27    7.61
  37359.565    17.519     1.10    7.45
  37734.571    18.166     1.72    7.09
  38109.487    21.196     8.08    4.65
  38484.314    22.327     3.02    2.29
  38859.051    21.988    -0.91    2.15
  39233.700    21.551    -1.16    2.19
  39608.260    21.613     0.17    2.14
  39982.731    21.785     0.46    1.94
  40357.113    21.657    -0.34    2.06
  40731.407    21.981     0.87    1.88
  41105.611    21.946    -0.09    1.87
  41479.727    21.660    -0.77    1.88
  41853.755    21.851     0.51    1.85
  42227.694    21.701    -0.40    1.97
  42601.544    21.878     0.47    2.06
  42975.306    21.928     0.13    2.14
  43348.980    21.812    -0.31    2.21
  43722.566    21.534    -0.74    2.19
  44096.063    21.439    -0.26    2.05
  44469.472    21.329    -0.30    1.94
  44842.793    21.947     1.66    2.39
  45216.026    23.004     2.83    3.66
  45589.171    24.532     4.10    4.85
  45962.229    25.654     3.01    4.79
  46335.198    25.011    -1.72    4.20
  46708.079    23.878    -3.04    3.61
  47080.873    23.320    -1.50    3.37
  47453.580    22.336    -2.64    1.98
  47826.198    22.678     0.92    2.53
  48198.729    24.431     4.71    4.32
  48571.173    25.827     3.75    4.59
  48943.529    26.422     1.60    4.44
  49315.798    25.903    -1.39    3.91
  49687.980    23.966    -5.20    2.54
  50060.074    23.752    -0.57    2.26
  50432.081    24.609     2.30    2.70
  50804.001    26.928     6.23    3.83
  51175.834    28.549     4.36    3.65
  51547.580    30.169     4.36    3.32
  51919.240    30.459     0.78    3.29
  52290.812    29.203    -3.38    3.83
  52662.297    27.412    -4.82    4.71
  53033.696    24.662    -7.40    3.46
  53405.008    23.476    -3.19    2.35
  53776.234    23.030    -1.20    2.08
  54147.372    22.813    -0.58    2.12
  54518.425    22.566    -0.67    2.11
  54889.391    22.566     0.00    2.00
  55260.270    22.874     0.83    2.06
  55631.063    23.664     2.13    2.50
  56001.770    24.354     1.86    3.39
  56372.391    25.008     1.76    3.72
  56742.926    24.525    -1.30    3.79
  57113.374    23.506    -2.75    2.99
  57483.737    22.827    -1.83    2.18
  57854.013    22.411    -1.12    2.19
  58224.204    22.329    -0.22    2.30
  58594.309    22.808     1.29    2.27
  58964.328    22.995     0.51    2.72
  59334.261    23.186     0.51    2.44
  59704.108    23.563     1.02    2.63
  60073.870    25.470     5.16    5.78
  60443.547    27.789     6.27    7.88
  60813.138    31.269     9.41    9.23
  61182.643    37.013    15.54   10.28
  61552.063    43.042    16.32   10.85
  61921.398    51.411    22.66   10.25
  62290.648    57.610    16.79    9.57
  62659.812    64.655    19.08   10.80
  63028.891    70.867    16.83   12.39
  63397.885    76.677    15.74   14.18
  63766.794    81.299    12.53   13.00
  64135.619    84.367     8.32   11.91
  64504.358    83.733    -1.72   11.87
  64873.012    80.242    -9.47   11.82
  65241.582    75.116   -13.91    9.59
  65610.066    73.157    -5.32    7.67
  65978.467    72.689    -1.27    6.37
  66346.782    70.054    -7.16    7.46
  66715.013    66.963    -8.39    8.58
  67083.160    63.934    -8.23    7.81
  67451.222    62.412    -4.13    6.65
  67819.199    64.632     6.03    7.48
  68187.092    66.271     4.45    6.52
  68554.901    65.507    -2.08    6.81
  68922.626    60.080   -14.76    8.23
  69290.267    55.499   -12.46    6.99
  69657.823    52.261    -8.81    4.86
  70025.296    50.572    -4.59    2.50
  70392.684    51.228     1.78    2.44
  70759.989    51.504     0.75    3.38
  71127.210    49.231    -6.19    5.53
  71494.347    47.733    -4.08    5.44
  71861.400    49.710     5.39    8.16
  72228.369    54.486    13.01    9.63
  72595.255    59.013    12.34    7.42
  72962.057    60.147     3.09    6.63
  73328.776    56.657    -9.51    8.30
  73695.411    52.766   -10.61    7.46
  74061.963    49.693    -8.38    4.58
  74428.431    52.442     7.50    7.83
  74794.816    60.719    22.59   13.98
  75161.118    70.572    26.90   15.01
  75527.337    80.991    28.45   12.34
  75893.472    88.703    21.06    8.63
  76259.524    92.384    10.06    7.54
  76625.494    96.953    12.48    7.96
  76991.380   102.196    14.33    8.11
  77357.184   106.260    11.11    8.09
  77722.904   108.566     6.30    7.18
  78088.542   108.893     0.90    7.05
  78454.097   107.843    -2.87    6.85
  78819.570   108.000     0.43    6.42
  79184.960   108.565     1.55    5.91
  79550.267   110.058     4.09    6.06
  79915.491   110.394     0.92    6.35
  80280.634   108.934    -4.00    7.34
  80645.693   106.723    -6.05    7.80
  81010.671   103.902    -7.73    8.08
  81375.566   101.636    -6.21    7.78
  81740.379    97.895   -10.25    9.48
  82105.110    94.872    -8.29    9.21
  82469.758    92.912    -5.37    8.46
  82834.325    91.705    -3.31    8.35
  83204.049    91.046    -1.78    7.44
  83585.852    90.949    -0.25    7.46
  83967.562    88.699    -5.90    7.35
  84349.181    86.527    -5.69    7.80
  84730.707    83.554    -7.79    7.75
  85112.143    80.527    -7.93    7.91
  85493.486    76.706   -10.02    7.31
  85874.739    73.359    -8.78    5.86
  86255.899    71.880    -3.88    4.81
  86636.969    71.629    -0.66    4.69
  87017.947    71.842     0.56    4.74
  87398.833    71.982     0.37    4.80
  87779.629    71.174    -2.12    4.47
  88160.333    70.309    -2.27    3.91
  88540.947    70.386     0.20    2.86
  88921.469    69.434    -2.50    2.55
  89301.900    69.056    -0.99    2.15
  89682.241    69.070     0.04    2.75
  90062.491    70.001     2.45    4.08
  90442.649    72.394     6.29    5.38
  90822.718    76.107     9.77    6.37
  91202.695    78.448     6.16    5.26
  91582.583    79.448     2.63    4.36
  91962.379    78.525    -2.43    4.38
  92342.085    76.986    -4.05    3.45
  92721.701    76.099    -2.34    2.77
  93101.227    76.014    -0.22    3.55
  93480.662    74.177    -4.84    6.86
  93860.007    67.141   -18.55   15.95
  94239.262    54.167   -34.21   23.58
  94618.427    40.973   -34.80   21.73
  94997.502    31.895   -23.94   13.91
  95376.487    32.241     0.91   13.45
  95755.383    38.280    15.94   16.85
  96134.188    45.726    19.66   18.60
  96512.904    52.813    18.71   18.83
  96891.530    59.008    16.36   17.31
  97270.066    62.912    10.31   12.00
  97648.513    64.937     5.35    7.26
  98026.871    65.613     1.79    4.71
  98405.139    65.832     0.58    3.35
  98783.317    66.586     1.99    3.29
  99161.407    66.242    -0.91    3.17
  99539.407    65.527    -1.89    3.21
  99917.318    63.823    -4.51    3.34
 100295.140    62.371    -3.84    2.96
 100672.872    61.213    -3.07    2.44
 101050.516    60.555    -1.74    2.79
 101428.071    59.699    -2.27    2.88
 101805.537    57.676    -5.36    3.90
 102182.914    54.563    -8.25    5.69
 102560.203    51.231    -8.83    8.35
 102937.403    46.547   -12.42    8.25
 103314.514    44.901    -4.36    7.33
 103691.537    47.280     6.31    7.43
 104068.471    50.338     8.11    7.03
 104445.317    54.559    11.20    3.87
 104822.074    56.969     6.40    2.61
 105198.743    55.448    -4.04    6.41
 105575.324    47.018   -22.38   16.09
 105951.817    36.442   -28.09   17.97
 106328.221    26.309   -26.92   13.43
 106704.538    23.177    -8.32   11.98
 107080.766    23.508     0.88   14.11
 107456.907    25.139     4.34   15.40
 107832.960    24.876    -0.70   13.87
 108208.924    25.220     0.92   13.47
 108584.802    27.809     6.89   15.30
 108960.591    30.924     8.29   16.09
 109336.293    28.425    -6.65   15.52
 109711.907    24.547   -10.33   12.80
 110087.434    21.076    -9.24    9.93
 110462.873    20.424    -1.74    7.88
 110838.225    22.199     4.73    9.73
 111213.489    25.337     8.36   13.06
 111588.667    30.421    13.55   15.82
 111963.757    33.794     8.99   16.53
 112338.760    36.593     7.46   16.10
 112713.675    39.166     6.86   14.05
 113088.504    37.746    -3.79   13.24
 113463.246    34.728    -8.05   11.30
 113837.901    34.689    -0.10    9.36
 114212.469    36.144     3.88    8.88
 114586.950    37.956     4.84    8.52
 114961.344    39.567     4.30    7.72
 115335.652    41.042     3.94    6.89
 115709.873    41.508     1.25    6.20
 116084.008    42.242     1.96    6.64
 116458.056    42.819     1.54    6.58
 116832.018    43.082     0.70    6.96
 117205.893    43.072    -0.03    6.24
 117579.682    45.070     5.35    5.44
 117953.385    46.994     5.15    5.77
 118327.002    50.544     9.50    4.79
 118700.532    52.270     4.62    2.78
 119073.976    51.759    -1.37    3.37
 119447.335    51.525    -0.63    3.32
 119820.607    52.442     2.46    4.40
 120193.793    54.895     6.57    5.56
 120566.894    58.161     8.75    4.04
 120939.909    60.366     5.91    3.22
 121312.838    61.901     4.12    4.07
 121685.681    64.299     6.43    5.39
 122058.439    66.988     7.21    6.09
 122431.111    69.399     6.47    6.78
 122803.698    72.914     9.43    7.41
 123176.199    77.269    11.69    9.79
 123548.615    83.726    17.34    9.07
 123920.946    85.865     5.74    7.18
 124293.191    83.889    -5.31    7.81
 124665.351    79.086   -12.91    7.35
 125037.426    74.600   -12.05    3.92
 125409.416    72.819    -4.79    2.71
 125781.320    73.129     0.84    2.87
 126153.140    74.953     4.90    4.28
 126524.875    77.004     5.52    4.54
 126896.525    79.105     5.65    3.85
 127268.090    81.677     6.92    4.70
 127639.571    85.223     9.54    7.24
 128010.967    88.639     9.20    7.37
 128382.278    92.672    10.86    5.79
 128753.504    94.142     3.96    5.09
 129124.646    92.429    -4.61    7.32
 129495.704    88.270   -11.21   10.89
 129866.677    82.963   -14.31   11.04
 130237.566    79.299    -9.88    7.33
 130608.371    81.229     5.20    7.63
 130979.091    89.004    20.97   10.32
 131349.727    96.544    20.34    8.79
 131720.279   102.809    16.90    6.98
 132090.747   107.015    11.35    5.19
 132461.131   109.659     7.14    5.24
 132831.431   110.908     3.37    5.26
 133201.647   109.953    -2.58    5.89
 133571.779   106.030   -10.60    9.21
 133941.828   100.567   -14.76   10.80
 134311.793    93.862   -18.12    9.43
 134681.674    87.878   -16.18    6.72
 135051.471    82.280   -15.14    4.69
 135421.185    81.097    -3.20    4.53
 135790.815    82.167     2.89    6.76
 136160.362    86.406    11.47    9.08
 136529.826    89.794     9.17    8.70
 136899.206    87.994    -4.87   10.95
 137268.503    84.124   -10.48   13.31
 137637.717    77.093   -19.04   12.19
 138006.847    72.172   -13.33    9.52
 138375.895    70.899    -3.45    7.66
 138744.859    74.348     9.34    8.52
 139113.741    76.473     5.76    8.22
 139482.539    76.620     0.40    6.80
 139851.255    76.052    -1.54    5.95
 140219.887    78.173     5.75    7.63
 140588.437    82.721    12.34    9.34
 140956.905    87.916    14.10    7.37
 141325.289    88.107     0.52    6.24
 141693.591    84.718    -9.20    7.58
 142061.810    79.741   -13.51    7.26
 142429.947    75.270   -12.14    5.45
 142798.002    71.387   -10.55    3.76
 143165.974    69.299    -5.67    2.64
 143533.864    68.509    -2.15    2.76
 143901.671    68.623     0.31    3.38
 144269.396    69.075     1.23    4.79
 144637.039    70.794     4.68    6.24
 145004.600    73.270     6.74    7.60
 145372.079    74.486     3.31    7.44
 145739.476    73.824    -1.80    7.51
 146106.791    70.889    -7.99    7.94
 146474.024    66.568   -11.77    8.49
 146841.175    61.055   -15.02   12.21
 147208.244    50.445   -28.90   20.63
 147575.232    38.417   -32.77   23.52
 147942.137    25.495   -35.21   20.35
 148308.962    18.505   -19.05   14.18
 148675.704    14.743   -10.26    8.16
 149042.365    16.319     4.30    8.18
 149408.945    17.929     4.39    8.73
 149775.443    20.328     6.54   10.94
 150141.860    26.427    16.64   18.08
 150508.196    34.626    22.38   24.01
 150874.450    41.613    19.07   24.72
 151240.623    47.311    15.56   23.10
 151606.715    47.924     1.68   20.92
 151972.726    46.869    -2.88   17.68
 152338.656    48.164     3.54   15.15
 152704.505    49.240     2.94   12.06
 153070.273    51.168     5.27    9.17
 153435.960    55.982    13.16    9.64
 153801.566    63.910    21.68   10.44
 154167.092    72.713    24.08   10.82
 154532.536    79.760    19.28    8.63
 154897.900    86.721    19.05    6.98
 155263.184    91.472    13.01    5.32
 155628.387    94.396     8.00    3.69
 155993.509    93.251    -3.14    5.16
 156358.551    90.360    -7.92    6.06
 156723.513    87.173    -8.73    5.27
 157088.394    84.982    -6.00    5.92
 157453.195    83.270    -4.69    7.35
 157817.915    81.880    -3.81    6.82
 158199.340    80.662    -3.19    4.94
 158580.881    83.145     6.51    5.52
 158962.333    86.351     8.40    4.05
 159343.695    87.035     1.79    3.76
 159724.968    85.494    -4.04    5.18
 160106.152    84.027    -3.85    4.42
 160487.247    83.398    -1.65    3.45
 160868.252    83.756     0.94    3.70
 161249.168    84.217     1.21    4.59
 161629.996    84.144    -0.19    4.80
 162010.734    82.330    -4.76    4.37
 162391.383    80.785    -4.06    3.56
 162771.944    79.672    -2.92    2.90
 163152.416    78.930    -1.95    2.96
 163532.799    78.568    -0.95    2.90
 163913.093    77.552    -2.67    2.44
 164293.299    76.656    -2.36    2.11
 164673.417    75.503    -3.03    2.65
 165053.445    73.966    -4.04    3.52
 165433.386    72.329    -4.31    3.71
 165813.238    70.380    -5.13    3.17
 166193.002    69.425    -2.51    3.00
 166572.677    69.082    -0.91    3.57
 166952.265    68.309    -2.04    3.81
 167331.764    67.749    -1.47    3.67
 167711.176    67.829     0.21    2.72
 168090.499    68.909     2.85    3.23
 168469.734    70.844     5.10    4.33
 168848.882    72.213     3.61    4.47
 169227.941    73.190     2.58    3.82
 169606.913    72.834    -0.94    3.13
 169985.798    71.584    -3.30    1.96
 170364.594    70.542    -2.75    2.12
 170743.303    69.113    -3.77    2.24
 171121.925    68.348    -2.02    2.11
 171500.459    67.592    -2.00    2.05
 171878.906    67.554    -0.10    2.19
 172257.265    68.032     1.26    2.52
 172635.537    69.765     4.58    3.40
 173013.722    71.698     5.11    2.70
 173391.820    73.103     3.72    2.56
 173769.831    74.019     2.42    2.06
 174147.755    74.636     1.63    2.61
 174525.591    75.640     2.66    3.18
 174903.341    76.722     2.86    3.09
 175281.004    76.022    -1.85    3.86
 175658.580    70.691   -14.12   10.63
 176036.070    62.057   -22.87   16.26
 176413.472    53.858   -21.72   16.76
 176790.788    50.269    -9.51   15.31
 177168.018    47.464    -7.44   14.26
 177545.161    44.289    -8.42   14.23
 177922.218    38.586   -15.12   13.86
 178299.188    35.319    -8.67   10.78
 178676.072    33.289    -5.38    8.72
 179052.869    35.289     5.31    9.67
 179429.581    37.022     4.60    9.86
 179806.206    37.289     0.71   11.01
 180182.745    39.935     7.03   11.40
 180559.199    43.956    10.68   10.97
 180935.566    48.992    13.38    7.49
 181311.847    49.633     1.70    5.88
 181688.043    48.238    -3.71    6.07
 182064.152    46.357    -5.00    5.25
 182440.176    45.341    -2.70    4.01
 182816.114    46.613     3.38    4.03
 183191.967    48.219     4.27    4.24
 183567.734    50.428     5.88    3.06
 183943.415    51.599     3.12    2.23
 184319.011    51.893     0.78    3.13
 184694.522    51.468    -1.13    4.26
 185069.947    48.855    -6.96    6.55
 185445.287    43.201   -15.06   10.46
 185820.542    36.379   -18.18   11.41
 186195.712    29.476   -18.40    8.94
 186570.796    24.946   -12.08    3.81
 186945.796    24.814    -0.35    3.62
 187320.710    25.830     2.71    5.01
 187695.540    27.784     5.21    7.03
 188070.284    28.768     2.62    8.10
 188444.944    32.731    10.57    8.89
 188819.519    34.885     5.75   10.21
 189194.010    38.446     9.51   10.75
 189568.415    42.989    12.13    8.93
 189942.736    45.949     7.91    4.48
 190316.973    45.289    -1.76    3.51
 190691.125    42.839    -6.55    4.54
 191065.193    38.182   -12.45    7.32
 191439.176    32.689   -14.68    7.43
 191813.075    32.445    -0.65    8.88
 192186.890    35.042     6.95   11.34
 192560.620    41.750    17.95   11.35
 192934.266    47.748    16.05    5.68
 193307.829    48.705     2.56    3.26
 193681.307    48.994     0.77    2.50
 194054.701    47.691    -3.49    2.90
 194428.011    46.913    -2.08    2.90
 194801.238    46.864    -0.13    2.83
 195174.381    46.398    -1.25    2.72
 195547.439    44.529    -5.01    5.18
 195920.415    41.505    -8.11    6.15
 196293.306    38.644    -7.67    5.38
 196666.114    38.897     0.68    5.42
 197038.838    42.024     8.39    5.33
 197411.479    45.084     8.21    4.79
 197784.037    47.821     7.35    2.55
 198156.511    48.672     2.28    2.09
 198528.902    49.148     1.28    2.53
 198901.209    49.428     0.75    2.83
 199273.434    47.869    -4.19    4.07
 199645.575    45.512    -6.33    5.11
 200017.633    44.172    -3.60    4.25
 200389.608    43.108    -2.86    4.21
 200761.500    43.953     2.27    5.04
 201133.310    46.013     5.54    5.30
 201505.036    46.672     1.77    5.92
 201876.679    47.712     2.80    5.77
 202248.240    48.586     2.35    5.94
 202619.718    49.926     3.60    5.89
 202991.113    51.599     4.51    4.12
 203362.426    50.989    -1.64    3.63
 203733.656    49.187    -4.85    3.68
 204104.804    48.734    -1.22    3.07
 204475.869    49.542     2.18    2.79
 204846.852    51.015     3.97    3.68
 205217.753    51.677     1.78    3.88
 205588.571    52.113     1.18    4.53
 205959.307    53.019     2.44    4.69
 206329.961    53.992     2.62    4.39
 206700.533    55.418     3.85    3.35
 207071.023    57.379     5.29    2.79
 207441.431    58.109     1.97    2.56
 207811.757    59.371     3.41    3.12
 208182.000    61.348     5.34    2.93
 208552.162    62.289     2.54    3.13
 208922.243    63.280     2.67    4.52
 209292.241    62.946    -0.90    6.32
 209662.158    62.557    -1.05    8.27
 210031.993    59.049    -9.48   12.83
 210401.747    53.969   -13.74   16.00
 210771.419    46.992   -18.87   17.49
 211141.010    38.047   -24.20   17.99
 211510.519    29.407   -23.38   15.41
 211879.947    23.235   -16.70   10.65
 212249.294    21.616    -4.38    9.78
 212618.559    21.709     0.25    9.67
 212987.743    25.804    11.09   10.42
 213356.846    30.169    11.82   10.96
 213725.868    36.714    17.73    9.24
 214094.809    41.682    13.46    6.26
 214463.669    43.733     5.56    4.00
 214832.448    43.103    -1.71    4.67
 215201.146    40.619    -6.74    8.65
 215569.763    35.969   -12.61   11.16
 215938.299    31.037   -13.38   11.68
 216306.755    25.599   -14.76   10.37
 216675.130    21.131   -12.13    6.38
 217043.425    18.555    -6.99    2.82
 217411.638    17.369    -3.22    2.05
 217779.772    16.342    -2.79    2.55
 218147.825    15.349    -2.70    3.21
 218515.797    15.126    -0.61    3.29
 218883.689    16.879     4.77    4.91
 219251.501    20.411     9.60    8.31
 219619.232    29.687    25.22   12.66
 219986.884    38.407    23.71   12.55
 220354.455    45.451    19.16    9.25
 220721.946    48.963     9.56    5.08
 221089.357    49.862     2.45    4.60
 221456.688    50.799     2.55    3.84
 221823.939    51.189     1.06    3.65
 222191.110    49.085    -5.73    5.36
 222558.201    46.517    -7.00    5.91
 222925.213    43.247    -8.91    4.81
 223292.145    42.819    -1.17    3.88
 223658.997    43.726     2.47    3.75
 224025.769    45.229     4.10    4.10
 224392.462    47.390     5.89    4.23
 224759.076    49.799     6.57    3.35
 225125.609    51.623     4.97    2.95
 225492.064    52.693     2.92    2.62
 225858.439    52.289    -1.10    3.91
 226224.735    51.724    -1.54    5.20
 226590.951    51.489    -0.64    5.27
 226957.088    51.825     0.92    4.80
 227323.147    52.819     2.72    3.92
 227689.125    54.379     4.26    3.06
 228055.025    55.416     2.83    2.59
 228420.846    55.567     0.41    2.61
 228786.588    55.405    -0.44    2.37
 229152.251    54.953    -1.24    2.02
 229517.835    53.903    -2.87    2.58
 229883.340    51.891    -5.50    2.85
 230248.767    48.359    -9.66    5.51
 230614.115    44.079   -11.71    6.73
 230979.384    41.844    -6.12    5.71
 231344.574    41.258    -1.60    5.27
 231709.686    42.557     3.56    5.55
 232074.719    45.149     7.10    5.27
 232439.674    46.269     3.07    5.60
 232815.841    46.077    -0.51    5.69
 233197.210    44.402    -4.39    5.06
 233578.492    42.916    -3.90    4.19
 233959.687    42.085    -2.18    4.55
 234340.795    42.835     1.97    5.89
 234721.816    43.052     0.57    6.83
 235102.750    42.764    -0.76    7.82
 235483.597    41.810    -2.51    8.81
 235864.357    41.229    -1.53    8.83
 236245.031    42.104     2.30    8.35
 236625.618    43.481     3.62    7.73
 237006.118    44.483     2.63    7.30
 237386.532    43.986    -1.31    7.95
 237766.859    40.075   -10.28    9.42
 238147.100    37.330    -7.22    8.74
 238527.254    33.442   -10.22    6.50
 238907.322    30.986    -6.46    5.66
 239287.304    27.894    -8.14    6.16
 239667.199    25.089    -7.38    5.05
 240047.009    22.708    -6.27    3.24
 240426.732    22.239    -1.23    2.82
 240806.369    22.921     1.80    2.57
 241185.920    22.799    -0.32    2.52
 241565.386    23.047     0.65    3.75
 241944.765    22.249    -2.10    5.23
 242324.058    22.581     0.87    6.14
 242703.266    22.869     0.76    5.86
 243082.388    22.681    -0.50    5.27
 243461.425    22.659    -0.06    4.21
 243840.376    21.623    -2.74    4.62
 244219.241    22.759     3.00    5.60
 244598.021    25.192     6.42    6.61
 244976.715    28.839     9.63    8.01
 245355.324    31.967     8.26    7.19
 245733.848    34.259     6.06    7.06
 246112.287    33.996    -0.70    6.63
 246490.640    29.719   -11.30    7.45
 246868.908    25.779   -10.42    7.32
 247247.091    21.626   -10.98    5.19
 247625.189    19.363    -5.98    1.86
 248003.202    20.309     2.50    2.84
 248381.131    22.681     6.27    4.50
 248758.974    25.907     8.54    5.29
 249136.733    28.810     7.68    4.00
 249514.406    29.646     2.21    3.03
 249891.995    29.764     0.31    3.25
 250269.500    29.966     0.54    3.15
 250646.920    31.300     3.53    3.28
 251024.255    33.208     5.06    1.95
 251401.506    34.529     3.50    1.95
 251778.673    37.029     6.63    3.71
 252155.755    39.402     6.29    3.96
 252532.753    41.571     5.75    3.37
 252909.667    43.502     5.12    3.70
 253286.496    45.169     4.43    4.78
 253663.242    46.633     3.88    5.58
 254039.903    46.749     0.31    6.71
 254416.480    44.885    -4.95    7.25
 254792.973    41.266    -9.61    7.26
 255169.383    39.143    -5.64    5.79
 255545.708    36.633    -6.67    3.48
 255921.950    36.675     0.11    2.87
