# NaN NaN NaN ;Mean Elev.(m), Avg Gradient(m/km), RMS Gradient(m/km) - SRTM1     
#   10.012  -0.359   6.227 ;Mean Elev.(m), Avg Gradient(m/km), RMS Gradient(m/km) - ASTER GDEM
#    9.077  -0.190   5.594 ;Mean Elev.(m), Avg Gradient(m/km), RMS Gradient(m/km) - GMTED2010 
  8  83.624675  69.737036     5.674     6.522  3 52486.25077607 21.380
  9  83.620088  69.738394     6.137     7.124  3 52521.25074371 26.660
 11  83.620680  69.734681     0.142     0.136  4 52591.25078719 17.703
 12  83.649995  69.731473     0.531     0.527  4 52626.25070715 14.010
 13  83.628385  69.736558     0.512     0.395  3 52661.25075098 12.243
 14  83.645753  69.731131     1.705     1.784  4 52696.25072975  9.278
 15  83.633818  69.736064     1.443     1.446  4 52731.25075648  8.148
 16  83.606005  69.736942     5.127     5.059  4 52766.25076666 10.304
 18  83.643114  69.734441     1.212     0.790  4 52836.25083249 44.574
 19  83.636742  69.735511     2.473     1.103  4 52871.25087331 25.933
 20  83.622997  69.733989     0.562     0.553  4 52906.25086999 42.596
 21  83.647082  69.732218     0.270     0.297  4 52941.25080055 29.238
 23  83.622848  69.736890     2.004     1.981  3 53011.25085277 12.593
 24  83.639863  69.734930     2.176     2.311  4 53046.25081710 11.483
 25  83.617361  69.735217     1.444     1.120  4 53081.25085217 10.205
 26  83.632670  69.732290     0.750     0.369  4 53116.25082264  8.976
 27  83.627985  69.736249     4.581     4.538  3 53151.25086996  6.643
 28  83.635790  69.731972     3.424     3.066  4 53186.25085714 25.210
 29  83.621757  69.733948     4.591     4.591  2 53221.25088356 17.958
 30  83.608771  69.735905     3.717     3.386  4 53256.25086005 26.754
 31  83.635338  69.734397     1.195     0.730  3 53291.25087301 25.754
 32  83.625633  69.732886     1.394     1.394  2 53326.25084819 13.438
 35  83.622922  69.737789     1.349     1.660  3 53431.25081703  7.212
 36  83.639786  69.731905     1.601     1.622  4 53466.25084883  6.076
 37  83.624482  69.736908     5.116     5.307  3 53501.25090542  6.215
 39  83.621891  69.737596     4.782     6.293  3 53571.25090318 31.233
 40  83.610638  69.735901     4.316     4.316  2 53606.25085190 19.428
 41  83.636200  69.731520     2.998     3.206  4 53641.25085191 24.613
 42  83.626066  69.736851     0.603     0.578  3 53676.25087074 26.562
 43  83.617685  69.735743     0.346     0.402  4 53711.25080074 14.205
 44  83.649961  69.732045     1.094     0.757  4 53746.25071106 13.969
 45  83.629788  69.733969     1.418     0.971  3 53781.25074254 11.007
 46  83.604591  69.733318     2.567     2.729  3 53816.25071125  9.904
 47  83.636919  69.734939     1.681     1.842  3 53851.25077856  9.092
 48  83.634044  69.731501     2.655     2.634  4 53886.25078732 38.794
 49  83.620309  69.734888     4.388     4.675  4 53921.25085727 28.333
 50  83.619289  69.737327     2.430     0.452  3 53956.25085378 25.285
 52  83.643028  69.734413     0.458     0.474  4 54026.25083874 39.203
 53  83.632130  69.734497     2.471     2.608  3 54061.25083254 16.817
 54  83.613372  69.735990     3.486     3.486  2 54096.25080582 11.935
 56  83.617214  69.734448     2.186     2.060  4 54166.25077823  9.593
 57  83.635327  69.731431     4.705     4.768  4 54201.25075711  2.095
 58  83.633351  69.734399     2.044     2.011  3 54236.25079265 31.328
 59  83.626986  69.735027     4.866     4.147  3 54271.25081345 26.298
 60  83.631182  69.735529     3.649     2.584  3 54306.25081589 20.859
 61  83.618923  69.734795     5.114     5.114  2 54341.25079783 19.373
 62  83.636228  69.735209     3.643     2.599  3 54376.25075046 26.623
 63  83.627708  69.736605     0.193     0.226  3 54411.25074406 21.009
 64  83.641596  69.732728     0.834     0.829  3 54446.25071499 17.417
 65  83.629384  69.734651     0.803     0.629  3 54481.25073602 10.115
 66  83.638567  69.730992     1.138     0.780  4 54516.25072958  9.034
 67  83.620866  69.737133     0.522     0.057  3 54551.25074870  8.549
 68  83.632357  69.734476     4.466     4.534  3 54586.25072465  5.930
 69  83.628306  69.735282     7.870     7.914  3 54621.25074364 29.225
 70  83.627691  69.736434     1.026     1.020  3 54656.25075355 53.156
 71  83.621128  69.734557     4.763     4.763  2 54691.25073870 19.584
 72  83.638213  69.732206     1.766     1.754  4 54726.25070529 28.684
 73  83.626696  69.735904     0.167     0.110  3 54761.25071534 38.984
 74  83.640958  69.731792     1.604     1.522  4 54796.25069873 16.220
 75  83.628192  69.735633     1.527     1.518  3 54831.25071571 11.924
 76  83.638950  69.731831     1.754     1.719  4 54866.25069396 10.527
 77  83.621773  69.737579     2.057     1.848  3 54901.25071459  9.145
 78  83.635161  69.733938     4.107     4.156  3 54936.25068416  9.593
 79  83.631229  69.734588     0.902     1.040  3 54971.25071673 21.163
 80  83.626683  69.736704     5.061     4.302  3 55006.25073586 28.890
 81  83.630820  69.736386     5.231     6.003  3 55041.25072389 20.929
 82  83.619460  69.735356     2.822     1.827  4 55076.25070546 21.343
 83  83.638331  69.735461     0.712     0.220  4 55111.25065647 24.182
 84  83.622925  69.734055     0.099     0.100  4 55146.25065940 21.107
 85  83.641030  69.731673     0.725     0.572  4 55181.25063498 14.160
 86  83.624716  69.735747     1.165     0.942  3 55216.25065352 10.567
 87  83.640305  69.734289     1.291     0.894  3 55251.25063141 11.403
 88  83.617475  69.735446     0.527     0.504  4 55286.25064743 11.272
 89  83.626086  69.735511     3.751     3.712  3 55321.25062118  5.983
 90  83.626493  69.736171     5.080     5.057  3 55356.25062137 32.186
 91  83.636592  69.734886     3.629     3.123  3 55391.25062225 27.065
 92  83.627254  69.733772     3.652     2.593  4 55426.25063834 35.308
 93  83.617273  69.734580     3.323     2.626  4 55461.25060573 26.684
