# NaN NaN NaN ;Mean Elev.(m), Avg Gradient(m/km), RMS Gradient(m/km) - SRTM1     
#  -17.665  -4.523   8.850 ;Mean Elev.(m), Avg Gradient(m/km), RMS Gradient(m/km) - ASTER GDEM
#   10.015  -3.686   6.916 ;Mean Elev.(m), Avg Gradient(m/km), RMS Gradient(m/km) - GMTED2010 
  7  87.724891  64.730704    20.418    20.901 10 52456.62177522 16.501
 10  87.724910  64.724729    15.195    14.891  7 52561.62177518 22.989
 12  87.719356  64.727987    14.351    14.923 10 52631.62172900 18.488
 15  87.730659  64.734050    16.607    16.424 11 52736.62176234 12.278
 16  87.726791  64.744566    11.325    11.324  5 52771.62173771 27.015
 17  87.715369  64.726501    17.308    17.279 10 52806.62178511 51.059
 18  87.726620  64.720278     9.772    10.144  3 52841.62184307 23.696
 19  87.713356  64.737313     8.343     8.440  3 52876.62188522 37.602
 20  87.734914  64.738705     9.278     9.028 10 52911.62184622 28.261
 21  87.726323  64.718592     8.404     8.383  4 52946.62179614 37.427
 23  87.729376  64.733851    35.149    36.119 10 53016.62183478  8.895
 24  87.719918  64.728257    35.541    36.733 10 53051.62181197  8.878
 25  87.725888  64.730902    41.538    40.582  9 53086.62184884  7.120
 26  87.719646  64.727311    38.674    37.644  9 53121.62181857  6.405
 27  87.718281  64.726830    22.000    22.091 10 53156.62187370 26.601
 28  87.726344  64.735846    17.577    17.475  9 53191.62186709 16.934
 29  87.729349  64.734596    11.834    10.612  9 53226.62187008 18.895
 30  87.729677  64.735830    17.469    16.739 10 53261.62184400 16.643
 31  87.725525  64.714313    10.102    10.152  3 53296.62187422 37.315
 32  87.731753  64.724935    42.875    45.620  5 53331.62184817 28.925
 33  87.735968  64.735632    33.994    36.908  9 53366.62179641 18.024
 34  87.724476  64.726192    29.016    35.612  8 53401.62182227 14.867
 35  87.731503  64.735944    36.150    37.019 10 53436.62181321  9.523
 36  87.718743  64.726923    37.976    36.717  9 53471.62186276  7.354
 38  87.727500  64.726787    12.673    12.748  7 53541.62190048 30.673
 39  87.724924  64.737286    10.440    10.624  3 53576.62189146 48.573
 40  87.731242  64.736311     9.978     9.962 10 53611.62184296 47.410
 41  87.716332  64.731123    16.152    16.237  4 53646.62184677 39.682
 42  87.733626  64.720370     9.187     9.350  4 53681.62186038 46.418
 43  87.732506  64.737551    33.814    36.654 11 53716.62179112 10.080
 44  87.719657  64.730168    30.992    31.301  8 53751.62170871 11.159
 45  87.729516  64.734988    35.299    36.518 10 53786.62173951  8.942
 46  87.732473  64.746326    30.100    24.543  7 53821.62169727  8.678
 47  87.719477  64.726879    32.104    34.340 10 53856.62178337  7.726
 48  87.716975  64.742219    22.636    22.641  4 53891.62179857 31.477
 49  87.717960  64.725761    14.495    16.108  8 53926.62185726 18.563
 51  87.715922  64.721960    13.569    13.920  9 53996.62178382 25.042
 52  87.729925  64.720690     8.928     8.940  4 54031.62183594 39.234
 53  87.728385  64.734271    35.021    35.755 10 54066.62183216 11.764
 54  87.731352  64.736457    35.131    36.840 10 54101.62179416 10.254
 55  87.720100  64.728003    37.003    36.438  9 54136.62175875  7.312
 56  87.730439  64.733688    40.112    41.000 10 54171.62177023  5.761
 57  87.726394  64.718934    12.164    12.149  4 54206.62176204 26.236
 58  87.723645  64.733168    20.913    20.898  8 54241.62179773 51.819
 59  87.716850  64.740139    14.330    14.335  3 54276.62181380 30.500
 61  87.724340  64.745305    11.316    11.334  5 54346.62178886 35.050
 62  87.723124  64.726814    10.725    10.599  8 54381.62174890 42.409
 63  87.739119  64.722950     8.769     8.703  3 54416.62173330 46.131
 64  87.720276  64.725254    34.164    34.043  9 54451.62171757 18.299
 65  87.724503  64.734833    33.610    33.814  9 54486.62173246 13.354
 66  87.722674  64.729509    33.701    36.778  9 54521.62173154 10.832
 67  87.723428  64.741815    34.058    34.246  6 54556.62174434  6.787
 68  87.724197  64.729047    11.145    11.182 10 54591.62172763 23.613
 69  87.724570  64.734424    21.521    21.371  9 54626.62174430 21.745
 70  87.724788  64.728113    13.529    11.592  9 54661.62175100 18.749
 71  87.729280  64.736474    14.465    15.513 10 54696.62172884 18.495
 72  87.716652  64.732516    16.953    18.130  4 54731.62170812 16.747
 73  87.734818  64.722442     9.945     9.944  4 54766.62170487 32.726
 74  87.714026  64.732531    11.605    11.554  6 54801.62170195 27.591
 75  87.727141  64.730673    14.983    15.375 10 54836.62169893 17.678
 76  87.718124  64.730251    33.970    33.861  9 54871.62169972  9.891
 77  87.731014  64.734788    36.510    37.047 11 54906.62170738  8.152
 78  87.714419  64.734659    34.393    35.612  6 54941.62169338  4.481
 79  87.720972  64.733868    21.288    21.191  8 54976.62172132 50.713
 80  87.724260  64.734587    20.796    20.248  8 55011.62173032 17.383
 81  87.731044  64.724177    10.322    10.301  4 55046.62172006 19.882
 82  87.734807  64.733448    13.483    12.520  9 55081.62169436 25.056
 83  87.725818  64.724601    12.710    11.126  8 55116.62165210 19.267
 84  87.733630  64.723984    10.786    10.850  5 55151.62165008 24.859
 85  87.719727  64.727426    15.997    16.021 10 55186.62163906 17.110
 86  87.728420  64.730894    38.178    39.525 10 55221.62164993  8.837
 87  87.724359  64.728353    35.032    35.871 10 55256.62163499  7.887
 88  87.732155  64.734581    38.729    39.410 10 55291.62163910  6.223
 89  87.716297  64.738015    15.911    13.778  3 55326.62162190 22.813
 93  87.740107  64.731739    13.441    10.977  4 55466.62159171 27.214
