# NaN NaN NaN ;Mean Elev.(m), Avg Gradient(m/km), RMS Gradient(m/km) - SRTM1     
#   28.032  -7.525  21.825 ;Mean Elev.(m), Avg Gradient(m/km), RMS Gradient(m/km) - ASTER GDEM
#   45.198  -6.716  20.817 ;Mean Elev.(m), Avg Gradient(m/km), RMS Gradient(m/km) - GMTED2010 
  8    44.209 52488.20879839 27.32  90.113750  60.406437  6.125
  8    43.912 52488.20879903 28.39  90.111510  60.403267  6.125
  8    43.954 52488.20879968 30.18  90.109270  60.400107  6.125
  8    43.793 52488.20880032 28.20  90.107020  60.396937  6.125
  9    41.641 52523.20877128 32.39  90.108491  60.409924  3.643
  9    43.206 52523.20877192 27.94  90.106251  60.406754  3.643
  9    43.821 52523.20877257 25.91  90.104010  60.403595  4.085
  9    44.077 52523.20877321 25.01  90.101770  60.400425  4.085
 11    40.883 52593.20882096 33.21  90.109410  60.409116 21.002
 11    40.976 52593.20882160 43.35  90.107170  60.405956 21.002
 11    41.816 52593.20882225 40.65  90.104930  60.402786 21.002
 11    41.071 52593.20882289 40.48  90.102690  60.399626 21.002
 12    48.621 52628.20874544 13.61  90.124866  60.397077  7.331
 12    48.315 52628.20874609 11.46  90.122626  60.393907  7.331
 12    47.814 52628.20874673 10.90  90.120376  60.390737  7.331
 12    47.121 52628.20874738 10.95  90.118136  60.387577  7.331
 13    50.344 52663.20878372  8.05  90.111693  60.406045  5.064
 13    51.022 52663.20878436  7.08  90.109453  60.402885  5.064
 13    50.791 52663.20878501  5.82  90.107213  60.399715  5.064
 13    52.771 52663.20878565  5.08  90.104973  60.396555  5.064
 14    51.011 52698.20876090  9.22  90.123737  60.395750  5.426
 14    50.215 52698.20876154  7.64  90.121497  60.392580  5.426
 14    49.054 52698.20876218  7.90  90.119247  60.389420  5.426
 15    46.105 52733.20878093 17.77  90.116854  60.401068  6.223
 15    47.130 52733.20878157 13.07  90.114604  60.397908  6.223
 15    47.140 52733.20878222 11.41  90.112364  60.394738  6.223
 15    48.912 52733.20878286 10.34  90.110124  60.391568  6.223
 16    49.514 52768.20878711 20.70  90.100977  60.407857  6.258
 16    49.250 52768.20878775 28.94  90.098737  60.404687  6.258
 16    49.298 52768.20878840 32.17  90.096497  60.401517  6.258
 18    45.975 52838.20887002 32.59  90.120274  60.401390 15.051
 18    45.866 52838.20887067 33.02  90.118034  60.398220 15.051
 18    46.051 52838.20887131 31.13  90.115794  60.395060 15.051
 18    45.832 52838.20887196 27.76  90.113544  60.391890 15.051
 19    43.450 52873.20890975 38.00  90.117373  60.403308  8.433
 19    43.335 52873.20891039 33.47  90.115133  60.400138  8.433
 19    42.559 52873.20891104 31.62  90.112893  60.396968  8.433
 19    42.593 52873.20891168 32.24  90.110643  60.393808  8.433
 20    44.266 52908.20889288 27.19  90.114113  60.406606 13.785
 20    41.780 52908.20889353 34.74  90.111873  60.403436 13.785
 20    42.410 52908.20889417 30.86  90.109623  60.400266 13.785
 20    44.102 52908.20889482 23.55  90.107383  60.397106 13.785
 20    44.248 52908.20889546 25.17  90.105143  60.393936 13.785
 21    41.600 52943.20882086 49.77  90.126462  60.394442 23.494
 21    41.763 52943.20882151 54.21  90.124222  60.391272 23.494
 21    41.907 52943.20882215 51.22  90.121982  60.388112 23.494
 23    51.268 53013.20887761  6.96  90.110064  60.409829  4.670
 23    51.357 53013.20887825  6.76  90.107824  60.406669  4.670
 23    51.330 53013.20887890  6.79  90.105574  60.403501  4.444
 23    52.288 53013.20887954  7.13  90.103334  60.400331  4.444
 23    52.037 53013.20888019  6.47  90.101094  60.397171  4.444
 24    47.785 53048.20884852 11.40  90.118395  60.400376  7.620
 24    48.271 53048.20884916  9.81  90.116155  60.397216  7.620
 24    48.092 53048.20884981 10.06  90.113915  60.394046  7.620
 24    48.329 53048.20885045  8.12  90.111675  60.390886  7.620
 25    48.910 53083.20888255 10.77  90.106092  60.409481  5.204
 25    49.099 53083.20888319 10.20  90.103852  60.406311  5.204
 25    48.216 53083.20888384 11.08  90.101612  60.403151  5.204
 25    47.785 53083.20888448 11.24  90.099372  60.399981  5.204
 26    52.165 53118.20885348  2.55  90.116199  60.403876  3.967
 26    51.690 53118.20885413  2.53  90.113959  60.400716  3.967
 26    51.474 53118.20885477  1.73  90.111709  60.397546  3.967
 26    51.006 53118.20885542  2.58  90.109469  60.394386  3.967
 29    44.593 53223.20890968 22.02  90.113238  60.407273  4.371
 29    45.548 53223.20891032 21.15  90.110996  60.404105  7.896
 29    44.629 53223.20891096 18.44  90.108746  60.400935  7.896
 29    46.507 53223.20891161 15.22  90.106506  60.397775  7.896
 29    43.415 53223.20891225 14.31  90.104266  60.394605  7.896
 30    47.094 53258.20888483 18.02  90.104239  60.411067  5.876
 30    49.122 53258.20888547 16.14  90.101999  60.407897  5.876
 30    47.928 53258.20888612 14.61  90.099759  60.404737 10.146
 30    46.186 53258.20888676 16.42  90.097519  60.401567 10.146
 31    51.527 53293.20890694 17.40  90.113270  60.404167  4.237
 31    52.451 53293.20890758 14.09  90.111020  60.400997  4.237
 32    47.422 53328.20888041 17.86  90.114663  60.405605 10.661
 32    45.462 53328.20888105 17.91  90.112423  60.402435 10.661
 32    46.039 53328.20888170 14.54  90.110183  60.399265 10.661
 32    45.355 53328.20888234 14.06  90.107933  60.396105 10.661
 35    50.107 53433.20884731  6.73  90.109955  60.406288  4.469
 35    49.409 53433.20884796  6.55  90.107705  60.403128  4.469
 35    49.315 53433.20884860  5.67  90.105465  60.399958  4.469
 35    50.595 53433.20884925  6.41  90.103225  60.396788  4.469
 36    52.443 53468.20888660  1.35  90.118551  60.401212  3.223
 36    51.248 53468.20888724  2.65  90.116311  60.398042  3.223
 36    50.160 53468.20888789  3.59  90.114071  60.394872  3.223
 36    48.864 53468.20888853  3.52  90.111821  60.391712  3.223
 37    44.263 53503.20893367 29.95  90.110509  60.408804  5.052
 37    44.249 53503.20893432 28.53  90.108264  60.405637  5.501
 37    43.975 53503.20893496 24.72  90.106024  60.402467  5.501
 37    45.369 53503.20893561 16.73  90.103784  60.399297  5.501
 38    44.728 53538.20892942 32.17  90.111960  60.405729 11.624
 38    44.999 53538.20893006 25.29  90.109720  60.402569 11.624
 38    45.466 53538.20893071 19.32  90.107480  60.399399 11.624
 38    45.926 53538.20893135 18.88  90.105230  60.396239 11.624
 39    42.536 53573.20893018 45.51  90.107987  60.408579  7.368
 39    43.782 53573.20893083 37.08  90.105752  60.405413  9.759
 39    42.765 53573.20893147 34.48  90.103502  60.402243  9.759
 39    42.720 53573.20893212 34.94  90.101262  60.399073  9.759
 40    46.621 53608.20887940 24.81  90.104620  60.409850  8.451
 40    43.252 53608.20888004 21.87  90.102381  60.406689  9.485
 40    45.634 53608.20888069 19.63  90.100141  60.403519  9.485
 40    44.770 53608.20888133 17.93  90.097901  60.400359  9.485
 41    44.501 53643.20888215 35.35  90.119312  60.400953 18.211
 41    46.680 53643.20888280 34.33  90.117062  60.397793 18.211
 41    46.108 53643.20888344 31.21  90.114822  60.394623 18.211
 41    47.274 53643.20888409 32.55  90.112582  60.391463 18.211
 42    42.431 53678.20889977 45.92  90.108843  60.407486 24.120
 42    42.676 53678.20890042 49.59  90.106603  60.404316 24.120
 42    42.692 53678.20890106 48.72  90.104363  60.401146 24.120
 42    42.448 53678.20890171 50.03  90.102113  60.397986 24.120
 43    46.740 53713.20882852 25.20  90.109603  60.406658 14.060
 43    46.971 53713.20882917 24.52  90.107363  60.403488 14.060
 43    48.291 53713.20882981 20.80  90.105123  60.400328 14.060
 43    45.408 53713.20883046 18.42  90.102883  60.397158 14.060
 44    48.927 53748.20874312 12.71  90.126453  60.398153  7.570
 44    49.885 53748.20874376 11.48  90.124203  60.394983  7.570
 44    48.758 53748.20874441 11.99  90.121963  60.391823  7.570
 44    48.553 53748.20874505 11.95  90.119723  60.388653  7.570
 45    49.327 53783.20877311 10.15  90.115188  60.404283  4.573
 45    47.879 53783.20877376 11.29  90.112948  60.401113  4.573
 45    47.080 53783.20877440 11.53  90.110698  60.397953  4.573
 45    45.902 53783.20877505 12.23  90.108458  60.394783  4.573
 46    47.872 53818.20873571  9.56  90.105999  60.409962  4.234
 46    47.488 53818.20873635  9.46  90.103759  60.406802  4.234
 46    47.129 53818.20873700  9.54  90.101519  60.403632  4.234
 46    46.003 53818.20873764  8.86  90.099279  60.400472  4.234
 47    45.216 53853.20881301 21.32  90.114799  60.402917 12.685
 47    45.133 53853.20881366 20.75  90.112559  60.399747 12.685
 47    45.311 53853.20881430 17.56  90.110319  60.396587 12.685
 47    45.360 53853.20881495 18.22  90.108076  60.393422 12.934
 48    47.808 53888.20882070 40.46  90.119486  60.399620  7.747
 48    47.031 53888.20882134 45.44  90.117246  60.396450  7.747
 48    47.228 53888.20882199 46.21  90.114996  60.393290  7.747
 48    48.406 53888.20882263 46.15  90.112756  60.390120  7.747
 49    43.241 53923.20888825 29.84  90.109261  60.409972  9.714
 49    43.122 53923.20888889 23.88  90.107021  60.406812  9.714
 49    46.881 53923.20888954 16.89  90.104771  60.403642  9.714
 49    42.868 53923.20889018 17.06  90.102531  60.400482  9.714
 50    44.214 53958.20888149 31.15  90.104985  60.408986  4.918
 50    43.130 53958.20888214 21.73  90.102735  60.405816  4.918
 50    43.029 53958.20888278 21.06  90.100495  60.402656  4.918
 50    42.970 53958.20888342 20.78  90.098255  60.399486  4.918
 51    43.947 53993.20881037 27.00  90.127328  60.396954 11.190
 51    44.010 53993.20881101 28.35  90.125088  60.393794 11.190
 51    44.083 53993.20881166 36.97  90.122838  60.390624 11.190
 51    43.980 53993.20881230 43.20  90.120598  60.387454 11.190
 52    42.298 54028.20887166 25.53  90.119198  60.398037  8.764
 52    42.246 54028.20887231 28.56  90.116958  60.394867  8.764
 52    42.519 54028.20887295 28.70  90.114718  60.391707  8.764
 54    48.386 54098.20883234 18.55  90.107427  60.409177  8.812
 54    48.932 54098.20883298 18.12  90.105187  60.406007  8.812
 54    48.673 54098.20883362 17.07  90.102947  60.402847  8.812
 54    49.245 54098.20883427 16.44  90.100697  60.399677  8.812
 55    48.886 54133.20878839 13.41  90.119409  60.398637 12.320
 55    48.699 54133.20878903 11.75  90.117169  60.395477 12.320
 55    48.529 54133.20878968 11.67  90.114919  60.392307 12.320
 56    49.731 54168.20880647 10.55  90.108115  60.407797  5.673
 56    50.368 54168.20880711  9.49  90.105865  60.404637  5.673
 56    50.606 54168.20880775  8.48  90.103625  60.401467  5.673
 56    50.881 54168.20880840  8.65  90.101385  60.398297  5.673
 58    54.358 54238.20882659 22.12  90.114645  60.402529  6.576
 58    55.669 54238.20882723 19.96  90.112405  60.399369  6.576
 58    56.045 54238.20882788 21.47  90.110155  60.396199  6.576
 58    56.383 54238.20882852 23.69  90.107915  60.393029  6.576
 59    46.634 54273.20884457 21.50  90.113582  60.404937  4.100
 59    43.671 54273.20884522 27.73  90.111342  60.401767  4.100
 59    46.239 54273.20884586 24.16  90.109092  60.398607  4.100
 59    46.982 54273.20884651 22.85  90.106852  60.395437  4.100
 60    42.816 54308.20884697 44.70  90.114389  60.403001 11.514
 60    42.987 54308.20884762 38.89  90.112139  60.399841 11.514
 60    42.821 54308.20884826 34.34  90.109899  60.396671 11.514
 60    42.471 54308.20884891 37.52  90.107659  60.393511 11.514
 61    48.503 54343.20882506 19.09  90.108310  60.406731  9.116
 61    46.003 54343.20882570 19.36  90.106070  60.403571  9.116
 61    45.631 54343.20882635 20.52  90.103830  60.400401  9.116
 61    45.798 54343.20882699 21.95  90.101590  60.397231  9.116
 62    47.313 54378.20878253 25.74  90.117135  60.401989  8.865
 62    47.968 54378.20878317 29.31  90.114895  60.398829  8.865
 62    47.935 54378.20878382 33.13  90.112655  60.395659  8.865
 63    42.431 54413.20877262 37.11  90.112760  60.406947 15.511
 63    42.040 54413.20877326 47.95  90.110520  60.403777 15.511
 63    42.228 54413.20877391 48.95  90.108280  60.400617 15.511
 63    42.217 54413.20877455 46.70  90.106040  60.397447 15.511
 64    48.760 54448.20874864 26.83  90.120238  60.401475 14.283
 64    48.446 54448.20874929 26.05  90.117998  60.398315 14.283
 64    48.308 54448.20874993 23.82  90.115758  60.395145 14.283
 64    48.581 54448.20875058 19.04  90.113508  60.391985 14.283
 65    54.940 54483.20876637  7.94  90.115680  60.404149  3.266
 65    50.116 54483.20876702  8.30  90.113440  60.400979  3.266
 65    49.607 54483.20876766  7.58  90.111190  60.397819  3.266
 65    49.701 54483.20876831  4.64  90.108950  60.394649  3.266
 66    51.010 54518.20876282  7.98  90.118785  60.399868  4.651
 66    49.769 54518.20876346  7.65  90.116545  60.396698  4.651
 66    49.843 54518.20876411  5.74  90.114295  60.393538  4.651
 66    49.619 54518.20876475  5.41  90.112055  60.390368  4.651
 68    49.059 54588.20875767 29.85  90.116478  60.403804 18.664
 68    48.726 54588.20875832 26.03  90.114238  60.400644 18.664
 68    48.395 54588.20875896 23.02  90.111998  60.397474 18.664
 68    48.197 54588.20875961 20.56  90.109748  60.394314 18.664
 69    69.093 54623.20877568  2.95  90.112038  60.404592  4.469
 69    55.043 54623.20877632 14.21  90.109798  60.401432  4.469
 69    56.198 54623.20877696 17.03  90.107548  60.398262  4.469
 69    56.609 54623.20877761 19.20  90.105308  60.395102  4.469
 70    52.112 54658.20878467 15.21  90.112165  60.405131  8.339
 70    53.456 54658.20878531 13.04  90.109925  60.401961  8.339
 70    53.025 54658.20878596 13.95  90.107685  60.398801  8.339
 70    54.643 54658.20878660 14.04  90.105435  60.395631  8.339
 71    43.124 54693.20876583 25.31  90.112135  60.407947  7.686
 71    42.974 54693.20876648 28.15  90.109895  60.404787  7.686
 71    43.666 54693.20876712 26.28  90.107655  60.401617  7.686
 71    43.800 54693.20876777 24.19  90.105405  60.398447  7.686
 72    46.777 54728.20874002 10.13  90.113661  60.394694  8.110
 72    45.467 54728.20874067 17.83  90.111411  60.391524  8.110
 73    45.310 54763.20874414 22.14  90.113105  60.405326 15.320
 73    45.826 54763.20874478 21.20  90.110865  60.402156 15.320
 73    46.180 54763.20874543 22.35  90.108625  60.398996 15.320
 73    45.817 54763.20874607 28.71  90.106375  60.395826 15.320
 75    48.120 54833.20873421 12.73  90.112128  60.404792 11.397
 75    47.888 54833.20873485 12.32  90.109888  60.401622 11.397
 75    46.821 54833.20873550 12.36  90.107648  60.398462 11.397
 75    46.382 54833.20873614 12.70  90.105398  60.395292 11.397
 76    51.959 54868.20872830  5.27  90.120751  60.400787  3.881
 76    51.937 54868.20872894  4.33  90.118511  60.397617  3.881
 76    50.629 54868.20872959  5.05  90.116261  60.394457  3.881
 76    50.516 54868.20873023  5.22  90.114021  60.391287  3.881
 78    50.574 54938.20871880 10.79  90.116080  60.400552 11.463
 78    49.767 54938.20871944 10.80  90.113840  60.397392 11.463
 78    49.738 54938.20872009 10.39  90.111600  60.394222 11.463
 78    49.590 54938.20872073 10.30  90.109350  60.391062 11.463
 79    46.623 54973.20874983 49.25  90.115933  60.404889 15.976
 79    45.563 54973.20875047 46.21  90.113693  60.401729 15.976
 79    45.586 54973.20875112 37.52  90.111453  60.398559 15.976
 79    45.639 54973.20875176 36.22  90.109203  60.395389 15.976
 80    45.325 55008.20876554 36.37  90.110741  60.405900  7.784
 80    45.375 55008.20876619 45.46  90.108501  60.402730  7.784
 80    46.153 55008.20876683 41.98  90.106251  60.399570  7.784
 80    46.599 55008.20876748 37.41  90.104011  60.396400  7.784
 81    42.960 55043.20875470 34.73  90.115327  60.405417  4.250
 81    42.575 55043.20875534 28.84  90.113087  60.402257  4.250
 81    44.279 55043.20875598 21.81  90.110847  60.399087  4.250
 81    44.049 55043.20875663 20.33  90.108597  60.395927  4.250
 82    43.068 55078.20873257 49.92  90.109631  60.407906 22.864
 82    42.959 55078.20873322 55.24  90.107381  60.404736 22.864
 82    42.974 55078.20873386 51.41  90.105141  60.401576 22.864
 82    43.205 55078.20873451 49.90  90.102901  60.398406 22.864
 83    40.816 55113.20868771 29.79  90.117284  60.402861  7.376
 83    46.615 55113.20868836 18.36  90.115044  60.399701  7.376
 83    47.799 55113.20868900 15.32  90.112804  60.396531  7.376
 83    47.457 55113.20868965 16.99  90.110554  60.393361  7.376
 84    43.366 55148.20868803 35.92  90.112776  60.406530 25.800
 84    43.458 55148.20868868 43.57  90.110536  60.403360 25.800
 84    43.811 55148.20868932 42.81  90.108296  60.400200 25.800
 84    43.372 55148.20868997 40.59  90.106056  60.397030 25.800
 85    49.955 55183.20866959 10.08  90.118936  60.399618  7.240
 85    48.975 55183.20867024  8.99  90.116696  60.396448  7.240
 85    48.553 55183.20867088  8.60  90.114446  60.393288  7.240
 85    47.659 55183.20867153  8.21  90.112206  60.390118  7.240
 86    50.487 55218.20868531  6.20  90.112045  60.408487  5.644
 86    50.481 55218.20868596  6.66  90.109795  60.405317  5.644
 86    49.570 55218.20868660  6.30  90.107555  60.402147  5.644
 86    50.066 55218.20868725  5.73  90.105315  60.398987  5.644
 86    50.058 55218.20868789  5.06  90.103075  60.395817  5.644
 88    51.882 55288.20867556  4.40  90.107230  60.408043  3.281
 88    53.713 55288.20867620  4.05  90.104990  60.404883  3.281
 88    54.929 55288.20867685  4.04  90.102740  60.401713  3.281
 88    56.030 55288.20867749  4.52  90.100500  60.398553  3.281
 89    49.863 55323.20865262 35.68  90.112143  60.405338 16.659
 89    49.748 55323.20865327 27.16  90.109903  60.402168 16.659
 89    50.045 55323.20865391 25.96  90.107663  60.399008 16.659
 89    50.198 55323.20865455 23.01  90.105413  60.395838 16.659
 90    48.295 55358.20865154 30.53  90.111974  60.405933 14.215
 90    48.914 55358.20865218 29.15  90.109734  60.402763 14.215
 90    48.620 55358.20865283 27.64  90.107494  60.399603 14.215
 90    48.542 55358.20865347 27.56  90.105244  60.396433 14.215
 91    43.548 55393.20865543 45.78  90.115137  60.400653  9.792
 91    43.694 55393.20865607 34.96  90.112897  60.397493  9.792
 91    43.798 55393.20865672 34.63  90.110657  60.394323  9.792
 92    46.131 55428.20866794 21.84  90.113915  60.402802 10.764
 92    46.498 55428.20866859 17.45  90.111675  60.399632 10.764
 92    47.116 55428.20866923 16.22  90.109425  60.396472 10.764
 92    46.701 55428.20866988 21.81  90.107185  60.393302 10.764
 93    54.730 55463.20863136 16.22  90.108411  60.406608  6.990
 93    56.500 55463.20863200 14.80  90.106171  60.403438  6.990
 93    55.745 55463.20863265 13.72  90.103931  60.400268  6.990
 93    58.026 55463.20863329 12.96  90.101691  60.397108  6.990
