# NaN NaN NaN ;Mean Elev.(m), Avg Gradient(m/km), RMS Gradient(m/km) - SRTM1     
#  -65.849 -32.114  29.407 ;Mean Elev.(m), Avg Gradient(m/km), RMS Gradient(m/km) - ASTER GDEM
#    1.000  -1.299   5.231 ;Mean Elev.(m), Avg Gradient(m/km), RMS Gradient(m/km) - GMTED2010 
  8    32.491 52485.61466447 12.92  85.970263  68.891285 18.459
  8    30.960 52485.61466512 14.86  85.966253  68.894305 18.459
  8     3.122 52485.61466576 14.91  85.962253  68.897325 18.459
  8     5.082 52485.61466641 14.70  85.958233  68.900345 18.459
  8     5.299 52485.61466705 16.51  85.954223  68.903365 18.459
  8     6.592 52485.61466770 16.46  85.950213  68.906395 18.459
  8     7.443 52485.61466834 17.36  85.946193  68.909415 18.459
  8     7.882 52485.61466899 21.76  85.942183  68.912435 18.459
  8     8.748 52485.61466963 21.47  85.938163  68.915455 18.459
  8     8.649 52485.61467028 25.17  85.934153  68.918475 18.459
  9    31.592 52520.61463040 15.00  85.973847  68.893556 27.567
  9     1.806 52520.61463104 17.20  85.969835  68.896580 11.789
  9    20.085 52520.61463169 15.40  85.965825  68.899600 11.789
  9     6.407 52520.61463233 14.83  85.961815  68.902620 11.789
  9    18.610 52520.61463298 13.63  85.957805  68.905640 11.789
  9     9.357 52520.61463362 14.64  85.953795  68.908660 11.789
  9    10.661 52520.61463427 14.26  85.949775  68.911680 11.789
  9    10.502 52520.61463491 14.81  85.945765  68.914710 11.789
  9     8.491 52520.61463556 20.03  85.941745  68.917730 11.789
  9     8.397 52520.61463620 23.50  85.937735  68.920750 11.789
  9     8.338 52520.61463685 28.96  85.933715  68.923770 11.789
 10     0.705 52555.61467972 42.83  85.962480  68.881494 13.748
 10     0.568 52555.61468037 35.74  85.958480  68.884514 13.748
 10     0.276 52555.61468101 33.27  85.954470  68.887534 13.748
 10     0.194 52555.61468166 29.74  85.950460  68.890554 13.748
 10    -0.211 52555.61468230 24.27  85.946450  68.893584 13.748
 10     4.721 52555.61468295 21.35  85.942430  68.896604 13.748
 10     6.560 52555.61468359 20.66  85.938420  68.899624 13.748
 10     7.533 52555.61468424 19.53  85.934410  68.902644 13.748
 10     8.178 52555.61468488 19.62  85.930390  68.905664 13.748
 11    39.869 52590.61467025 10.63  85.969004  68.888936  5.820
 11    37.058 52590.61467090 10.26  85.964994  68.891956  5.820
 11    36.568 52590.61467154  9.96  85.960984  68.894986  5.820
 11    34.431 52590.61467219  9.33  85.956974  68.898006  5.820
 11    30.979 52590.61467283 12.52  85.952964  68.901026  5.820
 11    24.518 52590.61467348 14.05  85.948954  68.904046  5.820
 11     0.737 52590.61467477 25.30  85.940924  68.910086  5.820
 11     0.734 52590.61467541 27.06  85.936904  68.913106  5.820
 11     0.340 52590.61467605 26.75  85.932894  68.916126  5.820
 12    34.917 52625.61459917  7.75  85.974832  68.898642  3.414
 12    32.184 52625.61459982  7.82  85.970822  68.901662  3.414
 12    30.007 52625.61460046  7.80  85.966812  68.904682  3.414
 12    27.797 52625.61460111  9.16  85.962802  68.907702  3.414
 12     4.483 52625.61460175 15.63  85.958792  68.910722  3.414
 12     2.558 52625.61460240 15.67  85.954772  68.913752  3.414
 12     1.195 52625.61460304 15.51  85.950762  68.916772  3.414
 12     1.159 52625.61460369 15.55  85.946742  68.919792  3.414
 12     0.995 52625.61460433 15.89  85.942732  68.922812  3.414
 12     1.114 52625.61460498 15.13  85.938712  68.925832  3.414
 12     0.682 52625.61460562 15.44  85.934692  68.928852  3.414
 13    39.601 52660.61463537  7.51  85.970698  68.887867  2.661
 13    49.549 52660.61463601  7.38  85.966693  68.890889  2.749
 13    36.173 52660.61463666  7.24  85.962683  68.893909  2.749
 13    45.262 52660.61463730  6.66  85.958673  68.896929  2.749
 13    32.753 52660.61463795  6.62  85.954663  68.899949  2.749
 13    30.658 52660.61463859  7.35  85.950653  68.902969  2.749
 13    28.192 52660.61463923  8.07  85.946633  68.905999  2.749
 13    24.217 52660.61463988 10.03  85.942623  68.909019  2.749
 13    21.360 52660.61464052 10.73  85.938603  68.912039  2.749
 13    14.275 52660.61464117 12.09  85.934593  68.915059  2.749
 14    52.529 52695.61461386  5.98  85.961587  68.881243  2.677
 14    39.670 52695.61461450  5.76  85.957587  68.884263  2.677
 14    50.237 52695.61461515  5.47  85.953577  68.887283  2.677
 14    36.863 52695.61461579  5.50  85.949557  68.890303  2.677
 14    35.052 52695.61461643  6.10  85.945547  68.893323  2.677
 14    31.889 52695.61461708  5.48  85.941537  68.896343  2.677
 14    31.235 52695.61461772  5.82  85.937517  68.899363  2.677
 14    27.636 52695.61461837  6.64  85.933507  68.902393  2.677
 15    31.449 52730.61464480  5.10  85.971767  68.891479  2.961
 15    34.580 52730.61464544  7.78  85.967757  68.894499  2.961
 15    27.629 52730.61464609  8.92  85.963747  68.897519  2.961
 15    20.978 52730.61464673  8.95  85.959727  68.900549  2.961
 15    17.674 52730.61464737  8.54  85.955717  68.903569  2.961
 15    18.164 52730.61464802  8.97  85.951707  68.906589  2.961
 15    19.713 52730.61464866  8.75  85.947687  68.909609  2.961
 15    24.656 52730.61464931  5.54  85.943677  68.912629  2.961
 15    19.986 52730.61464995  8.28  85.939657  68.915649  2.961
 15    17.899 52730.61465060  8.16  85.935637  68.918669  2.961
 16    36.752 52765.61465565  5.10  85.971444  68.895285  2.284
 16    35.297 52765.61465630  4.80  85.967434  68.898315  2.284
 16    33.043 52765.61465694  4.91  85.963424  68.901335  2.284
 16    31.320 52765.61465759  5.73  85.959414  68.904355  2.284
 16    29.938 52765.61465823  6.46  85.955408  68.907376  2.211
 16    29.730 52765.61465888  6.94  85.951398  68.910396  2.211
 16    27.163 52765.61465952  8.20  85.947378  68.913416  2.211
 16    25.062 52765.61466017  8.41  85.943368  68.916436  2.211
 16    23.799 52765.61466081  8.76  85.939348  68.919456  2.211
 16    26.653 52765.61466146  8.95  85.935338  68.922486  2.211
 17    36.512 52800.61464726 17.53  85.963833  68.880898 16.188
 17    34.989 52800.61464790 14.82  85.959823  68.883928 16.188
 17     8.925 52800.61465048 24.52  85.943783  68.896008 16.188
 17     8.760 52800.61465112 24.62  85.939763  68.899028 16.188
 17     9.860 52800.61465177 24.06  85.935753  68.902048 16.188
 17    10.374 52800.61465241 26.11  85.931733  68.905068 16.188
 18     0.998 52835.61471544 21.97  85.963922  68.885143 12.555
 18     0.897 52835.61471608 22.81  85.959912  68.888163 12.555
 18     0.889 52835.61471673 23.23  85.955902  68.891193 12.555
 18     0.729 52835.61471737 25.06  85.951892  68.894213 12.555
 18     0.819 52835.61471802 24.47  85.947882  68.897233 12.555
 18     0.921 52835.61471866 24.85  85.943862  68.900253 12.555
 18     0.963 52835.61471931 24.56  85.939852  68.903273 12.555
 18     1.015 52835.61471995 23.97  85.935832  68.906293 12.555
 18     7.981 52835.61472060 24.88  85.931822  68.909313 12.555
 19    31.734 52870.61475724 10.73  85.967617  68.889227 14.535
 19     2.035 52870.61475788 14.23  85.963607  68.892247 14.535
 19     2.557 52870.61475853 15.39  85.959597  68.895267 14.535
 19     2.302 52870.61475917 16.84  85.955587  68.898297 14.535
 19     5.445 52870.61475982 15.75  85.951577  68.901317 14.535
 19     6.340 52870.61476046 16.25  85.947557  68.904337 14.535
 19     7.021 52870.61476110 17.62  85.943547  68.907357 14.535
 19     8.269 52870.61476175 19.05  85.939527  68.910377 14.535
 19     8.754 52870.61476239 22.69  85.935517  68.913397 14.535
 20    31.530 52905.61475797  6.74  85.967950  68.893765 14.594
 20    31.509 52905.61475861  6.59  85.963950  68.896785 14.594
 20    31.852 52905.61475926  4.42  85.959930  68.899805 14.594
 20    30.392 52905.61475990  4.33  85.955920  68.902825 14.594
 20    10.298 52905.61476119 12.48  85.947892  68.908870 15.756
 20    11.107 52905.61476184 14.98  85.943882  68.911890 15.756
 20    10.593 52905.61476248 17.79  85.939862  68.914910 15.756
 20    10.551 52905.61476313 21.55  85.935852  68.917940 15.756
 21    39.434 52940.61468781 21.49  85.960981  68.881231  9.398
 21    30.794 52940.61468846 20.01  85.956971  68.884251  9.398
 21    37.663 52940.61468910 16.54  85.952961  68.887271  9.398
 21    28.798 52940.61468975 21.65  85.948951  68.890291  9.398
 21     0.509 52940.61469168 30.90  85.936911  68.899351  9.398
 21     0.929 52940.61469233 32.44  85.932901  68.902381  9.398
 23    40.773 53010.61473963  8.75  85.968415  68.888411  2.821
 23    37.874 53010.61474028  8.37  85.964405  68.891431  2.821
 23    36.032 53010.61474092  7.89  85.960395  68.894451  2.821
 23    34.260 53010.61474157  7.58  85.956385  68.897471  2.821
 23    31.243 53010.61474221  7.65  85.952375  68.900491  2.821
 23    29.462 53010.61474285  8.44  85.948365  68.903521  2.821
 23    26.558 53010.61474350 10.92  85.944351  68.906534  2.301
 23    18.218 53010.61474414 10.99  85.940331  68.909554  2.301
 23    21.642 53010.61474479 10.67  85.936321  68.912574  2.301
 23    18.443 53010.61474543 11.37  85.932301  68.915604  2.301
 24    40.962 53045.61470159  7.26  85.963141  68.881836  4.087
 24    39.520 53045.61470224  6.87  85.959131  68.884866  4.087
 24    38.085 53045.61470288  6.05  85.955121  68.887886  4.087
 24    37.238 53045.61470353  5.24  85.951113  68.890902  2.896
 24    35.248 53045.61470417  5.49  85.947103  68.893922  2.896
 24    43.396 53045.61470482  4.95  85.943093  68.896942  2.896
 24    31.488 53045.61470546  5.19  85.939073  68.899972  2.896
 24    23.838 53045.61470611  7.90  85.935063  68.902992  2.896
 24    19.695 53045.61470675  8.87  85.931043  68.906012  2.896
 25    38.278 53080.61473698  7.09  85.966562  68.889746  2.481
 25    37.207 53080.61473763  6.52  85.962552  68.892766  2.481
 25    35.508 53080.61473827  6.56  85.958542  68.895786  2.481
 25    33.356 53080.61473892  6.59  85.954532  68.898806  2.481
 25    30.507 53080.61473956  6.63  85.950522  68.901826  2.481
 25    27.737 53080.61474021  8.06  85.946512  68.904846  2.481
 25    26.571 53080.61474085  8.34  85.942502  68.907876  2.481
 25    23.230 53080.61474149  8.28  85.938482  68.910896  2.481
 25    22.189 53080.61474214  8.78  85.934472  68.913916  2.481
 26    43.818 53115.61470581  7.38  85.962920  68.879301  2.738
 26    42.561 53115.61470646  5.91  85.958910  68.882321  2.738
 26    41.119 53115.61470710  6.00  85.954900  68.885351  2.738
 26    39.042 53115.61470775  5.25  85.950889  68.888368  2.539
 26    36.279 53115.61470839  5.59  85.946879  68.891388  2.539
 26    34.427 53115.61470904  4.85  85.942869  68.894408  2.539
 26    32.590 53115.61470968  5.23  85.938859  68.897428  2.539
 26    30.430 53115.61471033  6.21  85.934839  68.900458  2.539
 26    26.354 53115.61471097  7.49  85.930829  68.903478  2.539
 27    26.113 53150.61475423  5.60  85.964755  68.886022 16.682
 27    38.227 53150.61475487  1.80  85.960745  68.889042 16.682
 27    36.653 53150.61475552  0.46  85.956735  68.892062 16.682
 27    35.270 53150.61475616  0.47  85.952725  68.895082 16.682
 27     2.616 53150.61475809 23.90  85.940685  68.904152 16.682
 27     2.821 53150.61475874 26.62  85.936675  68.907172 16.682
 27     3.092 53150.61475938 39.30  85.932665  68.910192 16.682
 28     3.481 53185.61474415 19.36  85.969687  68.891332  4.888
 28     3.386 53185.61474480 19.21  85.965677  68.894352  4.888
 28     3.398 53185.61474544 19.88  85.961667  68.897372  4.888
 28     3.242 53185.61474609 20.77  85.957657  68.900392  4.888
 28     2.516 53185.61474673 24.62  85.953647  68.903412  4.888
 28     2.396 53185.61474738 25.36  85.949631  68.906435 12.380
 28     7.624 53185.61474802 20.81  85.945611  68.909455 12.380
 28     8.446 53185.61474867 19.44  85.941601  68.912475 12.380
 28     8.784 53185.61474931 21.86  85.937581  68.915505 12.380
 28     8.810 53185.61474996 27.06  85.933561  68.918525 12.380
 29    37.646 53220.61476988  7.93  85.971748  68.890786 20.246
 29    30.620 53220.61477053  6.03  85.967738  68.893806 20.246
 29    29.547 53220.61477117  5.48  85.963728  68.896836 20.246
 29     3.861 53220.61477182 14.15  85.959718  68.899856 20.246
 29     4.761 53220.61477246 15.31  85.955702  68.902874 14.963
 29     6.472 53220.61477311 15.04  85.951692  68.905894 14.963
 29     7.491 53220.61477375 13.98  85.947682  68.908914 14.963
 29     8.260 53220.61477440 14.38  85.943662  68.911944 14.963
 29     8.656 53220.61477504 17.30  85.939652  68.914964 14.963
 29     8.605 53220.61477569 23.78  85.935632  68.917984 14.963
 30     1.083 53255.61474696 27.41  85.973913  68.893186 34.778
 30     1.374 53255.61474761 22.35  85.969913  68.896216 34.778
 30     0.884 53255.61474825 21.36  85.965903  68.899236 34.778
 30     0.745 53255.61474889 20.79  85.961893  68.902256 34.778
 30     0.729 53255.61474954 22.61  85.957874  68.905277 15.407
 30     1.142 53255.61475018 22.05  85.953864  68.908297 15.407
 30     1.242 53255.61475083 22.40  85.949854  68.911317 15.407
 30     1.499 53255.61475147 22.87  85.945844  68.914337 15.407
 30     8.332 53255.61475212 23.57  85.941824  68.917357 15.407
 30     8.661 53255.61475276 24.57  85.937804  68.920387 15.407
 30     8.968 53255.61475341 26.63  85.933794  68.923407 15.407
 32    37.823 53325.61473242  9.17  85.972645  68.890969  7.883
 32    37.685 53325.61473307  7.48  85.968635  68.893999  7.883
 32    34.722 53325.61473371  6.84  85.964625  68.897019  7.883
 32    32.921 53325.61473436  7.23  85.960613  68.900037  3.357
 32    26.166 53325.61473500  9.04  85.956603  68.903057  3.357
 32    24.556 53325.61473565 12.10  85.952583  68.906077  3.357
 32     6.927 53325.61473629 14.48  85.948573  68.909097  3.357
 32     7.861 53325.61473694 13.88  85.944553  68.912117  3.357
 32     8.614 53325.61473758 14.02  85.940543  68.915147  3.357
 32     9.669 53325.61473823 13.66  85.936523  68.918167  3.357
 32    10.008 53325.61473887 13.63  85.932503  68.921187  3.357
 33    34.702 53360.61469211  5.29  85.975535  68.895447  2.728
 33    33.076 53360.61469276  4.82  85.971525  68.898467  2.728
 33    31.323 53360.61469340  4.32  85.967515  68.901487  2.728
 33    28.370 53360.61469405  5.22  85.963505  68.904517  2.728
 33    25.810 53360.61469469  6.22  85.959495  68.907537  2.728
 33    24.200 53360.61469534  6.21  85.955475  68.910557  2.728
 33    18.833 53360.61469598  7.97  85.951465  68.913577  2.728
 33    16.908 53360.61469663  9.51  85.947445  68.916597  2.728
 33    15.497 53360.61469727  8.99  85.943435  68.919617  2.728
 33    14.568 53360.61469792  9.30  85.939415  68.922637  2.728
 33    15.969 53360.61469856  9.33  85.935395  68.925657  2.728
 34    42.382 53395.61470928  5.67  85.963308  68.882899  2.581
 34    38.886 53395.61470993  6.02  85.959298  68.885919  2.581
 34    39.414 53395.61471057  5.68  85.955288  68.888939  2.581
 34    36.241 53395.61471122  5.24  85.951278  68.891959  2.581
 34    35.444 53395.61471186  4.67  85.947258  68.894989  2.581
 34    33.129 53395.61471250  4.93  85.943248  68.898009  2.581
 34    29.247 53395.61471315  6.29  85.939238  68.901029  2.581
 34    21.672 53395.61471379  8.26  85.935218  68.904049  2.581
 34    25.600 53395.61471444  7.97  85.931208  68.907069  2.581
 35    35.767 53430.61470410  4.67  85.972184  68.897122  2.813
 35    33.876 53430.61470475  4.58  85.968174  68.900142  2.813
 35    31.924 53430.61470539  4.42  85.964164  68.903162  2.813
 35    29.070 53430.61470604  5.29  85.960144  68.906192  2.813
 35    26.149 53430.61470668  6.58  85.956134  68.909212  2.813
 35    20.395 53430.61470733  8.77  85.952124  68.912232  2.813
 35    18.744 53430.61470797  8.78  85.948104  68.915252  2.813
 35    16.702 53430.61470861  9.11  85.944094  68.918272  2.813
 35    17.063 53430.61470926  8.75  85.940074  68.921292  2.813
 35    15.912 53430.61470990  9.55  85.936054  68.924312  2.813
 36    45.794 53465.61473061  4.38  85.962882  68.882559  2.660
 36    42.248 53465.61473126  4.04  85.958872  68.885579  2.660
 36    40.141 53465.61473190  4.02  85.954862  68.888599  2.660
 36    37.989 53465.61473255  3.71  85.950852  68.891629  2.660
 36    36.378 53465.61473319  3.50  85.946842  68.894649  2.660
 36    33.449 53465.61473384  4.00  85.942832  68.897669  2.660
 36    30.416 53465.61473448  5.61  85.938812  68.900689  2.660
 36    27.439 53465.61473513  6.02  85.934802  68.903709  2.660
 36    25.940 53465.61473577  5.93  85.930782  68.906729  2.660
 37    51.817 53500.61479080  2.44  85.967911  68.884068  2.040
 37    50.748 53500.61479145  2.63  85.963901  68.887088  2.040
 37    39.245 53500.61479209  2.91  85.959891  68.890108  2.040
 37    36.068 53500.61479274  3.27  85.955881  68.893128  2.040
 37    34.078 53500.61479338  3.89  85.951871  68.896148  2.040
 37    32.683 53500.61479402  4.19  85.947861  68.899178  2.040
 37    30.108 53500.61479467  5.21  85.943851  68.902198  2.040
 37    28.475 53500.61479531  5.24  85.939831  68.905218  2.040
 37    27.449 53500.61479596  5.40  85.935821  68.908238  2.040
 37    26.456 53500.61479660  5.71  85.931801  68.911258  2.040
 38    31.808 53535.61478033 16.14  85.971640  68.890939 16.121
 38    31.500 53535.61478097 15.23  85.967630  68.893959 16.121
 38    28.500 53535.61478162 15.75  85.963620  68.896989 16.121
 38     6.201 53535.61478226 16.41  85.959610  68.900009 16.121
 38     7.629 53535.61478291 16.22  85.955600  68.903029 16.121
 38    10.394 53535.61478355 16.06  85.951590  68.906049 16.121
 38    10.636 53535.61478419 16.21  85.947570  68.909069 16.121
 38    10.919 53535.61478484 18.01  85.943560  68.912089 16.121
 38     9.762 53535.61478548 22.68  85.939540  68.915109 16.121
 38     8.737 53535.61478613 26.50  85.935520  68.918129 16.121
 39    38.232 53570.61478968  8.92  85.968287  68.888173 13.419
 39    30.227 53570.61479033 11.25  85.964277  68.891193 13.419
 39     6.158 53570.61479097 13.58  85.960267  68.894213 13.419
 39     5.330 53570.61479161 14.63  85.956257  68.897233 13.419
 39     6.108 53570.61479226 13.95  85.952247  68.900253 13.419
 39     8.656 53570.61479290 12.74  85.948237  68.903283 13.419
 39     9.709 53570.61479355 13.67  85.944227  68.906303 13.419
 39    10.642 53570.61479419 15.16  85.940207  68.909323 13.419
 39    10.327 53570.61479484 17.91  85.936197  68.912343 13.419
 39     8.916 53570.61479548 24.36  85.932177  68.915363 13.419
 40     1.423 53605.61473886 22.05  85.974493  68.898071 12.590
 40    17.953 53605.61473950 14.31  85.970483  68.901091 12.590
 40    19.637 53605.61474015 12.57  85.966473  68.904121 12.590
 40    17.825 53605.61474079 12.21  85.962463  68.907141 12.590
 40    19.189 53605.61474144 12.20  85.958453  68.910161 12.590
 40    16.755 53605.61474208 12.87  85.954443  68.913181 12.590
 40     9.250 53605.61474272 13.97  85.950423  68.916201 12.590
 40     8.232 53605.61474337 18.55  85.946413  68.919221 12.590
 40     8.546 53605.61474401 19.48  85.942393  68.922241 12.590
 40     8.087 53605.61474466 24.24  85.938373  68.925271 12.590
 40     7.863 53605.61474530 28.33  85.934363  68.928291 12.590
 41    35.522 53640.61473535 15.51  85.964836  68.878868 30.244
 41    39.500 53640.61473599 11.06  85.960825  68.881889 10.214
 41    38.943 53640.61473663  8.38  85.956815  68.884909 10.214
 41    33.813 53640.61473728 10.14  85.952815  68.887929 10.214
 41    31.842 53640.61473792 12.21  85.948795  68.890949 10.214
 41     4.565 53640.61473857 16.96  85.944785  68.893969 10.214
 41     5.068 53640.61473921 17.85  85.940775  68.896999 10.214
 41     8.289 53640.61473986 16.31  85.936765  68.900019 10.214
 41    10.706 53640.61474050 15.16  85.932745  68.903039 10.214
 42    30.562 53675.61475626 15.72  85.965445  68.886366  9.943
 42    29.787 53675.61475691 16.56  85.961435  68.889386  9.943
 42    22.012 53675.61475755 20.47  85.957425  68.892406  9.943
 42    22.244 53675.61475820 17.57  85.953415  68.895426  9.943
 42    22.067 53675.61475884 17.23  85.949405  68.898446  9.943
 42     0.784 53675.61476078 44.01  85.937365  68.907516  9.943
 42     0.971 53675.61476142 42.22  85.933355  68.910536  9.943
 43    35.941 53710.61468774  5.80  85.977051  68.897033  3.344
 43    33.531 53710.61468838  5.44  85.973041  68.900053  3.344
 43    31.305 53710.61468902  5.11  85.969031  68.903073  3.344
 43    28.799 53710.61468967  6.81  85.965021  68.906093  3.344
 43    26.899 53710.61469031  8.10  85.961011  68.909123  3.344
 43     6.108 53710.61469096 12.25  85.956991  68.912143  3.344
 43     6.104 53710.61469160 14.28  85.952981  68.915163  3.344
 43     6.923 53710.61469225 14.43  85.948961  68.918183  3.344
 43     7.886 53710.61469289 13.82  85.944951  68.921203  3.344
 43     6.029 53710.61469354 14.10  85.940931  68.924223  3.344
 43    -0.376 53710.61469418 14.04  85.936911  68.927243  3.344
 44    44.073 53745.61459495  5.83  85.961128  68.880513  2.982
 44    39.570 53745.61459559  5.91  85.957118  68.883533  2.982
 44    40.543 53745.61459624  5.01  85.953108  68.886553  2.982
 44    37.615 53745.61459688  4.85  85.949098  68.889583  2.982
 44    35.053 53745.61459753  4.84  85.945088  68.892603  2.982
 44    33.818 53745.61459817  5.16  85.941068  68.895623  2.982
 44    31.566 53745.61459882  5.33  85.937058  68.898643  2.982
 44    29.115 53745.61459946  7.32  85.933038  68.901663  2.982
 45    38.239 53780.61462802  5.57  85.969811  68.891611  2.887
 45    36.474 53780.61462867  5.42  85.965801  68.894631  2.887
 45    34.256 53780.61462931  4.95  85.961791  68.897651  2.887
 45    32.087 53780.61462996  4.89  85.957771  68.900681  2.887
 45    29.933 53780.61463060  5.75  85.953761  68.903701  2.887
 45    27.728 53780.61463125  6.49  85.949751  68.906721  2.887
 45    23.778 53780.61463189  8.29  85.945731  68.909741  2.887
 45    15.469 53780.61463254 10.47  85.941721  68.912761  2.887
 45    13.362 53780.61463318 11.32  85.937701  68.915781  2.887
 45    13.983 53780.61463383 11.42  85.933681  68.918801  2.887
 46    38.608 53815.61459864  5.65  85.979726  68.900108  2.878
 46    31.567 53815.61459928  5.18  85.975713  68.903135  2.942
 46    33.209 53815.61459993  5.10  85.971703  68.906155  2.942
 46    31.420 53815.61460057  5.42  85.967693  68.909175  2.942
 46    26.155 53815.61460121  6.50  85.963683  68.912195  2.942
 46    20.975 53815.61460186  9.99  85.959663  68.915215  2.942
 46    15.296 53815.61460250 11.62  85.955653  68.918235  2.942
 46    15.445 53815.61460315 11.77  85.951633  68.921265  2.942
 46    12.183 53815.61460379 11.66  85.947623  68.924285  2.942
 46     6.810 53815.61460444 12.00  85.943603  68.927305  2.942
 46     7.089 53815.61460508 12.06  85.939583  68.930325  2.942
 46     0.139 53815.61460573 11.98  85.935563  68.933345  2.942
 47    43.294 53850.61466165  4.79  85.963543  68.880354  2.654
 47    39.997 53850.61466230  4.57  85.959543  68.883374  2.654
 47    38.528 53850.61466294  4.41  85.955533  68.886404  2.654
 47    37.675 53850.61466359  4.04  85.951525  68.889421  2.695
 47    35.574 53850.61466423  3.83  85.947505  68.892441  2.695
 47    34.307 53850.61466488  3.71  85.943495  68.895461  2.695
 47    31.747 53850.61466552  4.19  85.939485  68.898481  2.695
 47    29.560 53850.61466617  5.35  85.935475  68.901511  2.695
 47    27.893 53850.61466681  5.64  85.931455  68.904531  2.695
 48     5.390 53885.61467356 29.54  85.970311  68.891309 30.725
 48     5.264 53885.61467420 24.98  85.966301  68.894329 30.725
 48     5.010 53885.61467485 23.33  85.962291  68.897349 30.725
 48     4.627 53885.61467549 23.23  85.958281  68.900379 30.725
 48     4.371 53885.61467614 24.83  85.954261  68.903399 30.725
 48     4.654 53885.61467678 23.02  85.950251  68.906419 30.725
 48     4.942 53885.61467743 23.98  85.946241  68.909439 30.725
 48     4.955 53885.61467807 27.19  85.942221  68.912459 30.725
 48     5.054 53885.61467872 31.21  85.938201  68.915479 30.725
 48     5.097 53885.61467936 32.30  85.934181  68.918499 30.725
 49    34.542 53920.61474150  9.92  85.963567  68.885133 25.249
 49    37.696 53920.61474215  8.36  85.959557  68.888153 25.249
 49    30.749 53920.61474279 11.00  85.955541  68.891176 11.729
 49     6.946 53920.61474344 14.55  85.951531  68.894196 11.729
 49     8.748 53920.61474408 15.28  85.947521  68.897216 11.729
 49     6.624 53920.61474473 16.93  85.943511  68.900236 11.729
 49    10.049 53920.61474537 16.27  85.939501  68.903256 11.729
 49    11.267 53920.61474602 16.62  85.935491  68.906286 11.729
 49    11.324 53920.61474666 20.91  85.931471  68.909306 11.729
 50    35.350 53955.61473987 10.31  85.965380  68.887165 30.669
 50    34.019 53955.61474052  6.89  85.961370  68.890185 30.669
 50    31.970 53955.61474116  6.67  85.957360  68.893205 30.669
 50     6.761 53955.61474181 12.95  85.953353  68.896227 13.145
 50     5.126 53955.61474245 15.38  85.949333  68.899247 13.145
 50     6.163 53955.61474309 16.24  85.945323  68.902267 13.145
 50     7.878 53955.61474374 15.57  85.941313  68.905287 13.145
 50    10.412 53955.61474438 15.14  85.937303  68.908307 13.145
 50    10.498 53955.61474503 17.86  85.933283  68.911337 13.145
 51     1.117 53990.61466039 35.27  85.979167  68.899209 10.801
 51     0.714 53990.61466104 36.44  85.975157  68.902229 10.801
 51     0.623 53990.61466168 36.34  85.971147  68.905249 10.801
 51     0.651 53990.61466233 35.26  85.967137  68.908269 10.801
 51     0.742 53990.61466297 34.57  85.963127  68.911289 10.801
 51     0.561 53990.61466362 35.24  85.959107  68.914309 10.801
 51     0.593 53990.61466426 35.23  85.955097  68.917339 10.801
 51     0.595 53990.61466491 34.66  85.951087  68.920359 10.801
 51     0.557 53990.61466555 34.10  85.947067  68.923379 10.801
 51     0.702 53990.61466619 32.37  85.943047  68.926399 10.801
 51     0.623 53990.61466684 32.08  85.939027  68.929419 10.801
 51     7.343 53990.61466748 31.54  85.935007  68.932439 10.801
 52    31.056 54025.61472339 21.99  85.962716  68.883931 11.561
 52    30.500 54025.61472403 20.15  85.958706  68.886951 11.561
 52    29.719 54025.61472468 19.29  85.954706  68.889981 11.561
 52    28.918 54025.61472532 18.27  85.950691  68.892996 11.284
 52    27.978 54025.61472597 18.14  85.946681  68.896016 11.284
 52    26.377 54025.61472661 19.31  85.942661  68.899036 11.284
 52     7.359 54025.61472726 20.45  85.938651  68.902066 11.284
 52     8.014 54025.61472790 21.23  85.934631  68.905086 11.284
 53    37.196 54060.61471766  9.26  85.971116  68.891833  3.482
 53    37.303 54060.61471831  9.07  85.967106  68.894853  3.482
 53    34.003 54060.61471895  8.29  85.963092  68.897871  3.067
 53    32.175 54060.61471960  8.68  85.959082  68.900891  3.067
 53    29.396 54060.61472024 10.52  85.955072  68.903911  3.067
 53    27.050 54060.61472089 11.31  85.951052  68.906941  3.067
 53     6.518 54060.61472153 16.60  85.947042  68.909961  3.067
 53     7.388 54060.61472218 16.73  85.943022  68.912981  3.067
 53     8.237 54060.61472282 16.62  85.939012  68.916001  3.067
 53     9.915 54060.61472346 16.71  85.934992  68.919021  3.067
 54    36.314 54095.61469281  7.26  85.974725  68.895754  4.802
 54    34.379 54095.61469345  7.08  85.970715  68.898774  4.802
 54    32.770 54095.61469410  6.35  85.966701  68.901796  2.791
 54    29.609 54095.61469474  7.35  85.962691  68.904816  2.791
 54    26.614 54095.61469539  8.80  85.958681  68.907836  2.791
 54    24.881 54095.61469603  9.97  85.954671  68.910856  2.791
 54    17.068 54095.61469668 12.16  85.950651  68.913886  2.791
 54    14.613 54095.61469732 12.37  85.946641  68.916906  2.791
 54    15.151 54095.61469797 12.16  85.942621  68.919926  2.791
 54    13.511 54095.61469861 11.92  85.938611  68.922946  2.791
 54    10.169 54095.61469925 12.25  85.934591  68.925966  2.791
 55    41.011 54130.61463642  5.08  85.963250  68.880852  4.388
 55    51.501 54130.61463706  4.67  85.959240  68.883872  4.388
 55    50.305 54130.61463771  4.18  85.955230  68.886892  4.388
 55    39.200 54130.61463835  3.71  85.951215  68.889917  2.769
 55    37.647 54130.61463899  3.65  85.947205  68.892937  2.769
 55    34.107 54130.61463964  3.45  85.943195  68.895957  2.769
 55    31.026 54130.61464028  5.58  85.939175  68.898987  2.769
 55    23.947 54130.61464093  6.60  85.935165  68.902007  2.769
 55    21.704 54130.61464157  7.75  85.931145  68.905027  2.769
 56    38.282 54165.61466386  4.78  85.971714  68.891429  2.763
 56    36.542 54165.61466450  4.57  85.967704  68.894449  2.763
 56    34.199 54165.61466515  4.46  85.963694  68.897469  2.763
 56    32.632 54165.61466579  4.17  85.959684  68.900489  2.763
 56    30.120 54165.61466644  4.55  85.955674  68.903509  2.763
 56    28.004 54165.61466708  6.10  85.951664  68.906539  2.763
 56    25.701 54165.61466772  5.90  85.947654  68.909559  2.763
 56    23.649 54165.61466837  5.66  85.943634  68.912579  2.763
 56    21.327 54165.61466901  7.71  85.939624  68.915599  2.763
 56    15.327 54165.61466966  9.08  85.935604  68.918619  2.763
 57    31.374 54200.61463978 11.39  85.964197  68.883531 11.065
 57    29.224 54200.61464107 16.49  85.956187  68.889571 11.065
 57    19.810 54200.61464172 12.70  85.952167  68.892591 11.065
 57     3.287 54200.61464236 10.90  85.948157  68.895611 11.065
 57    18.696 54200.61464301  7.74  85.944147  68.898631 11.065
 57    16.861 54200.61464365  7.75  85.940137  68.901661 11.065
 57     9.415 54200.61464430  8.38  85.936117  68.904681 11.065
 57     9.901 54200.61464494  7.97  85.932107  68.907701 11.065
 58    39.636 54235.61467795  4.76  85.967628  68.887122  6.548
 58    38.291 54235.61467860  4.37  85.963628  68.890142  6.548
 58    36.767 54235.61467924  4.34  85.959608  68.893162  6.548
 58    35.949 54235.61467989  4.15  85.955598  68.896182  6.548
 58     5.166 54235.61468247 20.92  85.939548  68.908272  6.548
 58     5.299 54235.61468311 20.50  85.935528  68.911292  6.548
 58     6.023 54235.61468376 19.73  85.931518  68.914312  6.548
 59    31.847 54270.61469895 16.58  85.969396  68.890601 21.526
 59     5.225 54270.61469960 18.35  85.965386  68.893621 21.526
 59     5.277 54270.61470024 18.39  85.961376  68.896641 21.526
 59     5.685 54270.61470089 21.23  85.957366  68.899661 21.526
 59     5.953 54270.61470153 21.43  85.953346  68.902681 21.526
 59     5.470 54270.61470217 21.89  85.949336  68.905701 21.526
 59    10.512 54270.61470282 17.25  85.945326  68.908721 21.526
 59    11.253 54270.61470346 17.56  85.941306  68.911741 21.526
 59    11.200 54270.61470411 21.56  85.937296  68.914771 21.526
 59    11.087 54270.61470475 24.34  85.933276  68.917791 21.526
 60    31.960 54305.61470158 16.24  85.967329  68.889714 16.126
 60    31.043 54305.61470222 16.35  85.963319  68.892734 16.126
 60     3.854 54305.61470287 16.61  85.959309  68.895754 16.126
 60     3.386 54305.61470351 17.78  85.955299  68.898774 16.126
 60     1.592 54305.61470415 19.18  85.951289  68.901794 16.126
 60     1.352 54305.61470480 20.18  85.947279  68.904814 16.126
 60     1.355 54305.61470544 20.87  85.943259  68.907834 16.126
 60     8.436 54305.61470609 20.09  85.939249  68.910864 16.126
 60     1.766 54305.61470673 26.16  85.935229  68.913884 16.126
 61    22.384 54340.61468446 19.98  85.972462  68.893559 21.394
 61    21.206 54340.61468511 19.27  85.968462  68.896579 21.394
 61     1.933 54340.61468575 18.85  85.964452  68.899599 21.394
 61     1.887 54340.61468640 19.34  85.960432  68.902619 21.394
 61     1.739 54340.61468704 18.94  85.956422  68.905639 21.394
 61     1.976 54340.61468769 17.75  85.952412  68.908669 21.394
 61     8.115 54340.61468833 17.17  85.948402  68.911689 21.394
 61     9.029 54340.61468898 17.04  85.944382  68.914709 21.394
 61     9.263 54340.61468962 19.09  85.940362  68.917729 21.394
 61     9.141 54340.61469026 21.65  85.936352  68.920749 21.394
 61     8.813 54340.61469091 29.60  85.932332  68.923769 21.394
 62    31.051 54375.61463550 21.77  85.965380  68.886770 19.277
 62    30.497 54375.61463614 17.87  85.961370  68.889790 19.277
 62    29.782 54375.61463679 16.83  85.957360  68.892820 19.277
 62    28.616 54375.61463743 17.41  85.953350  68.895840 19.277
 62     6.702 54375.61463808 18.02  85.949340  68.898860 19.277
 62     8.726 54375.61463872 18.57  85.945320  68.901880 19.277
 62     7.763 54375.61463936 20.86  85.941310  68.904900 19.277
 62     8.221 54375.61464001 23.50  85.937290  68.907920 19.277
 62     9.101 54375.61464065 24.75  85.933280  68.910940 19.277
 63    37.942 54410.61463042 15.72  85.968731  68.890463  4.728
 63    38.277 54410.61463106 14.26  85.964721  68.893483  4.728
 63    36.265 54410.61463171 14.23  85.960711  68.896513  4.728
 63    44.078 54410.61463235 13.50  85.956701  68.899533  4.728
 63    30.792 54410.61463300 16.59  85.952691  68.902553  4.728
 63    28.665 54410.61463364 16.58  85.948671  68.905573  4.728
 63     9.550 54410.61463429 18.92  85.944661  68.908593  4.728
 63     7.827 54410.61463493 22.28  85.940641  68.911613  4.728
 63     8.616 54410.61463557 22.98  85.936631  68.914633  4.728
 63     9.701 54410.61463622 21.83  85.932611  68.917663  4.728
 64    41.245 54445.61459810 10.01  85.963756  68.881205  3.170
 64    42.409 54445.61459875  8.61  85.959756  68.884225  3.170
 64    43.993 54445.61459939  7.69  85.955746  68.887245  3.170
 64    48.724 54445.61460004  6.60  85.951726  68.890275  3.170
 64    46.838 54445.61460068  6.80  85.947716  68.893295  3.170
 64    44.717 54445.61460133  6.11  85.943706  68.896315  3.170
 64    32.503 54445.61460197  7.68  85.939696  68.899335  3.170
 64    16.079 54445.61460262 11.76  85.935676  68.902355  3.170
 64    21.259 54445.61460326 11.08  85.931666  68.905375  3.170
 65    38.902 54480.61462114  5.28  85.971258  68.888360  5.098
 65    50.138 54480.61462179  4.96  85.967247  68.891382  2.631
 65    37.326 54480.61462243  4.42  85.963237  68.894402  2.631
 65    35.250 54480.61462308  4.36  85.959227  68.897422  2.631
 65    32.288 54480.61462372  4.16  85.955217  68.900442  2.631
 65    30.223 54480.61462437  4.31  85.951207  68.903462  2.631
 65    27.423 54480.61462501  6.64  85.947187  68.906492  2.631
 65    24.756 54480.61462566  6.70  85.943177  68.909512  2.631
 65    22.224 54480.61462630  6.96  85.939157  68.912532  2.631
 65    21.716 54480.61462695  7.44  85.935147  68.915552  2.631
 66    46.524 54515.61461271  3.04  85.963523  68.882994  2.862
 66    50.260 54515.61461336  2.41  85.959513  68.886014  2.862
 66    41.984 54515.61461400  2.84  85.955503  68.889034  2.862
 66    41.393 54515.61461465  2.44  85.951493  68.892064  2.862
 66    35.272 54515.61461529  2.06  85.947483  68.895084  2.862
 66    32.874 54515.61461594  2.23  85.943463  68.898104  2.862
 66    30.432 54515.61461658  2.89  85.939453  68.901124  2.862
 66    27.921 54515.61461723  4.89  85.935433  68.904144  2.862
 66    21.255 54515.61461787  5.54  85.931423  68.907164  2.862
 67    38.305 54550.61463520  3.07  85.971846  68.893667  2.361
 67    36.237 54550.61463585  3.01  85.967836  68.896687  2.361
 67    33.953 54550.61463649  2.55  85.963826  68.899707  2.361
 67    31.945 54550.61463713  2.68  85.959816  68.902727  2.361
 67    29.445 54550.61463778  3.40  85.955806  68.905747  2.361
 67    27.050 54550.61463842  4.21  85.951786  68.908777  2.361
 67    24.358 54550.61463907  4.58  85.947776  68.911797  2.361
 67    21.728 54550.61463971  5.71  85.943756  68.914817  2.361
 67    21.523 54550.61464036  6.83  85.939746  68.917837  2.361
 67    21.111 54550.61464100  6.55  85.935726  68.920857  2.361
 68    40.314 54585.61460939  1.25  85.966773  68.888430  1.939
 68    38.285 54585.61461004  1.49  85.962763  68.891450  1.939
 68    35.697 54585.61461068  1.90  85.958753  68.894470  1.939
 68    33.744 54585.61461133  2.21  85.954733  68.897490  1.939
 68    32.166 54585.61461197  2.91  85.950723  68.900520  1.939
 68    29.706 54585.61461261  3.85  85.946713  68.903540  1.939
 68    27.934 54585.61461326  4.42  85.942693  68.906560  1.939
 68    26.898 54585.61461390  4.67  85.938683  68.909580  1.939
 68    26.073 54585.61461455  4.31  85.934663  68.912600  1.939
 69    31.772 54620.61462837 18.95  85.969914  68.887830 13.147
 69    31.117 54620.61462901 18.19  85.965904  68.890850 13.147
 69    29.864 54620.61462965 18.47  85.961894  68.893870 13.147
 69    11.676 54620.61463030 20.19  85.957884  68.896890 13.147
 69    11.370 54620.61463094 21.21  85.953874  68.899910 13.147
 69    11.682 54620.61463159 22.08  85.949854  68.902940 13.147
 69    12.025 54620.61463223 22.22  85.945844  68.905960 13.147
 69    12.073 54620.61463288 23.41  85.941824  68.908980 13.147
 69    12.224 54620.61463352 24.40  85.937814  68.912000 13.147
 69    12.215 54620.61463417 26.55  85.933794  68.915020 13.147
 70    31.305 54655.61463925 13.37  85.966943  68.890078 11.731
 70    21.199 54655.61463990 14.02  85.962933  68.893098 11.731
 70    20.622 54655.61464054 14.36  85.958923  68.896118 11.731
 70    19.807 54655.61464119 14.28  85.954913  68.899138 11.731
 70     8.468 54655.61464183 14.15  85.950903  68.902168 11.731
 70    10.606 54655.61464248 13.11  85.946883  68.905188 11.731
 70    10.870 54655.61464312 14.14  85.942873  68.908208 11.731
 70    11.194 54655.61464376 16.88  85.938853  68.911228 11.731
 70    10.004 54655.61464441 21.70  85.934843  68.914248 11.731
 71    23.508 54690.61462518 16.05  85.970457  68.892007 22.026
 71     1.809 54690.61462582 16.74  85.966447  68.895027 22.026
 71     1.666 54690.61462647 18.16  85.962437  68.898057 22.026
 71     1.526 54690.61462711 17.55  85.958427  68.901077 22.026
 71     4.336 54690.61462776 18.11  85.954417  68.904097 22.026
 71     3.373 54690.61462840 18.85  85.950397  68.907117 22.026
 71     3.655 54690.61462905 18.42  85.946387  68.910137 22.026
 71     8.853 54690.61462969 19.05  85.942367  68.913157 22.026
 71    10.230 54690.61463034 19.45  85.938357  68.916177 22.026
 71    10.646 54690.61463098 22.23  85.934333  68.919197 12.287
 72    54.855 54725.61458884 12.16  85.964194  68.883368 17.577
 72    33.030 54725.61458949 11.11  85.960184  68.886388 17.577
 72    33.497 54725.61459013  5.99  85.956174  68.889408 17.577
 72     8.818 54725.61459271 11.77  85.940124  68.901498 17.577
 72    10.091 54725.61459335 14.78  85.936104  68.904518 17.577
 72    11.171 54725.61459400 16.99  85.932094  68.907538 17.577
 73    30.532 54760.61460123 21.26  85.969644  68.889326 17.147
 73    29.764 54760.61460188 20.19  85.965634  68.892347  9.928
 73    28.864 54760.61460252 19.14  85.961624  68.895367  9.928
 73    27.871 54760.61460316 18.71  85.957614  68.898387  9.928
 73    26.002 54760.61460381 19.70  85.953604  68.901407  9.928
 73    24.752 54760.61460445 20.44  85.949594  68.904427  9.928
 73     7.139 54760.61460510 22.08  85.945574  68.907457  9.928
 73     7.853 54760.61460574 22.00  85.941564  68.910477  9.928
 73     8.405 54760.61460639 23.46  85.937544  68.913497  9.928
 73     9.093 54760.61460703 23.55  85.933534  68.916517  9.928
 74    51.655 54795.61458178 12.96  85.960733  68.881320  4.172
 74    42.387 54795.61458243 12.26  85.956723  68.884340  4.172
 74    49.187 54795.61458307 10.57  85.952713  68.887360  4.172
 74    38.475 54795.61458372 10.21  85.948703  68.890380  4.172
 74    46.478 54795.61458436 10.09  85.944693  68.893410  4.172
 74    43.834 54795.61458501  9.86  85.940673  68.896430  4.172
 74    31.620 54795.61458565 10.01  85.936663  68.899450  4.172
 74    28.094 54795.61458629 14.72  85.932653  68.902470  4.172
 75    50.076 54830.61460137  8.37  85.968892  68.888972  2.843
 75    48.449 54830.61460202  7.74  85.964892  68.891992  2.843
 75    36.721 54830.61460266  7.36  85.960882  68.895012  2.843
 75    34.890 54830.61460330  6.81  85.956872  68.898032  2.843
 75    42.431 54830.61460395  6.59  85.952852  68.901052  2.843
 75    32.979 54830.61460459  6.76  85.948842  68.904082  2.843
 75    27.235 54830.61460524  9.21  85.944832  68.907102  2.843
 75    24.857 54830.61460588  9.27  85.940812  68.910122  2.843
 75    22.275 54830.61460653  9.65  85.936802  68.913142  2.843
 75    16.825 54830.61460717 11.12  85.932782  68.916162  2.843
 76    42.046 54865.61457720  6.87  85.963026  68.884158  2.815
 76    38.423 54865.61457784  6.49  85.959016  68.887178  2.815
 76    37.418 54865.61457849  6.39  85.955006  68.890198  2.815
 76    35.825 54865.61457913  6.09  85.950996  68.893228  2.815
 76    44.157 54865.61457977  6.05  85.946986  68.896248  2.815
 76    31.605 54865.61458042  5.83  85.942976  68.899268  2.815
 76    29.448 54865.61458106  7.18  85.938956  68.902288  2.815
 76    20.795 54865.61458171  8.49  85.934946  68.905308  2.815
 77    38.050 54900.61460050  5.79  85.972287  68.890441  2.845
 77    36.772 54900.61460114  5.50  85.968277  68.893461  2.845
 77    35.771 54900.61460179  5.42  85.964267  68.896481  2.845
 77    32.986 54900.61460243  4.98  85.960257  68.899501  2.845
 77    31.212 54900.61460308  5.31  85.956247  68.902521  2.845
 77    28.917 54900.61460372  6.01  85.952237  68.905551  2.845
 77    27.036 54900.61460436  6.78  85.948217  68.908571  2.845
 77    21.947 54900.61460501  8.89  85.944207  68.911591  2.845
 77    14.042 54900.61460565 10.88  85.940187  68.914611  2.845
 77    13.497 54900.61460630 11.31  85.936177  68.917631  2.845
 77    13.219 54900.61460694 11.20  85.932157  68.920651  2.845
 78    40.318 54935.61456886  4.67  85.966654  68.885364  2.328
 78    38.663 54935.61456951  4.72  85.962644  68.888384  2.328
 78    37.034 54935.61457015  4.67  85.958644  68.891404  2.328
 78    35.473 54935.61457080  5.03  85.954624  68.894424  2.328
 78    31.934 54935.61457144  5.25  85.950614  68.897444  2.328
 78    31.537 54935.61457209  5.56  85.946604  68.900474  2.328
 78    29.488 54935.61457273  5.96  85.942594  68.903494  2.328
 78    26.874 54935.61457337  6.45  85.938574  68.906514  2.328
 78    24.035 54935.61457402  7.69  85.934564  68.909534  2.328
 79    39.911 54970.61460182  2.73  85.969891  68.886911  2.766
 79    38.277 54970.61460246  2.69  85.965880  68.889935  6.797
 79    36.691 54970.61460311  2.82  85.961870  68.892955  6.797
 79    34.803 54970.61460375  3.29  85.957860  68.895975  6.797
 79    33.030 54970.61460440  3.45  85.953850  68.898995  6.797
 79     2.933 54970.61460633 16.84  85.941810  68.908065  6.797
 79     3.757 54970.61460697 15.54  85.937790  68.911085  6.797
 79     3.967 54970.61460762 15.89  85.933780  68.914105  6.797
 80    31.938 55005.61462176 17.15  85.967359  68.889109 19.143
 80    30.727 55005.61462240 16.57  85.963349  68.892129 19.143
 80    28.581 55005.61462305 18.45  85.959339  68.895159 19.143
 80     5.031 55005.61462369 18.90  85.955329  68.898179 19.143
 80     5.341 55005.61462433 19.29  85.951313  68.901196 12.426
 80     6.561 55005.61462498 19.19  85.947303  68.904216 12.426
 80    10.056 55005.61462562 17.52  85.943293  68.907236 12.426
 80    11.064 55005.61462627 17.91  85.939273  68.910256 12.426
 80    10.807 55005.61462691 21.10  85.935263  68.913286 12.426
 81    30.085 55040.61460995 14.38  85.967619  68.890897 11.042
 81     1.451 55040.61461060 15.82  85.963609  68.893917 11.042
 81     3.329 55040.61461124 16.27  85.959599  68.896937 11.042
 81     3.921 55040.61461189 16.46  85.955589  68.899957 11.042
 81     5.650 55040.61461253 15.47  85.951579  68.902977 11.042
 81     7.100 55040.61461318 15.84  85.947559  68.906007 11.042
 81    10.112 55040.61461382 15.05  85.943549  68.909027 11.042
 81     9.126 55040.61461447 15.77  85.939529  68.912047 11.042
 81     8.761 55040.61461511 22.04  85.935519  68.915067 11.042
 82    23.880 55075.61459234 13.22  85.971084  68.893363 25.869
 82     5.824 55075.61459299 16.36  85.967072  68.896388 12.348
 82    20.775 55075.61459363 13.37  85.963062  68.899408 12.348
 82    19.773 55075.61459428 12.69  85.959052  68.902428 12.348
 82    18.404 55075.61459492 12.76  85.955032  68.905448 12.348
 82    17.057 55075.61459557 12.35  85.951022  68.908468 12.348
 82    10.041 55075.61459621 13.63  85.947012  68.911488 12.348
 82     9.486 55075.61459686 15.78  85.942992  68.914518 12.348
 82     8.283 55075.61459750 22.98  85.938972  68.917538 12.348
 82     8.314 55075.61459815 26.18  85.934962  68.920558 12.348
 83    35.919 55110.61454103 12.71  85.967474  68.882973 20.814
 83    39.143 55110.61454167 10.61  85.963471  68.885993  9.196
 83    37.467 55110.61454232 12.15  85.959461  68.889013  9.196
 83    20.401 55110.61454296 14.43  85.955451  68.892033  9.196
 83     4.671 55110.61454361 16.18  85.951441  68.895053  9.196
 83     7.190 55110.61454425 15.67  85.947431  68.898073  9.196
 83     9.264 55110.61454490 15.50  85.943411  68.901103  9.196
 83    10.025 55110.61454554 14.52  85.939401  68.904123  9.196
 83    11.627 55110.61454619 15.34  85.935381  68.907143  9.196
 83    11.507 55110.61454683 17.83  85.931371  68.910163  9.196
 84    37.464 55145.61454497 16.87  85.967770  68.890505  4.180
 84    36.984 55145.61454562 17.51  85.963760  68.893525  4.180
 84    35.506 55145.61454626 15.62  85.959750  68.896545  4.180
 84    32.524 55145.61454691 16.16  85.955730  68.899565  4.180
 84    24.626 55145.61454755 17.56  85.951720  68.902595  4.180
 84     6.842 55145.61454884 22.54  85.943700  68.908635  4.180
 84     8.163 55145.61454949 21.55  85.939680  68.911655  4.180
 84     8.571 55145.61455013 20.96  85.935670  68.914675  4.180
 84    13.293 55145.61455078 20.55  85.931650  68.917695  4.180
 85    44.512 55180.61451744 11.27  85.964765  68.879731  2.778
 85    40.156 55180.61451809 10.20  85.960765  68.882751  2.778
 85    50.216 55180.61451873 10.09  85.956755  68.885771  2.778
 85    35.355 55180.61451938  9.94  85.952745  68.888791  2.778
 85    46.551 55180.61452002  9.58  85.948725  68.891811  2.778
 85    33.902 55180.61452067  9.58  85.944715  68.894841  2.778
 85    32.051 55180.61452131  9.27  85.940705  68.897861  2.778
 85    29.823 55180.61452195 11.18  85.936685  68.900881  2.778
 85    22.523 55180.61452260 12.23  85.932675  68.903901  2.778
 86    38.538 55215.61453929  8.77  85.971616  68.889551  2.658
 86    36.919 55215.61453993  8.49  85.967606  68.892571  2.658
 86    36.037 55215.61454058  7.86  85.963596  68.895591  2.658
 86    33.296 55215.61454122  7.36  85.959586  68.898611  2.658
 86    31.472 55215.61454187  7.48  85.955576  68.901631  2.658
 86    28.460 55215.61454251  8.41  85.951556  68.904661  2.658
 86    20.486 55215.61454315 10.72  85.947545  68.907675  2.686
 86    16.800 55215.61454380 12.48  85.943535  68.910695  2.686
 86    14.112 55215.61454444 12.75  85.939515  68.913715  2.686
 86    15.181 55215.61454509 12.79  85.935495  68.916745  2.686
 87    41.558 55250.61451510  7.83  85.966320  68.884461  2.608
 87    38.595 55250.61451574  7.78  85.962310  68.887481  2.608
 87    37.399 55250.61451639  7.82  85.958300  68.890501  2.608
 87    34.442 55250.61451703  7.53  85.954290  68.893521  2.608
 87    33.338 55250.61451768  7.35  85.950280  68.896551  2.608
 87    32.081 55250.61451832  7.24  85.946260  68.899571  2.608
 87    27.875 55250.61451897  8.52  85.942250  68.902591  2.608
 87    22.154 55250.61451961  8.96  85.938230  68.905611  2.608
 87    24.463 55250.61452026  9.17  85.934220  68.908631  2.608
 88    36.998 55285.61453346  7.41  85.972680  68.891788  2.860
 88    36.079 55285.61453410  6.88  85.968673  68.894813  2.510
 88    34.663 55285.61453475  6.82  85.964663  68.897833  2.510
 88    32.275 55285.61453539  6.68  85.960653  68.900853  2.510
 88    30.391 55285.61453604  6.95  85.956643  68.903873  2.510
 88    28.181 55285.61453668  7.23  85.952633  68.906893  2.510
 88    22.693 55285.61453732  8.97  85.948613  68.909913  2.510
 88    21.211 55285.61453797  9.33  85.944603  68.912943  2.510
 88    15.893 55285.61453861 10.87  85.940583  68.915963  2.510
 88    15.596 55285.61453926 10.91  85.936573  68.918983  2.510
 88    17.006 55285.61453990 11.03  85.932553  68.922003  2.510
 89    38.194 55320.61450655  2.74  85.968132  68.889500  2.365
 89    36.543 55320.61450719  2.45  85.964122  68.892520  2.365
 89    36.041 55320.61450784  2.48  85.960112  68.895540  2.365
 89    33.697 55320.61450848  2.58  85.956102  68.898560  2.365
 89    31.241 55320.61450913  3.48  85.952092  68.901580  2.365
 89    29.145 55320.61450977  3.93  85.948072  68.904610  2.365
 89    27.362 55320.61451041  5.31  85.944062  68.907630  2.365
 89    21.768 55320.61451106  6.45  85.940042  68.910650  2.365
 89    21.626 55320.61451170  6.84  85.936032  68.913670  2.365
 89    21.222 55320.61451235  7.24  85.932012  68.916690  2.365
 90    11.522 55355.61450699 28.83  85.970511  68.889368 20.954
 90    11.661 55355.61450764 27.19  85.966501  68.892388 20.954
 90    11.500 55355.61450828 28.43  85.962491  68.895408 20.954
 90    11.723 55355.61450892 26.88  85.958481  68.898428 20.954
 90    11.645 55355.61450957 26.47  85.954471  68.901448 20.954
 90    11.635 55355.61451021 25.70  85.950461  68.904478 20.954
 90    11.632 55355.61451086 25.69  85.946451  68.907498 20.954
 90    11.632 55355.61451150 27.57  85.942431  68.910518 20.954
 90    11.575 55355.61451215 28.70  85.938421  68.913538 20.954
 90    11.615 55355.61451279 30.25  85.934401  68.916558 20.954
 91     1.876 55390.61450661 50.86  85.963995  68.884819 43.679
 91     1.711 55390.61450725 54.47  85.959985  68.887839 43.679
 91     1.579 55390.61450790 52.84  85.955975  68.890859 43.679
 91     1.622 55390.61450854 51.99  85.951965  68.893879 43.679
 91     1.688 55390.61450919 51.27  85.947955  68.896899 43.679
 91     1.720 55390.61450983 52.07  85.943935  68.899929 43.679
 91     1.700 55390.61451048 52.64  85.939925  68.902949 43.679
 91     1.696 55390.61451112 52.29  85.935905  68.905969 43.679
 91     1.694 55390.61451177 52.66  85.931895  68.908989 43.679
 92    33.067 55425.61452371 14.99  85.970836  68.888198 28.172
 92    30.246 55425.61452435 14.75  85.966825  68.891221 12.757
 92    30.194 55425.61452500 15.94  85.962815  68.894241 12.757
 92     3.844 55425.61452564 17.74  85.958805  68.897261 12.757
 92     4.699 55425.61452629 16.83  85.954795  68.900281 12.757
 92     6.039 55425.61452693 15.87  85.950785  68.903301 12.757
 92     7.396 55425.61452758 16.08  85.946765  68.906331 12.757
 92     6.594 55425.61452822 20.45  85.942755  68.909351 12.757
 92     8.332 55425.61452887 20.95  85.938735  68.912371 12.757
 92     9.408 55425.61452951 20.46  85.934725  68.915391 12.757
 93    34.478 55460.61449282 15.24  85.973959  68.894034 12.140
 93    36.646 55460.61449347  6.38  85.969949  68.897054 12.140
 93    38.734 55460.61449411  3.87  85.965940  68.900077 13.048
 93    30.072 55460.61449476  3.30  85.961920  68.903097 13.048
 93    28.396 55460.61449540  3.67  85.957910  68.906117 13.048
 93     6.227 55460.61449605 15.84  85.953900  68.909137 13.048
 93     8.412 55460.61449669 16.19  85.949890  68.912157 13.048
 93     9.193 55460.61449734 16.13  85.945870  68.915187 13.048
 93    10.271 55460.61449798 16.04  85.941850  68.918207 13.048
 93    10.159 55460.61449863 19.71  85.937840  68.921227 13.048
 93    10.238 55460.61449927 22.52  85.933820  68.924247 13.048
