-163858.480    85.668     0.00   14.81
-163483.334    93.160    19.97   17.14
-163108.269   102.337    24.47   15.19
-162733.286   107.701    14.31   13.41
-162358.383   108.115     1.10   13.65
-161983.561   107.732    -1.02   10.66
-161608.819   109.046     3.51    8.65
-161234.159   114.392    14.27    9.38
-160859.579   120.592    16.55    8.60
-160485.080   124.917    11.55    7.60
-160110.662   126.956     5.45    7.29
-159736.324   128.211     3.35    7.62
-159362.067   129.081     2.33    9.35
-158987.890   134.457    14.37   10.78
-158613.794   140.672    16.61   11.87
-158239.778   147.089    17.16   10.37
-157865.842   151.867    12.78    7.76
-157491.987   154.471     6.97    8.14
-157118.212   153.573    -2.40    8.88
-156744.517   151.036    -6.79    8.95
-156370.902   152.784     4.68   16.62
-155997.368   165.870    35.04   33.31
-155623.913   189.388    62.98   46.78
-155250.538   210.404    56.29   45.15
-154877.243   213.937     9.46   42.45
-154504.028   206.946   -18.73   46.06
-154130.893   188.021   -50.72   33.60
-153757.838   175.923   -32.43   13.98
-153384.862   177.062     3.06   12.44
-153011.967   186.889    26.36   21.28
-152639.150   207.083    54.17   32.26
-152266.413   225.615    49.72   33.71
-151893.756   245.267    52.74   29.50
-151521.178   254.846    25.71   26.53
-151148.680   257.996     8.46   23.81
-150776.261   259.367     3.68   20.88
-150403.922   260.523     3.11   17.50
-150031.661   260.606     0.22   15.58
-149659.480   256.442   -11.19   15.23
-149287.378   254.711    -4.65   15.20
-148915.355   257.771     8.23   19.03
-148543.411   267.825    27.03   26.00
-148171.546   284.261    44.20   34.93
-147799.761   304.836    55.35   41.78
-147428.054   318.242    36.07   36.02
-147056.426   332.627    38.71   28.30
-146684.877   341.783    24.64   20.87
-146313.406   349.488    20.74   22.09
-145942.014   364.392    40.13   27.44
-145570.701   381.783    46.84   22.56
-145199.467   393.433    31.39   16.47
-144828.311   407.978    39.19   17.60
-144457.234   429.419    57.79   41.34
-144086.235   469.915   109.17   71.92
-143715.314   536.631   179.88  100.36
-143344.472   609.620   196.84   87.13
-142973.709   662.627   142.98   60.85
-142603.023   686.783    65.17   34.97
-142232.416   674.846   -32.21   53.92
-141861.887   629.110  -123.45   81.34
-141491.436   550.531  -212.14   96.83
-141121.063   478.911  -193.39   87.68
-140750.768   412.342  -179.79   68.69
-140380.551   367.711  -120.57   54.68
-140010.412   331.112   -98.89   38.76
-139640.351   310.481   -55.75   32.31
-139270.368   292.783   -47.84   24.17
-138900.463   280.289   -33.78   23.82
-138530.635   269.944   -27.98   20.51
-138160.885   259.846   -27.31   20.19
-137791.213   250.836   -24.37   18.83
-137421.618   239.341   -31.10   16.92
-137052.101   231.106   -22.29   14.23
-136682.661   223.783   -19.82   10.91
-136313.299   220.440    -9.05    8.69
-135944.014   218.420    -5.47    6.41
-135574.807   219.162     2.01    5.79
-135205.677   220.171     2.73    7.01
-134836.624   222.268     5.68    8.94
-134467.648   224.443     5.89    8.85
-134098.750   226.931     6.75    7.92
-133729.928   227.943     2.74    6.46
-133361.184   229.583     4.45    5.74
-132992.516   230.670     2.95    5.95
-132623.926   231.131     1.25    6.39
-132255.413   231.231     0.27    7.32
-131886.976   233.460     6.05    7.78
-131518.616   235.155     4.60    7.54
-131150.333   236.600     3.92    7.96
-130782.127   238.041     3.92    7.03
-130413.998   238.052     0.03    8.11
-130045.945   245.054    19.03   12.38
-129677.968   257.794    34.62   25.27
-129310.069   289.719    86.79   55.43
-128942.245   325.402    97.02   75.52
-128574.498   350.683    68.75   76.54
-128206.828   361.526    29.49   68.72
-127839.234   358.478    -8.29   55.81
-127471.716   353.103   -14.63   42.45
-127104.275   352.456    -1.76   33.39
-126736.909   356.450    10.87   26.84
-126369.620   365.783    25.41   25.38
-126002.407   378.278    34.03   28.24
-125635.270   384.341    16.52   36.05
-125268.209   380.641   -10.08   50.90
-124901.224   361.036   -53.43   60.72
-124534.315   332.011   -79.11   56.61
-124167.482   309.215   -62.15   46.08
-123800.725   292.870   -44.57   27.28
-123434.043   288.231   -12.65   14.13
-123067.437   288.867     1.74   11.92
-122700.907   289.836     2.64   10.81
-122334.453   289.526    -0.85   10.32
-121968.074   286.299    -8.81    9.75
-121601.771   282.742    -9.71   10.67
-121235.543   278.641   -11.20   10.92
-120869.391   287.433    24.01   24.73
-120503.314   302.424    40.95   34.54
-120137.312   312.341    27.10   29.81
-119771.386   318.272    16.21   22.92
-119405.535   312.654   -15.36   20.64
-119039.760   301.510   -30.47   11.78
-118674.059   294.585   -18.94   10.81
-118308.434   290.127   -12.19   13.35
-117942.884   289.475    -1.78   14.32
-117577.409   288.461    -2.78   13.25
-117200.493   285.750    -7.19   14.33
-116819.365   277.336   -22.08   16.22
-116438.320   265.277   -31.65   12.86
-116057.357   254.152   -29.21    9.69
-115676.477   244.411   -25.58    9.69
-115295.680   237.557   -18.00    8.60
-114914.966   233.960    -9.45    6.98
-114534.334   234.326     0.96    7.79
-114153.784   237.770     9.05   10.74
-113773.317   245.560    20.48   14.05
-113392.933   252.611    18.54   13.65
-113012.630   257.320    12.38   11.78
-112632.410   260.693     8.87    9.55
-112252.273   262.443     4.60   10.90
-111872.217   266.315    10.19   21.37
-111492.244   268.000     4.43   26.79
-111112.353   264.093   -10.29   25.34
-110732.543   255.272   -23.23   18.38
-110352.816   245.310   -26.24   16.67
-109973.171   232.709   -33.20   18.98
-109593.607   219.287   -35.36   18.74
-109214.125   205.953   -35.14   14.65
-108834.725   195.160   -28.45    9.88
-108455.407   187.940   -19.04    7.79
-108076.171   179.574   -22.06   13.31
-107697.016   169.836   -25.69   17.34
-107317.942   160.915   -23.53   17.97
-106938.951   152.773   -21.49   15.63
-106560.040   146.861   -15.60   10.79
-106181.211   143.257    -9.51    3.40
-105802.463   142.804    -1.20    0.00
-105423.797   142.804     0.00    0.00
-105045.212   142.804     0.00    0.00
-104666.708   142.804     0.00    0.00
-104288.285   142.804     0.00    0.00
-103909.944   142.804     0.00    0.00
-103531.683   144.541     4.59    6.37
-103153.503   149.294    12.57   11.85
-102775.405   155.400    16.15   14.32
-102397.387   161.666    16.58   13.64
-102019.450   167.885    16.46   11.60
-101641.594   170.070     5.78    8.67
-101263.818   174.391    11.44    8.67
-100886.124   179.815    14.36   11.19
-100508.510   189.052    24.46   18.70
-100130.976   200.606    30.61   25.92
 -99753.523   212.571    31.70   30.74
 -99376.151   224.949    32.80   35.77
 -98998.859   240.949    42.41   48.14
 -98621.647   251.516    28.02   53.95
 -98244.515   261.238    25.78   57.93
 -97867.464   265.869    12.28   51.08
 -97490.494   272.459    17.48   49.34
 -97113.603   305.783    88.42   71.73
 -96736.792   344.563   102.92   81.92
 -96360.062   382.611   101.00   76.82
 -95983.411   414.636    85.03   70.47
 -95606.841   423.481    23.49   65.47
 -95230.350   426.904     9.09   64.24
 -94853.940   436.320    25.02   59.40
 -94477.609   442.152    15.50   52.25
 -94101.358   445.099     7.83   46.41
 -93725.186   448.371     8.70   47.57
 -93349.095   424.836   -62.58   65.38
 -92973.083   394.565   -80.51   73.82
 -92597.150   353.908  -108.16   70.17
 -92221.297   323.420   -81.12   47.21
 -91845.524   301.943   -57.16   25.29
 -91469.830   294.729   -19.20   17.60
 -91094.215   292.204    -6.72   17.70
 -90718.680   289.847    -6.28   18.12
 -90343.224   280.404   -25.15   17.61
 -89967.847   267.696   -33.86   22.09
 -89592.549   252.773   -39.77   21.35
 -89217.331   246.826   -15.85   15.96
 -88842.191   249.761     7.83   18.78
 -88467.131   262.049    32.76   21.80
 -88092.149   275.385    35.57   20.69
 -87717.247   287.783    33.07   20.30
 -87342.423   300.215    33.17   18.64
 -86967.678   308.331    21.66   17.22
 -86593.012   314.859    17.42   18.49
 -86218.425   317.475     6.98   20.88
 -85843.917   315.464    -5.37   22.57
 -85469.487   310.326   -13.72   20.64
 -85095.135   302.827   -20.03   19.34
 -84720.862   297.709   -13.68   16.98
 -84346.668   296.207    -4.01   14.47
 -83972.552   297.213     2.69   12.64
 -83598.515   297.793     1.55    9.73
 -83224.556   292.017   -15.45   10.07
 -82850.675   285.393   -17.72    7.64
 -82476.872   278.699   -17.91    7.82
 -82103.148   272.244   -17.27    7.48
 -81729.501   266.710   -14.81    7.70
 -81355.933   261.672   -13.48    6.38
 -80982.443   257.570   -10.98    6.78
 -80609.031   254.718    -7.64    6.94
 -80235.697   251.428    -8.81    7.96
 -79862.441   247.826    -9.65    7.90
 -79489.262   243.870   -10.60    6.14
 -79116.162   240.729    -8.42    5.61
 -78743.139   237.134    -9.64    4.53
 -78370.194   234.931    -5.91    3.84
 -77997.326   234.492    -1.18    3.23
 -77624.536   235.815     3.55    3.91
 -77251.824   237.956     5.75    4.12
 -76879.189   237.762    -0.52    4.56
 -76506.632   236.501    -3.38    5.15
 -76134.152   235.060    -3.87    6.05
 -75761.750   232.816    -6.03    5.86
 -75389.425   232.213    -1.62    5.80
 -75017.177   233.574     3.66    6.87
 -74645.006   234.996     3.82    6.89
 -74272.913   236.527     4.11    6.56
 -73900.897   237.432     2.43    6.70
 -73528.957   236.145    -3.46    7.32
 -73157.095   234.710    -3.86    6.91
 -72785.310   233.973    -1.98    5.38
 -72413.602   234.911     2.52    4.50
 -72041.971   238.148     8.71    5.94
 -71670.416   241.560     9.18    6.87
 -71298.939   245.225     9.87    7.01
 -70927.538   247.815     6.97    7.24
 -70556.214   248.953     3.07    8.74
 -70184.966   249.541     1.58    9.88
 -69813.795   249.215    -0.88    9.54
 -69442.701   248.602    -1.65    8.48
 -69071.683   249.279     1.82    6.98
 -68700.742   251.445     5.84    6.09
 -68329.877   253.177     4.67    4.83
 -67959.089   253.574     1.07    5.56
 -67588.377   251.602    -5.32    8.13
 -67217.741   249.041    -6.91    9.44
 -66847.182   246.033    -8.12    8.75
 -66476.698   246.159     0.34    8.07
 -66106.291   246.508     0.94    7.84
 -65735.960   248.194     4.55    8.63
 -65365.705   250.543     6.35    9.10
 -64995.526   252.546     5.41    8.50
 -64625.423   253.893     3.64    8.10
 -64255.396   254.996     2.98    7.87
 -63885.445   254.908    -0.24    7.26
 -63515.569   255.342     1.17    6.70
 -63145.770   255.759     1.13    6.63
 -62776.046   255.419    -0.92    8.10
 -62406.397   254.530    -2.41    9.61
 -62036.825   254.141    -1.05   10.16
 -61667.328   253.049    -2.96    9.68
 -61297.907   251.613    -3.89    9.38
 -60928.561   250.496    -3.02    8.56
 -60559.290   250.019    -1.29    7.19
 -60190.095   246.421    -9.75    9.56
 -59820.976   242.344   -11.05   10.36
 -59451.931   238.546   -10.29    9.92
 -59082.962   235.781    -7.49   10.17
 -58714.068   236.944     3.15   11.13
 -58345.250   239.153     5.99   11.36
 -57976.506   240.560     3.82   11.93
 -57607.838   242.127     4.25   11.14
 -57239.245   243.576     3.93   10.29
 -56870.726   246.655     8.36    9.10
 -56502.283   248.921     6.15    6.48
 -56133.914   248.772    -0.41    6.85
 -55765.621   246.101    -7.25    8.71
 -55397.402   242.687    -9.27   10.15
 -55029.258   236.990   -15.48    9.90
 -54661.189   231.467   -15.01    8.58
 -54293.194   228.463    -8.16    6.10
 -53925.274   229.657     3.24    6.79
 -53557.429   230.054     1.08    8.00
 -53189.658   229.935    -0.33   11.68
 -52821.962   230.336     1.09   14.17
 -52454.340   228.687    -4.49   15.36
 -52086.793   229.062     1.02   15.24
 -51719.320   226.927    -5.81   12.87
 -51351.921   226.219    -1.93   10.70
 -50984.597   224.060    -5.88    8.82
 -50617.347   220.159   -10.62    7.99
 -50250.171   216.552    -9.83    7.63
 -49883.069   212.396   -11.32    6.87
 -49516.041   209.998    -6.53    3.40
 -49149.088   211.065     2.91    4.98
 -48782.208   212.996     5.26    5.22
 -48415.402   215.870     7.84    4.30
 -48048.671   216.663     2.16    4.12
 -47682.013   216.600    -0.17    4.07
 -47315.429   215.353    -3.40    4.06
 -46948.919   214.011    -3.66    3.61
 -46582.482   212.772    -3.38    3.68
 -46216.119   211.661    -3.03    3.78
 -45849.830   211.435    -0.62    3.42
 -45483.615   211.213    -0.61    3.68
 -45117.473   210.918    -0.81    3.61
 -44751.405   210.600    -0.87    3.88
 -44385.410   209.995    -1.65    4.18
 -44019.488   208.889    -3.02    4.38
 -43653.640   206.919    -5.38    4.92
 -43287.866   204.708    -6.05    4.69
 -42922.164   202.870    -5.02    5.28
 -42549.889   201.804    -2.86    5.75
 -42168.923   200.696    -2.91    6.05
 -41788.038   201.380     1.80    7.06
 -41407.234   201.204    -0.46    7.66
 -41026.510   200.985    -0.58    7.93
 -40645.866   200.384    -1.58    7.77
 -40265.303   199.230    -3.03    6.65
 -39884.821   198.747    -1.27    6.19
 -39504.419   197.987    -2.00    5.89
 -39124.097   198.700     1.87    5.59
 -38743.855   198.033    -1.75    5.83
 -38363.693   197.804    -0.60    5.22
 -37983.612   196.250    -4.09    5.09
 -37603.611   193.397    -7.51    6.82
 -37223.689   191.073    -6.12    7.07
 -36843.848   188.965    -5.55    6.44
 -36464.087   188.709    -0.68    7.15
 -36084.406   188.986     0.73    7.17
 -35704.804   187.964    -2.69    7.58
 -35325.282   188.338     0.98    7.37
 -34945.840   188.120    -0.57    6.87
 -34566.478   186.715    -3.70    7.03
 -34187.195   183.478    -8.54    7.63
 -33807.992   179.475   -10.56    6.75
 -33428.869   177.304    -5.72    5.37
 -33049.825   176.354    -2.51    4.63
 -32670.860   174.869    -3.92    5.90
 -32291.975   172.984    -4.97    7.23
 -31913.169   170.549    -6.43    8.33
 -31534.443   168.270    -6.02    7.96
 -31155.795   167.826    -1.17    7.19
 -30777.227   169.429     4.24    5.48
 -30398.738   168.127    -3.44    5.34
 -30020.328   165.384    -7.25    6.29
 -29641.998   161.654    -9.86    6.85
 -29263.746   157.434   -11.16    6.64
 -28885.573   152.718   -12.47    6.89
 -28507.479   148.063   -12.31    7.19
 -28129.464   143.331   -12.52    8.28
 -27751.528   138.127   -13.77    8.88
 -27373.671   132.858   -13.94    9.26
 -26995.892   127.149   -15.11    8.80
 -26618.192   122.240   -13.00    7.99
 -26240.570   115.013   -19.14    8.65
 -25863.028   107.092   -20.98   10.48
 -25485.563    97.486   -25.45   11.84
 -25108.177    90.641   -18.14   10.00
 -24730.870    88.076    -6.80    8.43
 -24353.641    89.924     4.90    8.60
 -23976.490    93.283     8.91    5.89
 -23599.418    92.348    -2.48    6.45
 -23222.423    81.492   -28.79   21.70
 -22845.507    62.228   -51.11   34.32
 -22468.669    37.674   -65.16   33.75
 -22091.910    24.750   -34.30   25.32
 -21715.228    24.815     0.17   27.35
 -21338.624    39.370    38.65   33.46
 -20962.098    59.449    53.33   30.74
 -20585.650    71.239    31.32   22.51
 -20209.280    78.084    18.19    9.37
 -19832.988    79.233     3.05    9.43
 -19456.773    78.105    -3.00   10.29
 -19080.636    76.387    -4.57   11.17
 -18704.577    73.353    -8.07   11.77
 -18328.596    72.288    -2.83   10.88
 -17952.692    74.761     6.58   11.53
 -17576.865    78.596    10.20   13.13
 -17201.116    84.191    14.89   14.13
 -16825.444    88.057    10.29   15.09
 -16449.850    93.511    14.52   17.90
 -16074.333    99.011    14.65   18.93
 -15698.894   104.903    15.69   19.11
 -15323.531   110.370    14.56   17.62
 -14948.246   113.716     8.92   15.75
 -14573.038   117.655    10.50   15.74
 -14197.907   119.068     3.77   17.36
 -13822.853   119.353     0.76   19.54
 -13447.876   115.804    -9.46   23.74
 -13072.976   110.196   -14.96   25.17
 -12698.153   102.632   -20.18   25.61
 -12323.406    96.098   -17.44   22.80
 -11948.737    90.188   -15.77   21.73
 -11574.144    85.663   -12.08   19.24
 -11199.628    81.235   -11.82   19.34
 -10825.189    78.565    -7.13   19.90
 -10450.826    77.746    -2.19   21.63
 -10076.540    75.456    -6.12   21.48
  -9702.331    72.653    -7.49   20.40
  -9328.198    66.956   -15.23   16.25
  -8954.141    62.421   -12.13   13.08
  -8580.161    59.130    -8.80    9.16
  -8206.257    59.054    -0.20    8.14
  -7832.429    59.170     0.31    7.41
  -7458.678    58.971    -0.53    7.43
  -7085.003    56.708    -6.06    6.68
  -6711.403    53.486    -8.62    5.74
  -6337.881    51.475    -5.38    6.79
  -5964.434    50.987    -1.31    8.80
  -5591.063    51.093     0.28   12.14
  -5217.768    48.923    -5.81   17.64
  -4844.549    47.738    -3.17   20.49
  -4471.406    45.170    -6.88   22.36
  -4098.339    42.493    -7.17   22.06
  -3725.348    39.826    -7.15   21.62
  -3352.432    37.986    -4.93   21.66
  -2979.592    35.202    -7.47   22.98
  -2606.828    33.202    -5.37   24.87
  -2234.139    26.385   -18.29   24.82
  -1861.526    19.679   -18.00   21.74
  -1488.988    13.541   -16.48   17.70
  -1116.526    10.057    -9.35   15.36
   -744.139     7.387    -7.17   14.56
   -371.828     5.211    -5.84   13.05
      0.408     2.152    -8.22    8.56
    372.569    -0.079    -6.00    0.54
    744.654    -0.174    -0.25    0.21
   1116.665    -0.068     0.29    0.72
   1488.600     0.639     1.90    3.69
   1860.460     2.701     5.54    7.60
   2232.245     3.914     3.26    8.48
   2603.955     6.043     5.73    9.62
   2975.589     8.200     5.80   10.80
   3347.149    11.009     7.56   11.65
   3718.635    12.530     4.09   11.63
   4090.045    15.299     7.46   10.88
   4461.380    16.870     4.23    9.89
   4832.641    19.035     5.83    8.19
   5203.827    21.760     7.34    6.38
   5574.939    23.467     4.60    4.25
   5945.975    24.580     3.00    3.37
   6316.938    25.217     1.72    3.35
   6687.825    26.554     3.60    3.07
   7058.638    27.890     3.60    3.18
   7429.377    28.522     1.70    2.85
   7800.041    28.489    -0.09    2.27
   8170.631    28.228    -0.70    2.06
   8541.147    27.632    -1.61    1.78
   8911.589    26.425    -3.26    2.34
   9281.956    25.565    -2.32    2.81
   9652.249    24.770    -2.15    2.87
  10022.468    24.310    -1.24    2.62
  10392.613    24.108    -0.55    2.91
  10762.683    23.924    -0.50    2.54
  11132.680    22.982    -2.55    3.27
  11502.603    22.310    -1.82    3.68
  11872.452    22.409     0.27    4.38
  12242.227    24.321     5.17    7.19
  12611.928    28.250    10.63    9.29
  12981.556    33.551    14.34   10.19
  13351.110    38.283    12.80    9.17
  13720.590    41.037     7.45    8.02
  14089.996    40.598    -1.19    8.04
  14459.329    38.816    -4.82    8.50
  14828.588    37.663    -3.12    8.24
  15197.774    37.893     0.62    8.33
  15566.886    39.354     3.96    7.23
  15935.925    41.134     4.82    5.56
  16304.891    41.255     0.33    3.87
  16673.783    40.112    -3.10    3.71
  17042.602    38.692    -3.85    3.88
  17411.347    36.620    -5.62    4.39
  17780.019    33.501    -8.46    5.15
  18148.619    30.587    -7.91    5.24
  18517.145    27.444    -8.53    4.34
  18885.598    24.565    -7.81    3.60
  19253.978    24.467    -0.27    3.90
  19622.285    25.456     2.69    4.21
  19990.519    26.149     1.88    4.25
  20358.680    26.837     1.87    3.48
  20726.768    26.492    -0.94    3.18
  21094.784    25.071    -3.86    2.80
  21462.726    24.200    -2.37    2.76
  21830.596    23.850    -0.95    2.57
  22198.393    23.727    -0.33    2.47
  22566.118    24.207     1.30    2.49
  22933.770    24.508     0.82    2.37
  23301.349    24.428    -0.22    2.49
  23668.856    25.519     2.97    2.95
  24036.291    26.063     1.48    3.13
  24403.653    26.022    -0.11    3.20
  24770.942    25.282    -2.01    3.25
  25138.159    23.936    -3.67    2.75
  25505.304    22.068    -5.09    3.78
  25872.377    19.040    -8.25    4.97
  26239.377    16.167    -7.83    5.21
  26606.306    13.100    -8.36    2.97
  26973.162    12.238    -2.35    2.18
  27339.946    12.560     0.88    2.77
  27706.658    12.991     1.18    2.90
  28073.298    14.004     2.76    3.92
  28439.866    14.460     1.24    4.41
  28806.362    14.574     0.31    4.53
  29172.786    14.211    -0.99    3.96
  29539.138    14.361     0.41    3.06
  29905.419    14.692     0.90    2.66
  30271.627    15.255     1.54    2.69
  30637.764    15.436     0.50    2.82
  31003.830    15.609     0.47    3.70
  31369.823    15.204    -1.10    4.35
  31735.746    15.098    -0.29    5.28
  32103.735    16.459     3.70    7.62
  32484.540    19.445     7.84    9.32
  32865.267    22.876     9.01    8.78
  33245.915    23.571     1.83    9.07
  33626.484    22.475    -2.88    9.88
  34006.975    21.215    -3.31    9.65
  34387.388    21.839     1.64    8.67
  34767.722    23.228     3.65    7.63
  35147.979    23.907     1.78    6.89
  35528.157    24.431     1.38    6.11
  35908.257    24.714     0.75    5.25
  36288.278    25.538     2.17    3.94
  36668.222    27.393     4.88    2.75
  37048.088    28.715     3.48    3.74
  37427.876    29.998     3.38    5.27
  37807.586    31.638     4.32    5.99
  38187.218    34.913     8.63    6.12
  38566.772    38.404     9.20    4.78
  38946.249    39.604     3.16    2.88
  39325.647    40.975     3.61    3.08
  39704.969    42.013     2.74    3.07
  40084.212    43.361     3.55    2.74
  40463.378    44.222     2.27    2.25
  40842.466    44.215    -0.02    2.16
  41221.477    45.015     2.11    2.64
  41600.411    46.538     4.02    3.85
  41979.267    48.938     6.33    4.14
  42358.046    51.647     7.15    3.37
  42736.747    52.925     3.38    2.72
  43115.372    53.018     0.24    2.85
  43493.919    53.261     0.64    3.06
  43872.389    52.409    -2.25    3.21
  44250.781    51.500    -2.40    3.80
  44629.097    51.122    -1.00    3.73
  45007.336    51.337     0.57    4.49
  45385.498    51.280    -0.15    5.04
  45763.583    51.104    -0.47    4.93
  46141.591    51.007    -0.26    4.56
  46519.522    50.638    -0.98    4.11
  46897.376    50.840     0.54    4.11
  47275.154    50.591    -0.66    3.76
  47652.855    49.887    -1.86    3.80
  48030.479    49.112    -2.05    3.23
  48408.027    47.852    -3.34    3.48
  48785.498    46.486    -3.62    3.71
  49162.893    45.075    -3.74    3.89
  49540.211    44.163    -2.42    3.36
  49917.453    44.723     1.48    3.48
  50294.619    46.163     3.82    3.80
  50671.708    48.574     6.39    3.07
  51048.721    48.749     0.46    2.91
  51425.657    47.569    -3.13    4.02
  51802.518    45.705    -4.94    4.39
  52179.302    45.494    -0.56    4.29
  52556.010    47.299     4.79    4.62
  52932.643    49.153     4.92    3.36
  53309.199    49.377     0.60    2.84
  53685.679    48.957    -1.12    2.88
  54062.084    50.411     3.86    3.92
  54438.412    52.993     6.86    4.78
  54814.665    55.904     7.74    5.24
  55190.842    58.851     7.83    5.33
  55566.943    60.343     3.97    4.33
  55942.969    60.264    -0.21    4.00
  56318.918    59.321    -2.51    3.71
  56694.793    57.850    -3.91    3.69
  57070.592    55.189    -7.08    4.83
  57446.315    52.490    -7.18    4.73
  57821.963    51.244    -3.32    3.60
  58197.535    50.851    -1.05    2.93
  58573.032    52.013     3.10    3.45
  58948.454    52.965     2.54    3.43
  59323.800    53.682     1.91    3.26
  59699.072    52.676    -2.68    4.39
  60074.268    47.703   -13.25    9.62
  60449.389    38.876   -23.53   13.26
  60824.434    29.782   -24.25   12.26
  61199.405    22.626   -19.08    6.70
  61574.301    21.115    -4.03    3.89
  61949.122    22.228     2.97    4.86
  62323.868    25.387     8.43    6.60
  62698.539    28.161     7.41    6.60
  63073.135    30.033     4.99    6.70
  63447.656    31.351     3.52    6.18
  63822.103    32.217     2.31    5.30
  64196.475    32.471     0.68    4.88
  64570.772    30.233    -5.98    5.04
  64944.995    27.542    -7.19    4.73
  65319.143    25.038    -6.69    3.55
  65693.217    23.947    -2.91    2.31
  66067.216    23.434    -1.37    1.97
  66441.141    22.769    -1.78    2.76
  66814.991    22.276    -1.32    2.98
  67188.767    21.209    -2.85    3.28
  67562.469    20.332    -2.35    3.62
  67936.096    20.092    -0.64    3.30
  68309.650    20.376     0.76    3.24
  68683.129    21.425     2.81    2.78
  69056.534    22.949     4.08    2.57
  69429.865    23.703     2.02    2.99
  69803.122    24.063     0.96    2.98
  70176.304    24.157     0.25    2.92
  70549.413    24.422     0.71    2.38
  70922.448    24.735     0.84    2.25
  71295.410    25.153     1.12    2.62
  71668.297    25.574     1.13    2.79
  72041.111    25.804     0.62    2.48
  72413.850    25.310    -1.33    2.15
  72786.517    24.546    -2.05    1.66
  73159.109    24.276    -0.72    1.80
  73531.628    24.520     0.65    2.25
  73904.073    25.220     1.88    2.48
  74276.445    26.356     3.05    2.74
  74648.744    27.321     2.59    3.28
  75020.969    27.873     1.48    3.67
  75393.120    27.338    -1.44    3.14
  75765.199    27.666     0.88    2.91
  76137.204    28.238     1.54    3.14
  76509.135    28.713     1.28    2.79
  76880.994    29.519     2.17    2.48
  77252.779    30.345     2.22    2.06
  77624.491    30.409     0.17    2.16
  77996.130    29.792    -1.66    2.83
  78367.697    29.104    -1.85    3.23
  78739.190    27.721    -3.72    3.22
  79110.610    27.270    -1.21    3.40
  79481.957    27.142    -0.35    3.30
  79853.231    27.658     1.39    3.42
  80224.433    28.352     1.87    3.27
  80595.562    28.973     1.67    3.23
  80966.618    28.642    -0.89    3.20
  81337.601    28.939     0.80    3.05
  81708.512    31.134     5.92    3.48
  82079.350    31.860     1.96    3.58
  82450.115    32.460     1.62    3.09
  82820.808    33.040     1.57    3.13
  83191.429    31.894    -3.09    2.81
  83561.977    31.486    -1.10    2.89
  83932.452    32.096     1.65    2.99
  84302.855    32.093    -0.01    3.01
  84673.186    33.215     3.03    3.44
  85043.445    33.827     1.65    3.75
  85413.631    34.571     2.01    3.33
  85783.746    34.898     0.88    2.97
  86153.788    33.929    -2.62    2.31
  86523.758    32.057    -5.06    2.96
  86893.656    31.411    -1.75    3.02
  87263.482    31.491     0.22    2.82
  87633.235    31.747     0.69    2.47
  88002.917    32.851     2.98    2.21
  88372.527    33.393     1.47    2.17
  88742.066    33.793     1.08    2.09
  89111.532    34.104     0.84    1.77
  89480.927    33.602    -1.36    2.13
  89850.250    32.434    -3.16    3.31
  90219.501    31.355    -2.92    3.54
  90588.680    30.327    -2.78    3.37
  90957.788    30.038    -0.78    3.33
  91326.825    29.620    -1.13    3.34
  91695.789    31.243     4.40    3.60
  92064.683    31.862     1.68    3.52
  92433.505    32.501     1.73    3.19
  92802.255    33.274     2.10    3.24
  93170.934    32.153    -3.04    3.78
  93539.542    31.524    -1.71    3.89
  93908.079    29.928    -4.33    3.47
  94276.544    28.525    -3.81    3.35
  94644.938    27.671    -2.32    3.23
  95013.261    27.345    -0.89    2.70
  95381.513    27.493     0.40    2.50
  95749.694    28.299     2.19    2.16
  96117.804    28.566     0.73    1.94
  96485.843    28.917     0.95    1.96
  96853.810    29.655     2.01    2.02
  97221.707    30.178     1.42    1.91
  97589.533    30.176    -0.00    2.11
  97957.289    29.002    -3.19    2.79
  98324.973    27.626    -3.74    3.03
  98692.587    26.681    -2.57    2.87
  99060.130    26.114    -1.54    2.72
  99427.602    25.622    -1.34    2.66
  99795.004    25.676     0.15    2.63
 100162.335    26.043     1.00    2.81
 100529.595    26.793     2.04    3.15
 100896.785    27.918     3.06    2.81
 101263.905    29.063     3.12    2.45
 101630.954    28.965    -0.27    2.58
 101997.933    29.085     0.33    2.41
 102364.841    28.628    -1.25    2.42
 102731.680    27.293    -3.64    2.86
 103098.448    26.650    -1.75    2.80
 103465.145    27.079     1.17    2.63
 103831.773    28.411     3.63    3.51
 104198.330    30.293     5.13    3.16
 104564.817    31.356     2.90    2.90
 104931.235    33.007     4.50    2.51
 105297.582    33.077     0.19    2.34
 105663.859    32.747    -0.90    2.73
 106030.066    32.602    -0.40    3.11
 106396.204    32.023    -1.58    3.35
 106762.271    32.040     0.05    3.62
 107140.880    31.990    -0.13    3.20
 107521.450    31.894    -0.25    2.85
 107901.944    32.126     0.61    2.40
 108282.361    31.883    -0.64    1.71
 108662.702    32.134     0.66    2.29
 109042.967    31.928    -0.54    2.77
 109423.156    31.103    -2.17    2.94
 109803.268    30.758    -0.91    2.65
 110183.304    30.984     0.59    2.00
 110563.264    31.701     1.89    2.23
 110943.148    32.793     2.87    2.39
 111322.957    33.630     2.20    2.68
 111702.689    34.692     2.80    3.12
 112082.345    35.110     1.10    2.97
 112461.925    36.207     2.89    3.30
 112841.430    36.660     1.19    3.32
 113220.859    35.928    -1.93    3.26
 113600.212    35.414    -1.35    4.02
 113979.489    33.793    -4.27    3.77
 114358.691    32.185    -4.24    2.89
 114737.817    32.002    -0.48    2.85
 115116.868    32.045     0.11    2.72
 115495.843    33.071     2.71    2.97
 115874.743    34.816     4.60    2.86
 116253.567    36.191     3.63    2.85
 116632.316    37.514     3.49    2.68
 117010.990    38.198     1.81    2.48
 117389.588    38.299     0.27    2.86
 117768.111    37.816    -1.28    2.99
 118146.559    37.418    -1.05    2.91
 118524.932    37.849     1.14    3.18
 118903.230    37.769    -0.21    3.72
 119281.453    35.523    -5.94    5.89
 119659.600    32.600    -7.73    6.45
 120037.673    32.161    -1.16    5.82
 120415.671    33.175     2.68    5.83
 120793.594    35.850     7.08    5.23
 121171.442    38.759     7.70    2.70
 121549.215    39.322     1.49    2.84
 121926.914    38.134    -3.14    3.71
 122304.538    36.374    -4.66    3.98
 122682.087    34.816    -4.13    3.18
 123059.561    34.816     0.00    2.96
 123436.961    35.535     1.90    3.12
 123814.287    35.700     0.44    3.48
 124191.538    36.737     2.75    3.53
 124568.714    36.651    -0.23    3.72
 124945.817    37.009     0.95    3.22
 125322.844    36.888    -0.32    3.13
 125699.798    36.580    -0.82    3.39
 126076.677    35.938    -1.70    3.26
 126453.482    35.310    -1.67    3.14
 126830.213    34.590    -1.91    3.18
 127206.870    34.552    -0.10    2.76
 127583.453    35.624     2.85    3.24
 127959.961    36.973     3.58    3.32
 128336.396    38.999     5.38    2.73
 128712.757    38.954    -0.12    3.07
 129089.043    38.402    -1.47    3.66
 129465.256    37.816    -1.56    3.76
 129841.395    37.060    -2.01    3.69
 130217.460    37.927     2.30    5.01
 130593.452    38.463     1.43    6.43
 130969.370    39.360     2.39    7.53
 131345.214    41.985     6.98    7.96
 131720.985    44.322     6.22    7.44
 132096.682    46.036     4.56    7.59
 132472.305    48.304     6.04    5.85
 132847.855    49.317     2.69    4.72
 133223.332    49.997     1.81    4.18
 133598.735    49.587    -1.09    3.98
 133974.064    50.060     1.26    3.83
 134349.321    50.575     1.37    2.54
 134724.504    50.517    -0.16    1.61
 135099.614    50.256    -0.70    2.17
 135474.651    49.588    -1.78    2.26
 135849.615    49.557    -0.08    2.26
 136224.505    50.931     3.66    2.79
 136599.323    51.269     0.90    2.87
 136974.067    51.027    -0.65    2.97
 137348.739    50.245    -2.09    3.12
 137723.337    50.505     0.70    3.13
 138097.863    50.341    -0.44    3.07
 138472.316    49.554    -2.10    3.31
 138846.696    48.621    -2.49    3.31
 139221.003    46.977    -4.39    2.05
 139595.238    46.551    -1.14    2.48
 139969.399    47.015     1.24    3.38
 140343.489    47.467     1.21    3.59
 140717.505    49.725     6.04    3.49
 141091.449    51.195     3.93    3.28
 141465.321    52.701     4.03    3.28
 141839.120    54.438     4.65    2.27
 142212.847    53.634    -2.15    2.61
 142586.501    52.947    -1.84    2.89
 142960.083    51.827    -3.00    2.29
 143333.593    51.499    -0.88    1.92
 143707.030    52.770     3.40    2.71
 144080.395    54.414     4.40    2.45
 144453.688    54.862     1.20    3.11
 144826.909    54.261    -1.61    4.36
 145200.058    53.563    -1.87    4.57
 145573.135    51.587    -5.29    5.92
 145946.139    51.027    -1.50    6.73
 146319.072    50.483    -1.46    7.02
 146691.933    48.368    -5.67    7.34
 147064.722    46.983    -3.71    6.86
 147437.439    47.184     0.54    5.98
 147810.084    46.935    -0.67    6.77
 148182.658    45.350    -4.26    8.17
 148555.160    41.604   -10.05    8.40
 148927.590    36.429   -13.89    6.98
 149299.948    33.661    -7.43    5.30
 149672.235    34.560     2.41    5.47
 150044.451    36.188     4.37    6.76
 150416.594    37.712     4.10    7.13
 150788.667    38.253     1.45    7.33
 151160.668    36.247    -5.39    8.03
 151532.597    35.063    -3.18    8.80
 151904.456    34.213    -2.28    9.74
 152276.242    35.386     3.15    9.87
 152647.958    37.095     4.60    9.10
 153019.602    39.668     6.92    7.95
 153391.176    42.040     6.38    6.17
 153762.678    43.213     3.16    7.58
 154134.109    42.701    -1.38   10.12
 154505.468    41.414    -3.47   11.14
 154876.757    40.560    -2.30   10.66
 155247.975    39.402    -3.12    9.12
 155619.122    36.322    -8.30    6.35
 155990.198    33.975    -6.32    4.10
 156361.203    33.745    -0.62    4.11
 156732.138    35.011     3.41    5.60
 157103.001    35.597     1.58    6.83
 157473.794    36.712     3.01    7.39
 157844.516    38.817     5.68    6.85
 158215.168    41.247     6.56    6.00
 158585.748    43.341     5.65    5.73
 158956.259    44.321     2.65    5.22
 159326.698    46.219     5.12    5.23
 159697.067    46.588     1.00    4.57
 160067.366    46.209    -1.02    4.25
 160437.595    46.213     0.01    3.81
 160807.752    44.451    -4.76    4.34
 161177.840    43.225    -3.31    4.03
 161547.857    43.197    -0.07    3.97
 161917.804    43.338     0.38    4.45
 162287.681    43.691     0.95    4.50
 162657.488    44.898     3.27    3.99
 163027.224    44.658    -0.65    4.52
 163396.891    43.145    -4.09    3.96
 163766.487    42.839    -0.83    4.27
 164136.013    42.874     0.10    3.97
 164505.470    42.588    -0.77    4.04
 164874.856    43.126     1.45    3.97
 165244.173    43.402     0.75    3.90
 165613.419    43.207    -0.53    3.53
 165982.596    42.620    -1.59    3.59
 166351.703    41.397    -3.31    2.58
 166720.740    41.345    -0.14    2.28
 167089.708    41.658     0.85    2.69
 167458.606    42.077     1.14    3.24
 167827.434    41.925    -0.41    4.19
 168196.193    41.965     0.11    4.13
 168564.882    41.498    -1.27    3.68
 168933.501    42.253     2.05    3.90
 169302.051    42.781     1.43    4.22
 169670.532    42.595    -0.50    4.23
 170038.943    43.851     3.41    3.91
 170407.285    44.316     1.26    3.43
 170775.558    45.095     2.12    3.73
 171143.761    45.246     0.41    3.82
 171511.896    44.977    -0.73    3.98
 171879.960    45.661     1.86    3.74
 172247.956    45.839     0.48    3.59
 172615.883    45.372    -1.27    3.46
 172983.740    43.955    -3.85    4.59
 173351.529    42.329    -4.42    4.70
 173719.248    40.997    -3.62    4.06
 174086.899    40.756    -0.66    3.81
 174454.481    42.230     4.01    3.41
 174821.993    43.040     2.20    3.77
 175189.437    43.908     2.36    3.97
 175556.812    44.455     1.49    3.74
 175924.119    43.828    -1.71    4.55
 176291.356    41.922    -5.19    5.23
 176658.525    39.955    -5.36    4.82
 177025.625    39.514    -1.20    4.70
 177392.657    40.054     1.47    5.51
 177759.620    40.758     1.92    5.52
 178126.515    42.280     4.15    5.92
 178493.341    42.103    -0.48    5.67
 178860.098    39.963    -5.83    6.25
 179226.787    38.874    -2.97    6.42
 179593.408    37.634    -3.38    5.23
 179959.960    39.391     4.79    5.59
 180326.444    42.853     9.45    4.32
 180692.860    43.931     2.94    3.50
 181059.208    44.770     2.29    3.37
 181425.487    45.419     1.77    3.55
 181800.086    45.668     0.67    3.67
 182180.503    44.862    -2.12    4.23
 182560.845    44.443    -1.10    4.42
 182941.113    43.316    -2.96    4.65
 183321.307    43.095    -0.58    4.69
 183701.426    44.942     4.86    3.97
 184081.471    46.257     3.46    3.00
 184461.442    46.643     1.02    2.46
 184841.339    46.891     0.65    2.64
 185221.162    46.444    -1.18    2.91
 185600.911    47.060     1.62    3.38
 185980.585    47.184     0.32    3.75
 186360.186    46.971    -0.56    3.99
 186739.713    47.236     0.70    3.90
 187119.166    46.840    -1.04    3.92
 187498.545    47.176     0.89    3.71
 187877.851    48.626     3.82    4.27
 188257.083    48.455    -0.45    4.37
 188636.241    48.211    -0.64    4.15
 189015.325    48.007    -0.54    4.77
 189394.336    47.640    -0.97    4.84
 189773.273    47.118    -1.38    5.15
 190152.137    45.157    -5.18    4.88
 190530.927    43.397    -4.65    3.89
 190909.644    42.919    -1.26    3.57
 191288.288    44.238     3.48    4.47
 191666.858    47.345     8.20    5.32
 192045.354    48.911     4.14    4.81
 192423.778    47.230    -4.44    8.00
 192802.128    45.997    -3.26    8.52
 193180.405    44.620    -3.64    8.11
 193558.609    45.459     2.22    8.81
 193936.740    45.066    -1.04    7.94
 194314.798    42.866    -5.82    8.62
 194692.783    41.153    -4.53    8.18
 195070.695    39.780    -3.63    9.02
 195448.534    38.816    -2.55    9.98
 195826.300    41.190     6.28   11.76
 196203.993    42.851     4.40   12.32
 196581.614    45.828     7.88   10.25
 196959.161    46.356     1.40    7.85
 197336.636    45.357    -2.65    5.62
 197714.039    45.225    -0.35    4.71
 198091.368    44.997    -0.60    4.55
 198468.625    45.595     1.58    3.15
 198845.810    45.421    -0.46    2.46
 199222.922    44.935    -1.29    2.66
 199599.961    42.747    -5.80    4.42
 199976.928    40.666    -5.52    5.02
 200353.823    38.638    -5.38    3.46
 200730.645    38.448    -0.50    3.14
 201107.396    39.034     1.56    3.21
 201484.073    39.792     2.01    3.30
 201860.679    39.630    -0.43    4.08
 202237.212    38.886    -1.98    4.42
 202613.674    37.988    -2.38    4.02
 202990.063    37.051    -2.49    3.08
 203366.380    36.642    -1.09    2.25
 203742.625    36.182    -1.22    2.30
 204118.798    34.574    -4.27    3.63
 204494.900    32.981    -4.24    4.06
 204870.929    31.379    -4.26    3.03
 205246.886    30.585    -2.11    2.04
 205622.772    31.298     1.90    2.64
 205998.586    31.390     0.24    2.58
 206374.328    30.586    -2.14    3.05
 206749.999    30.064    -1.39    3.36
 207125.598    29.258    -2.14    2.78
 207501.125    29.142    -0.31    2.43
 207876.580    30.345     3.21    2.29
 208251.965    31.467     2.99    2.18
 208627.277    32.241     2.06    2.50
 209002.519    32.292     0.14    2.45
 209377.688    32.583     0.78    2.09
 209752.787    32.954     0.99    2.05
 210127.814    33.616     1.76    1.78
 210502.770    34.304     1.84    1.54
 210877.655    34.698     1.05    1.23
 211252.468    34.417    -0.75    1.13
 211627.211    34.236    -0.48    1.13
 212001.882    33.904    -0.89    1.32
 212376.482    34.328     1.13    1.64
 212751.011    35.067     1.97    2.05
 213125.469    36.397     3.55    2.51
 213499.856    37.607     3.23    1.91
 213874.172    38.361     2.01    1.98
 214248.418    39.138     2.07    2.07
 214622.592    39.609     1.26    1.99
 214996.696    39.496    -0.30    2.15
 215370.729    37.863    -4.36    3.09
 215744.691    36.681    -3.16    2.43
 216118.583    36.333    -0.93    2.11
 216492.404    36.385     0.14    2.00
 216866.154    36.632     0.66    1.67
 217239.834    35.965    -1.78    1.94
 217613.443    35.502    -1.24    2.09
 217986.982    35.654     0.41    2.11
 218360.450    36.479     2.21    2.21
 218733.848    37.442     2.58    2.00
 219107.176    38.207     2.05    1.54
 219480.433    38.704     1.33    1.45
 219853.620    38.607    -0.26    1.77
 220226.737    38.379    -0.61    2.09
 220599.783    38.245    -0.36    2.24
 220972.760    37.829    -1.11    2.26
 221345.666    38.098     0.72    2.13
 221718.502    38.229     0.35    2.33
 222091.268    37.532    -1.87    2.49
 222463.965    37.167    -0.98    2.41
 222836.591    36.409    -2.03    2.00
 223209.147    36.002    -1.09    1.80
 223581.634    36.675     1.81    1.91
 223954.050    37.014     0.91    1.66
 224326.397    38.184     3.14    2.09
 224698.674    39.533     3.62    2.14
 225070.881    40.514     2.63    2.08
 225443.019    41.854     3.60    1.61
 225815.087    43.165     3.52    2.21
 226187.085    44.570     3.78    2.30
 226559.014    46.624     5.52    3.24
 226930.873    49.261     7.09    3.75
 227302.663    51.689     6.53    3.60
 227674.383    54.054     6.36    3.07
 228046.034    55.241     3.19    2.29
 228417.615    55.109    -0.35    2.37
 228789.127    54.269    -2.26    2.35
 229160.570    53.364    -2.44    1.88
 229531.944    52.724    -1.72    1.34
 229903.248    52.545    -0.48    1.54
 230274.483    51.604    -2.53    2.10
 230645.649    50.684    -2.48    2.12
 231016.746    50.793     0.29    2.50
 231387.774    51.816     2.76    3.20
 231758.733    53.554     4.69    3.40
 232129.623    54.900     3.63    3.61
 232500.443    56.293     3.76    3.70
 232871.195    56.947     1.76    3.50
 233241.878    57.684     1.99    3.09
 233612.493    59.246     4.21    3.54
 233983.038    60.863     4.36    4.07
 234353.515    62.993     5.75    4.05
 234723.923    64.616     4.38    3.98
 235094.262    65.495     2.37    4.06
 235464.533    67.109     4.36    4.14
 235834.735    68.444     3.60    4.37
 236204.868    69.624     3.19    4.35
 236574.933    70.711     2.94    3.57
 236944.929    71.204     1.33    3.43
 237314.857    71.983     2.10    3.20
 237684.717    72.604     1.68    3.67
 238054.508    73.240     1.72    3.69
 238424.231    73.479     0.65    3.97
 238793.885    72.921    -1.51    4.58
 239163.472    72.229    -1.87    4.47
 239532.990    71.374    -2.31    3.83
 239902.439    69.901    -3.99    3.58
 240271.821    67.850    -5.55    3.76
 240641.135    64.560    -8.91    6.06
 241010.380    60.459   -11.11    7.25
 241379.558    57.134    -9.01    7.14
 241748.667    53.557    -9.69    6.40
 242117.708    51.502    -5.57    4.67
 242486.682    50.853    -1.76    3.06
 242855.588    51.551     1.89    3.28
 243224.425    53.083     4.15    2.79
 243593.195    53.393     0.84    2.06
 243961.898    53.684     0.79    2.08
 244330.532    54.487     2.18    2.22
 244699.099    55.444     2.60    2.94
 245067.598    57.455     5.46    3.79
 245436.029    59.804     6.37    3.03
 245804.393    61.269     3.97    2.81
 246172.689    63.842     6.99    3.75
 246540.918    66.322     6.73    4.61
 246909.079    69.817     9.49    5.15
 247277.173    72.653     7.70    4.49
 247645.200    75.260     7.08    3.68
 248013.159    77.357     5.70    3.62
 248381.051    78.961     4.36    4.12
 248748.875    80.211     3.40    4.28
 249116.632    80.594     1.04    4.15
 249484.322    81.328     2.00    3.96
 249851.945    82.371     2.84    3.46
 250219.501    82.828     1.25    3.09
 250586.989    82.971     0.39    2.84
 250954.410    83.204     0.63    3.03
 251321.765    83.898     1.89    3.90
 251689.052    84.463     1.54    4.38
 252056.273    85.085     1.69    4.80
 252423.426    84.621    -1.26    5.05
 252790.513    82.828    -4.89    3.91
 253157.533    82.422    -1.11    3.22
 253524.486    82.711     0.79    2.63
 253891.372    83.291     1.58    2.24
 254258.191    83.651     0.98    2.62
 254624.944    83.081    -1.55    3.39
 254991.630    81.607    -4.02    3.90
 255358.249    81.027    -1.58    3.99
 255724.802    82.673     4.49    5.09
 256091.288    84.973     6.27    5.42
 256462.195    88.961    10.75    4.66
 256842.460    92.687     9.80    5.39
 257222.653    94.852     5.69    5.07
 257602.773    96.817     5.17    4.78
 257982.820    99.098     6.00    4.33
 258362.796   100.654     4.09    4.42
 258742.699   102.351     4.46    3.78
 259122.530   103.154     2.11    3.52
 259502.289   103.157     0.01    2.81
 259881.976   102.629    -1.39    3.05
 260261.590   101.528    -2.90    3.97
 260641.133    98.463    -8.08    5.33
 261020.604    94.599   -10.18    6.35
 261400.002    90.768   -10.10    5.13
 261779.329    90.423    -0.91    4.90
 262158.584    93.781     8.85    7.46
 262537.767    97.947    10.98    7.39
 262916.879   101.419     9.16    6.16
 263295.918   102.695     3.37    5.96
 263674.886   102.715     0.05    5.20
 264053.782   102.819     0.27    4.59
 264432.607   103.327     1.34    3.39
 264811.360   103.186    -0.37    2.64
 265190.041   103.575     1.03    2.85
