# NaN NaN NaN ;Mean Elev.(m), Avg Gradient(m/km), RMS Gradient(m/km) - SRTM1     
#    1.546  -1.116   4.810 ;Mean Elev.(m), Avg Gradient(m/km), RMS Gradient(m/km) - ASTER GDEM
#    0.000  -0.885   4.284 ;Mean Elev.(m), Avg Gradient(m/km), RMS Gradient(m/km) - GMTED2010 
  6  83.439086  70.563466     0.855     0.840  4 52419.25457373 10.191
  8  83.446040  70.570459    -0.751    -0.723  9 52489.25457487 28.462
  9  83.432776  70.571223    -0.426    -0.329 13 52524.25455138 23.296
 11  83.437787  70.570033    -0.502    -0.490 11 52594.25460435 26.742
 13  83.443994  70.570636     0.111     0.089 10 52664.25456578 13.455
 14  83.473712  70.571231    -0.258    -0.291  4 52699.25453902 11.203
 15  83.447854  70.570338     0.081     0.084  9 52734.25456675 10.525
 16  83.426000  70.570329     0.200     0.174 14 52769.25456371 25.615
 17  83.463134  70.568693     2.022     2.061  6 52804.25459125 16.586
 18  83.458189  70.568933    -1.602    -1.550  7 52839.25465375 22.321
 19  83.454279  70.570526    -0.691    -0.631  8 52874.25469313 26.588
 21  83.474212  70.569787     0.011     0.011  4 52944.25460431 30.884
 22  83.458184  70.569991     0.312     0.338  8 52979.25465839 19.663
 23  83.437088  70.571008     0.070     0.081 11 53014.25465683 13.555
 24  83.462863  70.570847    -0.279    -0.304  7 53049.25462812 11.758
 25  83.433109  70.571243    -0.192    -0.191 13 53084.25466470 10.281
 26  83.455519  70.570464    -0.447    -0.452  8 53119.25463437  9.574
 27  83.441086  70.566945     0.328     0.450  7 53154.25468700 18.545
 28  83.454661  70.569987     0.278     0.296  8 53189.25467545 15.229
 29  83.441772  70.569884    -0.412    -0.125 10 53224.25468952 14.861
 30  83.427584  70.570854     0.063     0.077 14 53259.25466482 16.627
 31  83.449712  70.569650    -0.889    -1.072  9 53294.25468948 23.898
 32  83.448068  70.571306     0.095     0.083 10 53329.25466259 16.741
 34  83.454297  70.570116    -0.429    -0.404  8 53399.25463773 11.602
 35  83.437735  70.570663    -0.224    -0.224 11 53434.25462857 10.498
 36  83.456923  70.569322    -0.176    -0.200  7 53469.25467067  9.854
 37  83.442652  70.571369     1.125     1.164 11 53504.25471430 10.983
 38  83.442509  70.569727     1.076     1.115 10 53539.25471269 18.138
 39  83.435664  70.570740    -0.876    -0.648 11 53574.25471023 34.536
 40  83.425422  70.569994     0.333     0.370 15 53609.25466072 15.102
 41  83.462801  70.570447    -0.804    -1.048  7 53644.25466200 16.658
 42  83.439175  70.571197     0.293     0.283 11 53679.25468038 36.255
 43  83.435882  70.570251    -0.518    -0.528 11 53714.25460890 18.958
 44  83.472746  70.570143     0.018     0.032  4 53749.25452291 14.835
 45  83.447237  70.570827     0.046     0.026 10 53784.25455410 12.892
 46  83.425150  70.570041    -0.202    -0.230 15 53819.25451591 11.148
 47  83.452968  70.570309    -0.206    -0.228  9 53854.25459537 10.081
 48  83.453957  70.568391     1.007     1.005  8 53889.25460440 31.744
 49  83.441749  70.571222    -0.065    -0.056 10 53924.25467109 16.136
 50  83.430084  70.569533    -0.951    -1.078 13 53959.25466238 30.880
 51  83.478774  70.570789    -0.167    -0.132  3 53994.25459249 32.151
 52  83.462343  70.569940    -0.048    -0.044  6 54029.25465183 35.608
 53  83.447285  70.571010    -0.079    -0.068 10 54064.25464594 19.289
 54  83.432608  70.570811     0.076     0.081 12 54099.25461275 15.601
 55  83.460818  70.569543    -0.598    -0.571  7 54134.25457010 13.131
 57  83.459045  70.569346     0.582     0.608  7 54204.25457442  4.601
 59  83.447425  70.570900     1.238     1.211  9 54274.25462600 53.043
 60  83.448375  70.569424    -0.878    -0.897  9 54309.25462797 29.248
 61  83.433684  70.570707     0.002     0.013 13 54344.25460519 37.413
 62  83.457374  70.570661     0.684     0.732  8 54379.25456336 15.872
 63  83.442969  70.571104    -0.090    -0.082 11 54414.25455301 20.781
 64  83.459688  70.569103     0.033     0.013  7 54449.25453056 14.687
 65  83.449410  70.569889    -0.684    -0.716  9 54484.25454732 11.268
 66  83.457446  70.569203    -0.564    -0.568  7 54519.25454427 10.156
 67  83.436240  70.570975    -0.071    -0.053 12 54554.25455916  9.531
 68  83.452936  70.570587     0.084     0.098  9 54589.25453984  7.587
 69  83.442741  70.569770     3.437     3.293 10 54624.25455761 18.704
 70  83.446893  70.571076     0.085     0.076  9 54659.25456594 15.221
 71  83.441718  70.571597    -0.679    -0.642 10 54694.25454611 28.659
 72  83.458445  70.570860    -0.398    -0.305  8 54729.25451992 20.716
 73  83.446430  70.570295     1.064     1.055 10 54764.25452434 42.196
 74  83.460127  70.569282    -0.196    -0.195  7 54799.25451376 17.572
 75  83.443935  70.569997    -0.033    -0.035 10 54834.25451510 13.766
 76  83.460902  70.569167    -0.303    -0.321  7 54869.25451055 12.237
 77  83.431511  70.570092    -0.043    -0.058 12 54904.25452484 10.639
 78  83.456406  70.570712     0.464     0.478  8 54939.25450144 10.199
 79  83.451974  70.571527    -0.066    -0.223  9 54974.25453217 21.562
 80  83.441973  70.570703     1.216     1.238 10 55009.25454628 17.842
 81  83.449291  70.570503    -1.919    -1.922 10 55044.25453606 23.871
 82  83.435469  70.570673    -0.366    -0.389 12 55079.25451297 28.293
 83  83.455091  70.570357    -0.947    -0.829  8 55114.25446832 29.941
 84  83.445691  70.571124    -0.595    -0.643 10 55149.25446861 24.782
 85  83.458155  70.568668    -0.430    -0.405  7 55184.25445141 17.326
 86  83.441333  70.570703     0.178     0.307 10 55219.25446660 22.653
 87  83.457543  70.569356    -0.010    -0.059  8 55254.25444750 14.955
 88  83.431460  70.569968     0.159     0.173 12 55289.25445666 12.433
 89  83.445850  70.570655     0.270     0.225 10 55324.25443433  9.283
 90  83.439210  70.568190     3.258     3.047  8 55359.25443319 25.408
 91  83.453571  70.569611    -1.333    -1.301  8 55394.25443667 23.038
 92  83.448469  70.569695     0.146     0.146  9 55429.25444830 14.113
 93  83.434068  70.571169    -0.669    -0.639 12 55464.25441129 31.703
