# NaN NaN NaN ;Mean Elev.(m), Avg Gradient(m/km), RMS Gradient(m/km) - SRTM1     
#  -11.120  -2.533   6.302 ;Mean Elev.(m), Avg Gradient(m/km), RMS Gradient(m/km) - ASTER GDEM
#    1.000  -1.733   4.447 ;Mean Elev.(m), Avg Gradient(m/km), RMS Gradient(m/km) - GMTED2010 
  6  86.640679  67.015387    16.441    16.426  6 52420.23337290 38.056
  7  86.639505  67.020363    11.583    11.685  4 52455.23339604 21.051
  8  86.642240  67.016562     1.921     1.937  4 52490.23337178 25.369
  9  86.639106  67.027503     6.398     2.519  4 52525.23334860 23.309
 10  86.640409  67.012120     2.224     1.157  6 52560.23340020 25.332
 11  86.638655  67.022990     0.327     0.349  5 52595.23340555 22.688
 12  86.644836  67.007813    10.051     9.978  7 52630.23334135 11.661
 14  86.643997  67.000863    10.873    10.822  9 52700.23334364 10.446
 15  86.638839  67.015577    14.847    12.194  5 52735.23337350  8.271
 16  86.637061  67.027333     1.293     1.257  5 52770.23335810 40.504
 17  86.644291  67.008136    19.781    20.145  7 52805.23339881 18.764
 18  86.647241  67.013197     3.825     4.029  5 52840.23345893 29.118
 19  86.642493  67.013840     1.463     1.472  6 52875.23349813 49.440
 20  86.639266  67.018418     1.724     1.747  6 52910.23346793 50.870
 21  86.644152  66.998934     0.796     0.814 10 52945.23341384 31.928
 23  86.638251  67.023368     6.776     5.599  5 53015.23345465 10.557
 24  86.644357  67.008273     8.867     8.813  6 53050.23343160 14.178
 25  86.636653  67.026886    12.291     8.823  5 53085.23346471  9.305
 26  86.642878  67.013079     6.173     7.178  6 53120.23343706 14.120
 27  86.638882  67.016429    14.861    14.895  5 53155.23348959 28.731
 28  86.644799  67.014918     3.746     3.595  3 53190.23348017 19.879
 29  86.640603  67.019022     5.753     2.512  4 53225.23348896 22.571
 30  86.635702  67.027580     8.783     9.623  5 53260.23346212 21.577
 31  86.640344  67.016597     2.349     2.317  5 53295.23349271 44.376
 32  86.639915  67.016196     2.370     2.391  5 53330.23346573 17.419
 35  86.636827  67.020148     5.810     5.948  5 53435.23342960  9.015
 36  86.642422  67.012057    13.267    11.278  6 53470.23347675  8.828
 38  86.638151  67.017670    12.247    12.205  4 53540.23351589 21.942
 39  86.638752  67.024705     6.380     2.555  4 53575.23350874 26.654
 40  86.635897  67.027979     5.420     2.261  5 53610.23345901 23.935
 41  86.648818  67.012984     1.731     1.720  4 53645.23346454 28.827
 42  86.637851  67.022651     1.779     1.772  4 53680.23348032 41.345
 43  86.639412  67.022695     4.253     3.940  5 53715.23340823 13.501
 44  86.645110  67.001892    12.923    12.135 10 53750.23332825 10.025
 45  86.639333  67.015751     7.975     7.894  5 53785.23335635  9.593
 46  86.637664  67.029028    17.326    22.103  5 53820.23331288  7.725
 47  86.641522  67.014830     7.897     8.010  5 53855.23339930  7.690
 48  86.642426  67.010392    16.229    16.222  7 53890.23341023 50.448
 49  86.638986  67.022035     5.916     2.716  5 53925.23347290 25.634
 50  86.637610  67.027161     2.267     2.307  4 53960.23346059 27.774
 51  86.642327  66.995382    19.511    20.349 10 53995.23340195 18.703
 52  86.644639  67.009195     1.208     1.217  7 54030.23345578 45.630
 53  86.639592  67.016660     6.944     7.017  5 54065.23344852 12.812
 55  86.642674  67.009049    28.466    28.895  6 54135.23337523  5.258
 57  86.642682  67.009371     8.238     9.275  7 54205.23337982 17.500
 58  86.640462  67.015463    16.737    16.736  6 54240.23341248 34.738
 59  86.640180  67.016277     7.588     7.593  6 54275.23342848 47.381
 61  86.636184  67.023230     4.042     4.042  5 54345.23340433 51.176
 62  86.642498  67.011100    10.404    10.153  6 54380.23336706 22.105
 63  86.638958  67.020036     2.041     2.039  5 54415.23335340 50.012
 65  86.641071  67.014998    10.853    10.563  5 54485.23334946  8.955
 66  86.643994  67.011775    18.367    17.827  6 54520.23334821  8.127
 67  86.637138  67.022016    32.856    33.074  5 54555.23335947  7.173
 68  86.640241  67.012970     5.228     4.883  6 54590.23334385  9.455
 69  86.638900  67.017974    20.589    20.907  5 54625.23335977 21.066
 70  86.642056  67.019025     6.794     3.368  4 54660.23336780 24.688
 71  86.638440  67.020534     3.198     3.203  4 54695.23334620 51.192
 72  86.644410  67.012812     2.958     2.553  5 54730.23332382 26.764
 73  86.639285  67.015865     1.896     1.963  5 54765.23332557 21.987
 75  86.640436  67.018294     6.940     7.279  5 54835.23331629  9.884
 77  86.635735  67.024266     8.091     4.964  5 54905.23332425  9.301
 78  86.642478  67.012168    14.167    14.719  6 54940.23330678  9.393
 79  86.640537  67.015334     7.699     7.679  5 54975.23333602 38.059
 80  86.639061  67.019393     8.507     5.521  4 55010.23334717 20.337
 81  86.643299  67.017498     1.770     1.749  4 55045.23333801 28.495
 82  86.637371  67.023446     5.689     1.734  4 55080.23331211 18.715
 83  86.641392  67.011381    12.176    12.362  6 55115.23327145 21.290
 84  86.639225  67.017913     6.885     6.950  6 55150.23326979 19.303
 85  86.644007  67.011001    10.605    10.956  6 55185.23325566 11.835
 86  86.638020  67.018823     3.840     4.346  5 55220.23326767 14.054
 87  86.641490  67.009935    10.098    10.080  6 55255.23325213 10.037
 88  86.637298  67.024903     5.073     4.302  4 55290.23325574 10.224
 89  86.639690  67.017184     1.625     1.537  6 55325.23323663 15.531
 90  86.639217  67.019503    21.368    21.323  5 55360.23323385 16.677
 91  86.646197  67.016040     2.435     2.528  4 55395.23323945 30.172
 92  86.644319  67.018061     2.076     2.099  4 55430.23324931 28.929
 93  86.637349  67.024878     8.437    10.058  5 55465.23321010 28.530
