-178951.160   120.741     0.00   15.65
-178573.005   132.676    31.57   20.00
-178194.929   140.704    21.23   25.86
-177816.933   149.389    22.98   30.04
-177439.015   153.930    12.02   32.71
-177061.175   157.565     9.62   35.27
-176683.414   165.259    20.37   36.56
-176305.732   176.176    28.91   41.07
-175928.128   193.152    44.96   43.03
-175550.603   215.142    58.26   46.72
-175173.157   243.604    75.42   52.63
-174795.788   278.452    92.36   69.40
-174418.498   316.249   100.19   78.45
-174041.286   343.027    71.00   79.51
-173664.153   341.507    -4.03   78.26
-173287.098   319.229   -59.09   80.49
-172910.121   282.281   -98.02   80.00
-172533.222   237.002  -120.15   58.26
-172156.401   206.270   -81.56   49.02
-171779.658   175.613   -81.38   28.13
-171402.993   158.700   -44.91   20.51
-171026.406   145.890   -34.02   14.78
-170649.897   136.066   -26.10   15.44
-170273.465   128.413   -20.33   15.43
-169897.112   122.657   -15.30   15.93
-169520.836   116.390   -16.66   17.18
-169144.638   109.679   -17.84   20.19
-168768.517   103.602   -16.16   20.77
-168392.474    96.319   -19.37   20.09
-168016.509    93.161    -8.40   17.88
-167640.621    93.373     0.57   17.68
-167264.810    96.627     8.66   20.20
-166889.077   106.453    26.16   25.29
-166513.421   116.468    26.66   25.81
-166137.843   126.840    27.62   21.49
-165762.341   133.924    18.87   13.28
-165386.917   136.471     6.79   10.22
-165011.570   135.558    -2.43    8.92
-164636.300   136.297     1.97    9.42
-164261.108   136.070    -0.61    9.89
-163885.992   136.313     0.65   10.46
-163510.953   137.206     2.38    9.74
-163135.991   136.797    -1.09    8.99
-162761.106   136.638    -0.42    8.56
-162386.298   137.378     1.97    7.65
-162011.567   136.797    -1.55    8.30
-161636.912   134.421    -6.34   10.95
-161262.334   131.089    -8.90   11.71
-160887.833   129.951    -3.04   12.29
-160513.408   132.975     8.08   11.46
-160139.060   139.711    18.00    9.68
-159764.788   145.697    16.00    7.54
-159390.593   148.432     7.31    8.79
-159016.474   150.208     4.75   10.44
-158642.432   151.109     2.41   12.25
-158268.466   151.962     2.28   11.74
-157894.576   152.668     1.89   11.34
-157520.762   152.270    -1.07   10.63
-157147.025   150.929    -3.59   12.57
-156773.363   150.980     0.14   13.01
-156399.778   151.675     1.86   14.20
-156026.269   152.980     3.49   13.42
-155652.836   154.901     5.14   11.80
-155279.478   156.036     3.04   10.48
-154906.197   155.402    -1.70   10.32
-154532.991   153.667    -4.65    9.66
-154159.862   152.006    -4.45    9.20
-153786.808   150.645    -3.65    7.55
-153413.830   149.390    -3.36    5.81
-153040.927   149.178    -0.57    4.69
-152668.100   149.638     1.24    4.29
-152295.349   147.679    -5.26    4.65
-151922.673   145.664    -5.41    5.43
-151550.072   142.522    -8.43    6.24
-151177.548   140.391    -5.72    6.16
-150805.098   139.830    -1.50    6.36
-150432.724   141.120     3.46    6.22
-150060.425   144.237     8.37    6.00
-149688.201   145.544     3.51    5.76
-149316.053   146.942     3.75    4.06
-148943.980   145.841    -2.96    5.26
-148571.982   142.964    -7.74    5.85
-148200.059   141.369    -4.29    4.81
-147828.211   140.975    -1.06    4.17
-147456.438   141.471     1.33    3.93
-147084.740   142.235     2.06    4.62
-146713.117   141.265    -2.61    5.54
-146341.569   138.599    -7.17    7.11
-145970.095   136.227    -6.39    6.78
-145598.696   134.506    -4.63    6.79
-145227.372   134.206    -0.81    6.24
-144856.123   134.659     1.22    5.75
-144484.949   133.167    -4.02    5.11
-144113.849   132.442    -1.95    4.05
-143742.823   132.500     0.16    3.93
-143371.872   132.775     0.74    3.97
-143000.995   134.599     4.92    4.59
-142630.193   137.034     6.57    5.77
-142259.466   139.108     5.60    5.52
-141888.812   140.101     2.68    5.49
-141518.233   140.581     1.29    5.53
-141147.728   138.636    -5.25    6.01
-140777.297   135.820    -7.60    6.70
-140406.941   133.105    -7.33    6.63
-140036.658   130.169    -7.93    6.47
-139666.450   127.286    -7.79    7.27
-139296.315   124.716    -6.94    6.72
-138926.255   122.281    -6.58    5.60
-138556.268   119.692    -7.00    4.34
-138186.355   118.786    -2.45    4.50
-137816.517   117.337    -3.92    4.53
-137446.752   115.471    -5.05    4.95
-137077.060   110.786   -12.68    7.75
-136707.443   106.336   -12.04    7.77
-136337.899   102.685    -9.88    6.62
-135968.428    99.953    -7.40    4.89
-135599.032    98.884    -2.89    4.93
-135229.709    98.406    -1.29    5.19
-134860.459    98.841     1.18    5.78
-134491.283    99.081     0.65    5.03
-134122.180    97.895    -3.21    5.10
-133753.150    96.479    -3.84    5.45
-133384.194    94.632    -5.01    4.46
-133015.311    92.609    -5.49    3.95
-132646.501    91.530    -2.92    4.15
-132277.765    90.576    -2.59    3.55
-131909.101    91.171     1.61    3.31
-131540.511    92.104     2.53    2.93
-131171.994    92.918     2.21    3.13
-130803.550    93.508     1.60    3.01
-130435.178    93.733     0.61    2.89
-130066.880    95.698     5.34    4.46
-129698.655    99.168     9.42    7.48
-129330.502   103.028    10.49    8.34
-128962.422   107.530    12.23    6.68
-128594.415   111.145     9.82    6.66
-128226.481   113.738     7.05    5.98
-127858.619   115.656     5.21    4.69
-127490.830   116.257     1.63    3.44
-127123.113   115.566    -1.88    3.56
-126755.469   114.570    -2.71    3.77
-126387.898   113.863    -1.92    3.46
-126020.399   112.675    -3.23    2.91
-125652.972   111.657    -2.77    3.26
-125285.618   111.175    -1.31    3.88
-124918.336   109.741    -3.90    4.23
-124551.127   108.058    -4.58    3.48
-124183.989   106.472    -4.32    2.30
-123816.924   106.145    -0.89    2.09
-123449.931   107.081     2.55    2.81
-123083.010   108.918     5.01    3.86
-122716.161   110.494     4.30    4.00
-122349.385   111.412     2.51    3.24
-121982.680   112.219     2.20    2.82
-121616.047   112.497     0.76    3.03
-121249.486   113.075     1.58    3.33
-120882.997   114.397     3.61    3.49
-120516.580   117.167     7.56    5.25
-120150.234   119.681     6.86    5.88
-119783.960   122.025     6.40    4.84
-119417.758   123.752     4.72    3.67
-119051.628   123.665    -0.24    4.34
-118685.569   124.336     1.83    5.00
-118319.582   125.853     4.15    5.38
-117953.666   128.259     6.58    6.43
-117574.882   132.445    11.05    7.45
-117194.098   137.013    12.00    8.20
-116813.392   142.478    14.36    7.60
-116432.764   145.490     7.91    5.62
-116052.215   148.208     7.14    4.71
-115671.744   149.024     2.15    4.67
-115291.351   148.742    -0.74    4.24
-114911.037   149.672     2.45    2.44
-114530.800   150.685     2.66    3.05
-114150.642   152.091     3.70    3.64
-113770.562   153.786     4.46    3.83
-113390.559   156.190     6.33    4.89
-113010.635   159.341     8.29    6.51
-112630.789   162.303     7.80    5.57
-112251.020   164.453     5.66    4.46
-111871.330   163.547    -2.39    6.15
-111491.717   160.275    -8.62    8.02
-111112.182   157.099    -8.37    8.61
-110732.724   153.058   -10.65    7.65
-110353.344   150.016    -8.02    5.35
-109974.042   148.841    -3.10    4.07
-109594.817   149.651     2.14    4.63
-109215.670   151.907     5.95    4.35
-108836.600   154.662     7.27    5.64
-108457.608   155.193     1.40    6.91
-108078.693   154.570    -1.64    7.65
-107699.855   153.874    -1.84    7.02
-107321.095   152.671    -3.18    4.14
-106942.411   151.270    -3.70    3.94
-106563.805   148.456    -7.43    4.10
-106185.276   146.292    -5.72    4.08
-105806.824   144.740    -4.10    3.72
-105428.450   144.370    -0.98    3.89
-105050.152   142.696    -4.43    4.83
-104671.931   140.019    -7.08    6.61
-104293.787   135.206   -12.73    6.68
-103915.719   130.365   -12.81    5.76
-103537.729   127.731    -6.97    4.15
-103159.815   126.968    -2.02    3.36
-102781.978   127.019     0.14    2.93
-102404.218   127.183     0.43    2.37
-102026.534   127.408     0.60    2.94
-101648.927   129.115     4.52    4.21
-101271.396   131.530     6.40    4.51
-100893.942   133.050     4.03    3.77
-100516.564   131.943    -2.93    5.45
-100139.263   129.268    -7.09    6.42
 -99762.037   125.930    -8.85    7.50
 -99384.889   124.764    -3.09    7.83
 -99007.816   125.253     1.30    8.35
 -98630.820   126.319     2.83    8.76
 -98253.899   128.075     4.66    7.85
 -97877.055   128.741     1.77    6.80
 -97500.287   129.386     1.71    5.36
 -97123.595   128.933    -1.20    5.44
 -96746.979   126.575    -6.26    5.79
 -96370.439   123.268    -8.78    5.96
 -95993.975   118.621   -12.34    6.96
 -95617.586   113.705   -13.06    7.92
 -95241.273   101.370   -32.78   17.78
 -94865.036    85.912   -41.09   25.62
 -94488.875    71.297   -38.86   22.12
 -94112.790    61.579   -25.84   18.48
 -93736.780    58.597    -7.93   21.03
 -93360.845    64.211    14.93   20.55
 -92984.986    66.358     5.71   19.25
 -92609.203    66.067    -0.77   18.10
 -92233.495    67.595     4.07   17.73
 -91857.862    73.157    14.81   22.04
 -91482.305    82.853    25.82   24.39
 -91106.823    97.640    39.38   21.75
 -90731.416   107.632    26.62   18.34
 -90356.084   115.058    19.79   15.25
 -89980.828   121.475    17.10   11.57
 -89605.646   126.579    13.60   11.36
 -89230.540   133.397    18.18    9.45
 -88855.509   138.036    12.37    6.01
 -88480.553   140.213     5.81    4.13
 -88105.671   141.544     3.55    4.14
 -87730.865   143.841     6.13    6.13
 -87356.133   147.728    10.37    7.94
 -86981.476   153.112    14.37    7.58
 -86606.894   157.070    10.57    7.26
 -86232.387   159.719     7.08    5.86
 -85857.954   159.569    -0.40    6.07
 -85483.596   154.986   -12.24   10.48
 -85109.312   146.042   -23.90   14.92
 -84735.103   133.033   -34.76   15.35
 -84360.969   124.604   -22.53   11.73
 -83986.909   119.808   -12.82   10.76
 -83612.923   119.865     0.15   11.33
 -83239.012   122.364     6.68   11.74
 -82865.175   122.997     1.69   11.28
 -82491.412   123.423     1.14   10.10
 -82117.724   123.342    -0.22    7.48
 -81744.109   125.127     4.78    7.14
 -81370.569   126.617     3.99    8.12
 -80997.103   129.418     7.50    9.64
 -80623.711   130.182     2.05   11.17
 -80250.393   131.337     3.10   11.32
 -79877.149   132.157     2.20   10.98
 -79503.979   134.441     6.12   10.67
 -79130.882   136.342     5.09   10.42
 -78757.860   137.763     3.81    9.38
 -78384.911   139.336     4.22    8.81
 -78012.036   140.727     3.73    7.26
 -77639.235   141.347     1.66    6.49
 -77266.507   141.460     0.30    6.20
 -76893.853   141.160    -0.81    5.75
 -76521.273   140.952    -0.56    5.86
 -76148.766   141.197     0.66    6.05
 -75776.333   140.559    -1.71    6.50
 -75403.973   138.979    -4.24    7.49
 -75031.686   135.062   -10.52    8.70
 -74659.473   130.685   -11.76    8.53
 -74287.333   127.158    -9.48    8.29
 -73915.266   123.820    -8.97    7.07
 -73543.273   121.602    -5.96    6.78
 -73171.353   122.797     3.21    7.72
 -72799.506   124.240     3.88    7.96
 -72427.732   125.919     4.52    7.25
 -72056.031   126.753     2.24    5.86
 -71684.403   125.375    -3.71    5.04
 -71312.848   123.252    -5.71    4.46
 -70941.366   120.536    -7.31    4.79
 -70569.957   117.224    -8.92    4.56
 -70198.620   113.753    -9.35    4.39
 -69827.357   110.775    -8.02    4.14
 -69456.166   107.445    -8.97    4.86
 -69085.048   104.089    -9.04    4.29
 -68714.003   100.669    -9.22    3.99
 -68343.030    97.752    -7.86    4.23
 -67972.130    94.997    -7.43    3.81
 -67601.302    93.763    -3.33    3.47
 -67230.547    93.857     0.25    3.55
 -66859.864    95.388     4.13    4.38
 -66489.254    96.392     2.71    4.63
 -66118.716    95.830    -1.52    6.12
 -65748.251    93.166    -7.19    7.87
 -65377.858    89.336   -10.34    8.13
 -65007.537    86.218    -8.42    7.17
 -64637.288    84.204    -5.44    5.28
 -64267.111    83.388    -2.20    4.56
 -63897.007    84.022     1.71    4.43
 -63526.974    84.740     1.94    4.58
 -63157.014    85.161     1.14    4.63
 -62787.125    84.708    -1.22    4.05
 -62417.309    84.388    -0.87    4.26
 -62047.564    83.370    -2.75    4.80
 -61677.892    82.050    -3.57    3.94
 -61308.291    82.539     1.32    4.21
 -60938.762    83.879     3.63    3.94
 -60569.305    84.550     1.81    3.61
 -60199.919    83.339    -3.28    4.19
 -59830.605    81.343    -5.41    3.97
 -59461.363    78.357    -8.09    3.36
 -59092.192    78.182    -0.47    3.78
 -58723.093    77.738    -1.20    4.38
 -58354.065    77.530    -0.56    4.52
 -57985.109    77.786     0.69    4.44
 -57616.224    75.977    -4.90    4.42
 -57247.411    73.970    -5.44    5.25
 -56878.669    70.808    -8.57    6.58
 -56509.998    69.019    -4.85    5.56
 -56141.398    69.561     1.47    5.19
 -55772.870    69.932     1.01    4.70
 -55404.413    70.050     0.32    3.83
 -55036.027    68.426    -4.41    4.29
 -54667.712    66.095    -6.33    4.22
 -54299.468    64.696    -3.80    3.69
 -53931.295    64.532    -0.45    4.27
 -53563.193    64.297    -0.64    3.84
 -53195.162    64.547     0.68    3.33
 -52827.202    63.575    -2.64    3.45
 -52459.312    62.740    -2.27    3.22
 -52091.494    62.119    -1.69    2.68
 -51723.746    61.672    -1.22    2.45
 -51356.069    62.606     2.54    2.61
 -50988.463    63.202     1.62    2.86
 -50620.927    63.570     1.00    3.30
 -50253.462    63.464    -0.29    3.89
 -49886.067    63.303    -0.44    3.88
 -49518.743    63.597     0.80    3.54
 -49151.490    64.243     1.76    3.11
 -48784.307    65.218     2.65    2.92
 -48417.194    66.159     2.56    3.20
 -48050.152    67.999     5.02    3.29
 -47683.180    68.091     0.25    3.20
 -47316.278    65.386    -7.37    5.65
 -46949.446    60.153   -14.26   10.04
 -46582.685    52.831   -19.97   10.94
 -46215.994    47.084   -15.67    9.17
 -45849.373    42.740   -11.85    7.46
 -45482.822    43.640     2.46    8.90
 -45116.341    47.590    10.78    9.69
 -44749.930    50.665     8.39    8.87
 -44383.589    55.183    12.33    5.10
 -44017.317    56.030     2.31    4.83
 -43651.116    55.412    -1.69    4.66
 -43284.985    54.093    -3.60    4.27
 -42910.186    53.154    -2.50    4.98
 -42529.559    50.303    -7.49    5.03
 -42149.009    47.544    -7.25    6.02
 -41768.534    44.354    -8.38    7.15
 -41388.136    39.619   -12.45    7.72
 -41007.815    37.643    -5.19    7.62
 -40627.569    36.821    -2.16    7.40
 -40247.400    37.731     2.39    6.98
 -39867.306    40.150     6.36    6.23
 -39487.289    40.774     1.64    6.41
 -39107.348    41.425     1.71    5.43
 -38727.482    41.157    -0.71    3.98
 -38347.693    40.395    -2.01    3.47
 -37967.979    41.968     4.14    4.55
 -37588.342    44.649     7.06    6.55
 -37208.780    46.460     4.77    8.17
 -36829.293    49.211     7.25    9.94
 -36449.883    50.968     4.63    9.26
 -36070.548    45.945   -13.24   14.68
 -35691.289    34.843   -29.27   20.96
 -35312.105    21.264   -35.81   18.03
 -34932.997    11.913   -24.66    9.28
 -34553.964    12.438     1.38    9.92
 -34175.006    17.006    12.06   11.30
 -33796.124    24.308    19.27   10.53
 -33417.318    29.857    14.65    8.69
 -33038.586    33.604     9.89    7.40
 -32659.930    37.687    10.78    7.78
 -32281.349    42.348    12.31    7.05
 -31902.843    43.619     3.36    7.87
 -31524.413    37.515   -16.13   15.83
 -31146.057    26.749   -28.45   19.44
 -30767.777    15.615   -29.43   15.31
 -30389.571     8.370   -19.16    6.70
 -30011.440     9.115     1.97    5.40
 -29633.384    13.559    11.75    5.37
 -29255.403    18.229    12.36    6.00
 -28877.497    23.297    13.41    6.79
 -28499.666    27.218    10.38    6.34
 -28121.909    30.338     8.26    5.20
 -27744.227    30.922     1.55    4.84
 -27366.620    31.763     2.23    4.55
 -26989.087    32.593     2.20    4.63
 -26611.629    33.774     3.13    5.29
 -26234.245    35.797     5.36    4.28
 -25856.935    37.717     5.09    4.18
 -25479.700    39.933     5.88    5.59
 -25102.540    43.165     8.57    5.63
 -24725.454    46.112     7.81    5.35
 -24348.442    48.402     6.07    4.44
 -23971.504    49.933     4.06    4.36
 -23594.640    49.774    -0.42    4.48
 -23217.851    47.762    -5.34    5.23
 -22841.135    43.483   -11.36    5.35
 -22464.494    40.933    -6.77    4.90
 -22087.927    40.206    -1.93    5.27
 -21711.434    41.349     3.03    7.41
 -21335.014    44.332     7.93    8.36
 -20958.669    47.372     8.08    7.93
 -20582.397    49.831     6.54    7.18
 -20206.199    51.958     5.65    5.16
 -19830.075    50.608    -3.59    4.59
 -19454.025    48.636    -5.24    5.26
 -19078.048    47.968    -1.78    4.72
 -18702.145    48.820     2.27    4.61
 -18326.315    51.286     6.56    4.52
 -17950.559    52.948     4.42    3.17
 -17574.877    53.901     2.53    3.46
 -17199.268    55.487     4.22    4.79
 -16823.732    58.331     7.57    6.00
 -16448.270    60.303     5.25    5.04
 -16072.881    59.979    -0.86    5.12
 -15697.565    58.291    -4.50    5.71
 -15322.323    57.252    -2.77    4.83
 -14947.154    57.134    -0.31    3.91
 -14572.058    55.786    -3.60    4.40
 -14197.035    56.349     1.50    4.97
 -13822.085    58.593     5.98    6.95
 -13447.208    63.009    11.78    9.43
 -13072.404    67.922    13.11    7.90
 -12697.673    71.303     9.02    5.30
 -12323.015    70.047    -3.35    5.84
 -11948.430    66.297   -10.01    6.34
 -11573.918    62.502   -10.13    6.31
 -11199.478    59.993    -6.70    5.23
 -10825.111    59.456    -1.43    4.68
 -10450.817    60.273     2.18    4.09
 -10076.596    60.047    -0.60    3.53
  -9702.447    60.510     1.24    3.62
  -9328.370    63.418     7.77    4.84
  -8954.366    65.623     5.90    4.66
  -8580.435    70.211    12.27    6.34
  -8206.576    74.234    10.76    6.53
  -7832.790    75.445     3.24    6.06
  -7459.076    75.665     0.59    5.89
  -7085.434    71.718   -10.56    6.34
  -6711.864    67.979   -10.01    5.09
  -6338.367    62.274   -15.27    9.77
  -5964.942    52.902   -25.10   15.29
  -5591.589    42.821   -27.00   16.20
  -5218.308    36.206   -17.72   11.97
  -4845.099    36.190    -0.04    9.71
  -4471.962    39.632     9.22    9.90
  -4098.897    44.570    13.23    4.35
  -3725.904    45.433     2.32    3.38
  -3352.983    43.891    -4.14    3.84
  -2980.134    40.899    -8.02    4.18
  -2607.357    39.590    -3.51    3.89
  -2234.651    38.372    -3.27    2.46
  -1862.018    37.646    -1.95    3.69
  -1489.455    33.383   -11.44   12.56
  -1116.965    24.418   -24.07   18.27
   -744.546    16.899   -20.19   19.02
   -372.199     7.547   -25.12   14.90
      0.077     0.877   -17.92    4.77
    372.281    -0.203    -2.90    0.00
    744.414     0.433     1.71    3.55
   1116.476     2.202     4.75    6.91
   1488.466     3.377     3.16    8.18
   1860.384     4.928     4.17    9.60
   2232.232     5.935     2.71   10.57
   2604.008     6.895     2.58   11.04
   2975.713     7.494     1.61   11.20
   3347.347     8.834     3.61   11.64
   3718.910    10.096     3.40   11.62
   4090.402    11.686     4.28   11.86
   4461.822    14.280     6.98   11.63
   4833.172    16.906     7.07   10.67
   5204.451    20.291     9.12    8.28
   5575.658    23.395     8.36    4.21
   5946.795    24.636     3.35    2.81
   6317.861    26.285     4.44    5.64
   6688.857    26.659     1.01    5.55
   7059.781    26.646    -0.04    6.23
   7430.635    25.948    -1.88    5.80
   7801.418    25.832    -0.31    5.83
   8172.130    27.058     3.31    6.56
   8542.772    28.188     3.05    6.90
   8913.344    29.409     3.29    6.69
   9283.845    29.797     1.05    6.02
   9654.275    29.268    -1.43    4.39
  10024.635    29.130    -0.37    3.87
  10394.924    29.309     0.48    3.02
  10765.144    30.096     2.13    2.64
  11135.292    30.599     1.36    3.76
  11505.371    31.355     2.04    3.63
  11875.379    32.190     2.26    3.44
  12245.318    32.649     1.24    3.19
  12615.186    32.499    -0.41    2.81
  12984.984    30.797    -4.60    3.50
  13354.711    29.736    -2.87    4.53
  13724.369    29.183    -1.50    4.84
  14093.957    28.370    -2.20    5.11
  14463.475    28.899     1.43    4.78
  14832.923    29.541     1.74    4.24
  15202.301    28.855    -1.86    3.61
  15571.609    29.256     1.09    2.68
  15940.847    29.475     0.59    2.43
  16310.016    29.867     1.06    2.38
  16679.115    30.935     2.89    2.09
  17048.144    31.207     0.74    1.73
  17417.104    30.899    -0.83    2.82
  17785.994    30.692    -0.56    3.15
  18154.814    30.506    -0.50    3.94
  18523.565    30.990     1.31    4.97
  18892.247    31.891     2.44    5.35
  19260.859    32.502     1.66    5.63
  19629.402    34.452     5.29    6.41
  19997.875    35.990     4.18    6.52
  20366.279    36.456     1.26    6.59
  20734.613    36.661     0.56    6.51
  21102.879    35.553    -3.01    5.45
  21471.075    36.797     3.38    5.36
  21839.202    38.053     3.41    5.54
  22207.260    37.809    -0.66    6.39
  22575.249    37.515    -0.80    7.00
  22943.168    35.227    -6.22    7.87
  23311.019    34.380    -2.30    7.58
  23678.801    34.581     0.55    6.93
  24046.513    34.320    -0.71    5.99
  24414.157    35.488     3.17    5.47
  24781.732    37.968     6.75    4.12
  25149.239    38.538     1.55    3.55
  25516.676    39.013     1.29    3.64
  25884.045    39.499     1.32    3.13
  26251.345    38.694    -2.19    2.77
  26618.576    38.309    -1.05    2.61
  26985.739    38.050    -0.71    2.78
  27352.833    38.353     0.82    2.99
  27719.858    39.142     2.15    3.09
  28086.815    38.928    -0.58    3.13
  28453.704    37.073    -5.06    3.00
  28820.524    34.983    -5.70    3.99
  29187.276    32.206    -7.57    4.15
  29553.959    30.195    -5.49    4.35
  29920.574    29.970    -0.61    4.19
  30287.121    31.590     4.42    4.78
  30653.599    33.845     6.15    4.61
  31020.009    34.972     3.07    3.97
  31386.352    32.419    -6.97    6.41
  31757.485    28.556   -10.41    6.91
  32137.957    25.023    -9.28    4.69
  32518.354    24.280    -1.95    3.35
  32898.677    25.183     2.37    3.95
  33278.926    26.878     4.46    3.66
  33659.100    27.541     1.75    3.62
  34039.201    26.857    -1.80    4.66
  34419.227    24.752    -5.54    5.10
  34799.179    22.958    -4.72    4.18
  35179.057    21.995    -2.54    4.05
  35558.861    21.344    -1.71    4.14
  35938.591    21.234    -0.29    3.81
  36318.248    22.171     2.47    5.08
  36697.830    20.937    -3.25    6.64
  37077.339    19.090    -4.87    8.07
  37456.773    18.970    -0.32    7.77
  37836.134    17.550    -3.74    5.45
  38215.422    16.809    -1.96    5.18
  38594.635    14.353    -6.48    5.35
  38973.775    12.615    -4.58    4.69
  39352.842    10.992    -4.28    4.55
  39731.835    10.395    -1.58    4.86
  40110.754     9.916    -1.26    5.57
  40489.600    11.475     4.12    6.91
  40868.373    16.476    13.20    8.85
  41247.072    21.901    14.32    7.80
  41625.698    26.231    11.44    4.29
  42004.251    27.390     3.06    2.93
  42382.730    27.038    -0.93    3.06
  42761.137    25.619    -3.75    4.39
  43139.470    26.692     2.84    6.51
  43517.730    31.588    12.94   11.15
  43895.917    37.103    14.58   11.25
  44274.031    43.456    16.80    6.58
  44652.072    46.013     6.76    3.45
  45030.040    44.504    -3.99    3.83
  45407.935    42.855    -4.37    5.45
  45785.757    42.666    -0.50    6.31
  46163.507    40.211    -6.50    7.34
  46541.183    36.065   -10.98   10.81
  46918.787    27.257   -23.33   13.40
  47296.318    18.674   -22.73    8.47
  47673.777    13.524   -13.64    4.73
  48051.163    11.279    -5.95    3.36
  48428.477    10.574    -1.87    2.95
  48805.718    11.200     1.66    2.90
  49182.886    12.211     2.68    3.20
  49559.982    12.748     1.42    3.72
  49937.006    13.050     0.80    3.99
  50313.957    13.279     0.61    4.13
  50690.836    13.119    -0.42    3.61
  51067.643    11.968    -3.05    2.88
  51444.377    11.715    -0.67    2.66
  51821.040    11.773     0.15    2.74
  52197.630    12.192     1.11    3.91
  52574.148    12.402     0.56    4.58
  52950.594    11.694    -1.88    4.94
  53326.968    11.456    -0.63    5.36
  53703.270    12.866     3.75    4.69
  54079.500    14.725     4.94    4.10
  54455.658    16.158     3.81    3.32
  54831.745    17.983     4.85    3.57
  55207.759    19.619     4.35    3.92
  55583.702    21.550     5.14    3.48
  55959.573    23.002     3.86    3.77
  56335.372    24.083     2.88    4.74
  56711.100    24.226     0.38    5.10
  57086.756    23.820    -1.08    5.41
  57462.340    22.499    -3.52    5.03
  57837.853    21.702    -2.12    4.03
  58213.295    21.483    -0.58    4.04
  58588.665    21.623     0.37    3.47
  58963.963    22.737     2.97    2.87
  59339.190    23.452     1.91    2.86
  59714.346    23.774     0.86    2.96
  60089.431    24.374     1.60    3.20
  60464.444    25.320     2.52    3.86
  60839.386    26.320     2.67    3.62
  61214.257    26.712     1.04    3.24
  61589.057    26.495    -0.58    2.55
  61963.786    26.491    -0.01    2.08
  62338.444    27.107     1.64    2.10
  62713.030    27.111     0.01    2.04
  63087.546    26.681    -1.15    2.35
  63461.991    26.809     0.34    2.63
  63836.365    27.053     0.65    2.67
  64210.668    28.355     3.48    2.49
  64584.900    28.556     0.54    1.94
  64959.062    28.511    -0.12    1.70
  65333.153    28.285    -0.60    1.57
  65707.173    27.980    -0.82    1.53
  66081.122    27.251    -1.95    2.04
  66455.001    26.948    -0.81    2.58
  66828.809    26.832    -0.31    2.86
  67202.547    27.700     2.32    3.59
  67576.214    29.669     5.27    4.24
  67949.811    31.255     4.24    3.99
  68323.338    31.374     0.32    4.00
  68696.794    30.251    -3.01    3.86
  69070.180    29.413    -2.24    2.53
  69443.495    29.053    -0.96    1.88
  69816.740    29.444     1.05    2.02
  70189.915    30.095     1.74    2.89
  70563.020    32.360     6.07    4.54
  70936.055    34.472     5.66    4.91
  71309.019    35.565     2.93    3.76
  71681.914    35.255    -0.83    4.23
  72054.739    33.209    -5.49    4.84
  72427.493    30.076    -8.40    7.59
  72800.178    26.297   -10.14   10.70
  73172.793    20.432   -15.74   12.40
  73545.337    14.088   -17.03   11.95
  73917.813     8.653   -14.59    9.02
  74290.218     5.009    -9.78    5.26
  74662.553     4.611    -1.07    4.39
  75034.819     7.214     6.99    5.97
  75407.015    10.202     8.03    5.84
  75779.142    13.058     7.68    3.69
  76151.199    13.083     0.07    3.76
  76523.187    11.532    -4.17    4.30
  76895.105    10.199    -3.58    3.96
  77266.953     8.762    -3.86    4.60
  77638.732     7.544    -3.28    4.43
  78010.442     6.115    -3.85    4.72
  78382.082     4.585    -4.12    4.37
  78753.653     4.062    -1.41    4.19
  79125.155     3.727    -0.90    4.30
  79496.587     3.762     0.09    4.26
  79867.951     3.738    -0.06    3.33
  80239.245     3.565    -0.47    2.96
  80610.470     2.274    -3.48    3.09
  80981.626     0.504    -4.77    3.82
  81352.713    -1.283    -4.82    3.65
  81723.731    -3.094    -4.88    1.58
  82094.680    -3.110    -0.04    1.02
  82465.560    -2.240     2.35    1.98
  82836.371    -1.377     2.33    2.13
  83207.114    -0.536     2.27    2.10
  83577.787    -0.756    -0.59    2.18
  83948.392    -0.940    -0.50    2.00
  84318.928    -0.703     0.64    1.87
  84689.395    -0.665     0.10    1.82
  85059.794    -0.959    -0.79    1.48
  85430.124    -1.478    -1.40    1.33
  85800.385    -1.738    -0.70    1.03
  86170.578    -1.907    -0.46    1.07
  86540.703    -2.121    -0.58    1.04
  86910.759    -2.130    -0.02    1.07
  87280.746    -2.030     0.27    1.21
  87650.665    -1.679     0.95    1.38
  88020.516    -1.322     0.97    1.42
  88390.298    -1.410    -0.24    1.39
  88760.013    -1.073     0.91    1.34
  89129.659    -0.715     0.97    1.57
  89499.236     0.345     2.87    2.35
  89868.746     2.309     5.32    3.27
  90238.187     4.924     7.08    3.71
  90607.561     7.138     6.00    3.40
  90976.866     9.412     6.16    2.59
  91346.103    10.127     1.94    2.20
  91715.273    10.409     0.76    2.08
  92084.374    10.360    -0.13    2.16
  92453.408    10.078    -0.77    2.04
  92822.373    10.571     1.34    2.20
  93191.271    10.600     0.08    1.98
  93560.101    11.111     1.39    1.71
  93928.863    11.547     1.18    1.70
  94297.558    12.510     2.61    1.79
  94666.185    13.697     3.22    1.52
  95034.744    14.565     2.35    1.13
  95403.236    15.044     1.30    0.83
  95771.660    15.418     1.01    0.98
  96140.016    16.187     2.09    2.05
  96508.305    17.428     3.37    2.42
  96876.527    18.639     3.29    2.44
  97244.681    19.315     1.84    2.16
  97612.768    19.239    -0.21    1.59
  97980.787    18.484    -2.05    1.60
  98348.739    18.062    -1.15    1.39
  98716.624    17.797    -0.72    1.55
  99084.442    16.609    -3.23    2.87
  99452.192    15.402    -3.28    3.17
  99819.875    14.268    -3.08    2.38
 100187.492    13.809    -1.25    1.72
 100555.041    14.644     2.27    1.81
 100922.523    15.177     1.45    1.69
 101289.938    14.856    -0.87    2.01
 101657.286    14.422    -1.18    2.03
 102024.567    13.891    -1.45    2.02
 102391.781    14.025     0.36    2.03
 102758.928    14.978     2.60    1.96
 103126.009    16.106     3.07    2.18
 103493.023    16.997     2.43    1.88
 103859.970    17.332     0.91    2.15
 104226.850    18.047     1.95    2.60
 104593.663    18.725     1.85    2.80
 104960.410    19.751     2.80    3.19
 105327.090    21.021     3.46    3.26
 105693.704    22.517     4.08    3.76
 106060.251    24.232     4.68    4.44
 106428.020    26.690     6.68    5.15
 106808.340    27.903     3.19    5.61
 107188.587    26.943    -2.52    6.04
 107568.763    24.327    -6.88    5.88
 107948.865    21.397    -7.71    4.53
 108328.896    19.773    -4.27    2.01
 108708.854    19.261    -1.35    1.85
 109088.740    19.297     0.09    1.62
 109468.555    19.515     0.57    1.94
 109848.297    19.686     0.45    2.21
 110227.966    19.927     0.63    1.97
 110607.564    19.303    -1.64    1.68
 110987.090    19.397     0.25    1.81
 111366.545    19.972     1.52    1.83
 111745.927    21.095     2.96    2.20
 112125.237    22.022     2.44    1.78
 112504.476    22.111     0.23    1.72
 112883.642    22.443     0.88    1.23
 113262.738    22.219    -0.59    1.28
 113641.761    22.439     0.58    1.40
 114020.713    22.869     1.13    1.45
 114399.593    22.432    -1.15    1.59
 114778.402    22.448     0.04    1.44
 115157.139    22.725     0.73    1.55
 115535.804    23.103     1.00    1.85
 115914.399    21.595    -3.98    4.20
 116292.921    18.661    -7.75    5.67
 116671.373    15.285    -8.92    4.94
 117049.753    13.616    -4.41    2.90
 117428.062    14.585     2.56    3.40
 117806.300    16.210     4.29    2.55
 118184.466    17.464     3.32    1.59
 118562.561    18.000     1.42    2.00
 118940.586    16.985    -2.68    2.96
 119318.539    15.835    -3.04    3.01
 119696.421    14.642    -3.16    2.57
 120074.232    14.885     0.64    2.73
 120451.972    16.567     4.45    3.75
 120829.641    18.053     3.93    4.13
 121207.240    20.809     7.30    4.37
 121584.767    22.871     5.46    4.82
 121962.224    23.644     2.05    4.12
 122339.610    24.134     1.30    3.94
 122716.925    23.773    -0.96    3.67
 123094.170    23.448    -0.86    2.97
 123471.344    23.303    -0.38    3.06
 123848.447    21.503    -4.77    4.24
 124225.480    20.038    -3.89    4.43
 124602.442    18.162    -4.98    3.35
 124979.334    17.527    -1.69    3.33
 125356.156    18.761     3.28    3.63
 125732.907    20.822     5.47    3.76
 126109.587    22.448     4.32    3.28
 126486.198    23.882     3.81    2.63
 126862.738    24.750     2.30    2.48
 127239.208    25.910     3.08    2.88
 127615.607    26.737     2.20    2.71
 127991.937    27.481     1.98    2.29
 128368.196    27.338    -0.38    2.20
 128744.385    26.544    -2.11    2.21
 129120.504    26.285    -0.69    1.93
 129496.554    26.285    -0.00    1.78
 129872.533    26.397     0.30    1.86
 130248.442    26.974     1.54    1.85
 130624.281    27.488     1.37    2.23
 131000.051    28.291     2.14    2.50
 131375.751    28.068    -0.59    2.61
 131751.381    28.236     0.45    2.89
 132126.941    28.428     0.51    3.01
 132502.431    29.093     1.77    3.03
 132877.852    30.115     2.72    2.44
 133253.204    30.988     2.33    2.05
 133628.485    31.291     0.81    2.11
 134003.697    31.085    -0.55    2.10
 134378.840    31.086     0.00    2.11
 134753.913    30.256    -2.21    1.92
 135128.917    29.985    -0.72    1.95
 135503.851    29.785    -0.53    2.41
 135878.716    29.833     0.13    2.29
 136253.512    30.102     0.72    2.05
 136628.239    30.833     1.95    2.24
 137002.896    31.797     2.57    2.22
 137377.484    32.221     1.13    2.23
 137752.003    33.126     2.42    1.98
 138126.452    33.556     1.15    1.60
 138500.833    33.653     0.26    1.50
 138875.145    33.915     0.70    1.29
 139249.387    34.663     2.00    1.93
 139623.561    35.171     1.36    2.17
 139997.666    36.142     2.60    2.20
 140371.702    37.592     3.88    2.21
 140745.669    38.821     3.29    2.51
 141119.567    39.541     1.92    2.20
 141493.396    40.297     2.02    1.63
 141867.157    39.846    -1.21    2.00
 142240.849    38.906    -2.52    1.91
 142614.472    38.602    -0.81    1.84
 142988.027    38.785     0.49    2.01
 143361.513    38.797     0.03    2.42
 143734.930    39.496     1.87    2.71
 144108.279    39.809     0.84    2.87
 144481.560    39.538    -0.73    3.40
 144854.772    39.602     0.17    3.40
 145227.916    36.267    -8.94    7.01
 145600.991    32.261   -10.74    7.74
 145973.998    29.690    -6.89    7.34
 146346.937    27.456    -5.99    7.52
 146719.807    27.098    -0.96    7.94
 147092.610    28.785     4.52    7.69
 147465.344    30.440     4.44    7.31
 147838.010    32.448     5.39    6.29
 148210.608    35.678     8.67    3.97
 148583.137    37.428     4.70    4.29
 148955.599    40.333     7.80    5.60
 149327.993    43.219     7.75    5.76
 149700.319    47.071    10.34    4.49
 150072.577    49.785     7.29    4.26
 150444.767    52.665     7.74    4.03
 150816.889    54.773     5.67    4.05
 151188.944    57.464     7.23    2.75
 151560.930    58.856     3.74    2.27
 151932.849    59.565     1.91    2.26
 152304.701    60.590     2.75    2.67
 152676.484    61.351     2.05    2.79
 153048.200    61.604     0.68    2.61
 153419.849    61.919     0.85    2.53
 153791.429    62.224     0.82    3.00
 154162.943    62.595     1.00    3.84
 154534.389    63.628     2.78    4.47
 154905.767    64.882     3.38    4.36
 155277.078    64.712    -0.46    4.55
 155648.322    64.303    -1.10    4.26
 156019.498    64.178    -0.34    3.25
 156390.607    65.065     2.39    3.37
 156761.649    66.392     3.58    3.42
 157132.624    68.976     6.96    3.50
 157503.531    70.976     5.39    3.65
 157874.372    74.247     8.82    4.50
 158245.145    77.595     9.03    5.03
 158615.851    80.749     8.51    5.54
 158986.490    83.062     6.24    4.82
 159357.062    84.709     4.44    3.97
 159727.568    85.761     2.84    3.13
 160098.006    86.247     1.31    2.98
 160468.377    88.238     5.37    4.31
 160838.682    91.493     8.79    6.13
 161208.919    96.642    13.91    7.89
 161579.090   102.088    14.71    8.04
 161949.195   107.032    13.36    8.25
 162319.232   111.220    11.32    7.56
 162689.203   114.809     9.70    6.36
 163059.107   117.220     6.52    5.99
 163428.945   119.918     7.29    4.55
 163798.716   121.323     3.80    3.85
 164168.420   122.236     2.47    3.29
 164538.058   122.592     0.96    2.95
 164907.630   122.279    -0.85    3.23
 165277.135   121.733    -1.48    3.63
 165646.574   121.988     0.69    4.35
 166015.946   122.560     1.55    4.97
 166385.252   123.916     3.67    6.63
 166754.492   125.522     4.35    7.65
 167123.666   128.279     7.47    8.18
 167492.773   129.098     2.22    7.42
 167861.815   125.595    -9.49   10.22
 168230.790   120.322   -14.29   11.43
 168599.699   115.476   -13.13    9.35
 168968.542   111.773   -10.04    6.63
 169337.319   110.626    -3.11    6.21
 169706.030   108.821    -4.90    6.08
 170074.675   106.093    -7.40    8.40
 170443.254   101.919   -11.32   10.88
 170811.767    95.661   -16.98   11.90
 171180.214    91.321   -11.78    9.98
 171548.596    87.970    -9.10    6.21
 171916.912    85.492    -6.73    3.48
 172285.162    85.047    -1.21    4.24
 172653.346    84.704    -0.93    5.46
 173021.465    83.987    -1.95    5.77
 173389.518    82.619    -3.72    5.94
 173757.505    80.949    -4.54    4.64
 174125.427    81.044     0.26    3.95
 174493.284    82.468     3.87    4.65
 174861.074    83.930     3.97    4.48
 175228.800    84.860     2.53    4.63
 175596.460    83.527    -3.63    6.30
 175964.054    81.205    -6.32    6.49
 176331.584    78.980    -6.05    6.25
 176699.048    78.212    -2.09    6.02
 177066.446    78.351     0.38    6.36
 177433.780    79.078     1.98    6.44
 177801.048    80.666     4.32    6.57
 178168.251    83.496     7.71    6.14
 178535.389    87.614    11.22    5.92
 178902.461    90.583     8.09    4.49
 179269.469    92.504     5.24    3.18
 179636.412    93.212     1.93    2.47
 180003.289    93.360     0.40    2.68
 180370.102    93.832     1.29    3.06
 180736.850    94.887     2.87    2.60
 181103.533    94.870    -0.05    2.73
 181481.698    95.602     1.94    4.19
 181861.796    96.021     1.10    5.16
 182241.823    96.980     2.52    6.13
 182621.779    98.439     3.84    5.77
 183001.665    98.464     0.06    4.80
 183381.481    99.761     3.41    5.13
 183761.227    99.134    -1.65    6.22
 184140.903    98.614    -1.37    6.98
 184520.508    98.523    -0.24    7.25
 184900.043    98.329    -0.51    6.18
 185279.508    97.175    -3.04    5.16
 185658.903    96.025    -3.03    5.63
 186038.228    90.628   -14.22   11.17
 186417.483    83.938   -17.64   16.38
 186796.668    79.578   -11.50   18.37
 187175.783    76.587    -7.89   18.20
 187554.829    73.456    -8.26   18.08
 187933.804    68.265   -13.69   16.42
 188312.710    64.642    -9.56   15.11
 188691.546    56.309   -21.99   12.69
 189070.312    53.062    -8.57    9.73
 189449.009    56.517     9.12   12.41
 189827.636    67.736    29.63   18.08
 190206.193    82.628    39.33   16.86
 190584.681    93.266    28.10   12.04
 190963.099    99.071    15.34    8.08
 191341.448   101.367     6.07    9.26
 191719.727   101.612     0.65    9.28
 192097.937   102.784     3.10   10.61
 192476.078   102.833     0.13    9.81
 192854.149   102.746    -0.23    8.93
 193232.151   101.118    -4.31    8.71
 193610.084    95.508   -14.84    7.57
 193987.947    89.065   -17.05   10.72
 194365.742    78.656   -27.55   16.56
 194743.467    72.023   -17.56   15.83
 195121.123    70.908    -2.95   16.51
 195498.710    75.365    11.80   20.12
 195876.228    84.587    24.42   20.69
 196253.677    93.382    23.30   15.94
 196631.057    98.809    14.38   11.03
 197008.369   102.492     9.76    7.25
 197385.611   103.712     3.23    5.19
 197762.784   103.044    -1.77    5.45
 198139.889   103.226     0.48    5.48
 198516.925   105.456     5.91    5.27
 198893.892   107.492     5.40    5.09
 199270.791   109.936     6.48    4.47
 199647.621   112.261     6.17    3.53
 200024.382   111.835    -1.13    3.80
 200401.075   110.602    -3.27    3.84
 200777.699   109.836    -2.03    3.46
 201154.255   110.892     2.80    6.05
 201530.742   113.182     6.08    8.95
 201907.161   114.833     4.39    9.81
 202283.511   115.605     2.05    9.75
 202659.793   114.950    -1.74    7.96
 203036.007   112.772    -5.79    5.56
 203412.152   109.316    -9.19    6.70
 203788.230   106.847    -6.56    6.00
 204164.239   105.715    -3.01    5.38
 204540.180   106.260     1.45    5.14
 204916.052   108.390     5.67    3.33
 205291.857   109.192     2.13    2.58
 205667.594   109.419     0.60    2.75
 206043.262   110.624     3.21    3.21
 206418.863   112.407     4.75    4.28
 206794.396   115.985     9.53    6.24
 207169.861   118.248     6.03    5.87
 207545.257   118.663     1.10    5.90
 207920.587   119.358     1.85    5.50
 208295.848   119.982     1.66    5.82
 208671.042   121.871     5.03    6.31
 209046.167   123.363     3.98    6.02
 209421.226   125.025     4.43    6.08
 209796.216   125.785     2.03    4.79
 210171.139   126.910     3.00    4.41
 210545.994   129.090     5.82    4.26
 210920.782   127.784    -3.48    6.28
 211295.503   120.880   -18.42   13.24
 211670.155   111.455   -25.15   15.13
 212044.741   101.884   -25.55   11.08
 212419.259    96.861   -13.41    5.41
 212793.710    98.892     5.42    7.04
 213168.093   101.914     8.07    7.54
 213542.409   104.761     7.60    5.66
 213916.658   105.901     3.05    4.63
 214290.840   104.068    -4.90    4.43
 214664.954   102.455    -4.31    4.04
 215039.001   101.701    -2.02    4.29
 215412.982    99.887    -4.85    4.79
 215786.895    96.809    -8.23    5.99
 216160.741    90.682   -16.39    7.01
 216534.520    83.846   -18.29    8.24
 216908.232    77.363   -17.34    9.79
 217281.878    67.761   -25.69   11.96
 217655.456    60.433   -19.61    9.08
 218028.968    59.773    -1.77    8.57
 218402.412    63.557    10.13   12.72
 218775.790    74.550    29.44   16.10
 219149.102    86.647    32.40   11.29
 219522.346    93.219    17.60    6.49
 219895.524    97.185    10.63    3.05
 220268.635    98.661     3.96    2.84
 220641.680   100.610     5.22    3.11
 221014.658   102.678     5.54    3.20
 221387.570   104.848     5.82    3.03
 221760.415   106.587     4.66    2.99
 222133.193   107.079     1.32    4.27
 222505.906   107.032    -0.13    5.05
 222878.551   106.379    -1.75    4.88
 223251.131   105.134    -3.34    4.25
 223623.644   103.585    -4.16    4.53
 223996.091   101.303    -6.12    4.73
 224368.472    99.279    -5.44    4.00
 224740.786    97.879    -3.76    2.94
 225113.034    97.217    -1.78    2.85
 225485.217    97.538     0.86    3.19
 225857.333    98.272     1.97    4.21
 226229.383   101.400     8.40    9.67
 226601.367   107.683    16.89   13.97
 226973.285   116.637    24.07   15.69
 227345.137   126.660    26.95   15.09
 227716.923   132.797    16.51   12.89
 228088.643   138.936    16.51   11.48
 228460.297   142.689    10.09   10.53
 228831.886   144.410     4.63   10.15
 229203.409   146.785     6.39    8.34
 229574.866   145.575    -3.26    7.52
 229946.257   140.562   -13.50   12.00
 230317.583   130.735   -26.46   16.62
 230688.843   119.859   -29.29   17.32
 231060.037   112.695   -19.30   12.52
 231431.166   117.571    13.14   17.23
 231802.229   128.114    28.41   21.21
 232173.227   141.254    35.41   18.24
 232544.159   150.720    25.52   10.39
 232915.026   154.130     9.19    6.37
 233285.828   154.645     1.39    4.56
 233656.564   151.690    -7.97    4.92
 234027.235   148.114    -9.65    6.66
 234397.840   143.410   -12.69    6.97
 234768.381   137.195   -16.77    7.66
 235138.856   127.725   -25.56   12.52
 235509.265   119.278   -22.80   12.17
 235879.610   115.809    -9.36    9.64
 236249.890   115.942     0.36    9.15
 236620.104   118.480     6.85    8.13
 236990.254   118.669     0.51    8.25
 237360.338   114.056   -12.46    9.55
 237730.357   108.008   -16.34    7.48
 238100.312   102.626   -14.54    6.49
 238470.202    99.323    -8.93    4.35
 238840.026    97.273    -5.54    3.37
 239209.786    95.693    -4.27    2.99
 239579.481    94.846    -2.29    5.04
 239949.111    93.100    -4.72    6.09
 240318.677    92.431    -1.81    7.18
 240688.178    91.992    -1.19    7.86
 241057.614    90.212    -4.82    7.58
 241426.985    88.356    -5.02    6.91
 241796.292    86.451    -5.15    5.17
 242165.535    85.025    -3.86    4.56
 242534.712    84.392    -1.71    4.68
 242903.826    84.147    -0.66    4.29
 243272.874    82.360    -4.84    4.23
 243641.859    79.291    -8.31    5.09
 244010.779    75.041   -11.52    5.42
 244379.634    70.785   -11.54    5.92
 244748.426    65.316   -14.83    5.81
 245117.153    61.451   -10.48    5.97
 245485.815    56.205   -14.23    5.56
 245854.414    51.809   -11.92    5.28
 246222.948    49.279    -6.87    4.38
 246591.418    47.933    -3.65    3.36
 246959.824    47.747    -0.50    2.98
 247328.166    48.859     3.02    2.39
 247696.444    49.985     3.06    1.51
 248064.658    49.918    -0.18    1.59
 248432.807    49.180    -2.00    2.35
 248800.893    50.297     3.03    4.63
 249168.915    54.797    12.23    8.87
 249536.873    61.773    18.95   11.40
 249904.767    72.122    28.12   10.12
 250272.598    81.761    26.20   11.12
 250640.364    91.639    26.86   12.35
 251008.067   102.943    30.74   13.31
 251375.706   113.626    29.05   11.98
 251743.281   122.214    23.36   10.64
 252110.793   129.784    20.59    8.90
 252478.241   137.247    20.31    9.51
 252845.625   144.446    19.59    8.80
 253212.946   151.663    19.64    8.50
 253580.203   156.443    13.01    7.49
 253947.397   158.044     4.36    7.33
 254314.528   154.847    -8.71   10.88
 254681.595   149.185   -15.42   12.46
 255048.598   146.884    -6.27   11.53
 255415.538   146.217    -1.82    9.96
 255782.415   148.078     5.07    8.51
 256157.407   149.897     4.85    7.19
 256537.362   150.721     2.17    5.20
 256917.248   151.735     2.67    4.49
 257297.066   153.595     4.89    4.94
 257676.815   157.675    10.74    6.65
 258056.496   162.344    12.29    5.29
 258436.109   165.322     7.84    4.44
 258815.653   167.284     5.17    3.45
 259195.129   165.026    -5.95    4.84
 259574.537   162.951    -5.47    5.34
 259953.876   161.143    -4.77    5.09
 260333.148   158.797    -6.18    4.45
 260712.351   157.310    -3.92    5.49
 261091.486   154.390    -7.70    6.69
 261470.552   151.353    -8.01    5.34
 261849.551   150.464    -2.34    3.62
 262228.482   151.190     1.91    2.86
 262607.345   151.600     1.08    2.79
 262986.139   150.911    -1.82    3.40
 263364.866   150.236    -1.78    3.51
 263743.525   148.810    -3.76    4.12
 264122.117   148.407    -1.07    5.20
 264500.640   148.639     0.61    5.79
 264879.096   149.151     1.35    5.39
 265257.484   149.582     1.14    4.19
 265635.804   148.303    -3.38    3.18
 266014.056   146.972    -3.52    2.64
 266392.241   145.872    -2.91    2.19
 266770.359   145.335    -1.42    2.38
 267148.409   145.884     1.45    2.61
 267526.391   146.772     2.35    2.79
 267904.306   147.935     3.07    3.27
 268282.153   150.297     6.25    3.97
 268659.933   151.607     3.47    3.53
 269037.646   151.175    -1.14    4.09
 269415.291   148.927    -5.95    4.97
 269792.869   145.822    -8.22    3.22
 270170.380   144.613    -3.20    2.20
 270547.823   146.273     4.40    3.74
 270925.200   148.758     6.58    4.30
 271302.509   151.736     7.89    4.69
 271679.751   154.405     7.07    3.36
 272056.926   155.192     2.09    2.60
 272434.034   156.468     3.38    2.63
 272811.075   158.501     5.39    4.22
 273188.049   161.185     7.12    4.75
 273564.956   162.772     4.21    3.77
 273941.796   162.538    -0.62    3.47
 274318.569   161.464    -2.85    2.85
 274695.276   160.900    -1.50    2.93
 275071.915   160.285    -1.63    3.27
 275448.488   158.871    -3.75    4.39
 275824.995   156.569    -6.11    5.48
 276201.434   153.460    -8.26    4.40
 276577.807   151.628    -4.86    3.32
 276954.113   150.919    -1.88    2.70
 277330.353   149.964    -2.54    2.68
 277706.526   148.217    -4.64    2.86
 278082.633   146.304    -5.09    2.72
 278458.673   146.492     0.50    3.16
 278834.647   148.557     5.49    5.17
 279210.554   151.896     8.88    5.94
 279586.395   155.083     8.48    3.47
 279962.169   155.017    -0.18    3.04
 280337.878   154.953    -0.17    3.04
 280713.520   155.010     0.15    3.12
 281089.096   156.190     3.14    2.85
 281464.605   156.663     1.26    2.15
 281840.049   157.435     2.05    2.75
 282215.426   159.982     6.79    4.46
 282590.738   162.528     6.78    4.68
 282965.983   164.143     4.30    3.35
 283341.162   164.254     0.29    2.43
 283716.275   163.032    -3.26    1.93
 284091.323   161.547    -3.96    2.09
 284466.304   160.744    -2.14    2.14
