-136080.283   490.524     0.00   34.33
-135714.893   499.630    24.92   35.83
-135349.580   488.945   -29.25   43.99
-134982.792   455.486   -91.23   62.27
-134601.450   413.120  -111.11   66.61
-134220.193   367.210  -120.43   48.01
-133839.021   348.918   -47.99   35.70
-133457.933   363.625    38.60   60.92
-133076.931   409.953   121.61   84.54
-132696.013   480.110   184.19   86.49
-132315.180   529.022   128.45   61.35
-131934.431   550.182    55.58   33.67
-131553.767   535.690   -38.07   45.89
-131173.188   487.512  -126.60   67.12
-130792.693   437.722  -130.87   75.42
-130412.282   380.829  -149.57   71.93
-130031.956   339.244  -109.35   55.49
-129651.714   300.563  -101.73   39.11
-129271.556   266.669   -89.17   41.97
-128891.482   229.924   -96.69   37.96
-128511.493   201.132   -75.78   30.44
-128131.588   175.318   -67.95   21.03
-127751.766   159.585   -41.43   16.24
-127372.029   146.914   -33.37   11.06
-126992.375   140.080   -18.00    7.33
-126612.806   136.182   -10.27    4.36
-126233.320   135.396    -2.07    4.46
-125853.918   137.308     5.04    7.30
-125474.599   137.048    -0.69    8.96
-125095.365   137.337     0.76    9.68
-124716.213   136.511    -2.18    9.59
-124337.146   132.048   -11.78    9.25
-123958.162   128.606    -9.08    6.59
-123579.261   125.306    -8.71    5.64
-123200.443   121.880    -9.05    4.58
-122821.709   119.388    -6.58    5.12
-122443.058   116.564    -7.46    5.13
-122064.491   116.699     0.36    7.25
-121686.006   117.859     3.06   10.33
-121307.605   118.866     2.66   11.57
-120929.286   117.907    -2.53   10.68
-120551.051   117.059    -2.24    8.85
-120172.898   116.366    -1.83    7.20
-119794.829   116.814     1.18    5.50
-119416.842   117.223     1.08    5.92
-119038.938   117.626     1.07    9.95
-118661.117   121.189     9.43   17.35
-118283.378   124.838     9.66   18.91
-117905.722   124.053    -2.08   17.02
-117528.149   121.722    -6.18   13.31
-117150.658   118.314    -9.03    9.17
-116773.249   116.471    -4.88    5.35
-116395.923   116.767     0.79    4.00
-116018.679   118.999     5.92    4.66
-115641.518   120.151     3.05    4.05
-115264.438   120.815     1.76    3.48
-114887.441   121.512     1.85    3.90
-114510.526   120.117    -3.70    5.00
-114133.693   115.770   -11.54    7.78
-113756.943   109.021   -17.91    9.43
-113380.274    98.574   -27.74   14.58
-113003.687    86.554   -31.92   17.69
-112627.182    76.996   -25.39   16.06
-112250.758    70.065   -18.42   10.77
-111874.417    71.816     4.65   11.33
-111498.157    77.043    13.89   12.04
-111121.979    82.440    14.35   11.45
-110745.882    86.884    11.82    9.54
-110369.867    90.161     8.72    9.87
-109993.934    93.758     9.57   10.08
-109618.081    99.199    14.48   10.59
-109242.311   106.835    20.32   12.91
-108866.621   121.267    38.42   20.09
-108491.013   136.048    39.35   22.83
-108115.486   148.657    33.58   19.76
-107740.041   154.373    15.22   15.89
-107364.676   158.111     9.96   13.65
-106989.393   162.012    10.40   16.64
-106614.190   173.806    31.44   21.05
-106239.069   188.869    40.16   18.40
-105864.029   207.172    48.81   29.28
-105489.069   233.677    70.69   41.76
-105114.190   254.522    55.61   37.36
-104739.392   263.316    23.47   27.50
-104364.675   263.263    -0.14   23.29
-103990.038   259.677    -9.57   20.02
-103615.482   268.239    22.86   30.71
-103241.007   285.275    45.50   36.17
-102866.612   300.804    41.48   35.65
-102492.297   301.192     1.04   39.22
-102118.063   292.410   -23.47   46.23
-101743.909   271.585   -55.66   48.65
-101369.836   245.987   -68.43   37.56
-100995.843   225.829   -53.91   27.74
-100621.930   215.897   -26.56   21.25
-100248.097   207.880   -21.45   17.41
 -99874.344   207.311    -1.52   20.43
 -99500.672   209.189     5.02   28.95
 -99127.079   210.522     3.57   34.99
 -98753.566   206.316   -11.26   36.83
 -98380.134   199.396   -18.53   33.27
 -98006.781   193.862   -14.82   32.39
 -97633.508   192.122    -4.66   34.58
 -97260.314   191.152    -2.60   35.74
 -96887.201   191.300     0.40   35.41
 -96514.166   189.043    -6.05   35.23
 -96141.212   181.412   -20.46   32.13
 -95768.337   170.369   -29.62   24.30
 -95395.542   161.522   -23.73   16.29
 -95022.826   154.687   -18.34   10.85
 -94650.189   149.428   -14.11   13.88
 -94277.632   145.097   -11.63   15.53
 -93905.154   139.667   -14.58   17.29
 -93532.756   133.418   -16.78   16.97
 -93160.436   123.904   -25.56   18.20
 -92788.196   116.616   -19.58   16.50
 -92416.035   107.027   -25.77   12.97
 -92043.952    97.368   -25.96   14.13
 -91671.949    81.418   -42.88   20.26
 -91300.025    71.739   -26.03   19.01
 -90928.180    73.065     3.57   21.41
 -90556.413    86.647    36.54   27.63
 -90184.726   105.532    50.81   21.72
 -89813.117   114.419    23.92   15.10
 -89441.586   115.884     3.94   13.80
 -89070.135   115.418    -1.25   11.93
 -88698.762   116.185     2.07   13.26
 -88327.468   122.728    17.62   12.09
 -87956.252   127.671    13.31    8.12
 -87585.114   130.605     7.91    5.21
 -87214.055   131.939     3.59    4.29
 -86843.074   134.756     7.59    4.47
 -86472.172   135.780     2.76    4.29
 -86101.348   133.630    -5.80    7.32
 -85730.602   129.893   -10.08    8.70
 -85359.934   122.576   -19.74    8.83
 -84989.345   113.605   -24.21   11.50
 -84618.833   105.086   -22.99   13.05
 -84248.399    97.314   -20.98   12.00
 -83878.044    90.836   -17.49    6.88
 -83507.766    89.429    -3.80    4.78
 -83137.566    90.953     4.12    6.13
 -82767.444    96.272    14.37    7.26
 -82397.400   102.660    17.26    8.98
 -82027.433   111.724    24.50   11.66
 -81657.545   119.749    21.70   11.90
 -81287.733   126.367    17.90    7.67
 -80918.000   128.449     5.63    4.92
 -80548.343   128.054    -1.07    5.00
 -80178.765   126.605    -3.92    3.24
 -79809.264   126.309    -0.80    2.72
 -79439.840   126.448     0.38    3.20
 -79070.493   128.490     5.53    4.76
 -78701.224   129.960     3.98    5.28
 -78332.032   126.824    -8.49    9.02
 -77962.917   123.059   -10.20   10.28
 -77593.880   119.481    -9.70    9.26
 -77224.919   114.989   -12.18    5.52
 -76856.036   114.069    -2.49    4.69
 -76487.229   112.157    -5.19    3.59
 -76118.499   110.751    -3.81    3.23
 -75749.847   109.818    -2.53    3.54
 -75381.271   108.353    -3.97    3.73
 -75012.772   105.798    -6.93    8.11
 -74644.350    98.303   -20.34   15.17
 -74276.004    94.819    -9.46   14.98
 -73907.735    95.951     3.07   15.51
 -73539.543   101.564    15.24   16.81
 -73171.428   112.641    30.09   11.27
 -72803.388   120.615    21.67    7.22
 -72435.426   124.363    10.19    5.83
 -72067.540   127.151     7.58    6.47
 -71699.730   128.369     3.31    7.56
 -71331.996   127.710    -1.79    9.16
 -70964.339   126.490    -3.32   10.33
 -70596.758   123.532    -8.05   10.15
 -70229.253   122.143    -3.78    8.30
 -69861.824   123.059     2.49    7.80
 -69494.472   126.111     8.31    9.43
 -69127.195   130.676    12.43   10.56
 -68759.995   132.708     5.53   10.73
 -68392.870   133.427     1.96    9.28
 -68025.822   133.949     1.42    7.04
 -67658.849   134.245     0.81    5.11
 -67291.952   135.894     4.49    4.57
 -66925.131   136.185     0.79    3.95
 -66558.385   135.458    -1.98    4.00
 -66191.716   134.780    -1.85    4.43
 -65825.122   133.910    -2.37    4.47
 -65458.603   136.059     5.86    7.73
 -65092.160   143.499    20.31   16.80
 -64725.793   158.458    40.83   24.05
 -64359.501   177.032    50.71   26.09
 -63993.284   194.011    46.36   18.34
 -63627.143   200.606    18.01   16.42
 -63261.077   201.588     2.68   20.77
 -62895.086   201.607     0.05   24.81
 -62529.170   195.922   -15.54   28.70
 -62163.330   185.111   -29.55   22.69
 -61797.565   178.339   -18.52   13.65
 -61431.875   176.385    -5.34    8.17
 -61066.260   177.351     2.64    7.65
 -60700.719   179.468     5.79    8.09
 -60335.254   180.217     2.05    7.90
 -59957.072   181.829     4.26    6.95
 -59575.980   183.532     4.47    6.27
 -59194.969   185.383     4.86    6.22
 -58814.042   188.869     9.15    5.24
 -58433.197   192.717    10.10    5.18
 -58052.435   196.616    10.24    6.48
 -57671.755   203.070    16.95    8.44
 -57291.157   208.500    14.27    8.34
 -56910.642   214.351    15.38    8.01
 -56530.209   220.202    15.38    8.66
 -56149.858   227.266    18.57   12.12
 -55769.590   234.596    19.27   14.59
 -55389.404   245.968    29.92   14.74
 -55009.300   254.625    22.78   14.07
 -54629.278   263.758    24.03   12.87
 -54249.338   270.607    18.03   11.66
 -53869.480   275.117    11.87   10.16
 -53489.703   279.438    11.38    9.63
 -53110.009   283.701    11.23   11.95
 -52730.396   288.726    13.24   15.59
 -52350.866   297.139    22.17   15.73
 -51971.416   303.415    16.54   13.93
 -51592.049   309.511    16.07   10.68
 -51212.763   310.234     1.91    7.73
 -50833.559   311.234     2.64    5.61
 -50454.436   310.192    -2.75    5.93
 -50075.394   307.096    -8.17    6.21
 -49696.434   304.769    -6.14    6.13
 -49317.555   301.458    -8.74    5.67
 -48938.758   299.522    -5.11    6.12
 -48560.041   299.116    -1.07    6.82
 -48181.406   298.564    -1.46    6.79
 -47802.852   296.202    -6.24    7.01
 -47424.379   292.000   -11.10    8.69
 -47045.987   286.113   -15.56   11.00
 -46667.676   280.288   -15.40   11.31
 -46289.446   276.256   -10.66   12.13
 -45911.297   276.681     1.13   14.74
 -45533.229   281.830    13.62   17.61
 -45155.241   283.167     3.54   19.59
 -44777.334   279.639    -9.34   24.83
 -44399.508   270.769   -23.48   31.48
 -44021.762   252.436   -48.53   41.75
 -43644.097   233.224   -50.87   46.13
 -43266.513   206.628   -70.44   40.86
 -42889.009   186.554   -53.18   27.80
 -42511.585   172.607   -36.95   14.08
 -42134.242   168.096   -11.95   10.59
 -41756.978   167.231    -2.29    9.85
 -41379.796   168.080     2.25   10.32
 -41002.693   169.844     4.68   10.88
 -40625.671   171.298     3.86   11.12
 -40248.728   171.394     0.25   11.18
 -39871.866   170.022    -3.64   10.74
 -39495.084   166.618    -9.03   10.86
 -39118.381   163.809    -7.46   10.47
 -38741.759   160.447    -8.93    9.37
 -38365.216   156.806    -9.67    9.31
 -37988.753   154.640    -5.75   11.27
 -37612.370   149.702   -13.12   12.22
 -37236.067   147.402    -6.11   12.45
 -36859.843   145.153    -5.98   11.84
 -36483.699   142.130    -8.04   10.30
 -36107.635   139.330    -7.44    8.99
 -35731.650   134.565   -12.67    8.14
 -35355.744   130.873    -9.82    6.47
 -34979.918   129.092    -4.74    5.13
 -34604.171   127.751    -3.57    4.83
 -34228.503   127.217    -1.42    4.63
 -33852.915   125.585    -4.34    5.30
 -33477.406   123.014    -6.85    5.32
 -33101.976   120.990    -5.39    5.66
 -32726.625   117.698    -8.77    5.09
 -32351.353   115.368    -6.21    5.45
 -31976.160   113.887    -3.95    5.11
 -31601.047   112.147    -4.64    4.87
 -31226.012   110.287    -4.96    5.32
 -30851.056   107.880    -6.42    5.12
 -30476.178   104.262    -9.65    5.44
 -30101.380   100.798    -9.24    6.76
 -29726.660    97.015   -10.10    7.59
 -29352.019    94.324    -7.18    6.05
 -28977.456    92.543    -4.76    5.22
 -28602.972    89.990    -6.82    4.61
 -28228.567    87.597    -6.39    4.63
 -27854.240    84.458    -8.39    3.69
 -27479.991    83.851    -1.62    3.15
 -27105.821    85.288     3.84    4.58
 -26731.729    86.271     2.63    4.52
 -26357.715    87.898     4.35    4.07
 -25983.780    88.467     1.52    3.96
 -25609.923    87.160    -3.50    4.63
 -25236.144    85.619    -4.12    4.84
 -24862.443    83.005    -6.99    4.51
 -24488.820    79.522    -9.32    4.52
 -24115.275    77.136    -6.39    4.74
 -23741.808    74.922    -5.93    4.22
 -23368.418    74.298    -1.67    4.81
 -22995.107    74.901     1.61    5.32
 -22621.873    75.332     1.15    5.74
 -22248.718    75.574     0.65    5.56
 -21875.639    76.100     1.41    5.65
 -21502.639    78.522     6.49    5.27
 -21129.716    81.532     8.07    5.12
 -20756.871    82.617     2.91    4.65
 -20384.103    81.917    -1.88    5.20
 -20011.412    81.027    -2.39    5.60
 -19638.799    79.010    -5.41    6.10
 -19266.264    76.565    -6.56    6.62
 -18893.805    74.756    -4.86    6.83
 -18521.424    73.128    -4.37    6.32
 -18149.120    72.479    -1.74    6.63
 -17776.893    69.968    -6.75    6.69
 -17404.744    67.564    -6.46    5.68
 -17032.671    66.435    -3.03    5.06
 -16660.676    65.301    -3.05    3.63
 -16288.757    65.576     0.74    3.85
 -15916.916    67.500     5.18    6.53
 -15545.151    68.256     2.03    7.34
 -15173.463    70.054     4.84    9.10
 -14801.852    71.341     3.46   11.52
 -14430.317    69.722    -4.36   12.90
 -14058.860    68.279    -3.88   13.36
 -13687.479    66.827    -3.91   13.72
 -13316.174    64.488    -6.30   13.03
 -12944.946    65.766     3.44   13.00
 -12573.795    65.785     0.05   13.75
 -12202.720    71.181    14.54   15.75
 -11831.722    75.341    11.21   16.95
 -11460.800    81.543    16.72   16.44
 -11089.954    83.196     4.46   15.21
 -10719.184    83.719     1.41   13.59
 -10348.491    78.617   -13.76   14.90
  -9977.874    71.443   -19.36   14.81
  -9607.333    64.080   -19.87   11.97
  -9236.868    58.943   -13.87    8.87
  -8866.479    55.543    -9.18    5.53
  -8496.166    52.869    -7.22    5.48
  -8125.929    52.456    -1.11    6.29
  -7755.768    53.927     3.98    7.41
  -7385.683    55.010     2.93    7.73
  -7015.673    58.745    10.09    7.34
  -6645.740    61.141     6.48    5.50
  -6275.882    61.629     1.32    4.96
  -5906.099    61.316    -0.85    5.81
  -5536.393    61.500     0.50    7.14
  -5166.762    61.776     0.75    7.03
  -4797.206    61.521    -0.69    6.40
  -4427.726    61.861     0.92    6.09
  -4058.322    63.844     5.37    6.36
  -3688.992    65.072     3.32    6.81
  -3319.739    65.011    -0.16    7.10
  -2950.560    63.301    -4.63    7.63
  -2581.457    59.296   -10.85    9.32
  -2212.429    54.769   -12.27    9.39
  -1843.476    41.876   -34.94   19.88
  -1474.598    28.639   -35.89   22.82
  -1105.795    14.921   -37.20   20.15
   -737.067     5.777   -24.80   13.72
   -368.415    -0.224   -16.28    1.01
      0.163    -0.457    -0.63    0.00
    368.666    -0.457     0.00    0.00
    737.094    -0.457     0.00    0.00
   1105.447     0.217     1.83    1.84
   1473.726     4.064    10.45    6.61
   1841.929     8.134    11.05    7.59
   2210.059    12.412    11.62    5.99
   2578.113    15.048     7.16    2.81
   2946.093    15.486     1.19    1.23
   3313.998    15.181    -0.83    1.22
   3681.829    14.498    -1.86    2.08
   4049.586    13.575    -2.51    2.34
   4417.268    12.963    -1.66    2.09
   4784.875    12.649    -0.85    1.42
   5152.409    14.397     4.75    3.50
   5519.868    18.923    12.32    7.19
   5887.253    22.532     9.82    7.23
   6254.563    25.804     8.91    5.09
   6621.800    26.968     3.17    3.99
   6988.963    28.071     3.00    4.17
   7356.051    28.947     2.39    4.69
   7723.065    28.610    -0.92    5.35
   8090.006    27.669    -2.56    5.21
   8456.873    24.225    -9.39    4.34
   8823.665    22.446    -4.85    3.16
   9190.384    21.895    -1.50    3.22
   9557.029    20.819    -2.93    3.02
   9923.601    21.642     2.24    3.88
  10290.099    23.801     5.89    4.65
  10656.523    25.543     4.75    4.52
  11022.873    28.378     7.74    3.75
  11389.150    30.650     6.20    3.13
  11755.354    32.213     4.27    3.09
  12121.484    33.468     3.43    2.61
  12487.540    33.880     1.13    2.08
  12853.523    33.319    -1.53    2.48
  13219.433    32.588    -2.00    3.39
  13585.270    31.414    -3.21    4.17
  13951.033    30.345    -2.92    4.29
  14316.723    28.895    -3.97    4.22
  14690.556    26.628    -6.06    3.49
  15071.485    24.796    -4.81    3.14
  15452.333    23.253    -4.05    2.62
  15833.100    23.263     0.03    2.64
  16213.787    23.608     0.91    2.66
  16594.394    24.403     2.09    3.33
  16974.920    24.934     1.40    3.63
  17355.366    24.629    -0.80    3.75
  17735.732    23.652    -2.57    3.21
  18116.018    21.847    -4.74    3.22
  18496.223    20.274    -4.14    3.39
  18876.349    19.141    -2.98    3.93
  19256.394    18.801    -0.89    3.77
  19636.360    19.499     1.84    3.97
  20016.246    20.435     2.46    4.33
  20396.051    20.847     1.08    4.29
  20775.777    20.945     0.26    4.22
  21155.424    20.695    -0.66    3.98
  21534.990    20.620    -0.20    3.80
  21914.477    19.405    -3.20    3.96
  22293.884    18.785    -1.63    4.14
  22673.212    19.288     1.33    4.36
  23052.460    19.743     1.20    4.61
  23431.628    22.059     6.11    3.95
  23810.718    23.486     3.76    2.55
  24189.728    22.256    -3.25    3.34
  24568.658    20.384    -4.94    2.92
  24947.509    19.231    -3.04    2.39
  25326.281    18.934    -0.79    2.72
  25704.974    19.693     2.01    3.02
  26083.588    20.439     1.97    3.14
  26462.123    21.016     1.52    4.06
  26840.578    21.003    -0.04    4.76
  27218.955    21.435     1.14    5.30
  27597.253    21.968     1.41    5.78
  27975.472    22.521     1.46    5.46
  28353.612    22.952     1.14    4.49
  28731.673    22.769    -0.48    3.30
  29109.656    21.645    -2.97    3.01
  29487.560    20.575    -2.83    2.76
  29865.385    20.060    -1.36    2.86
  30243.131    19.285    -2.05    2.62
  30620.799    18.950    -0.89    2.34
  30998.389    18.736    -0.57    2.52
  31375.900    18.089    -1.71    2.98
  31753.333    17.445    -1.71    3.50
  32130.687    15.950    -3.96    3.54
  32507.964    14.369    -4.19    3.52
  32885.161    13.589    -2.07    3.25
  33262.281    13.054    -1.42    3.11
  33639.323    12.761    -0.78    2.90
  34016.286    13.369     1.61    2.70
  34393.171    14.141     2.05    2.41
  34769.979    14.876     1.95    2.33
  35146.708    15.014     0.37    2.50
  35523.360    14.309    -1.87    2.73
  35899.933    13.679    -1.67    2.62
  36276.429    13.564    -0.31    2.65
  36652.847    13.929     0.97    2.51
  37029.187    15.080     3.06    2.81
  37405.450    15.554     1.26    3.12
  37781.635    14.827    -1.93    3.52
  38157.742    13.691    -3.02    3.25
  38533.772    12.766    -2.46    2.86
  38909.725    12.301    -1.24    2.62
  39285.600    12.156    -0.39    2.53
  39661.397    12.141    -0.04    2.54
  40037.117    13.249     2.95    3.47
  40412.760    15.727     6.59    5.24
  40788.326    20.097    11.64    7.06
  41163.814    23.623     9.39    6.26
  41539.226    26.043     6.44    5.44
  41914.560    26.273     0.61    5.22
  42289.817    24.414    -4.95    6.16
  42664.997    21.520    -7.71    7.92
  43040.100    17.510   -10.69    7.70
  43415.127    15.026    -6.63    5.90
  43790.076    12.945    -5.55    4.34
  44164.949    13.134     0.50    4.77
  44539.744    13.108    -0.07    4.45
  44914.463    13.907     2.13    4.70
  45289.106    17.758    10.28    6.52
  45663.672    21.611    10.29    8.04
  46038.161    25.091     9.29    8.26
  46412.573    27.577     6.64    8.11
  46786.909    27.747     0.45    8.51
  47161.169    28.565     2.19    8.74
  47535.352    28.510    -0.15    9.67
  47909.459    27.665    -2.26    9.57
  48283.490    25.511    -5.76    9.50
  48657.444    24.687    -2.20    8.10
  49031.322    24.500    -0.50    5.63
  49405.124    27.054     6.83    5.20
  49778.849    29.220     5.80    3.71
  50152.499    30.043     2.20    3.28
  50526.073    29.684    -0.96    3.59
  50899.570    29.608    -0.20    2.82
  51272.992    29.026    -1.56    2.99
  51646.338    28.319    -1.89    3.36
  52019.608    27.768    -1.48    4.50
  52392.802    28.336     1.52    5.76
  52765.920    30.267     5.17    6.62
  53138.963    32.608     6.28    7.78
  53511.930    33.438     2.23    9.35
  53884.821    33.934     1.33   10.04
  54257.637    33.799    -0.36    9.82
  54630.377    32.347    -3.89    9.51
  55003.042    31.055    -3.47    9.40
  55375.631    28.315    -7.35    8.50
  55748.145    25.665    -7.11    8.67
  56120.584    23.785    -5.05    7.90
  56492.947    21.865    -5.15    7.46
  56865.235    19.026    -7.62    6.66
  57237.447    16.829    -5.90    5.54
  57609.585    14.829    -5.37    5.32
  57981.647    13.543    -3.46    4.44
  58353.635    13.971     1.15    4.57
  58725.547    15.708     4.67    5.24
  59097.384    19.021     8.91    5.81
  59469.147    21.195     5.85    5.53
  59840.834    21.397     0.54    5.83
  60212.447    20.108    -3.47    5.88
  60583.985    17.959    -5.79    4.45
  60955.448    15.771    -5.89    3.74
  61326.836    15.225    -1.47    3.44
  61698.150    16.097     2.35    4.22
  62069.389    18.915     7.59    5.71
  62440.553    21.586     7.20    5.07
  62811.643    22.775     3.20    4.48
  63182.658    22.489    -0.77    4.58
  63553.599    21.857    -1.70    5.34
  63924.466    21.576    -0.76    5.92
  64295.258    20.998    -1.56    6.53
  64665.976    18.796    -5.94    5.77
  65036.619    16.790    -5.41    4.70
  65407.189    16.410    -1.03    3.24
  65777.684    17.695     3.47    3.94
  66148.105    20.076     6.43    5.17
  66518.451    22.683     7.04    5.94
  66888.724    24.668     5.36    7.35
  67258.923    26.070     3.79    8.31
  67629.048    27.473     3.79    8.40
  67999.099    29.213     4.70    8.78
  68369.076    30.543     3.59    8.10
  68738.979    31.081     1.46    7.66
  69108.808    31.084     0.01    7.82
  69478.564    30.328    -2.05    7.14
  69848.246    28.911    -3.83    7.57
  70217.854    26.489    -6.55    8.83
  70587.389    23.054    -9.29    9.28
  70956.850    20.510    -6.89    8.09
  71326.237    19.004    -4.08    5.88
  71695.551    18.321    -1.85    4.50
  72064.792    17.949    -1.01    4.81
  72433.959    20.032     5.64    6.11
  72803.053    23.268     8.77    8.08
  73172.074    27.405    11.21    7.84
  73541.021    29.565     5.85    6.66
  73909.895    29.589     0.07    8.21
  74278.696    26.631    -8.02    8.47
  74647.423    24.331    -6.24    7.28
  75016.078    22.176    -5.84    5.81
  75384.659    20.601    -4.27    5.04
  75753.168    18.807    -4.87    4.85
  76121.604    17.175    -4.43    3.94
  76489.966    16.301    -2.37    3.36
  76858.256    17.198     2.44    3.59
  77226.473    18.959     4.78    3.28
  77594.617    20.434     4.01    3.10
  77962.688    21.980     4.20    3.16
  78330.687    23.456     4.01    4.39
  78698.613    24.355     2.44    4.74
  79066.466    24.059    -0.80    4.89
  79434.247    23.225    -2.27    4.08
  79801.955    22.287    -2.55    3.45
  80169.591    22.682     1.07    3.88
  80537.154    22.631    -0.14    4.17
  80904.645    21.713    -2.50    4.17
  81272.064    21.070    -1.75    4.57
  81639.410    21.210     0.38    5.15
  82006.684    21.070    -0.38    5.54
  82373.886    20.367    -1.92    5.29
  82741.015    19.986    -1.04    4.45
  83108.072    20.231     0.67    3.54
  83475.057    20.614     1.04    3.70
  83841.971    21.619     2.74    4.69
  84208.812    22.124     1.38    4.92
  84575.581    21.532    -1.62    4.89
  84942.278    20.941    -1.61    4.53
  85308.903    20.443    -1.36    4.05
  85675.456    21.343     2.46    4.05
  86041.938    23.016     4.57    5.02
  86408.348    25.026     5.49    4.86
  86774.686    26.443     3.87    4.08
  87140.952    26.686     0.66    3.97
  87507.147    25.579    -3.02    3.89
  87873.270    24.884    -1.90    4.32
  88239.321    25.049     0.45    5.17
  88605.301    25.369     0.88    5.52
  88971.210    27.370     5.47    5.74
  89341.026    30.010     7.14    5.74
  89721.792    32.191     5.73    5.78
  90102.480    34.147     5.14    4.87
  90483.089    35.441     3.40    4.03
  90863.620    37.465     5.32    3.55
  91244.072    38.345     2.31    3.09
  91624.447    40.476     5.60    2.81
  92004.743    42.206     4.55    2.40
  92384.961    42.103    -0.27    2.53
  92765.102    42.025    -0.21    3.25
  93145.164    41.895    -0.34    3.43
  93525.148    42.507     1.61    3.72
  93905.054    43.836     3.50    3.35
  94284.883    45.717     4.95    3.73
  94664.633    48.586     7.55    5.60
  95044.306    52.187     9.48    5.68
  95423.901    53.836     4.35    5.09
  95803.419    53.768    -0.18    4.30
  96182.858    53.037    -1.92    4.33
  96562.221    52.262    -2.04    4.92
  96941.505    52.136    -0.33    5.32
  97320.712    51.853    -0.75    5.47
  97699.842    53.620     4.66    5.14
  98078.894    56.290     7.04    4.64
  98457.869    59.143     7.53    5.52
  98836.767    62.145     7.92    5.07
  99215.588    64.752     6.88    4.21
  99594.331    66.387     4.32    4.01
  99972.997    67.021     1.67    4.94
 100351.586    67.787     2.02    5.53
 100730.098    67.887     0.26    5.42
 101108.532    67.910     0.06    4.82
 101486.890    67.657    -0.67    4.37
 101865.171    64.965    -7.11    6.30
 102243.375    60.991   -10.51    8.63
 102621.503    55.015   -15.80    9.76
 102999.553    49.827   -13.72    9.78
 103377.527    44.110   -15.13    9.33
 103755.424    38.911   -13.76    9.46
 104133.244    34.092   -12.75    8.32
 104510.988    30.669    -9.06    5.39
 104888.655    27.832    -7.51    3.69
 105266.246    26.225    -4.26    3.60
 105643.760    26.213    -0.03    3.61
 106021.198    26.588     0.99    3.62
 106398.559    27.466     2.33    3.33
 106775.844    28.004     1.42    2.72
 107153.053    29.499     3.96    3.17
 107530.186    30.600     2.92    3.43
 107907.242    30.949     0.93    3.78
 108284.222    30.474    -1.26    4.59
 108661.126    29.982    -1.30    4.67
 109037.954    29.694    -0.77    4.34
 109414.706    31.365     4.44    4.61
 109791.383    34.345     7.91    3.06
 110167.983    35.453     2.94    2.05
 110544.507    36.308     2.27    2.83
 110920.956    36.787     1.27    3.41
 111297.328    36.769    -0.05    3.58
 111673.625    37.787     2.71    3.07
 112049.847    37.745    -0.11    2.39
 112425.992    37.642    -0.28    1.99
 112802.062    36.731    -2.42    2.28
 113178.057    35.467    -3.36    2.18
 113553.976    34.485    -2.61    2.11
 113929.819    34.389    -0.25    1.98
 114305.587    34.579     0.50    1.72
 114681.280    33.796    -2.08    1.98
 115056.897    32.908    -2.36    2.70
 115432.439    32.221    -1.83    2.92
 115807.906    31.708    -1.37    3.21
 116183.298    31.745     0.10    3.85
 116558.614    32.590     2.25    4.07
 116933.856    32.599     0.02    4.12
 117309.022    32.589    -0.03    4.29
 117684.113    33.329     1.97    4.73
 118059.130    33.865     1.43    4.78
 118434.071    33.312    -1.47    4.78
 118808.938    32.509    -2.14    4.91
 119183.729    30.235    -6.07    4.51
 119558.446    29.105    -3.02    3.61
 119933.088    29.829     1.93    3.61
 120307.656    30.804     2.60    3.79
 120682.148    31.785     2.62    3.66
 121056.567    32.037     0.67    3.59
 121430.910    31.938    -0.26    3.42
 121805.179    32.301     0.97    3.37
 122179.374    31.756    -1.46    3.80
 122553.494    31.347    -1.09    4.02
 122927.540    29.191    -5.76    4.51
 123301.511    26.187    -8.03    5.25
 123675.408    24.453    -4.64    5.89
 124049.231    24.941     1.30    7.29
 124422.979    25.854     2.44    7.82
 124796.654    27.136     3.43    6.89
 125170.254    25.610    -4.09    5.73
 125543.780    24.898    -1.90    4.37
 125917.232    24.318    -1.55    2.37
 126290.611    25.452     3.04    3.04
 126663.915    27.497     5.48    2.99
 127037.145    27.790     0.78    3.47
 127410.301    27.873     0.22    3.74
 127783.384    27.521    -0.94    3.90
 128156.393    28.243     1.94    5.37
 128529.328    30.932     7.21    7.52
 128902.189    32.118     3.18    7.93
 129274.977    31.543    -1.54    8.59
 129647.691    29.888    -4.44    7.71
 130020.331    29.790    -0.26    5.66
 130392.898    29.460    -0.89    3.80
 130765.392    29.341    -0.32    3.42
 131137.812    28.799    -1.46    3.75
 131510.158    28.846     0.13    3.98
 131882.432    29.983     3.05    4.11
 132254.632    31.015     2.77    3.31
 132626.758    31.310     0.79    2.77
 132998.812    31.771     1.24    2.75
 133370.792    31.126    -1.73    2.38
 133742.699    31.732     1.63    2.24
 134114.534    32.531     2.15    2.22
 134486.295    32.634     0.28    2.15
 134857.983    32.817     0.49    1.92
 135229.598    32.251    -1.52    2.58
 135601.140    31.485    -2.06    4.38
 135972.609    29.332    -5.80    5.50
 136344.005    26.934    -6.46    6.23
 136715.329    25.793    -3.07    5.44
 137086.580    26.747     2.57    5.89
 137457.758    28.943     5.91    5.70
 137828.864    31.907     7.99    3.99
 138199.896    34.122     5.97    3.96
 138570.857    35.408     3.47    3.97
 138941.744    35.622     0.58    4.02
 139312.560    34.846    -2.09    3.53
 139683.302    34.759    -0.24    3.69
 140053.973    35.509     2.02    3.53
 140424.571    35.865     0.96    3.20
 140795.096    34.576    -3.48    3.68
 141165.550    33.013    -4.22    3.53
 141535.931    31.804    -3.26    3.17
 141906.240    32.150     0.93    2.65
 142276.476    33.341     3.22    2.68
 142646.641    34.218     2.37    2.34
 143016.734    35.138     2.49    2.17
 143386.754    34.834    -0.82    2.63
 143756.703    34.268    -1.53    2.76
 144126.579    32.997    -3.44    3.22
 144496.384    30.354    -7.15    4.24
 144866.117    29.157    -3.24    4.21
 145235.778    29.127    -0.08    3.90
 145605.367    30.077     2.57    3.86
 145974.884    32.213     5.78    2.60
 146344.330    32.087    -0.34    2.90
 146713.704    30.850    -3.35    3.21
 147083.006    30.779    -0.19    2.97
 147452.237    30.589    -0.51    2.88
 147821.397    32.048     3.95    3.09
 148190.484    33.398     3.66    2.67
 148559.501    34.206     2.19    2.98
 148928.446    34.519     0.85    2.79
 149297.319    34.043    -1.29    2.71
 149666.121    34.473     1.17    2.69
 150034.852    34.810     0.91    2.32
 150403.512    35.198     1.05    1.91
 150772.101    36.432     3.35    2.30
 151140.618    37.929     4.06    3.45
 151509.064    39.813     5.11    3.78
 151877.439    41.711     5.15    2.70
 152245.743    41.986     0.75    2.11
 152613.976    40.865    -3.04    2.62
 152982.138    38.600    -6.15    4.00
 153350.230    36.796    -4.90    3.58
 153718.250    35.614    -3.21    3.06
 154086.199    35.267    -0.94    2.95
 154454.078    36.372     3.00    2.58
 154821.886    36.880     1.38    2.48
 155189.623    37.210     0.90    2.15
 155557.289    37.723     1.40    2.26
 155924.885    36.819    -2.46    2.49
 156292.411    36.026    -2.16    2.61
 156659.865    35.316    -1.93    2.78
 157027.249    34.981    -0.91    3.39
 157394.563    35.318     0.92    3.88
 157761.806    36.991     4.56    4.47
 158128.979    40.145     8.59    4.85
 158496.082    42.938     7.61    3.58
 158863.114    44.532     4.34    3.65
 159230.076    45.662     3.08    3.64
 159596.968    44.645    -2.77    3.52
 159963.789    43.760    -2.41    2.58
 160330.541    43.195    -1.54    2.33
 160697.222    43.020    -0.48    2.73
 161063.833    44.233     3.31    3.98
 161430.374    45.088     2.33    4.58
 161796.845    46.463     3.75    4.33
 162163.246    46.612     0.41    4.30
 162529.578    46.520    -0.25    3.60
 162895.839    45.702    -2.23    3.26
 163262.031    45.025    -1.85    3.24
 163628.152    43.976    -2.86    3.01
 163994.276    42.995    -2.68    3.03
 164374.884    41.108    -4.96    3.19
 164755.415    39.555    -4.08    2.53
 165135.869    38.827    -1.91    2.34
 165516.248    38.743    -0.22    2.41
 165896.550    40.679     5.09    3.85
 166276.776    41.764     2.85    3.49
 166656.926    41.941     0.47    3.13
 167037.000    41.646    -0.77    2.72
 167416.998    40.206    -3.79    2.13
 167796.920    40.066    -0.37    2.10
 168176.766    39.902    -0.43    2.19
 168556.536    39.256    -1.70    2.31
 168936.230    37.782    -3.88    3.97
 169315.849    37.240    -1.43    3.89
 169695.392    37.282     0.11    3.94
 170074.859    37.846     1.49    4.12
 170454.251    39.945     5.53    2.64
 170833.567    39.725    -0.58    2.89
 171212.807    40.602     2.31    3.62
 171591.972    42.386     4.70    4.50
 171971.061    44.275     4.98    4.07
 172350.075    46.646     6.26    3.01
 172729.014    47.840     3.15    4.08
 173107.877    49.343     3.96    4.04
 173486.665    49.982     1.69    3.81
 173865.378    51.065     2.86    3.65
 174244.016    50.338    -1.92    3.65
 174622.578    48.861    -3.90    4.54
 175001.066    49.031     0.45    4.40
 175379.478    49.304     0.72    4.30
 175757.815    50.171     2.29    4.21
 176136.078    51.932     4.65    3.23
 176514.265    53.249     3.48    2.25
 176892.378    53.172    -0.20    2.96
 177270.415    52.187    -2.61    4.01
 177648.378    50.270    -5.07    4.48
 178026.266    48.462    -4.78    3.46
 178404.080    46.996    -3.88    2.43
 178781.819    46.077    -2.43    2.78
 179159.483    46.256     0.47    2.91
 179537.072    46.929     1.78    3.27
 179914.587    47.644     1.89    4.05
 180292.028    47.857     0.56    4.23
 180669.394    47.304    -1.46    4.22
 181046.686    47.952     1.72    3.86
 181423.903    48.853     2.39    3.94
 181801.046    50.121     3.36    3.19
 182178.115    50.750     1.67    2.38
 182555.109    50.407    -0.91    2.47
 182932.030    49.853    -1.47    2.38
 183308.876    48.429    -3.78    2.49
 183685.648    48.008    -1.12    2.74
 184062.346    46.850    -3.07    3.48
 184438.970    45.217    -4.33    4.26
 184815.520    43.026    -5.82    5.23
 185191.996    41.296    -4.59    5.61
 185568.399    40.691    -1.61    5.60
 185944.727    41.450     2.02    5.77
 186320.982    43.020     4.17    4.85
 186697.163    43.852     2.21    3.36
 187073.270    44.668     2.17    2.75
 187449.304    45.178     1.36    2.92
 187825.263    46.702     4.05    3.52
 188201.150    47.989     3.42    3.44
 188576.963    49.510     4.05    3.59
 188952.702    51.567     5.47    3.08
 189328.368    52.359     2.11    2.15
 189703.960    51.775    -1.56    2.67
 190079.479    49.679    -5.58    3.66
 190454.925    48.116    -4.16    2.75
 190830.298    47.713    -1.07    2.28
 191205.597    47.823     0.29    2.23
 191580.823    48.221     1.06    2.27
 191955.976    48.169    -0.14    2.06
 192331.056    47.980    -0.51    2.87
 192706.062    47.945    -0.09    2.96
 193080.996    47.747    -0.53    2.89
 193455.857    47.128    -1.65    3.09
 193830.645    46.145    -2.62    3.17
 194205.359    44.712    -3.83    3.03
 194580.001    43.676    -2.76    2.96
 194954.571    43.591    -0.23    3.26
 195329.067    43.267    -0.87    3.30
 195703.491    42.677    -1.58    2.98
 196077.842    42.554    -0.33    3.36
 196452.120    42.336    -0.58    3.45
 196826.326    42.347     0.03    3.69
 197200.459    42.470     0.33    4.20
 197574.520    43.165     1.86    3.95
 197948.508    43.555     1.04    3.63
 198322.424    43.474    -0.22    3.01
 198696.267    42.960    -1.38    2.64
 199070.038    42.963     0.01    2.59
 199443.737    42.483    -1.29    3.34
 199817.364    41.715    -2.05    3.82
 200190.918    40.471    -3.33    3.33
 200564.400    40.134    -0.90    3.06
 200937.810    40.868     1.97    2.87
 201311.148    41.134     0.71    3.13
 201684.413    42.388     3.36    3.78
 202057.607    44.986     6.96    5.66
 202430.729    49.171    11.21    8.12
 202803.779    53.657    12.02    8.50
 203176.757    58.579    13.19    9.37
 203549.663    63.611    13.49   10.01
 203922.497    66.336     7.31    8.58
 204295.260    69.370     8.14    7.55
 204667.950    71.555     5.86    7.50
 205040.569    74.370     7.56    8.57
 205413.117    76.715     6.29    8.99
 205785.593    75.880    -2.24   10.70
 206157.997    77.073     3.20   12.26
 206530.330    81.397    11.61   14.61
 206902.591    84.054     7.14   13.51
 207274.781    86.672     7.03   11.55
 207646.899    90.850    11.22   10.51
 208018.946    94.118     8.78    8.14
 208390.922    98.543    11.89    9.51
 208762.826   105.694    19.23   11.54
 209134.660   111.106    14.55   11.41
 209506.422   114.968    10.39   11.17
 209878.112   117.668     7.26   11.79
 210249.732   120.001     6.28   10.74
 210621.281   122.429     6.54    8.30
 210992.758   123.368     2.53    6.52
 211364.165   123.520     0.41    5.14
 211735.501   123.471    -0.13    4.35
 212106.766   123.657     0.50    4.29
 212477.959   124.686     2.77    5.54
 212849.083   126.354     4.49    6.48
 213220.135   130.311    10.66    9.59
 213591.116   133.361     8.22   10.11
 213962.027   136.823     9.33    9.02
 214332.867   138.706     5.07    6.53
 214703.637   137.006    -4.58    5.01
 215074.336   136.865    -0.38    6.54
 215444.964   137.848     2.65    8.19
 215815.522   140.350     6.75    8.97
 216186.009   141.790     3.89    8.21
 216556.426   141.407    -1.03    7.58
 216926.773   142.659     3.38    6.59
 217297.049   143.221     1.52    6.57
 217667.255   146.089     7.75    7.36
 218037.391   148.997     7.86    6.81
 218407.456   149.757     2.05    6.88
 218777.451   150.236     1.29    6.22
 219147.376   150.318     0.22    5.41
 219517.231   151.025     1.91    5.09
 219887.016   152.236     3.28    4.54
 220256.731   152.589     0.95    4.47
 220626.376   151.945    -1.74    5.22
 220995.951   150.508    -3.89    6.42
 221365.456   151.702     3.23    9.04
 221734.891   152.384     1.85   10.37
 222104.256   150.732    -4.47    8.97
 222473.552   148.740    -5.39    6.48
 222842.777   149.963     3.31    9.08
 223211.933   150.777     2.20   12.08
 223581.020   153.819     8.24   13.06
 223950.036   157.977    11.27   11.57
 224318.983   156.934    -2.83    9.91
 224687.861   152.912   -10.90   12.55
 225056.669   147.520   -14.62   12.08
 225425.408   142.915   -12.49    9.26
 225794.077   139.308    -9.78    8.05
 226162.676   138.037    -3.45    8.58
 226531.207   138.727     1.87    9.14
 226899.668   140.971     6.09    9.57
 227268.059   142.020     2.84    8.93
 227636.382   141.938    -0.22    8.11
 228004.635   140.242    -4.61    8.92
 228372.819   136.014   -11.48    7.71
 228740.934   131.218   -13.03    5.39
 229108.980   131.382     0.45    6.22
 229476.957   132.321     2.55    6.99
 229844.865   134.221     5.16    6.99
 230212.704   137.336     8.47    6.10
 230580.473   138.853     4.13    5.99
 230948.174   139.829     2.65    5.73
 231315.807   138.008    -4.95    8.34
 231683.370   134.473    -9.62   11.08
 232050.864   130.319   -11.30   10.41
 232418.290   130.838     1.41   10.71
 232785.647   134.077     8.81   10.72
 233152.936   138.931    13.21   10.35
 233520.156   144.787    15.94    6.15
 233887.307   145.531     2.03    5.80
 234254.389   146.079     1.49    5.70
 234621.404   144.715    -3.71    6.72
 234988.349   141.177    -9.64    8.23
 235355.227   140.696    -1.31    8.36
 235722.035   140.259    -1.19    7.28
 236088.776   140.704     1.21    6.93
 236455.448   141.900     3.26    6.22
 236822.052   141.031    -2.37    6.74
 237188.587   139.319    -4.67    7.73
 237555.055   137.066    -6.15    7.79
 237921.454   134.350    -7.41    7.25
 238287.785   132.249    -5.73    8.70
 238654.048   133.055     2.20   10.04
 239030.968   131.845    -3.21   12.01
 239411.343   130.257    -4.17   13.83
 239791.644   127.755    -6.58   12.51
 240171.870   125.717    -5.36   11.69
 240552.022   125.261    -1.20   10.18
 240932.101   127.834     6.77    9.49
 241312.105   132.393    12.00    7.43
 241692.035   134.721     6.13    5.20
 242071.891   135.899     3.10    5.16
 242451.673   135.765    -0.35    6.00
 242831.381   133.043    -7.17    6.41
 243211.015   128.787   -11.21    7.29
 243590.575   124.393   -11.57    6.05
 243970.062   120.456   -10.37    6.55
 244349.475   115.741   -12.43    7.15
 244728.814   113.206    -6.68    7.47
 245108.080   112.164    -2.75    6.63
 245487.272   110.037    -5.61    6.67
 245866.390   107.531    -6.61    6.32
 246245.435   107.868     0.89    7.34
 246624.407   108.957     2.87    7.82
 247003.305   111.301     6.19    7.15
 247382.129   112.193     2.35    8.02
 247760.881   113.895     4.49    9.45
 248139.559   115.229     3.52   10.52
 248518.163   116.308     2.85    9.47
 248896.695   117.287     2.59    7.06
 249275.153   116.834    -1.20    5.02
 249653.538   118.326     3.94    4.10
 250031.850   116.136    -5.79    6.12
 250410.089   113.515    -6.93    6.52
 250788.255   111.716    -4.76    6.69
