# NaN NaN NaN ;Mean Elev.(m), Avg Gradient(m/km), RMS Gradient(m/km) - SRTM1     
#    6.082  -2.492   7.318 ;Mean Elev.(m), Avg Gradient(m/km), RMS Gradient(m/km) - ASTER GDEM
#    1.505  -3.471   9.419 ;Mean Elev.(m), Avg Gradient(m/km), RMS Gradient(m/km) - GMTED2010 
  8  84.799512  69.738403    13.410     8.832 10 52485.61484595 22.672
  9  84.816087  69.731697     6.069     5.866 12 52520.61480994 14.009
 10  84.792058  69.728561     1.178     0.441 14 52555.61486120 24.931
 11  84.804894  69.731538    59.732    58.170 15 52590.61485076  3.298
 12  84.810162  69.741241    60.683    61.298  6 52625.61477968  0.894
 15  84.772756  69.758022    13.507     9.159  5 52730.61483046  5.907
 16  84.813786  69.733460    73.298    70.737 14 52765.61483520  4.726
 17  84.793103  69.727930     6.930     6.932 14 52800.61482873 45.591
 18  84.795134  69.730678     0.907     0.949 15 52835.61489659 42.888
 19  84.803120  69.731786     0.658     0.009 13 52870.61493775 29.631
 20  84.812004  69.730363     6.128     5.976 13 52905.61493719 19.414
 21  84.809565  69.714769     1.178     1.136  5 52940.61486639 33.651
 23  84.825906  69.716033    51.411    47.180  5 53010.61491692  1.314
 24  84.816267  69.712420    44.310    44.054  3 53045.61487952  0.346
 26  84.764507  69.745848    -0.000    -0.106  9 53115.61489148  7.508
 27  84.763943  69.754098    78.587    79.600  6 53150.61494021  1.632
 28  84.805009  69.733890     3.354     2.625 15 53185.61492466 36.934
 29  84.809653  69.731904     1.875     1.015 14 53220.61495007 28.874
 30  84.801248  69.741850    20.288    22.515  8 53255.61492876 19.432
 32  84.816890  69.727562    53.514    46.722  4 53325.61491164  0.543
 33  84.776555  69.762023    -1.594    -1.648  5 53360.61487778  8.751
 34  84.786174  69.734441     3.352    -0.568 11 53395.61489172 11.179
 35  84.777360  69.760698     7.599     3.463  5 53430.61488912  7.939
 36  84.792141  69.729578    -0.496    -0.713 14 53465.61491209  9.574
 38  84.815958  69.727576     6.495     5.871 11 53535.61495955 17.701
 39  84.799956  69.733801     5.905     5.857 15 53570.61497083 21.376
 40  84.784158  69.758693    21.619     7.640  7 53605.61492323 15.002
 41  84.800943  69.721442     1.219    -0.056  9 53640.61491585 23.063
 42  84.771170  69.749933    19.545     7.293  9 53675.61494129 28.927
 43  84.819090  69.735159    58.391    54.773 14 53710.61486728  1.769
 44  84.793866  69.725007    58.361    46.757  3 53745.61477589  0.350
 46  84.778619  69.768244    75.353    75.353  2 53815.61478463  0.646
 48  84.809987  69.730873     9.881     6.958  7 53885.61485342 28.896
 49  84.799590  69.727770     5.942     5.866 13 53920.61492201 16.982
 50  84.805700  69.726811     4.302     3.763 11 53955.61491974 15.405
 51  84.831975  69.729877     2.401     2.349  9 53990.61483832 44.740
 52  84.798336  69.726485     0.959     1.159 13 54025.61490390 28.040
 53  84.800086  69.738878    61.269    60.917  8 54060.61489914  1.568
 54  84.816937  69.733887    37.895    38.706  4 54095.61487235  3.009
 55  84.770956  69.742878     6.611     2.090  8 54130.61482112  9.682
 56  84.814021  69.729551    30.775    30.775  2 54165.61484340  1.985
 57  84.765449  69.750033     0.623     0.784  7 54200.61482545  8.329
 58  84.781700  69.744689    74.082    86.844  3 54235.61486169  0.352
 59  84.813626  69.727219     6.361     6.217 11 54270.61487817 19.603
 60  84.805080  69.730792     4.983     5.680 14 54305.61488176 19.826
 61  84.814573  69.731677     6.492     6.866 14 54340.61486400 15.723
 62  84.801016  69.729340     5.453     5.818 13 54375.61481601 18.253
 63  84.806569  69.731558    56.200    56.058 14 54410.61481061  6.387
 64  84.762872  69.749211    72.100    83.345  6 54445.61478410  1.467
 65  84.763882  69.760916    79.623    79.916  3 54480.61480810  0.685
 67  84.809668  69.734783     4.857     0.596 14 54550.61481539  6.351
 69  84.801402  69.733436    10.059    10.037 15 54620.61480952 41.057
 70  84.809066  69.728172     6.512     6.431 12 54655.61481879 14.545
 71  84.808274  69.733132     6.430     6.182 14 54690.61480537 17.348
 72  84.795558  69.728924     2.179     0.287 15 54725.61477000 31.114
 73  84.809758  69.728913    47.750    31.497  9 54760.61478110 11.609
 74  84.790021  69.728323    62.223    61.455 14 54795.61476326  2.176
 75  84.826185  69.716583    52.459    46.911  5 54830.61477866  1.273
 76  84.802966  69.723697    54.489    47.100  4 54865.61475706  0.497
 78  84.789455  69.736926    66.516    66.933  6 54935.61475131  0.475
 79  84.822937  69.717546    56.379    46.401  5 54970.61477975  2.152
 80  84.809576  69.727218     6.246     6.002 12 55005.61480130 18.149
 81  84.809630  69.728986     3.459     3.671 12 55040.61478949 16.155
 82  84.778629  69.755472    20.077     8.323  8 55075.61477704 20.957
 83  84.803390  69.725541     0.967    -0.188 11 55110.61472154 22.832
 84  84.803474  69.733079    60.840    59.589 15 55145.61472548  2.982
 85  84.817939  69.710293    44.961    45.251  3 55180.61469537  0.935
 86  84.822547  69.721674    38.850    39.365  4 55215.61471754  1.570
 88  84.776146  69.756888     6.763     2.444  6 55285.61471880  7.540
 90  84.812782  69.727488     8.292     8.338 12 55355.61468653 35.897
 91  84.793246  69.731870     1.336     1.372 16 55390.61468809 46.684
 92  84.802314  69.733810     3.102     0.657 15 55425.61470486 23.988
 93  84.807462  69.738162     5.627     6.039 12 55460.61467365 21.078
