# NaN NaN NaN ;Mean Elev.(m), Avg Gradient(m/km), RMS Gradient(m/km) - SRTM1     
#  -15.000  -2.485   9.023 ;Mean Elev.(m), Avg Gradient(m/km), RMS Gradient(m/km) - ASTER GDEM
#    2.200  -3.076   5.020 ;Mean Elev.(m), Avg Gradient(m/km), RMS Gradient(m/km) - GMTED2010 
  7  86.576338  66.580377     7.186     3.943  3 52472.62017529 18.590
  8  86.579049  66.585476     2.865     2.844  5 52507.62014914 20.552
 10  86.570082  66.582321     2.676     2.845  6 52577.62018221 38.475
 11  86.579546  66.585095    20.866    20.080  4 52612.62014664 18.524
 12  86.573541  66.581775    26.304    26.508  5 52647.62013008 16.352
 13  86.588527  66.585674    26.410    26.424  4 52682.62010302 12.765
 14  86.570176  66.581865    26.659    26.892  5 52717.62016072 12.753
 15  86.575446  66.582431    13.162     7.746  5 52752.62018573 15.214
 17  86.571008  66.576285     4.332     4.297  3 52822.62020242 22.999
 18  86.571506  66.581652     9.981    12.775  5 52857.62025024 18.017
 19  86.571885  66.583340     1.918     1.848  5 52892.62028250 16.948
 21  86.570245  66.582199     2.863     1.094  6 52962.62020680 24.322
 22  86.577196  66.577869    14.299    14.299  2 52997.62024654 17.361
 23  86.588728  66.582705    13.399    13.399  2 53032.62020407 17.295
 24  86.574242  66.583581    21.976    22.978  5 53067.62021625 14.812
 25  86.585309  66.586807    20.144    20.927  6 53102.62020791 14.109
 26  86.572331  66.583954     2.146     2.138  5 53137.62021970 11.284
 27  86.566242  66.586435    15.178    15.276  3 53172.62026608 49.220
 28  86.574729  66.584327     3.741     3.588  5 53207.62028036 17.375
 29  86.583328  66.585767     3.265     3.263  5 53242.62024801 18.175
 30  86.563270  66.578757    16.773    15.345  4 53277.62022157 17.842
 31  86.572328  66.581659     3.661     3.647  5 53312.62025517 37.614
 32  86.581844  66.583415    22.291    22.860  5 53347.62022096 11.498
 33  86.565233  66.580116    27.616    26.548  4 53382.62018606 11.080
 34  86.583275  66.584150    25.642    25.671  4 53417.62020000 13.216
 35  86.561719  66.580060    23.336    23.315  6 53452.62020122 11.650
 36  86.567855  66.580511    23.819    26.346  5 53487.62028643  9.819
 37  86.575538  66.586403    18.107    18.137  5 53522.62027761 39.290
 38  86.571380  66.583074     4.161     4.195  6 53557.62030241 26.797
 39  86.589275  66.588197     2.845     2.863  5 53592.62023982 42.358
 40  86.556319  66.577595     2.740     2.823  4 53627.62022956 17.690
 41  86.572709  66.579745    22.832    24.220  3 53662.62025449 22.251
 42  86.581133  66.585842     2.128     2.118  6 53697.62021967 21.686
 43  86.590857  66.587979     5.532     6.415  6 53732.62014235 19.560
 44  86.575501  66.583926    18.411    18.319  5 53767.62011900 16.545
 45  86.588776  66.585583    20.588    20.058  4 53802.62011825 15.420
 46  86.564383  66.579634    26.547    26.243  4 53837.62013063 13.127
 47  86.573400  66.582225     2.612     2.467  5 53872.62018251 43.958
 48  86.568335  66.582303    11.157    11.111  5 53907.62022387 17.208
 49  86.568822  66.581553     2.824     2.945  5 53942.62024992 23.958
 50  86.582718  66.586168     2.355     2.200  6 53977.62020300 35.571
 51  86.565777  66.577516    15.218    15.487  3 54012.62020925 19.479
 52  86.580643  66.582970    19.799    22.139  5 54047.62021999 17.315
 54  86.592306  66.585896    21.544    21.761  5 54117.62014408 14.736
 55  86.576611  66.581570    31.513    33.557  4 54152.62016548  9.533
 56  86.587271  66.587320    23.612    23.261  6 54187.62013807 11.500
 57  86.569781  66.582400     4.253     4.261  6 54222.62017574 20.065
 59  86.577495  66.582888    11.675    13.392  4 54292.62020011 18.824
 60  86.580694  66.585372     4.391     4.332  5 54327.62019639 23.535
 61  86.588770  66.587956     4.540     4.482  5 54362.62014583 20.637
 62  86.574811  66.583455     3.022     2.984  5 54397.62013597 41.678
 63  86.586679  66.586455     1.604     1.586  6 54432.62009521 25.215
 64  86.570938  66.583138     1.888     1.858  6 54467.62011783 24.060
 65  86.583390  66.585847     2.195     2.174  6 54502.62011049 21.875
 66  86.578688  66.584101    22.575    22.326  5 54537.62013334 13.163
 67  86.585917  66.587413    30.787    30.321  5 54572.62011222  9.766
 69  86.580131  66.582446    16.739    16.553  3 54642.62013506 13.053
 70  86.576160  66.582675     4.889     5.066  5 54677.62013714 37.748
 71  86.589021  66.586829     3.723     3.759  6 54712.62009127 46.897
 72  86.576211  66.579049     3.875     4.045  3 54747.62010520 37.064
 73  86.580553  66.585579     2.189     2.146  6 54782.62007756 29.042
 74  86.572270  66.582865     1.629     1.676  5 54817.62009877 22.181
 75  86.581621  66.585943    21.280    22.138  6 54852.62007513 14.863
 76  86.574357  66.583390    25.131    26.430  6 54887.62010313 12.345
 77  86.588800  66.586820    26.387    26.012  5 54922.62007546 12.718
 78  86.570483  66.582435     3.497     3.492  5 54957.62009986 19.080
 79  86.577160  66.580470    15.865    15.865  2 54992.62012198 19.706
 80  86.580506  66.584076     4.766     4.265  5 55027.62011294 21.735
 81  86.581914  66.580719     2.860     2.703  3 55062.62010494 41.373
 82  86.591974  66.585069    10.496    14.568  3 55097.62005285 17.616
 83  86.573145  66.582668     2.428     2.248  5 55132.62004882 46.020
 84  86.583549  66.585301    23.892    24.819  5 55167.62001539 18.609
 85  86.573679  66.581886    21.715    21.154  5 55202.62004116 15.120
 86  86.584490  66.585565    24.316    26.186  5 55237.62002271 13.178
 87  86.577672  66.584094    25.719    26.548  6 55272.62003549 12.790
 88  86.593629  66.582587     2.168     2.168  2 55307.62000448  7.862
 89  86.575929  66.584784    10.685    10.685  5 55342.62000521 49.644
 91  86.571733  66.583863     6.248     4.110  5 55412.62002299 17.560
 92  86.580170  66.585159     3.605     3.757  6 55447.62001336 33.874
 93  86.594589  66.586224    23.047    23.730  5 55482.61994263 18.110
