# NaN NaN NaN ;Mean Elev.(m), Avg Gradient(m/km), RMS Gradient(m/km) - SRTM1     
#    1.539   0.441   1.987 ;Mean Elev.(m), Avg Gradient(m/km), RMS Gradient(m/km) - ASTER GDEM
#    0.009   0.074   8.938 ;Mean Elev.(m), Avg Gradient(m/km), RMS Gradient(m/km) - GMTED2010 
  6  83.160892  70.847120     2.873     2.509  5 52438.25653780 22.489
  7  83.158778  70.844957     3.717     3.682  6 52473.25653814 16.799
  8  83.160850  70.847102     1.156     0.924  5 52508.25650744 27.192
  9  83.160647  70.827323     1.562     1.664  9 52543.25649673 19.812
 11  83.156845  70.848931    -0.091    -0.078  4 52613.25650760 17.934
 12  83.157995  70.835214     0.013     0.012  8 52648.25649238 15.398
 13  83.155399  70.840509     0.328     0.336  7 52683.25646731 12.003
 14  83.157368  70.838601     0.101     0.136  8 52718.25652385 10.470
 15  83.147669  70.849883     0.266     0.248  7 52753.25654711  9.525
 16  83.160164  70.828464     1.110     1.119  8 52788.25649651 23.124
 17  83.160421  70.832485     2.933     2.768  8 52823.25656732 15.092
 18  83.158498  70.831944     2.795     2.521  8 52858.25661406 17.109
 19  83.161204  70.845242     2.140     2.621  6 52893.25664338 21.102
 20  83.149117  70.849782     0.207     0.225  7 52928.25659385 50.026
 21  83.160865  70.828006    -0.186    -0.176  8 52963.25657539 19.554
 22  83.159525  70.844533    -0.001     0.008  6 52998.25661139 13.495
 23  83.150651  70.848588     0.127     0.136  7 53033.25656564 11.274
 24  83.158195  70.836763    -0.438    -0.421  9 53068.25658097  9.482
 25  83.148421  70.850270    -0.062    -0.065  7 53103.25656753  7.816
 26  83.158379  70.833322    -0.206    -0.226  8 53138.25658541  8.786
 27  83.156012  70.837371     2.798     2.679  8 53173.25662770 29.312
 28  83.160307  70.845251     2.615     2.642  6 53208.25664200 18.096
 29  83.158397  70.845237    -0.894    -0.924  5 53243.25660971 26.424
 30  83.161891  70.830196    -0.530    -0.579  8 53278.25658843 25.394
 31  83.157769  70.839556    -0.277    -0.309  8 53313.25661649 20.335
 32  83.157673  70.842730    -0.196    -0.214  6 53348.25658169 14.912
 33  83.160093  70.829939    -0.601    -0.624  8 53383.25655248 11.790
 34  83.158706  70.837018    -0.338    -0.307  9 53418.25656203 11.292
 35  83.163321  70.827082    -1.003    -0.928  9 53453.25656686 10.153
 36  83.159942  70.844552     0.234     0.243  5 53488.25664913  8.807
 37  83.156204  70.837874     1.753     1.765  8 53523.25663919 42.095
 38  83.159172  70.848312     2.781     2.893  4 53558.25666331 21.578
 39  83.160493  70.846889     1.345     1.524  5 53593.25660085 20.271
 40  83.160089  70.830407     0.475     0.420  8 53628.25659502 22.586
 41  83.156021  70.838776    -0.694    -0.686  9 53663.25661844 37.564
 42  83.160741  70.847726     0.022     0.049  5 53698.25657874 15.628
 43  83.156635  70.849941    -0.458    -0.370  4 53733.25650092 12.603
 44  83.159764  70.833927    -0.183    -0.248  8 53768.25648321 12.372
 45  83.160903  70.848852    -0.147    -0.076  5 53803.25647853  9.123
 46  83.161597  70.831688    -0.519    -0.427  8 53838.25649686  8.534
 47  83.158079  70.837377     0.646     0.571  8 53873.25654549  4.987
 48  83.156096  70.838772     3.347     3.328  9 53908.25658774 28.883
 49  83.158696  70.848070     0.602    -0.054  5 53943.25661086 23.770
 50  83.153977  70.849184     0.006     0.023  6 53978.25656227 41.282
 51  83.161458  70.827487    -0.195    -0.339  8 54013.25657559 35.653
 52  83.159506  70.835756    -0.098    -0.105  8 54048.25658278 23.033
 54  83.147205  70.849239     0.359     0.161  7 54118.25650349 13.569
 55  83.153999  70.839003    -0.232    -0.243  8 54153.25652900 12.330
 57  83.158886  70.837711     0.583     0.549  8 54223.25653904  7.740
 58  83.154507  70.838854     2.470     2.491  8 54258.25656060 30.685
 59  83.154902  70.837740     2.763     2.365  8 54293.25656366 17.658
 60  83.158333  70.843923     0.588    -0.347  6 54328.25655765 21.637
 61  83.150842  70.849584     0.036    -0.340  7 54363.25650494 25.169
 62  83.157705  70.837159     0.657     0.673  9 54398.25649875 30.464
 63  83.159415  70.850030     0.025     0.018  4 54433.25645455 15.091
 64  83.159648  70.833696    -0.247    -0.194  9 54468.25648174 12.366
 65  83.158187  70.847715     0.344     0.353  4 54503.25647091 11.523
 66  83.157106  70.840356    -0.605    -0.676  8 54538.25649621 10.148
 67  83.156753  70.849432    -0.144    -0.075  4 54573.25647157  9.625
 68  83.155060  70.838620     1.095     0.953  9 54608.25648956  5.729
 69  83.158785  70.843929     3.155     3.259  6 54643.25649704 25.847
 70  83.153717  70.839321     1.522     1.804  8 54678.25649966 30.613
 71  83.155334  70.849892     1.270     0.235  5 54713.25645073 23.965
 72  83.158929  70.838214    -0.281    -0.277  8 54748.25646897 31.450
 73  83.160348  70.846187    -0.144    -0.096  5 54783.25643844 18.079
 74  83.158500  70.836734    -0.973    -0.889  8 54818.25646177 13.795
 75  83.158573  70.845875     0.176     0.183  5 54853.25643559 10.930
 76  83.156117  70.840374     0.193     0.203  8 54888.25646595 10.226
 77  83.148234  70.849624     0.069     0.052  6 54923.25643533  8.865
 78  83.158955  70.837544     0.363     0.383  8 54958.25646303  7.582
 79  83.161172  70.844885     2.882     2.731  6 54993.25648431 25.967
 80  83.160108  70.845190     2.360     2.408  6 55028.25647462 20.602
 81  83.160975  70.844547     2.052     2.481  6 55063.25646671 18.462
 82  83.149654  70.850895     0.121    -0.124  7 55098.25641243 26.272
 83  83.157376  70.837490     0.038     0.077  9 55133.25641205 33.029
 84  83.160922  70.848092    -0.337    -0.336  5 55168.25637519 14.374
 85  83.156491  70.836976    -0.214    -0.216  8 55203.25640463 12.401
 86  83.154781  70.847817    -0.042    -0.120  5 55238.25638312 14.344
 87  83.160499  70.844643     0.101     0.123  6 55273.25639703 10.375
 88  83.154947  70.850065     0.549     0.511  5 55308.25636523 10.071
 89  83.155542  70.838706     0.464     0.452  8 55343.25636719  7.904
 90  83.158779  70.846417     3.421     3.315  5 55378.25636019 24.656
 91  83.158663  70.836639     2.295     2.099  9 55413.25638620 24.128
 92  83.159652  70.845523     2.838     2.657  5 55448.25637395 16.238
 93  83.147444  70.849147    -0.903    -0.878  7 55483.25630204 40.543
