-107254.092    30.845     0.00    5.74
-106879.978    27.306    -9.46    4.79
-106505.777    23.293   -10.72    5.77
-106131.489    19.026   -11.40    7.65
-105757.115    14.036   -13.33    8.76
-105382.652     8.966   -13.54    8.60
-105008.103     5.162   -10.16    7.55
-104633.467     1.882    -8.75    5.23
-104258.743    -0.264    -5.73    1.11
-103883.931    -0.505    -0.64    0.00
-103509.033    -0.505     0.00    0.00
-103134.047    -0.505     0.00    0.00
-102758.973    -0.505     0.00    0.00
-102383.811    -0.455     0.13    0.22
-102008.562    -0.383     0.19    0.33
-101633.226    -0.250     0.36    0.44
-101257.801     0.000     0.66    0.86
-100882.289     0.728     1.94    1.98
-100506.688     2.295     4.17    3.44
-100131.000     3.168     2.32    3.74
 -99755.223     3.297     0.34    4.04
 -99379.359     2.580    -1.91    4.21
 -99003.406     0.631    -5.18    2.96
 -98627.365     0.667     0.09    3.49
 -98251.236     4.299     9.66    7.27
 -97875.019     8.731    11.78    8.56
 -97498.713    14.291    14.77    7.67
 -97122.318    18.420    10.97    4.30
 -96745.835    20.218     4.77    3.22
 -96369.264    21.410     3.17    3.37
 -95992.603    22.816     3.73    5.62
 -95615.854    26.043     8.57    8.54
 -95239.017    27.899     4.92    9.22
 -94862.090    28.695     2.11   10.02
 -94485.074    30.857     5.73   11.61
 -94107.970    36.301    14.44   15.04
 -93730.776    44.542    21.85   13.27
 -93353.494    51.630    18.78    8.99
 -92976.122    54.278     7.02    5.82
 -92598.661    54.093    -0.49    5.19
 -92221.111    51.665    -6.43    6.02
 -91843.471    47.597   -10.77    6.93
 -91465.742    43.897    -9.80    7.03
 -91087.924    43.425    -1.25    6.16
 -90710.016    45.476     5.43    6.91
 -90332.018    49.427    10.45    7.39
 -89953.931    51.486     5.45    6.79
 -89575.754    51.194    -0.77    6.42
 -89197.487    50.629    -1.50    5.35
 -88819.131    48.343    -6.04    5.95
 -88440.684    45.071    -8.65    6.32
 -88062.148    45.505     1.15    8.28
 -87683.521    48.707     8.46    9.97
 -87304.804    54.019    14.03    8.38
 -86925.998    58.524    11.89    5.80
 -86547.101    59.788     3.33    5.56
 -86168.113    59.966     0.47    6.47
 -85789.036    61.995     5.35    8.49
 -85409.868    65.980    10.51   10.21
 -85030.609    69.703     9.82   10.23
 -84651.260    73.664    10.44    8.43
 -84271.820    74.023     0.95    8.23
 -83892.290    69.574   -11.72   13.86
 -83512.669    63.363   -16.36   16.77
 -83132.957    60.386    -7.84   16.17
 -82753.154    63.495     8.19   18.74
 -82373.261    71.350    20.67   18.87
 -81993.276    80.222    23.35   10.37
 -81613.200    82.861     6.94    6.30
 -81233.033    82.448    -1.09    8.09
 -80852.775    82.184    -0.69    8.45
 -80472.426    79.873    -6.08   10.92
 -80091.985    76.703    -8.33   13.07
 -79711.453    76.223    -1.26   15.16
 -79330.830    74.627    -4.19   17.53
 -78950.115    74.562    -0.17   19.09
 -78569.308    74.873     0.82   18.65
 -78188.410    78.777    10.25   16.47
 -77807.420    82.212     9.02   12.31
 -77426.339    85.107     7.60    9.77
 -77045.165    83.793    -3.45   10.18
 -76663.900    81.476    -6.08    9.70
 -76282.543    84.703     8.46    7.85
 -75901.093    85.623     2.41    8.33
 -75519.552    86.569     2.48    8.78
 -75137.918    85.938    -1.66    9.99
 -74756.192    83.708    -5.84   12.36
 -74383.281    80.446    -8.75   14.11
 -74018.866    77.065    -9.28   13.90
 -73654.369    76.381    -1.88   11.40
 -73289.789    80.005     9.94   10.88
 -72925.127    83.165     8.67   12.68
 -72560.383    87.832    12.79   12.93
 -72195.556    90.175     6.42   14.68
 -71830.646    93.524     9.18   19.47
 -71465.653   101.448    21.71   25.31
 -71100.578   107.773    17.33   26.75
 -70735.420   113.577    15.89   24.62
 -70370.179   116.514     8.04   25.47
 -70004.855   116.657     0.39   23.40
 -69639.449   116.822     0.45   19.35
 -69273.959   113.097   -10.19   14.56
 -68908.386   109.393   -10.13    9.48
 -68542.730   106.477    -7.98    9.23
 -68176.991   101.845   -12.66   10.46
 -67811.168    94.976   -18.77   10.24
 -67445.262    89.325   -15.44   12.01
 -67079.273    81.613   -21.07   11.89
 -66713.200    80.523    -2.98   10.82
 -66347.044    78.563    -5.35    9.78
 -65980.805    73.523   -13.76   13.65
 -65614.481    67.325   -16.92   18.68
 -65248.074    57.486   -26.85   19.56
 -64881.584    47.720   -26.65   16.14
 -64515.009    37.755   -27.18    7.76
 -64148.351    35.269    -6.78    6.48
 -63781.609    33.410    -5.07    7.48
 -63414.783    31.876    -4.18    7.80
 -63047.873    30.165    -4.66    6.32
 -62680.879    29.466    -1.90    5.91
 -62313.801    29.477     0.03    6.70
 -61946.638    28.938    -1.47    7.12
 -61579.391    28.093    -2.30    7.12
 -61212.061    27.627    -1.27    6.81
 -60844.645    27.990     0.99    6.33
 -60477.146    28.384     1.07    5.90
 -60109.562    29.921     4.18    5.45
 -59741.893    30.212     0.79    4.83
 -59374.140    30.891     1.85    5.51
 -59006.302    31.216     0.88    5.52
 -58638.379    31.149    -0.18    5.26
 -58270.372    32.720     4.27    5.03
 -57902.280    36.009     8.94    6.58
 -57534.103    38.534     6.86    6.80
 -57165.841    41.222     7.30    6.31
 -56797.494    41.627     1.10    5.86
 -56429.062    40.120    -4.09    5.90
 -56060.545    38.103    -5.47    5.79
 -55691.943    36.863    -3.36    4.80
 -55323.256    35.881    -2.66    4.45
 -54954.483    36.590     1.92    5.06
 -54585.625    38.037     3.92    5.09
 -54216.682    38.878     2.28    4.56
 -53847.653    38.634    -0.66    5.59
 -53478.539    38.086    -1.48    6.69
 -53109.339    38.081    -0.01    7.11
 -52740.054    40.168     5.65    7.35
 -52370.682    41.876     4.62    5.71
 -52001.225    39.788    -5.65    7.94
 -51631.683    34.917   -13.18    9.73
 -51262.054    29.567   -14.48    9.41
 -50892.340    23.146   -17.37    8.40
 -50522.539    18.603   -12.28    7.61
 -50152.653    14.542   -10.98    6.16
 -49782.680    12.860    -4.55    5.03
 -49412.621    15.561     7.30    6.11
 -49042.476    17.899     6.32    5.98
 -48672.245    19.761     5.03    4.90
 -48301.927    21.137     3.72    3.58
 -47931.523    22.005     2.34    1.97
 -47561.033    22.206     0.54    1.85
 -47190.456    22.262     0.15    1.83
 -46819.792    22.071    -0.51    1.91
 -46449.042    21.715    -0.96    2.77
 -46078.205    21.730     0.04    3.11
 -45707.281    20.458    -3.43    7.08
 -45336.271    18.662    -4.84    9.66
 -44965.173    17.262    -3.77   10.62
 -44593.989    17.684     1.14   10.95
 -44222.718    20.410     7.34    9.30
 -43851.359    20.773     0.98    8.26
 -43479.914    20.050    -1.95    6.73
 -43108.381    20.439     1.05    6.78
 -42736.761    20.454     0.04    6.46
 -42365.054    22.449     5.37    5.11
 -41993.259    25.033     6.95    5.17
 -41621.377    28.906    10.42    8.79
 -41249.408    33.654    12.76   10.17
 -40877.351    40.097    17.32    7.97
 -40505.206    42.679     6.94    7.35
 -40132.974    41.781    -2.41    8.94
 -39760.654    37.633   -11.14    9.38
 -39388.246    33.544   -10.98    7.43
 -39015.750    29.346   -11.27    5.59
 -38643.166    27.383    -5.27    5.39
 -38270.495    24.944    -6.55    4.37
 -37897.735    23.202    -4.67    3.25
 -37524.887    22.041    -3.11    2.01
 -37151.951    21.963    -0.21    2.11
 -36778.927    20.699    -3.39    4.43
 -36405.815    20.660    -0.10    5.90
 -36032.614    23.703     8.15    7.95
 -35659.325    30.280    17.62   10.08
 -35285.947    35.617    14.29    8.72
 -34912.481    36.905     3.45    8.14
 -34538.926    31.477   -14.53   12.79
 -34165.282    23.665   -20.91   14.04
 -33791.550    16.193   -19.99   10.61
 -33417.729    11.034   -13.80    4.64
 -33043.819     9.653    -3.70    3.11
 -32669.821     8.952    -1.87    1.79
 -32295.733     8.533    -1.12    0.30
 -31921.556     8.495    -0.10    0.00
 -31547.290     8.495     0.00    0.00
 -31172.935     8.505     0.02    0.10
 -30798.491    10.149     4.39    4.32
 -30423.958    12.156     5.36    6.54
 -30049.335    14.733     6.88    7.61
 -29674.622    17.028     6.12    7.20
 -29299.821    17.178     0.40    7.33
 -28924.929    17.731     1.48    6.72
 -28549.948    18.243     1.36    6.67
 -28174.878    19.486     3.31    5.74
 -27799.717    21.131     4.38    3.69
 -27424.467    21.171     0.11    3.54
 -27049.127    20.168    -2.67    4.56
 -26673.698    19.591    -1.54    4.94
 -26298.178    20.569     2.60    3.48
 -25922.568    21.238     1.78    1.69
 -25546.868    21.005    -0.62    1.62
 -25171.077    21.084     0.21    1.58
 -24795.197    21.224     0.37    1.95
 -24419.226    21.477     0.67    2.03
 -24043.165    21.819     0.91    1.94
 -23667.013    22.037     0.58    1.88
 -23290.771    22.444     1.08    1.89
 -22914.439    22.561     0.31    1.91
 -22538.015    22.689     0.34    1.92
 -22161.502    22.633    -0.15    1.88
 -21784.897    22.276    -0.95    1.83
 -21408.201    22.271    -0.01    1.95
 -21031.415    22.299     0.07    2.09
 -20654.537    22.841     1.44    3.19
 -20277.569    25.467     6.97    5.50
 -19900.510    30.181    12.50    7.04
 -19523.359    33.752     9.47    6.42
 -19146.117    35.582     4.85    5.06
 -18768.784    33.550    -5.39    5.39
 -18391.359    30.486    -8.12    5.14
 -18013.844    27.264    -8.53    4.01
 -17636.236    26.495    -2.04    4.24
 -17258.537    32.615    16.20   11.44
 -16880.747    41.449    23.38   16.00
 -16502.865    50.199    23.16   14.68
 -16124.891    55.635    14.38   10.41
 -15746.825    59.234     9.52   10.64
 -15368.667    57.385    -4.89   15.32
 -14990.418    55.305    -5.50   18.07
 -14612.076    51.568    -9.88   16.84
 -14233.643    50.305    -3.34   14.00
 -13855.117    49.523    -2.07   10.97
 -13476.499    46.914    -6.89    8.43
 -13097.789    45.266    -4.35    8.46
 -12718.986    43.272    -5.26    9.51
 -12340.091    42.850    -1.11   11.37
 -11961.104    41.841    -2.66   12.03
 -11582.024    41.514    -0.86   11.29
 -11202.851    40.187    -3.50    9.05
 -10823.586    40.888     1.85    6.96
 -10444.228    40.908     0.05    5.53
 -10064.777    41.356     1.18    5.37
  -9685.234    42.641     3.38    5.43
  -9305.597    45.627     7.87    7.64
  -8925.868    48.645     7.95    8.62
  -8546.045    51.165     6.64    8.62
  -8166.129    52.550     3.64    7.40
  -7786.120    52.880     0.87    5.26
  -7406.018    52.358    -1.37    3.84
  -7025.822    51.327    -2.71    4.28
  -6645.533    48.706    -6.89    6.75
  -6265.151    43.333   -14.12   10.00
  -5884.675    33.875   -24.86   12.16
  -5504.105    24.738   -24.01   10.54
  -5123.442    17.773   -18.30    6.29
  -4742.685    13.589   -10.99    4.86
  -4361.834    10.299    -8.64    4.94
  -3980.889     8.116    -5.73    4.36
  -3599.850     5.190    -7.68    2.49
  -3218.718     3.523    -4.37    2.84
  -2837.491     1.920    -4.20    2.87
  -2456.170     0.615    -3.42    2.18
  -2074.755    -0.410    -2.69    0.51
  -1693.245    -0.505    -0.25    0.00
  -1311.641    -0.505     0.00    0.00
   -929.943    -0.505     0.00    0.00
   -548.150    -0.475     0.08    0.17
   -166.262     0.596     2.80    2.34
    213.718     2.375     4.68    3.22
    577.887     4.422     5.62    2.99
    942.139     5.908     4.08    1.63
   1306.476     5.854    -0.15    1.76
   1670.897     4.359    -4.10    3.03
   2035.402     2.514    -5.06    3.26
   2399.991     0.823    -4.64    2.55
   2764.665    -0.307    -3.10    0.74
   3129.423     3.196     9.60    9.38
   3494.266    18.604    42.23   26.87
   3859.194    36.524    49.10   31.37
   4224.206    53.569    46.70   22.82
   4589.303    60.542    19.10    9.79
   4954.485    55.610   -13.51    8.81
   5319.751    50.183   -14.86    7.80
   5685.102    45.391   -13.12   10.22
   6050.539    41.991    -9.30   12.07
   6416.060    40.695    -3.54   12.63
   6781.666    38.257    -6.67   10.81
   7147.358    37.777    -1.31    8.46
   7513.134    40.269     6.81    8.38
   7878.996    44.459    11.45    9.44
   8244.943    47.888     9.37    9.08
   8610.976    51.203     9.06    7.62
   8977.094    53.404     6.01    8.83
   9343.297    56.618     8.78   10.83
   9709.586    63.196    17.96   12.45
  10075.961    70.245    19.24   11.64
  10442.421    76.649    17.47    8.79
  10808.967    80.904    11.61    5.27
  11175.599    82.712     4.93    4.65
  11542.316    84.567     5.06    5.30
  11909.120    87.558     8.15    6.31
  12276.009    91.159     9.82    5.89
  12642.984    92.341     3.22    6.39
  13010.046    92.086    -0.69    6.61
  13377.193    92.137     0.14    5.51
  13744.427    93.394     3.42    4.89
  14111.747    94.925     4.17    5.05
  14479.154    95.865     2.56    4.73
  14846.646    95.922     0.16    6.10
  15214.226    95.068    -2.32    8.28
  15581.891    92.670    -6.52    9.20
  15949.644    90.384    -6.21    8.18
  16317.482    89.082    -3.54    5.34
  16685.408    90.803     4.68    5.86
  17053.420    95.973    14.05    8.24
  17421.519   100.329    11.83    7.49
  17789.705   102.963     7.16    5.95
  18157.978   104.569     4.36    5.74
  18526.338   104.015    -1.50    5.50
  18894.785   102.013    -5.43    5.81
  19263.319   100.944    -2.90    5.41
  19631.940   102.504     4.23    6.69
  20000.648   106.058     9.64    7.04
  20369.444   109.533     9.42    5.67
  20738.327   110.668     3.08    4.87
  21107.298   108.874    -4.86    5.79
  21476.356   106.358    -6.82    5.58
  21845.501   104.877    -4.01    4.70
  22214.734   104.227    -1.76    3.80
  22584.055   104.297     0.19    5.11
  22953.463   103.399    -2.43    6.57
  23322.959   102.713    -1.86    7.19
  23692.544   102.241    -1.28    7.97
  24062.216   102.641     1.08    8.94
  24431.976   102.388    -0.68    9.52
  24801.824   103.590     3.25   10.23
  25171.760   104.045     1.23   10.91
  25541.784   104.719     1.82    9.98
  25911.896   103.890    -2.24    8.63
  26282.097   100.449    -9.29    9.35
  26652.386    91.376   -24.50   12.97
  27022.764    81.341   -27.10   14.79
  27393.230    72.524   -23.80   12.87
  27763.784    69.306    -8.68    8.85
  28134.428    71.532     6.01    8.72
  28505.159    78.588    19.03   10.41
  28875.980    86.505    21.35    9.39
  29246.889    92.921    17.30    7.41
  29617.887    95.829     7.84    5.30
  29988.974    95.063    -2.06    5.69
  30360.150    90.220   -13.05    8.80
  30731.416    84.440   -15.57   10.76
  31102.770    81.450    -8.05   10.61
  31474.213    82.045     1.60   11.22
  31845.746    86.560    12.15   10.98
  32217.368    90.708    11.16    7.99
  32589.079    93.014     6.21    6.13
  32960.880    92.955    -0.16    5.90
  33332.770    89.871    -8.29    7.38
  33704.750    84.877   -13.43    7.54
  34076.819    80.522   -11.71    6.95
  34448.978    76.152   -11.74    5.71
  34821.227    71.766   -11.79    4.92
  35193.565    67.486   -11.49    5.05
  35565.994    63.883    -9.67    4.45
  35938.512    61.932    -5.24    3.35
  36311.121    61.223    -1.90    3.04
  36683.819    60.156    -2.86    4.71
  37056.608    57.420    -7.34    7.50
  37429.486    51.641   -15.50    8.54
  37802.455    45.689   -15.96    6.51
  38175.515    41.558   -11.07    4.66
  38548.665    38.945    -7.00    3.22
  38921.905    37.623    -3.54    2.97
  39295.236    37.308    -0.84    2.81
  39668.657    37.589     0.75    2.89
  40042.169    36.317    -3.41    4.29
  40415.772    32.505   -10.20    6.85
  40789.465    26.838   -15.17    8.59
  41163.249    23.486    -8.97    8.12
  41537.125    21.941    -4.13    8.29
  41911.091    22.023     0.22    8.54
  42285.148    23.653     4.36    8.24
  42659.297    25.072     3.79    5.61
  43033.536    25.572     1.34    3.16
  43407.867    22.865    -7.23    5.23
  43782.289    17.680   -13.85    8.25
  44156.803    11.193   -17.32    9.24
  44531.408     6.232   -13.24    7.59
  44906.104     3.086    -8.39    4.58
  45280.892     2.960    -0.34    3.97
  45655.772     4.741     4.75    4.70
  46030.743     6.811     5.52    4.64
  46405.806     8.938     5.67    3.97
  46780.961    11.424     6.63    2.90
  47156.208    12.680     3.35    1.87
  47531.547    12.613    -0.18    1.70
  47906.978    12.442    -0.46    2.21
  48282.501    12.801     0.96    2.30
  48658.116    13.315     1.37    2.30
  49033.824    13.495     0.48    2.24
  49409.623    12.770    -1.93    2.16
  49785.516    12.200    -1.52    1.68
  50161.500    12.189    -0.03    1.81
  50537.577    13.104     2.43    2.79
  50913.747    14.495     3.70    3.26
  51290.009    14.468    -0.07    3.09
  51666.364    14.077    -1.04    3.09
  52042.812    13.665    -1.09    2.93
  52419.353    12.410    -3.33    2.39
  52795.986    11.790    -1.65    2.23
  53172.713    11.351    -1.17    2.28
  53549.533    11.968     1.64    2.65
  53926.445    13.128     3.08    2.75
  54303.451    14.159     2.73    1.94
  54680.550    13.766    -1.04    2.27
  55057.743    12.835    -2.47    2.63
  55435.029    11.666    -3.10    2.23
  55812.408    10.939    -1.93    1.81
  56189.881    10.272    -1.77    1.40
  56567.448     9.611    -1.75    1.46
  56945.108     9.141    -1.24    1.44
  57322.862     8.137    -2.66    2.30
  57700.710     5.612    -6.68    3.52
  58078.651     3.713    -5.02    3.39
  58456.687     1.868    -4.88    2.25
  58834.817     1.088    -2.06    1.06
  59213.040     1.150     0.16    1.05
  59591.358     0.933    -0.57    1.01
  59969.770     1.193     0.69    1.10
  60348.277     1.442     0.66    1.24
  60726.877     1.389    -0.14    1.30
  61105.573     1.147    -0.64    1.36
  61484.362     1.229     0.22    1.27
  61863.246     1.241     0.03    1.21
  62242.225     1.036    -0.54    1.22
  62621.299     1.207     0.45    1.16
  63000.467     1.380     0.46    1.16
  63379.731     1.293    -0.23    1.13
  63759.089     1.450     0.41    1.09
  64138.542     1.431    -0.05    1.06
  64518.090     1.389    -0.11    0.99
  64897.734     1.053    -0.89    1.07
  65277.472     0.567    -1.28    1.05
  65657.306     0.231    -0.88    0.97
  66037.235     0.138    -0.24    0.98
  66417.260     0.261     0.32    1.04
  66797.380     0.238    -0.06    0.99
  67177.596     0.586     0.91    1.12
  67557.907     0.684     0.26    1.03
  67938.314     0.920     0.62    0.91
  68318.817     1.050     0.34    1.04
  68699.415     0.915    -0.35    1.14
  69080.110     0.624    -0.76    1.17
  69460.900     0.265    -0.94    1.06
  69841.787     0.207    -0.15    1.03
  70222.770     0.227     0.05    1.29
  70603.849     0.457     0.60    1.52
  70985.024     0.186    -0.71    1.04
  71366.295     0.183    -0.01    0.97
  71747.663     0.460     0.72    1.28
  72129.128     0.859     1.05    1.49
  72510.689     1.593     1.93    1.63
  72892.347     2.165     1.50    1.47
  73274.101     2.090    -0.20    1.56
  73655.952     1.924    -0.43    1.63
  74037.900     1.653    -0.71    1.64
  74419.945     1.593    -0.16    1.49
  74802.087     1.616     0.06    1.20
  75171.393     1.566    -0.13    1.12
  75535.399     1.459    -0.30    1.06
  75899.491     1.183    -0.76    1.13
  76263.669     1.206     0.06    1.25
  76627.933     1.236     0.08    1.21
  76992.283     1.690     1.25    1.16
  77356.719     1.850     0.44    1.01
  77721.242     1.711    -0.38    1.07
  78085.850     1.761     0.14    1.03
  78450.546     1.707    -0.15    1.15
  78815.327     1.960     0.69    1.03
  79180.195     1.793    -0.46    1.11
  79545.150     1.523    -0.74    1.30
  79910.191     1.120    -1.10    1.38
  80275.318     0.792    -0.90    1.47
  80640.533     0.968     0.48    1.51
  81005.834     1.204     0.65    1.34
  81371.222     1.316     0.31    1.23
  81736.697     1.540     0.61    1.29
  82102.259     1.540     0.00    1.36
  82467.908     1.315    -0.62    1.60
  82833.644     1.708     1.07    2.53
  83199.468     2.060     0.96    3.04
  83565.378     2.991     2.54    3.20
  83931.376     4.261     3.47    3.22
  84297.461     4.695     1.19    2.54
  84663.633     4.389    -0.84    2.41
  85029.893     4.037    -0.96    2.44
  85396.241     3.888    -0.41    2.69
  85762.676     3.138    -2.05    3.07
  86129.198     1.945    -3.26    2.82
  86495.809     1.026    -2.51    2.31
  86862.507     0.079    -2.58    1.52
  87229.293    -0.425    -1.37    1.54
  87596.167    -0.943    -1.41    1.20
  87963.129    -1.375    -1.18    0.63
  88330.178    -1.505    -0.35    0.00
  88697.316    -1.505     0.00    0.00
  89064.543    -1.505     0.00    0.00
  89431.857    -1.470     0.10    0.23
  89799.260    -1.340     0.35    0.59
  90166.750    -1.151     0.51    0.93
  90534.330    -0.950     0.55    1.16
  90901.998    -0.917     0.09    1.27
  91269.754    -1.057    -0.38    1.11
  91637.599    -1.239    -0.49    0.85
  92005.533    -1.425    -0.51    0.43
  92373.555    -1.496    -0.19    0.10
  92741.666    -1.505    -0.02    0.00
  93109.866    -1.505     0.00    0.00
  93478.155    -1.505     0.00    0.00
  93846.533    -1.505     0.00    0.00
  94215.000    -1.505     0.00    0.00
  94583.556    -1.505     0.00    0.00
  94952.201    -1.505     0.00    0.00
  95320.935    -1.505     0.00    0.00
  95689.759    -1.496     0.02    0.09
  96058.672    -1.441     0.15    0.34
  96427.675    -1.408     0.09    0.42
  96796.767    -1.460    -0.14    0.28
  97165.948    -1.505    -0.12    0.00
  97535.219    -1.505     0.00    0.00
  97904.580    -1.505     0.00    0.00
  98274.031    -1.505     0.00    0.00
  98643.571    -1.505     0.00    0.00
  99013.202    -1.505     0.00    0.00
  99382.922    -1.505     0.00    0.00
  99752.732    -1.505     0.00    0.00
 100122.633    -1.505     0.00    0.00
 100492.623    -1.505     0.00    0.00
 100862.704    -1.487     0.05    0.19
 101232.875    -1.338     0.40    0.59
 101603.136    -1.276     0.17    0.68
 101973.488    -1.312    -0.10    0.66
 102343.930    -1.433    -0.33    0.37
 102714.463    -1.505    -0.19    0.00
 103085.086    -1.505     0.00    0.00
 103455.801    -1.505     0.00    0.00
 103826.605    -1.505     0.00    0.00
 104197.501    -1.505     0.00    0.00
 104568.487    -1.505     0.00    0.00
 104939.565    -1.505     0.00    0.00
 105310.733    -1.505     0.00    0.00
 105681.993    -1.505     0.00    0.00
 106053.343    -1.505     0.00    0.00
 106424.785    -1.505     0.00    0.00
 106796.318    -1.505     0.00    0.00
 107167.943    -1.505     0.00    0.00
 107539.659    -1.505     0.00    0.00
 107911.466    -1.505     0.00    0.00
 108283.365    -1.505     0.00    0.00
 108655.355    -1.505     0.00    0.00
 109027.437    -1.505     0.00    0.00
 109399.611    -1.505     0.00    0.00
 109771.877    -1.505     0.00    0.00
 110144.235    -1.505     0.00    0.00
 110516.684    -1.505     0.00    0.00
 110889.226    -1.505     0.00    0.00
 111261.859    -1.505     0.00    0.00
 111634.585    -1.505     0.00    0.00
 112007.403    -1.487     0.05    0.19
 112380.313    -1.322     0.44    0.66
 112753.316    -1.246     0.20    0.76
 113126.411    -1.328    -0.22    0.60
 113499.598    -1.443    -0.31    0.28
 113872.878    -1.505    -0.17    0.00
 114246.251    -1.505     0.00    0.00
 114619.716    -1.505     0.00    0.00
 114993.274    -1.505     0.00    0.00
 115366.925    -1.505     0.00    0.00
 115740.669    -1.388     0.31    0.53
 116114.506    -0.425     2.57    1.89
 116488.436     1.548     5.28    3.36
 116862.459     3.697     5.75    3.19
 117236.575     5.287     4.25    2.25
 117610.784     5.871     1.56    1.63
 117985.087     5.636    -0.63    1.14
 118359.483     5.415    -0.59    0.95
 118733.972     5.469     0.14    0.95
 119108.555     5.634     0.44    1.03
 119483.232     5.359    -0.74    1.42
 119858.002     3.681    -4.48    3.01
 120232.866     3.385    -0.79    3.34
 120607.824     4.817     3.82    4.21
 120982.876     6.292     3.93    4.17
 121358.021     8.254     5.23    2.21
 121733.261     8.478     0.60    1.90
 122108.595     8.135    -0.91    2.13
 122484.022     7.043    -2.91    2.40
 122859.545     5.181    -4.96    2.33
 123235.161     3.617    -4.16    2.66
 123610.872     2.415    -3.20    2.68
 123986.677     1.820    -1.58    2.56
 124362.576     1.721    -0.26    2.67
 124738.570     1.727     0.02    2.58
 125114.659     1.174    -1.47    2.42
 125490.843     0.822    -0.93    2.32
 125867.121     1.219     1.06    2.64
 126243.494     1.389     0.45    2.50
 126619.962     1.252    -0.36    2.11
 126996.526     0.627    -1.66    2.00
 127373.184    -0.210    -2.22    1.65
 127749.937    -0.748    -1.43    1.23
 128126.786    -0.523     0.60    1.49
 128503.729     0.095     1.64    1.61
 128880.769     0.603     1.35    1.36
 129257.903     1.144     1.43    1.03
 129635.133     1.168     0.06    1.17
 130012.459     1.127    -0.11    1.40
 130389.880     0.930    -0.52    1.58
 130767.397     0.648    -0.75    1.66
 131145.010     0.390    -0.68    1.91
 131522.719     0.097    -0.78    2.06
 131900.523    -0.418    -1.36    1.88
 132278.424    -0.901    -1.28    1.42
 132656.420    -1.366    -1.23    0.65
 133034.513    -1.505    -0.37    0.00
 133412.702    -1.505     0.00    0.00
 133790.988    -1.505     0.00    0.00
 134169.369    -1.505     0.00    0.00
 134547.847    -1.505     0.00    0.00
 134926.422    -1.505     0.00    0.00
 135305.093    -1.505     0.00    0.00
 135683.861    -1.505     0.00    0.00
 136062.726    -1.496     0.02    0.09
 136441.687    -1.407     0.23    0.42
 136820.745    -1.242     0.44    0.81
 137199.901    -0.983     0.68    1.10
 137579.153    -0.853     0.34    1.15
 137958.502    -0.634     0.58    1.37
 138337.949    -0.205     1.13    1.83
 138717.493    -0.082     0.32    1.79
 139097.134     0.037     0.31    1.81
 139476.872     0.038     0.00    1.74
 139856.708    -0.107    -0.38    1.29
 140236.642     0.241     0.91    1.43
 140616.673     0.408     0.44    1.47
 140996.801     0.584     0.46    1.39
 141377.028     1.478     2.35    2.29
 141757.352     2.588     2.92    3.14
 142137.775     2.866     0.73    3.03
 142518.295     2.768    -0.26    3.20
 142898.914     1.615    -3.03    2.96
 143279.630     0.227    -3.64    1.46
 143660.445    -0.296    -1.37    1.12
 144041.358    -0.279     0.05    1.24
 144422.369    -0.224     0.14    1.35
 144803.479    -0.166     0.15    1.29
 145184.687     0.239     1.06    1.25
 145565.994     0.408     0.45    1.31
 145947.400     0.432     0.06    1.23
 146328.904     0.282    -0.39    1.17
 146710.508     0.116    -0.43    0.91
 147092.210     0.918     2.10    2.22
 147474.011     2.063     3.00    3.28
 147855.911     2.892     2.17    3.26
 148237.910     2.965     0.19    3.00
 148620.008     2.843    -0.32    3.43
 149002.206     2.685    -0.41    3.49
 149384.503     2.565    -0.31    3.42
 149761.483     2.631     0.17    3.39
 150125.243     2.468    -0.45    3.02
 150489.091     2.961     1.35    3.48
 150853.026     3.426     1.28    3.74
 151217.050     3.933     1.39    3.76
 151581.161     4.174     0.66    3.82
 151945.359     4.102    -0.20    3.71
 152309.646     4.330     0.62    3.36
 152674.021     3.806    -1.44    3.39
 153038.484     2.727    -2.96    3.60
 153403.035     0.987    -4.77    3.15
 153767.674    -0.513    -4.11    2.04
 154132.401    -1.407    -2.45    0.57
 154497.217    -1.505    -0.27    0.00
 154862.121    -1.505     0.00    0.00
 155227.113    -1.505     0.00    0.00
 155592.194    -1.487     0.05    0.13
 155957.364    -1.459     0.08    0.31
 156322.622    -1.487    -0.08    0.13
 156687.969    -1.505    -0.05    0.00
 157053.405    -1.505     0.00    0.00
 157418.930    -1.505     0.00    0.00
 157784.543    -1.505     0.00    0.00
 158150.246    -1.505     0.00    0.00
