# NaN NaN NaN ;Mean Elev.(m), Avg Gradient(m/km), RMS Gradient(m/km) - SRTM1     
#   13.355   2.561  10.559 ;Mean Elev.(m), Avg Gradient(m/km), RMS Gradient(m/km) - ASTER GDEM
#    1.539   2.693  10.062 ;Mean Elev.(m), Avg Gradient(m/km), RMS Gradient(m/km) - GMTED2010 
  7  87.241632  66.255666    39.776    39.776  2 52452.22957226 13.031
  8  87.244325  66.254956    52.357    52.931  7 52487.22955375 12.798
 11  87.242263  66.256142     4.099     4.178  3 52592.22957044 28.891
 12  87.258249  66.242356    13.233    10.608 22 52627.22948963 15.938
 13  87.244028  66.253654    38.854    39.677  7 52662.22953402  5.952
 14  87.260212  66.247340    12.231    10.911 22 52697.22951165 13.047
 15  87.250225  66.252267    26.968    22.960 15 52732.22953445  8.526
 17  87.259301  66.249607    15.707    15.716 20 52802.22955265 24.994
 18  87.253042  66.247974     3.987     4.023 19 52837.22961837 37.543
 19  87.248060  66.248788     3.153     3.145 16 52872.22965874 41.742
 20  87.245195  66.254367     3.750     3.758  8 52907.22964772 42.272
 21  87.260561  66.246416     2.900     2.897 22 52942.22957719 41.736
 24  87.252561  66.249887     3.268     3.240 18 53047.22959947 25.573
 26  87.247857  66.249320    38.601    38.341 16 53117.22960488  8.008
 27  87.244830  66.254101    15.863    15.889  8 53152.22965313 48.408
 28  87.246866  66.243659    11.028     8.024 14 53187.22964199 16.762
 29  87.244647  66.255192    40.558    42.196  7 53222.22966268  8.781
 31  87.249066  66.251975    51.333    51.540 14 53292.22965649  5.257
 32  87.248373  66.254867    48.640    48.515 10 53327.22963018  9.055
 35  87.241884  66.255792    45.058    45.058  2 53432.22959841  3.473
 36  87.254156  66.249401    48.394    49.320 19 53467.22963417  4.933
 37  87.241906  66.255113     6.198     6.212  5 53502.22968615 15.977
 38  87.245320  66.254907    10.174    10.162  7 53537.22967868 43.153
 41  87.252734  66.248908    53.064    53.108 17 53642.22963349 10.738
 42  87.241310  66.254106     3.818     3.787  5 53677.22965192 48.436
 44  87.256442  66.241967    21.375    19.245 20 53747.22949477 11.750
 45  87.249988  66.254614    41.394    41.429 12 53782.22952371  6.236
 47  87.249325  66.250694    40.419    39.042 15 53852.22956247  4.933
 48  87.252115  66.248497    19.026    19.038 18 53887.22956864 51.090
 51  87.262597  66.245512     4.584     4.584 23 53992.22955853 36.007
 52  87.255599  66.249463     3.151     3.131 19 54027.22962155 36.667
 53  87.249595  66.253271    50.355    50.888 13 54062.22961474  5.338
 55  87.255775  66.248424    40.088    39.577 20 54132.22953737  7.979
 57  87.251258  66.248157     3.316     3.479 18 54202.22954107 24.648
 58  87.249476  66.252231    17.529    17.539 14 54237.22957588 22.972
 59  87.252034  66.259322    13.398    11.171  6 54272.22959407 38.118
 60  87.249640  66.254185     3.697     3.681 12 54307.22959741 45.522
 62  87.250307  66.250607    52.129    52.251 16 54377.22953308  5.598
 63  87.244785  66.254210     3.888     3.898  7 54412.22952486 48.225
 64  87.254286  66.248765     3.564     3.363 19 54447.22949852 21.997
 66  87.253359  66.248241    40.009    44.354 18 54517.22951264  9.291
 69  87.246715  66.254643    25.694    24.392  9 54622.22952571 20.897
 70  87.243762  66.252756     5.857     5.897  8 54657.22953570 26.212
 71  87.242125  66.254010    13.008     7.210  6 54692.22951869 18.228
 72  87.253206  66.249884    28.230    27.420 16 54727.22948838 13.853
 73  87.246973  66.255449     9.961     5.598  5 54762.22949572 14.759
 74  87.253821  66.247662     3.756     3.760 19 54797.22948218 31.237
 75  87.246339  66.254634    47.016    47.112  8 54832.22948529  4.966
 76  87.253625  66.247854    46.445    46.617 19 54867.22947780  6.122
 78  87.249234  66.249129    48.067    47.662 16 54937.22946751  3.636
 79  87.248426  66.252211    10.835    10.845 13 54972.22949977 29.409
 80  87.243561  66.254497    11.163    11.418  6 55007.22951707 42.434
 81  87.247076  66.252925    52.451    52.624 11 55042.22950588  6.392
 83  87.249549  66.249622     6.842     3.324 17 55112.22943903 21.890
 84  87.244281  66.253922     3.061     3.099  7 55147.22943995 21.382
 85  87.258489  66.252201    15.274    15.012 18 55182.22941798 15.659
 86  87.242916  66.254249    20.139    19.867  6 55217.22943568 13.025
 87  87.253971  66.249976    36.859    36.486 18 55252.22941502  7.919
 89  87.245562  66.254685     1.243     1.278  8 55322.22940304 11.019
 90  87.243595  66.253290    17.099    16.898  7 55357.22940300 45.121
 91  87.250119  66.250846     5.125     5.108 16 55392.22940525 28.600
 92  87.246799  66.252322     4.738     4.708 11 55427.22941931 24.163
