# NaN NaN NaN ;Mean Elev.(m), Avg Gradient(m/km), RMS Gradient(m/km) - SRTM1     
#   28.039  -7.323  50.821 ;Mean Elev.(m), Avg Gradient(m/km), RMS Gradient(m/km) - ASTER GDEM
#   51.018  -8.658  47.469 ;Mean Elev.(m), Avg Gradient(m/km), RMS Gradient(m/km) - GMTED2010 
  7    59.311 52469.20688975  7.96  90.582218  60.055071 11.683
  7    57.883 52469.20689039  8.40  90.580018  60.051901 11.683
  7    59.708 52469.20689104  8.08  90.577818  60.048731 11.683
  7    60.103 52469.20689168  8.55  90.575618  60.045561 11.683
  7    60.759 52469.20689233  8.91  90.573416  60.042393  6.758
  8    52.110 52504.20687585  9.31  90.581210  60.056739  9.408
  8    54.120 52504.20687649  7.14  90.579010  60.053569  9.408
  8    56.286 52504.20687714  6.96  90.576820  60.050399  9.408
  8    57.354 52504.20687778  6.80  90.574620  60.047229  9.408
  8    57.997 52504.20687843  6.99  90.572420  60.044059  9.408
 10    55.437 52574.20690279 14.45  90.583291  60.054710 12.539
 10    55.395 52574.20690344 14.40  90.581091  60.051550 12.539
 10    56.610 52574.20690408 14.13  90.578891  60.048380 12.539
 10    57.989 52574.20690473 13.85  90.576691  60.045210 12.539
 10    59.559 52574.20690537 13.10  90.574491  60.042040 12.539
 11    54.311 52609.20686207 14.57  90.582890  60.055706 10.123
 11    54.651 52609.20686272 15.23  90.580690  60.052536 10.123
 11    54.586 52609.20686336 16.28  90.578490  60.049366 10.123
 11    55.085 52609.20686400 16.97  90.576290  60.046196 10.123
 11    55.142 52609.20686465 16.43  90.574090  60.043026 10.123
 12    54.153 52644.20685570  9.78  90.586996  60.049965  4.116
 12    53.776 52644.20685635 10.70  90.584796  60.046795  4.116
 12    55.588 52644.20685699 10.71  90.582596  60.043625  4.116
 12    54.770 52644.20685764 10.58  90.580396  60.040455  4.116
 12    55.593 52644.20685828 12.29  90.578196  60.037285  4.116
 13    56.880 52679.20683442  8.44  90.584371  60.054029  6.271
 13    56.918 52679.20683506  8.27  90.582171  60.050859  6.271
 13    58.951 52679.20683571  8.22  90.579981  60.047689  6.271
 13    59.582 52679.20683635  8.53  90.577781  60.044519  6.271
 13    60.421 52679.20683699  8.78  90.575582  60.041350  4.831
 17    67.424 52819.20692348 10.09  90.585824  60.042155 17.987
 17    59.543 52819.20692413 10.14  90.583624  60.038985 17.987
 17    57.283 52819.20692477 11.44  90.581424  60.035815 17.987
 21    49.028 52959.20692566 35.45  90.594262  60.045554 20.268
 21    48.827 52959.20692630 39.92  90.592062  60.042384 20.268
 21    48.538 52959.20692695 41.47  90.589862  60.039214 20.268
 21    49.118 52959.20692759 40.24  90.587662  60.036044 20.268
 21    48.532 52959.20692823 40.98  90.585462  60.032874 20.268
 22    55.308 52994.20695525 11.82  90.587948  60.051231  9.598
 22    55.516 52994.20695589 11.89  90.585748  60.048061  9.598
 22    57.049 52994.20695654 12.34  90.583548  60.044891  9.598
 22    58.093 52994.20695718 12.57  90.581348  60.041721  9.598
 22    58.202 52994.20695783 12.98  90.579148  60.038551  9.598
 23    56.968 53029.20691795  6.60  90.581608  60.058917  5.200
 23    57.963 53029.20691860  6.31  90.579408  60.055747  5.200
 23    58.673 53029.20691924  7.24  90.577208  60.052577  5.200
 23    60.408 53029.20691989  6.41  90.575008  60.049407  5.200
 23    61.174 53029.20692053  7.52  90.572808  60.046237  5.200
 23    62.377 53029.20692117  6.73  90.570608  60.043067  5.200
 24    55.733 53064.20692734  9.16  90.589822  60.048609  5.619
 24    57.012 53064.20692798  8.09  90.587622  60.045439  5.619
 24    58.018 53064.20692863  7.72  90.585422  60.042269  5.619
 24    57.947 53064.20692927  8.91  90.583222  60.039099  5.619
 24    59.626 53064.20692992  9.20  90.581022  60.035929  5.619
 25    58.817 53099.20693696  9.11  90.576578  60.061798  3.806
 25    59.735 53099.20693761  8.87  90.574378  60.058628  3.806
 25    61.188 53099.20693825  9.65  90.572178  60.055458  3.806
 25    63.232 53099.20693890  9.07  90.569978  60.052288  3.806
 25    62.960 53099.20693954 10.08  90.567778  60.049118  4.037
 29    55.855 53239.20696542  8.43  90.585091  60.055302 15.272
 29    55.863 53239.20696606  8.73  90.582891  60.052132 15.272
 29    57.505 53239.20696670  7.23  90.580691  60.048962 15.272
 29    58.238 53239.20696735  7.78  90.578491  60.045792 15.272
 29    57.987 53239.20696799  9.08  90.576291  60.042622 15.272
 29    58.926 53239.20696864 10.28  90.574101  60.039452 15.272
 30    52.330 53274.20693015 22.25  90.595152  60.044054 13.626
 30    52.147 53274.20693079 22.04  90.592952  60.040884 13.626
 30    51.730 53274.20693144 22.53  90.590752  60.037714 13.626
 30    51.517 53274.20693208 22.84  90.588552  60.034544 13.626
 30    51.900 53274.20693273 23.69  90.586352  60.031374 13.626
 30    51.986 53274.20693337 25.12  90.584152  60.028214 13.626
 31    51.629 53309.20698187 39.10  90.585392  60.056032  6.611
 31    49.665 53309.20698251 42.62  90.583192  60.052862  6.611
 31    51.771 53309.20698316 42.02  90.580992  60.049692  6.611
 31    51.714 53309.20698380 39.42  90.578789  60.046527 10.200
 31    51.341 53309.20698445 39.11  90.576589  60.043357 10.200
 31    51.852 53309.20698509 36.96  90.574389  60.040187 10.200
 32    52.802 53344.20694839 34.10  90.582085  60.055593  6.656
 32    52.712 53344.20694903 38.49  90.579885  60.052423  6.656
 32    51.659 53344.20694968 38.94  90.577694  60.049255 11.222
 32    51.977 53344.20695032 39.25  90.575494  60.046085 11.222
 32    51.986 53344.20695097 36.89  90.573294  60.042915 11.222
 33    55.630 53379.20689636 11.46  90.595565  60.042899 11.649
 33    56.227 53379.20689700 11.25  90.593365  60.039729 11.649
 33    56.821 53379.20689765 12.70  90.591165  60.036569 11.649
 33    56.252 53379.20689829 12.38  90.588965  60.033399 11.649
 33    56.211 53379.20689893 14.62  90.586765  60.030229 11.649
 34    59.020 53414.20692550  6.94  90.588500  60.052123  5.381
 34    58.882 53414.20692614  7.42  90.586301  60.048957 12.130
 34    59.677 53414.20692679  8.00  90.584101  60.045787 12.130
 34    60.197 53414.20692743  8.46  90.581901  60.042617 12.130
 34    62.085 53414.20692808  8.27  90.579701  60.039447 12.130
 34    62.741 53414.20692872  8.97  90.577501  60.036277 12.130
 35    56.436 53449.20691770  8.35  90.594340  60.043911  5.550
 35    57.014 53449.20691834  7.65  90.592140  60.040751  5.550
 35    57.646 53449.20691899  8.24  90.589938  60.037578  6.393
 35    58.396 53449.20691963  8.96  90.587738  60.034408  6.393
 35    57.789 53449.20692028  9.16  90.585538  60.031238  6.393
 39    56.969 53589.20696775 10.31  90.585536  60.055351  6.363
 39    57.546 53589.20696840 10.79  90.583336  60.052181  6.363
 39    58.713 53589.20696904 10.85  90.581136  60.049011  6.363
 39    60.558 53589.20696969  9.97  90.578946  60.045841  6.363
 39    60.443 53589.20697033 10.74  90.576746  60.042671  9.561
 39    62.483 53589.20697098 11.58  90.574546  60.039501  9.561
 41   119.218 53659.20697174  8.27  90.586792  60.050634 11.705
 41   134.420 53659.20697239  5.47  90.584592  60.047464 11.705
 41   107.528 53659.20697303 10.18  90.582392  60.044294 11.705
 41   108.002 53659.20697368  7.74  90.580192  60.041124 11.705
 43    57.992 53729.20687081 10.96  90.580762  60.059731 12.049
 43    59.184 53729.20687145 11.33  90.578562  60.056561 12.049
 43    60.310 53729.20687210 11.39  90.576372  60.053391 12.049
 43    59.567 53729.20687274 11.89  90.574172  60.050221 12.049
 43    57.319 53729.20687339 12.24  90.571975  60.047051  6.571
 43    58.597 53729.20687403 13.68  90.569775  60.043881  6.571
 45    56.709 53799.20684134  8.16  90.581969  60.055237 12.206
 45    57.283 53799.20684199  7.69  90.579762  60.052068  5.906
 45    58.229 53799.20684263  8.07  90.577572  60.048898  5.906
 45    59.377 53799.20684328  7.97  90.575372  60.045728  5.906
 45    60.012 53799.20684392  8.79  90.573172  60.042558  5.906
 46    57.214 53834.20684049  8.89  90.592176  60.044229  9.371
 46    57.666 53834.20684113  9.43  90.589976  60.041059  9.371
 46    57.294 53834.20684177 10.16  90.587776  60.037889  9.371
 46    56.733 53834.20684242 11.74  90.585576  60.034729  9.371
 46    58.648 53834.20684306 11.05  90.583376  60.031559  9.371
 49    54.302 53939.20696914 40.13  90.579872  60.059117 12.155
 49    55.826 53939.20696978 38.28  90.577662  60.055947 12.155
 49    54.709 53939.20697043 40.43  90.575462  60.052777 12.155
 49    54.249 53939.20697107 38.16  90.573262  60.049607 12.155
 49    55.253 53939.20697172 37.12  90.571062  60.046437 12.155
 50    53.636 53974.20692937  8.85  90.579198  60.060193 11.574
 50    54.977 53974.20693001  9.25  90.576998  60.057023 11.574
 50    55.706 53974.20693066  9.28  90.574798  60.053853 11.574
 50    57.180 53974.20693130  8.23  90.572598  60.050683 11.574
 50    58.967 53974.20693195  8.26  90.570398  60.047513 11.574
 52    53.707 54044.20694423 36.02  90.592396  60.048919 11.206
 52    47.622 54044.20694487 36.49  90.590196  60.045749 11.206
 52    51.808 54044.20694552 25.92  90.587996  60.042579 11.206
 52    52.195 54044.20694616 23.41  90.585796  60.039409 11.206
 52    52.018 54044.20694681 21.46  90.583606  60.036239 11.206
 52    53.644 54044.20694745 26.27  90.581406  60.033069 11.206
 53   109.009 54079.20693657  3.71  90.582248  60.057249  6.914
 53   108.631 54079.20693721  6.69  90.580048  60.054079  6.914
 53   109.890 54079.20693786  2.97  90.577848  60.050909  6.914
 53   109.689 54079.20693850  4.49  90.575648  60.047739  6.914
 57    57.230 54219.20689279 22.38  90.587042  60.050139  4.654
 57    57.224 54219.20689343 24.21  90.584842  60.046969  4.654
 57    57.106 54219.20689408 25.25  90.582639  60.043802 20.369
 57    57.562 54219.20689472 26.08  90.580439  60.040632 20.369
 57    57.704 54219.20689537 38.73  90.578239  60.037462 20.369
 63    51.316 54429.20682262 29.11  90.582513  60.055967  8.700
 63    51.803 54429.20682326 32.65  90.580318  60.052800 13.170
 63    52.640 54429.20682391 31.87  90.578118  60.049630 13.170
 63    50.304 54429.20682455 31.66  90.575918  60.046460 13.170
 63    51.610 54429.20682520 32.52  90.573718  60.043290 13.170
 64    56.127 54464.20683716 12.29  90.589963  60.050886 10.660
 64    56.169 54464.20683781 12.81  90.587763  60.047716 10.660
 64    56.381 54464.20683845 12.83  90.585563  60.044546 10.660
 64    55.811 54464.20683910 13.31  90.583363  60.041376 10.660
 64    57.533 54464.20683974 13.41  90.581163  60.038206 10.660
 64    57.755 54464.20684039 14.17  90.578963  60.035036 10.660
 65    56.499 54499.20683316  7.96  90.583579  60.055579  5.047
 65    57.219 54499.20683380  8.50  90.581382  60.052412  6.876
 65    58.436 54499.20683445  8.19  90.579182  60.049242  6.876
 65    59.051 54499.20683509  8.44  90.576982  60.046072  6.876
 65    59.340 54499.20683574  8.13  90.574782  60.042902  6.876
 66    56.327 54534.20685119  9.47  90.587276  60.052443  6.940
 66    57.206 54534.20685183 10.31  90.585076  60.049273  6.940
 66    57.549 54534.20685248 10.60  90.582876  60.046103  6.940
 66    58.952 54534.20685312 10.45  90.580666  60.042933  6.940
 66    58.764 54534.20685377 11.15  90.578476  60.039763  6.940
 66    58.753 54534.20685441 12.38  90.576276  60.036593  6.940
 68    56.192 54604.20684551 39.99  90.586514  60.052886 11.276
 68    55.037 54604.20684615 38.53  90.584314  60.049716 11.276
 68    56.804 54604.20684679 40.13  90.582114  60.046546 11.276
 68    55.913 54604.20684744 40.36  90.579914  60.043376 11.276
 68    56.369 54604.20684808 35.54  90.577724  60.040206 11.276
 68    56.204 54604.20684873 36.30  90.575524  60.037036 11.276
 69    50.848 54639.20685602 22.03  90.582611  60.053831 10.249
 69    51.050 54639.20685667 21.20  90.580411  60.050661 10.249
 69    51.655 54639.20685731 19.83  90.578211  60.047491 10.249
 69    52.537 54639.20685796 20.44  90.576011  60.044321 10.249
 69    51.200 54639.20685860 20.51  90.573811  60.041151 10.249
 71    51.571 54709.20681551 27.29  90.582310  60.057558  5.470
 71    52.243 54709.20681615 25.28  90.580115  60.054389  8.914
 71    53.033 54709.20681680 24.51  90.577915  60.051219  8.914
 71    52.041 54709.20681744 24.75  90.575715  60.048049  8.914
 71    51.512 54709.20681809 25.49  90.573515  60.044879  8.914
 71    52.236 54709.20681873 25.17  90.571315  60.041709  8.914
 73    50.907 54779.20679953 37.18  90.583997  60.054303 13.356
 73    51.912 54779.20680017 41.13  90.581797  60.051133 13.356
 73    50.020 54779.20680082 41.71  90.579597  60.047963 13.356
 73    49.902 54779.20680146 39.85  90.577397  60.044793 13.356
 73    50.948 54779.20680211 39.50  90.575197  60.041623 13.356
 75    67.779 54849.20679808  6.24  90.582746  60.056770 13.659
 75    67.187 54849.20679872  8.57  90.580546  60.053600 13.659
 75    65.858 54849.20679937  8.97  90.578346  60.050430 13.659
 75    61.543 54849.20680001  6.56  90.576156  60.047260 13.659
 75    63.947 54849.20680066  6.93  90.573956  60.044090 13.659
 75    63.754 54849.20680130  7.28  90.571756  60.040920 13.659
 76    56.294 54884.20682226  7.78  90.586583  60.052692  5.345
 76    57.449 54884.20682290  7.00  90.584383  60.049522  5.345
 76    59.363 54884.20682355  6.69  90.582183  60.046352  5.345
 76    59.699 54884.20682419  8.00  90.579983  60.043182  5.345
 76    60.877 54884.20682484  8.00  90.577783  60.040012  5.345
 76    61.242 54884.20682548  7.88  90.575583  60.036842  5.345
 78    58.327 54954.20681694 16.08  90.586162  60.051294 13.886
 78    58.932 54954.20681758 16.97  90.583962  60.048124 13.886
 78    60.064 54954.20681823 18.36  90.581762  60.044954 13.886
 78    60.304 54954.20681887 18.54  90.579562  60.041784 13.886
 78    60.997 54954.20681952 20.63  90.577362  60.038614 13.886
 81    55.310 55059.20682688 18.89  90.584325  60.054058 14.953
 81    56.663 55059.20682752 18.64  90.582125  60.050888 14.953
 81    55.106 55059.20682817 19.71  90.579925  60.047718 14.953
 81    55.482 55059.20682881 20.46  90.577725  60.044548 14.953
 81    51.632 55059.20682946 22.00  90.575525  60.041378 14.953
 82    50.506 55094.20677915 21.95  90.579293  60.061098  3.972
 82    51.203 55094.20677980 22.39  90.577093  60.057928  3.972
 82    51.865 55094.20678044 21.24  90.574896  60.054758 11.110
 82    51.178 55094.20678109 22.11  90.572696  60.051588 11.110
 82    51.280 55094.20678173 22.42  90.570496  60.048418 11.110
 82    50.909 55094.20678238 22.41  90.568296  60.045248 11.110
 83    52.009 55129.20676871 20.71  90.585976  60.052513  9.946
 83    52.518 55129.20676935 19.36  90.583776  60.049343  9.946
 83    51.710 55129.20677000 20.45  90.581576  60.046173  9.946
 83    51.683 55129.20677064 20.60  90.579376  60.043003  9.946
 83    52.542 55129.20677129 23.52  90.577186  60.039833  9.946
 84    56.949 55164.20674196 23.33  90.583078  60.054880 14.112
 84    55.881 55164.20674260 26.34  90.580878  60.051710 14.112
 84    55.264 55164.20674325 28.68  90.578678  60.048540 14.112
 84    55.872 55164.20674389 32.08  90.576488  60.045370 14.112
 84    56.716 55164.20674454 32.18  90.574288  60.042200 14.112
 85    57.525 55199.20676031  6.05  90.586867  60.051130  5.851
 85    57.233 55199.20676096  5.78  90.584667  60.047960  5.851
 85    57.952 55199.20676160  6.64  90.582467  60.044790  5.851
 85    58.692 55199.20676225  6.00  90.580267  60.041620  5.851
 85    59.110 55199.20676289  6.50  90.578067  60.038450  5.851
 87    56.238 55269.20675475  5.65  90.585784  60.052801  5.021
 87    56.855 55269.20675540  6.28  90.583584  60.049631  5.021
 87    58.916 55269.20675604  5.86  90.581384  60.046461  5.021
 88    61.226 55304.20672679  4.58  90.578684  60.057406 10.250
 88    65.332 55304.20672743  6.29  90.576484  60.054236 10.250
 88    67.364 55304.20672807  5.16  90.574284  60.051066 10.250
 88    63.749 55304.20672872  4.44  90.572084  60.047896 10.250
 88    64.919 55304.20672936  3.24  90.569884  60.044726 10.250
 89    56.875 55339.20672694 20.01  90.584943  60.053319  9.708
 89    58.297 55339.20672758 18.58  90.582743  60.050149  9.708
 89    58.576 55339.20672823 18.80  90.580543  60.046979  9.708
 89    59.853 55339.20672887 20.26  90.578343  60.043809  9.708
 89    59.625 55339.20672952 20.74  90.576143  60.040639  9.708
 90    52.965 55374.20671836 37.13  90.584046  60.054763 11.422
 90    54.079 55374.20671901 33.03  90.581846  60.051593 11.422
 90    52.714 55374.20671965 33.74  90.579646  60.048423 11.422
 90    53.849 55374.20672030 32.32  90.577446  60.045253 11.422
 90    54.644 55374.20672094 31.05  90.575246  60.042083 11.422
 92    59.331 55444.20673570  8.98  90.583646  60.053382 10.030
 92    60.462 55444.20673635  9.76  90.581446  60.050212 10.030
 92    60.907 55444.20673699 10.70  90.579246  60.047042 10.030
 92    59.939 55444.20673764 12.94  90.577046  60.043872 10.030
 92    60.988 55444.20673828 13.67  90.574846  60.040702 10.030
