-184063.208    56.907     0.00    3.58
-183684.022    54.732    -5.74    4.38
-183304.751    53.582    -3.03    4.20
-182925.393    54.103     1.37    4.24
-182545.949    55.608     3.97    4.18
-182166.418    58.008     6.32    3.65
-181786.801    60.523     6.62    2.21
-181407.097    61.850     3.49    2.28
-181027.307    63.635     4.70    2.53
-180647.430    64.078     1.17    2.53
-180267.467    63.797    -0.74    3.12
-179887.417    63.157    -1.68    3.56
-179507.280    62.187    -2.55    3.08
-179127.056    61.739    -1.18    2.41
-178746.745    59.991    -4.59    4.54
-178366.347    59.270    -1.90    4.68
-177985.862    58.985    -0.75    5.12
-177605.290    59.513     1.39    5.29
-177224.631    62.234     7.15    4.16
-176843.885    63.127     2.35    3.93
-176463.051    64.006     2.31    3.29
-176082.130    64.998     2.60    2.97
-175701.122    65.077     0.21    3.06
-175320.026    64.612    -1.22    2.81
-174938.843    64.004    -1.59    3.17
-174557.572    62.889    -2.93    4.24
-174176.213    61.262    -4.27    5.70
-173805.000    58.642    -7.06    6.35
-173440.148    56.250    -6.56    6.09
-173075.218    54.234    -5.52    5.70
-172710.208    52.483    -4.79    4.14
-172345.119    51.214    -3.48    2.66
-171979.952    51.058    -0.43    2.56
-171614.705    50.769    -0.79    2.24
-171249.379    50.720    -0.13    2.24
-170883.974    50.266    -1.24    1.63
-170518.490    49.991    -0.75    1.03
-170152.927    49.850    -0.39    0.00
-169787.284    49.850     0.00    0.00
-169421.562    49.850     0.00    0.00
-169055.761    49.850     0.00    0.00
-168689.880    49.850     0.00    0.00
-168323.919    49.850     0.00    0.00
-167957.880    49.850     0.00    0.00
-167591.760    49.850     0.00    0.00
-167225.561    49.850     0.00    0.00
-166859.282    49.850     0.00    0.00
-166492.924    49.850     0.00    0.00
-166126.485    49.850     0.00    0.00
-165759.967    49.850     0.00    0.00
-165393.369    49.850     0.00    0.00
-165026.691    49.850     0.00    0.00
-164659.932    49.850     0.00    0.00
-164293.094    49.850     0.00    0.00
-163926.176    49.850     0.00    0.00
-163559.177    49.850     0.00    0.00
-163192.099    49.850     0.00    0.00
-162824.940    49.850     0.00    0.00
-162457.700    49.850     0.00    0.00
-162090.381    49.850     0.00    0.00
-161722.980    50.164     0.85    1.39
-161355.500    52.244     5.66    5.56
-160987.939    58.470    16.94   11.57
-160620.297    62.546    11.09   11.61
-160252.575    65.120     7.00   10.16
-159884.772    65.988     2.36    9.40
-159516.888    62.067   -10.66   10.47
-159148.923    56.026   -16.42    8.04
-158780.878    52.135   -10.57    5.09
-158412.751    49.693    -6.63    4.13
-158044.544    47.640    -5.58    4.26
-157676.256    43.345   -11.66    8.14
-157307.886    35.350   -21.70   13.98
-156939.436    27.066   -22.48   15.32
-156570.904    20.355   -18.21   12.65
-156202.291    16.600   -10.19    9.51
-155833.597    18.948     6.37   11.75
-155464.821    23.570    12.53   14.35
-155095.964    32.147    23.25   14.79
-154727.026    41.399    25.07   13.29
-154358.006    50.166    23.76    8.42
-153988.905    53.879    10.06    5.69
-153619.722    55.183     3.53    3.95
-153250.457    53.137    -5.54    4.13
-152881.111    50.587    -6.90    4.40
-152511.683    47.900    -7.27    5.17
-152142.173    46.389    -4.09    4.47
-151772.581    44.990    -3.79    3.84
-151402.908    44.262    -1.97    4.41
-151033.152    44.314     0.14    4.87
-150663.314    44.948     1.71    4.88
-150293.395    46.154     3.26    5.51
-149923.393    50.271    11.13    5.68
-149553.309    54.000    10.07    5.82
-149183.142    57.948    10.66    5.43
-148812.894    62.460    12.19    6.00
-148442.563    70.820    22.57   11.57
-148072.150    82.262    30.88   18.02
-147701.654    98.656    44.25   20.23
-147331.075   114.345    42.33   17.76
-146960.414   125.110    29.04   11.88
-146589.671   125.183     0.20   12.99
-146218.845   117.850   -19.77   17.63
-145847.936   105.036   -34.54   18.00
-145476.944    92.909   -32.68   13.55
-145105.870    81.970   -29.48    9.19
-144734.712    75.507   -17.41    7.79
-144363.472    68.227   -19.61    8.68
-143992.148    62.626   -15.08   10.12
-143620.742    56.513   -16.46    8.83
-143249.252    52.428   -10.99    5.77
-142877.679    50.087    -6.30    1.44
-142506.023    49.850    -0.64    0.00
-142134.284    49.850     0.00    0.00
-141762.462    49.850     0.00    0.00
-141390.556    49.850     0.00    0.00
-141018.566    49.850     0.00    0.00
-140646.493    49.850     0.00    0.00
-140274.337    49.850     0.00    0.00
-139902.097    49.850     0.00    0.00
-139529.773    49.850     0.00    0.00
-139157.365    49.850     0.00    0.00
-138784.874    49.850     0.00    0.00
-138412.299    49.850     0.00    0.00
-138039.640    49.850     0.00    0.00
-137666.897    50.595     2.00    2.90
-137294.070    52.461     5.01    5.10
-136921.159    56.971    12.09    8.13
-136548.163    63.193    16.68   11.41
-136175.084    73.073    26.48   13.53
-135801.920    84.529    30.70   13.44
-135428.673    95.074    28.25   10.76
-135055.340    98.138     8.21    7.81
-134681.924    96.084    -5.50    9.39
-134308.423    89.311   -18.13   11.40
-133934.837    83.640   -15.18    9.36
-133561.167    78.703   -13.21    5.86
-133187.412    77.112    -4.26    4.44
-132813.573    76.590    -1.40    3.40
-132439.648    77.065     1.27    3.09
-132065.639    77.187     0.32    3.12
-131691.545    77.927     1.98    3.62
-131317.367    78.921     2.66    3.54
-130943.103    80.840     5.13    4.52
-130568.754    81.552     1.90    4.94
-130194.320    83.909     6.29    4.60
-129819.801    88.729    12.87    7.88
-129445.197    97.248    22.74   13.67
-129070.508   107.751    28.03   15.52
-128695.733   115.028    19.42   11.01
-128320.873   114.325    -1.88   13.65
-127945.927   104.056   -27.39   17.52
-127570.896    93.154   -29.07   13.88
-127195.779    85.740   -19.76    5.37
-126820.577    89.068     8.87    9.05
-126445.289    98.850    26.06   14.26
-126069.916   115.252    43.69   22.54
-125694.457   134.393    50.98   22.67
-125318.911   149.244    39.54   18.34
-124943.280   155.380    16.33   11.74
-124567.563   152.154    -8.59   13.12
-124191.760   145.470   -17.78   11.43
-123815.871   140.929   -12.08    6.60
-123439.896   138.526    -6.39    6.62
-123063.835   138.117    -1.09    6.89
-122687.687   140.007     5.02   10.17
-122311.453   145.157    13.69   13.15
-121935.133   152.879    20.52   16.00
-121558.726   161.213    22.14   14.75
-121182.233   169.281    21.43   11.54
-120805.653   174.652    14.26    9.15
-120428.987   172.388    -6.01   13.32
-120052.234   167.697   -12.45   16.61
-119675.394   161.034   -17.68   14.90
-119298.468   155.683   -14.20   10.51
-118921.454   155.209    -1.26    9.14
-118544.354   155.582     0.99    8.93
-118167.167   157.129     4.10    8.40
-117789.893   158.960     4.85    7.90
-117412.532   161.164     5.84    7.70
-117035.084   165.305    10.97    6.91
-116657.548   169.762    11.80    6.32
-116279.925   175.232    14.49    8.26
-115902.215   181.232    15.88    8.51
-115524.418   187.036    15.36    8.31
-115146.533   193.335    16.67    7.96
-114768.561   198.248    13.00   11.01
-114390.501   202.890    12.28   13.96
-114012.353   205.948     8.09   18.27
-113634.118   208.635     7.11   21.88
-113255.795   214.417    15.28   21.67
-112877.385   220.708    16.62   20.18
-112498.886   230.026    24.62   16.57
-112120.300   236.717    17.67   11.11
-111741.626   241.696    13.15   12.28
-111362.863   243.589     5.00   17.16
-110984.013   243.983     1.04   24.55
-110605.074   241.319    -7.03   31.52
-110226.048   233.222   -21.36   32.97
-109846.933   224.380   -23.32   32.91
-109467.729   217.956   -16.94   28.74
-109088.437   213.270   -12.35   25.04
-108709.057   208.713   -12.01   22.56
-108329.588   203.220   -14.47   23.24
-107950.031   192.976   -26.99   22.77
-107570.385   180.612   -32.56   18.63
-107190.651   169.500   -29.26   13.79
-106810.827   162.046   -19.62   11.13
-106430.915   156.830   -13.73    8.20
-106050.914   154.889    -5.11    6.36
-105670.824   155.830     2.48    5.03
-105290.645   157.500     4.39    4.43
-104910.377   159.025     4.01    2.90
-104530.020   160.081     2.78    3.00
-104149.573   160.771     1.81    3.59
-103769.038   161.157     1.01    3.84
-103388.413   161.630     1.24    4.17
-103007.699   160.993    -1.67    5.01
-102626.895   159.209    -4.68    5.54
-102246.002   157.626    -4.15    4.92
-101865.019   156.602    -2.69    3.83
-101483.947   155.657    -2.48    3.64
-101102.784   154.577    -2.83    4.35
-100721.533   153.173    -3.68    5.03
-100340.191   150.789    -6.25    4.69
 -99958.760   149.379    -3.70    4.19
 -99577.238   148.038    -3.51    3.32
 -99199.791   148.063     0.07    2.85
 -98835.181   147.595    -1.29    3.00
 -98470.490   146.898    -1.91    3.26
 -98105.718   146.193    -1.93    3.53
 -97740.866   145.222    -2.66    3.08
 -97375.933   145.388     0.45    2.80
 -97010.919   145.523     0.37    2.88
 -96645.824   145.316    -0.57    2.78
 -96280.648   145.741     1.16    2.78
 -95915.391   147.180     3.94    3.92
 -95550.054   148.753     4.30    4.50
 -95184.635   149.820     2.92    5.85
 -94819.135   149.516    -0.83    6.85
 -94453.554   149.044    -1.29    7.18
 -94087.891   147.421    -4.44    6.24
 -93722.148   146.277    -3.13    4.87
 -93356.323   146.005    -0.74    4.25
 -92990.416   146.350     0.94    4.50
 -92624.428   146.808     1.25    5.11
 -92258.359   148.081     3.48    6.79
 -91892.208   147.978    -0.28    7.27
 -91525.975   146.481    -4.09    8.08
 -91159.661   143.994    -6.79    8.79
 -90793.265   141.107    -7.88    8.33
 -90426.787   140.491    -1.68    8.05
 -90060.227   143.309     7.69    8.71
 -89693.585   148.013    12.83    8.04
 -89326.862   151.213     8.72    5.39
 -88960.056   152.792     4.30    5.84
 -88593.169   152.174    -1.68    6.89
 -88226.199   151.153    -2.78    7.86
 -87859.147   150.440    -1.94    9.57
 -87492.013   149.600    -2.29   11.66
 -87124.796   147.379    -6.05   12.76
 -86757.498   143.190   -11.40   13.30
 -86390.116   137.036   -16.75   12.60
 -86022.653   131.475   -15.13   10.93
 -85655.107   128.431    -8.28    8.96
 -85287.478   127.364    -2.90    7.14
 -84919.767   129.365     5.44    8.62
 -84551.973   132.782     9.29    9.93
 -84184.096   134.331     4.21   10.58
 -83816.137   134.607     0.75   11.20
 -83448.095   132.600    -5.45   10.90
 -83079.969   129.808    -7.58    9.50
 -82711.761   126.421    -9.20    8.32
 -82343.470   123.418    -8.15    7.87
 -81975.096   120.421    -8.14    7.82
 -81606.639   118.393    -5.51    7.73
 -81238.099   118.141    -0.68    8.71
 -80869.475   118.965     2.24   10.01
 -80500.768   118.809    -0.42   11.94
 -80131.978   119.161     0.95   12.63
 -79763.104   116.930    -6.05   12.77
 -79394.147   112.918   -10.87   11.86
 -79025.106   108.222   -12.72    9.46
 -78655.982   105.335    -7.82    7.19
 -78286.775   103.707    -4.41    5.84
 -77917.483   102.574    -3.07    7.20
 -77548.108   100.704    -5.06    8.85
 -77178.649    96.959   -10.14   10.28
 -76809.106    92.071   -13.23    9.61
 -76439.480    87.595   -12.11    7.44
 -76069.769    84.170    -9.26    5.12
 -75699.974    82.167    -5.42    3.89
 -75330.096    78.310   -10.43    6.90
 -74960.133    72.481   -15.75    9.11
 -74590.086    68.901    -9.67    7.69
 -74219.955    71.416     6.79    9.82
 -73849.739    77.160    15.52   11.76
 -73479.439    83.977    18.41    8.77
 -73109.055    87.753    10.19    4.51
 -72738.586    88.850     2.96    3.23
 -72368.033    87.984    -2.34    4.19
 -71997.395    86.554    -3.86    5.51
 -71626.673    84.497    -5.55    6.10
 -71255.866    82.434    -5.56    5.83
 -70884.974    79.497    -7.92    4.16
 -70513.997    78.071    -3.84    2.48
 -70142.936    77.936    -0.36    2.13
 -69771.789    78.212     0.74    2.54
 -69400.558    78.410     0.53    3.66
 -69029.241    78.242    -0.45    4.33
 -68657.839    78.325     0.22    4.21
 -68286.353    77.484    -2.26    2.98
 -67914.781    74.977    -6.75    4.85
 -67543.123    65.897   -24.43   13.67
 -67171.381    57.107   -23.65   15.38
 -66799.553    48.112   -24.19   11.03
 -66427.639    43.454   -12.52    4.93
 -66055.641    41.910    -4.15    0.37
 -65683.556    41.850    -0.16    0.00
 -65311.386    42.395     1.47    2.02
 -64939.130    46.888    12.07    9.42
 -64566.789    54.751    21.12   14.30
 -64194.361    66.180    30.69   15.80
 -63821.848    77.109    29.34   12.58
 -63449.249    86.228    24.47    8.96
 -63076.564    90.416    11.24    8.95
 -62703.793    90.662     0.66   11.47
 -62330.936    87.186    -9.32   12.73
 -61957.993    82.472   -12.64   12.38
 -61584.963    85.273     7.51   15.97
 -61211.847    91.957    17.91   18.04
 -60838.645   101.753    26.25   12.11
 -60465.357   104.782     8.11    6.45
 -60091.982   100.413   -11.70    9.54
 -59718.520    93.234   -19.22   11.19
 -59344.972    85.477   -20.77    9.49
 -58971.338    78.689   -18.17    9.03
 -58597.617    71.462   -19.34   10.96
 -58223.809    62.612   -23.68   13.66
 -57849.914    53.042   -25.59   11.61
 -57475.932    51.057    -5.31   10.21
 -57101.863    59.686    23.07   18.13
 -56727.708    73.296    36.37   20.83
 -56353.465    84.859    30.90   14.32
 -55979.135    91.316    17.25    3.96
 -55604.719    90.619    -1.86    4.51
 -55230.214    87.713    -7.76    4.96
 -54855.623    85.250    -6.57    5.09
 -54480.944    83.064    -5.83    5.35
 -54106.178    80.145    -7.79    3.99
 -53731.325    78.011    -5.69    3.01
 -53356.383    77.369    -1.71    2.97
 -52981.355    77.025    -0.92    3.44
 -52606.238    76.535    -1.30    3.84
 -52231.034    75.677    -2.29    5.80
 -51855.743    73.994    -4.48    8.54
 -51480.363    69.726   -11.37   11.47
 -51104.895    63.605   -16.30   13.43
 -50729.340    58.142   -14.54   12.47
 -50353.696    57.140    -2.67   10.48
 -49977.965    62.152    13.34   12.90
 -49602.145    69.840    20.46   12.73
 -49226.237    76.708    18.27    9.78
 -48850.241    79.988     8.72    5.89
 -48474.157    78.065    -5.11    6.28
 -48097.984    74.552    -9.34    7.27
 -47721.723    70.416   -10.99    6.79
 -47345.373    68.680    -4.61    5.76
 -46968.935    67.725    -2.54    6.53
 -46592.408    68.735     2.68    6.76
 -46215.792    69.636     2.39    5.99
 -45839.088    68.350    -3.41    4.56
 -45462.295    67.173    -3.12    3.91
 -45085.413    65.618    -4.13    3.89
 -44708.442    64.446    -3.11    3.44
 -44331.382    63.991    -1.21    3.63
 -43954.233    64.305     0.83    3.80
 -43576.995    64.718     1.09    4.08
 -43199.667    65.090     0.99    5.18
 -42822.251    67.321     5.91    7.27
 -42444.745    69.500     5.77    7.44
 -42067.150    70.774     3.37    7.30
 -41689.465    73.029     5.97    7.75
 -41311.691    74.850     4.82    8.57
 -40933.827    75.821     2.57    8.59
 -40555.874    79.491     9.71    9.89
 -40177.831    84.042    12.04   11.07
 -39799.698    88.721    12.37    9.64
 -39421.476    93.261    12.00    6.51
 -39043.163    93.850     1.56    7.68
 -38664.761    90.229    -9.57    9.86
 -38286.269    86.550    -9.72   10.91
 -37907.686    83.755    -7.38    9.81
 -37529.014    80.442    -8.75    8.77
 -37150.251    78.388    -5.42    8.19
 -36771.398    76.733    -4.37    9.29
 -36392.455    74.454    -6.02   11.71
 -36013.421    72.199    -5.95   13.71
 -35634.297    65.388   -17.97   14.42
 -35255.083    60.255   -13.53   12.92
 -34875.778    55.067   -13.68    8.10
 -34496.382    57.312     5.92    9.73
 -34116.895    60.513     8.44   10.01
 -33737.318    65.303    12.62    9.36
 -33357.650    69.714    11.62   10.05
 -32977.891    69.879     0.43   10.15
 -32598.041    68.642    -3.26   12.51
 -32218.100    62.991   -14.87   13.81
 -31838.068    58.427   -12.01   12.97
 -31457.945    54.998    -9.02   13.05
 -31077.731    53.281    -4.52   11.66
 -30697.425    54.083     2.11   10.92
 -30317.028    55.440     3.57   11.60
 -29936.540    59.142     9.73   11.10
 -29555.960    62.467     8.74    9.37
 -29175.289    66.963    11.81    7.29
 -28794.526    68.605     4.31    6.51
 -28413.671    70.276     4.39    7.37
 -28032.725    71.888     4.23    7.40
 -27651.686    71.420    -1.23    7.56
 -27270.556    70.916    -1.32    7.56
 -26889.334    70.444    -1.24    8.06
 -26508.020    69.038    -3.69    8.95
 -26126.614    66.369    -7.00   10.38
 -25745.116    62.557    -9.99   10.31
 -25363.526    56.274   -16.47    8.41
 -24981.843    52.123   -10.88    6.35
 -24600.069    50.355    -4.63    4.30
 -24233.331    49.488    -2.36    4.40
 -23868.883    51.295     4.96    4.68
 -23504.352    54.114     7.73    5.44
 -23139.738    57.345     8.86    7.00
 -22775.043    61.907    12.51    7.06
 -22410.264    64.708     7.68    5.63
 -22045.403    65.215     1.39    5.38
 -21680.459    62.925    -6.28    5.45
 -21315.432    59.244   -10.08    4.96
 -20950.323    54.555   -12.84    6.48
 -20585.130    47.934   -18.13   11.30
 -20219.855    38.369   -26.18   15.14
 -19854.497    29.274   -24.89   14.36
 -19489.055    21.475   -21.34    7.88
 -19123.531    18.076    -9.30    1.84
 -18757.923    16.954    -3.07    4.10
 -18392.232    15.005    -5.33    6.68
 -18026.458    12.111    -7.91    8.05
 -17660.601    12.395     0.78    7.66
 -17294.660    13.822     3.90    7.00
 -16928.636    14.510     1.88    6.32
 -16562.528    16.583     5.66    3.67
 -16196.336    18.208     4.44    3.04
 -15830.061    18.758     1.50    3.39
 -15463.703    19.428     1.83    3.36
 -15097.260    20.012     1.59    3.34
 -14730.734    21.231     3.33    4.76
 -14364.124    22.748     4.14    4.95
 -13997.430    23.993     3.39    5.73
 -13630.652    25.037     2.85    6.07
 -13263.790    25.446     1.12    5.43
 -12896.844    25.991     1.49    5.06
 -12529.814    26.869     2.39    5.24
 -12162.700    27.151     0.77    5.42
 -11795.502    25.387    -4.80    5.77
 -11428.219    25.008    -1.03    5.81
 -11060.852    24.699    -0.84    5.81
 -10693.400    23.218    -4.03    4.54
 -10325.864    21.292    -5.24    3.11
  -9958.243    20.541    -2.04    2.81
  -9590.538    20.543     0.00    3.37
  -9222.748    21.507     2.62    4.23
  -8854.874    21.792     0.77    4.45
  -8486.914    21.237    -1.51    4.20
  -8118.870    19.998    -3.37    3.34
  -7750.741    19.640    -0.97    2.95
  -7382.527    19.655     0.04    3.15
  -7014.228    20.403     2.03    3.54
  -6645.844    20.897     1.34    3.65
  -6277.375    20.364    -1.45    3.52
  -5908.821    20.031    -0.90    4.22
  -5540.181    19.850    -0.49    4.34
  -5171.456    20.206     0.96    4.42
  -4802.646    20.248     0.11    4.17
  -4433.750    19.491    -2.05    2.81
  -4064.769    19.211    -0.76    2.14
  -3695.703    19.050    -0.44    1.88
  -3326.551    19.237     0.51    2.06
  -2957.313    19.586     0.95    2.04
  -2587.989    17.927    -4.49    5.17
  -2218.580    13.001   -13.33    9.19
  -1849.085     7.859   -13.91    9.39
  -1479.504     2.569   -14.31    6.36
  -1109.837     0.009    -6.93    1.46
   -740.084    -0.150    -0.43    0.00
   -370.245    -0.150     0.00    0.00
     -0.320    -0.150     0.00    0.00
    369.691    -0.150     0.00    0.00
    739.789     0.174     0.87    2.22
   1109.973     4.293    11.13    8.15
   1480.243     9.303    13.53    9.92
   1850.599    14.944    15.23    8.32
   2221.042    17.224     6.15    6.33
   2591.572    14.292    -7.91    8.76
   2962.188    10.303   -10.76    9.77
   3332.891     6.463   -10.36    9.36
   3703.681     3.029    -9.26    6.89
   4074.557     3.233     0.55    7.22
   4445.520     7.237    10.79    9.45
   4816.570    10.916     9.92    9.65
   5187.707    14.388     9.36    8.64
   5558.932    17.708     8.94    5.38
   5930.243    19.482     4.78    1.89
   6301.641    19.433    -0.13    1.83
   6673.126    19.482     0.13    1.88
   7044.699    19.303    -0.48    1.91
   7416.359    19.661     0.96    2.15
   7788.107    19.734     0.20    2.11
   8159.942    19.868     0.36    2.04
   8531.864    19.936     0.18    2.10
   8903.874    19.794    -0.38    2.13
   9275.972    19.971     0.48    2.10
   9648.157    20.663     1.86    2.47
  10020.430    20.979     0.85    2.69
  10392.791    21.669     1.85    2.69
  10765.240    21.628    -0.11    2.62
  11137.776    21.032    -1.60    2.53
  11510.401    20.962    -0.19    2.19
  11883.114    20.716    -0.66    2.05
  12255.915    20.285    -1.16    1.83
  12628.804    20.053    -0.62    1.78
  13001.781    20.107     0.14    1.78
  13374.847    20.420     0.84    1.68
  13748.001    20.632     0.57    1.74
  14121.243    20.877     0.66    1.90
  14494.574    21.164     0.77    1.87
  14867.993    20.767    -1.06    2.17
  15241.501    20.821     0.14    2.12
  15615.098    20.616    -0.55    2.23
  15988.784    20.691     0.20    2.45
  16362.558    21.061     0.99    2.31
  16736.421    21.464     1.08    1.94
  17110.373    21.574     0.29    1.85
  17484.414    21.317    -0.69    1.73
  17858.544    20.801    -1.38    2.24
  18232.764    20.350    -1.21    2.37
  18607.072    19.345    -2.68    2.96
  18981.470    17.074    -6.07    5.70
  19355.957    15.784    -3.44    7.46
  19730.533    13.746    -5.44    9.19
  20105.199    11.685    -5.50    9.87
  20479.954     9.729    -5.22   10.05
  20854.799     7.702    -5.41    9.88
  21229.734     5.183    -6.72    8.55
  21604.758     3.125    -5.49    6.76
  21979.872     1.737    -3.70    5.01
  22355.076     0.507    -3.28    2.73
  22730.369    -0.095    -1.60    0.41
  23105.753    -0.141    -0.12    0.10
  23481.226    -0.150    -0.03    0.00
  23856.790    -0.150     0.00    0.00
  24232.444    -0.150     0.00    0.00
  24608.188    -0.150     0.00    0.00
  24984.022    -0.150     0.00    0.00
  25359.947    -0.150     0.00    0.00
  25735.961    -0.150     0.00    0.00
  26112.067    -0.150     0.00    0.00
  26488.263    -0.150     0.00    0.00
  26864.549    -0.150     0.00    0.00
  27240.927    -0.150     0.00    0.00
  27617.394    -0.104     0.12    0.28
  27993.953     0.791     2.38    3.86
  28370.603     4.015     8.56    7.87
  28747.343     6.630     6.94    9.42
  29124.174     9.024     6.35   10.17
  29501.097     9.821     2.11   10.32
  29878.110     9.971     0.40   10.00
  30255.215     9.317    -1.73    9.72
  30632.411     8.504    -2.16    9.08
  31009.698     6.710    -4.76    8.44
  31387.077     4.435    -6.03    7.42
  31764.547     1.868    -6.80    5.29
  32142.109     0.100    -4.68    1.60
  32519.762    -0.150    -0.66    0.00
  32897.506    -0.150     0.00    0.00
  33275.343    -0.150     0.00    0.00
  33653.271     1.393     4.08    5.18
  34031.291     4.158     7.32    8.23
  34409.403     7.831     9.71   10.20
  34787.607    11.259     9.06   10.65
  35165.903    14.663     9.00   10.04
  35544.291    17.572     7.69    8.51
  35922.771    20.192     6.92    5.89
  36301.343    21.755     4.13    2.91
  36680.008    22.097     0.90    2.02
  37058.765    22.141     0.11    2.02
  37437.614    22.030    -0.29    2.15
  37816.556    22.102     0.19    2.12
  38195.591    22.437     0.88    2.02
  38574.718    21.981    -1.20    2.22
  38953.938    21.741    -0.63    2.19
  39333.250    21.141    -1.58    2.08
  39712.656    21.033    -0.28    1.87
  40092.154    21.265     0.61    1.97
  40471.745    21.229    -0.09    1.98
  40851.429    21.313     0.22    2.12
  41231.207    21.294    -0.05    2.03
  41611.077    21.477     0.48    2.05
  41991.041    21.392    -0.22    1.97
  42371.098    21.331    -0.16    1.88
  42751.249    21.504     0.45    2.04
  43131.492    21.550     0.12    2.59
  43511.830    20.899    -1.71    4.33
  43892.261    19.969    -2.44    5.40
  44272.785    19.050    -2.42    6.38
  44653.403    17.593    -3.83    7.74
  45034.116    16.610    -2.58    8.64
  45414.921    14.381    -5.85    9.55
  45795.821    12.744    -4.30   10.05
  46176.815    10.313    -6.38   10.43
  46557.903     8.354    -5.14   10.32
  46939.085     5.570    -7.30    9.34
  47320.361     3.128    -6.41    7.14
  47701.731     1.041    -5.47    4.29
  48083.196    -0.021    -2.78    0.83
  48464.755    -0.150    -0.34    0.00
  48846.408    -0.150     0.00    0.00
  49228.156    -0.150     0.00    0.00
  49609.999    -0.150     0.00    0.00
  49991.936    -0.150     0.00    0.00
  50365.425    -0.150     0.00    0.00
  50729.628    -0.140     0.03    0.10
  51093.915    -0.077     0.17    0.59
  51458.287    -0.114    -0.10    0.30
  51822.742     0.237     0.96    1.90
  52187.283     2.223     5.45    6.41
  52551.907     5.331     8.53   10.54
  52916.616     9.713    12.02   12.54
  53281.410    13.395    10.09   12.38
  53646.288    19.878    17.77   12.48
  54011.251    23.613    10.24    9.71
  54376.299    25.340     4.73    6.44
  54741.431    24.007    -3.65    5.64
  55106.649    22.526    -4.06    3.94
  55471.951    22.859     0.91    4.03
  55837.338    23.204     0.94    3.93
  56202.810    24.927     4.71    4.81
  56568.368    26.143     3.33    4.96
  56934.010    26.564     1.15    5.11
  57299.737    26.491    -0.20    4.81
  57665.550    25.162    -3.63    4.82
  58031.448    24.289    -2.39    4.65
  58397.432    23.498    -2.16    4.92
  58763.501    22.308    -3.25    4.07
  59129.655    19.764    -6.95    6.07
  59495.895    16.686    -8.40    9.96
  59862.221    14.821    -5.09   10.86
  60228.632    15.063     0.66   10.42
  60595.129    16.896     5.00    8.83
  60961.712    19.246     6.41    5.43
  61328.381    19.795     1.50    2.35
  61695.135    19.378    -1.14    2.25
  62061.976    19.595     0.59    2.21
  62428.902    19.941     0.94    2.31
  62795.915    20.392     1.23    2.27
  63163.014    20.226    -0.45    2.34
  63530.198    21.056     2.26    4.18
  63897.470    23.134     5.66    5.72
  64264.827    24.822     4.60    6.05
  64632.271    28.600    10.28    7.56
  64999.802    29.723     3.05    7.71
  65367.419    28.686    -2.82    8.64
  65735.122    25.486    -8.70    8.40
  66102.912    22.183    -8.98    5.72
  66470.789    20.767    -3.85    3.42
  66838.753    20.632    -0.37    3.20
  67206.803    20.157    -1.29    2.00
  67574.941    20.336     0.49    2.02
  67943.165    22.597     6.14    6.68
  68311.476    24.327     4.70    8.84
  68679.874    25.153     2.24    8.41
  69048.360    29.555    11.95   11.49
  69416.932    36.877    19.87   15.21
  69785.592    47.239    28.11   14.95
  70154.339    58.652    30.95   10.50
  70523.174    66.786    22.06    8.19
  70892.096    72.081    14.35    7.53
  71261.105    75.525     9.33    6.53
  71630.202    77.497     5.34    5.55
  71999.387    78.077     1.57    6.28
  72368.659    77.107    -2.63    7.69
  72738.019    73.162   -10.68   10.12
  73107.467    67.250   -16.00   11.05
  73477.003    61.100   -16.64    9.54
  73846.627    56.462   -12.55    6.84
  74216.338    53.905    -6.92    5.95
  74586.138    53.978     0.20    6.02
  74956.026    54.081     0.28    6.40
  75326.002    51.916    -5.85    7.43
  75696.066    48.586    -9.00    8.80
  76066.218    44.879   -10.02    9.84
  76436.459    43.183    -4.58    9.69
  76806.789    43.822     1.73   11.63
  77177.206    46.529     7.31   14.14
  77547.713    51.138    12.44   14.82
  77918.308    56.549    14.60   11.95
  78288.991    59.210     7.18    7.45
  78659.764    60.925     4.63    6.22
  79030.625    59.600    -3.57    5.93
  79401.575    57.723    -5.06    5.88
  79772.614    55.373    -6.33    6.43
  80143.742    52.095    -8.83    4.61
  80514.959    49.061    -8.17    4.50
  80886.265    48.282    -2.10    4.86
  81257.660    48.850     1.53    5.44
  81629.145    49.446     1.61    5.25
  82000.719    50.026     1.56    5.86
  82372.382    50.382     0.96    7.06
  82744.135    50.641     0.70    6.45
  83115.977    50.379    -0.70    5.79
  83487.909    48.556    -4.90    7.18
  83859.930    45.776    -7.47    8.94
  84232.042    42.523    -8.74    9.66
  84604.242    40.683    -4.94    8.85
  84976.533    40.067    -1.66    7.81
  85348.914    42.786     7.30    7.96
  85721.384    46.504     9.98    6.96
  86093.945    48.504     5.37    6.98
  86466.596    49.146     1.72    7.91
  86839.337    48.341    -2.16    7.19
  87212.168    47.050    -3.46    6.09
  87585.089    44.925    -5.70    4.97
  87958.101    44.204    -1.93    5.25
  88331.203    44.052    -0.41    6.72
  88704.395    45.421     3.67    9.27
  89077.678    45.359    -0.17   10.45
  89451.052    46.984     4.35   10.70
  89824.516    47.598     1.64    9.52
  90198.072    48.685     2.91    7.05
  90571.717    49.124     1.18    5.31
  90945.454    49.097    -0.07    4.13
  91319.282    48.444    -1.75    3.94
  91693.201    47.616    -2.22    4.27
  92067.210    44.225    -9.07    7.97
  92441.311    41.507    -7.26    8.11
  92815.503    41.032    -1.27    7.40
  93189.787    42.314     3.43    6.13
  93564.161    44.631     6.19    3.98
  93938.628    47.234     6.95    2.39
  94313.185    48.520     3.43    1.93
  94687.834    49.278     2.03    2.58
  95062.575    50.520     3.31    3.97
  95437.407    51.584     2.84    5.06
  95812.331    52.776     3.18    5.38
  96187.347    54.382     4.28    6.31
  96562.455    55.399     2.71    7.54
  96937.654    57.292     5.04    8.75
  97312.946    58.341     2.79    9.22
  97688.330    58.906     1.51    9.30
  98063.806    59.573     1.78    9.34
  98439.374    60.480     2.42    8.97
  98815.034    59.813    -1.78    7.53
  99190.787    58.023    -4.77    8.17
  99566.632    54.048   -10.58    8.10
  99942.569    50.609    -9.15    8.84
 100318.599    48.167    -6.49    9.29
 100694.722    47.002    -3.10   10.20
 101070.937    45.648    -3.60    9.86
 101447.245    44.409    -3.29    8.66
 101823.646    44.023    -1.03    7.85
 102200.139    44.032     0.02    6.78
 102576.726    44.762     1.94    6.90
 102953.406    45.065     0.80    7.30
 103330.178    44.286    -2.07    7.23
 103707.044    43.020    -3.36    7.36
 104084.003    40.142    -7.63    5.65
 104461.056    37.639    -6.64    3.63
 104838.201    35.930    -4.53    3.29
 105215.440    35.495    -1.15    3.49
 105592.773    35.268    -0.60    3.43
 105970.199    33.877    -3.69    4.58
 106347.719    31.364    -6.66    5.17
 106725.332    31.300    -0.17    5.79
 107103.040    32.100     2.12    7.03
 107480.841    33.993     5.01    6.44
 107858.736    33.869    -0.33    5.49
 108236.724    32.510    -3.59    5.18
 108614.807    32.095    -1.10    6.38
 108992.984    33.363     3.35    7.07
 109371.256    33.985     1.64    6.07
 109749.621    33.768    -0.57    6.00
 110128.081    32.903    -2.28    6.12
 110506.635    33.072     0.45    5.76
 110885.284    34.513     3.81    5.32
 111264.027    38.350    10.13    4.63
 111642.865    42.082     9.85    4.98
 112021.797    44.671     6.83    3.47
 112400.824    44.350    -0.85    3.46
 112779.946    42.104    -5.92    4.26
 113159.163    37.373   -12.48    5.64
 113538.475    32.921   -11.74    6.71
 113917.882    30.623    -6.06    6.41
 114297.384    31.060     1.15    7.40
 114676.981    33.009     5.13    9.72
 115056.673    38.698    14.99   13.08
 115436.460    45.998    19.22   13.58
 115816.343    51.531    14.57   11.60
 116196.322    55.369    10.10    6.11
 116576.396    50.385   -13.11   10.51
 116956.565    39.720   -28.06   16.78
 117336.830    26.985   -33.49   16.75
 117717.191    21.704   -13.88   11.80
 118097.648    27.372    14.90   16.29
 118478.200    38.653    29.65   18.56
 118858.849    51.359    33.38   12.14
 119239.593    58.385    18.46    7.28
 119620.434    62.949    11.98    6.13
 120001.371    66.770    10.03    5.28
 120382.403    71.065    11.27    4.86
 120763.533    75.385    11.34    5.22
 121144.758    78.907     9.24    6.28
 121526.080    83.287    11.49    9.08
 121907.499    87.024     9.80    9.98
 122289.014    91.064    10.59    9.56
 122670.626    92.529     3.84    8.46
 123052.334    91.288    -3.25   10.09
 123434.140    85.877   -14.17   13.73
 123816.042    76.138   -25.50   16.57
 124198.041    67.421   -22.82   13.72
 124580.137    63.174   -11.12    9.56
 124960.905    63.183     0.02    9.72
 125324.861    64.898     4.71    9.83
 125688.903    65.726     2.27   10.62
 126053.030    69.523    10.43   13.65
 126417.244    78.662    25.10   18.30
 126781.544    90.708    33.07   18.88
 127145.930   103.831    36.01   13.97
 127510.403   110.534    18.39   11.47
 127874.961   115.252    12.94   11.12
 128239.606   121.459    17.02   12.43
 128604.338   131.078    26.37   16.60
 128969.156   143.276    33.44   19.33
 129334.060   158.127    40.70   18.09
 129699.051   170.725    34.52   15.04
 130064.129   180.072    25.61   11.81
 130429.293   182.009     5.31    8.91
 130794.545   177.993   -11.00   12.43
 131159.883   168.976   -24.68   14.84
 131525.308   158.929   -27.49   13.39
 131890.820   149.097   -26.90   10.88
 132256.419   141.248   -21.47   12.23
 132622.105   133.408   -21.44   13.03
 132987.878   122.877   -28.79   13.09
 133353.739   113.911   -24.51   11.91
 133719.687   106.024   -21.55    9.14
 134085.722   100.168   -16.00    6.34
 134451.844    95.981   -11.44    5.33
 134818.055    91.932   -11.06    5.33
 135184.352    88.761    -8.66    5.18
 135550.737    86.165    -7.09    4.16
 135917.210    85.275    -2.43    2.88
 136283.771    85.560     0.78    2.79
 136650.419    85.738     0.48    3.79
 137017.155    84.452    -3.51    5.67
 137383.979    82.421    -5.54    6.22
 137750.891    80.010    -6.57    6.00
 138117.892    78.034    -5.39    5.38
 138484.980    74.697    -9.09    4.98
 138852.156    71.372    -9.06    6.28
 139219.421    70.706    -1.81    7.11
 139586.774    73.084     6.47    8.61
 139954.215    77.253    11.35    8.91
 140321.745    81.316    11.06    5.56
 140689.363    81.496     0.49    2.87
 141057.070    80.796    -1.90    1.94
 141424.865    78.922    -5.10    3.40
 141792.749    76.376    -6.92    5.98
 142160.722    75.579    -2.17    6.56
 142528.783    75.938     0.98    6.88
 142896.934    78.201     6.15    7.87
 143265.173    82.091    10.56    6.72
 143633.501    84.142     5.57    5.31
 144001.919    85.153     2.74    5.00
 144370.425    87.692     6.89    6.27
 144739.021    90.013     6.30    6.62
 145107.706    92.296     6.19    6.01
 145476.480    93.062     2.08    4.64
 145845.344    92.391    -1.82    3.84
 146214.297    90.067    -6.30    3.72
 146583.339    88.350    -4.65    3.11
 146952.471    87.607    -2.01    3.14
 147321.693    88.098     1.33    4.04
 147691.005    88.932     2.26    4.40
 148060.406    90.280     3.65    3.67
 148429.897    91.213     2.53    4.30
 148799.478    91.788     1.55    5.71
 149169.149    90.537    -3.38    8.19
 149538.910    85.474   -13.70   13.69
 149908.761    78.260   -19.50   16.73
 150278.702    71.464   -18.37   16.87
 150648.734    64.252   -19.49   16.03
 151018.856    57.162   -19.16   14.74
 151389.068    54.177    -8.06   12.05
 151759.370    56.876     7.29   15.54
 152129.763    65.477    23.22   19.82
 152500.247    75.394    26.77   16.92
 152870.821    81.283    15.90   11.67
 153241.486    84.332     8.23    8.06
 153612.242    89.227    13.20   10.81
 153983.088    95.732    17.54   11.88
 154354.025   103.119    19.92    8.28
 154725.054   106.115     8.08    4.37
 155096.173   103.778    -6.30    6.41
 155467.383   101.323    -6.61    7.21
 155838.685    99.455    -5.03    7.49
 156210.078   100.283     2.23    7.75
 156581.562   102.732     6.59    7.12
 156953.137   106.046     8.92    5.71
 157324.804   107.296     3.36    4.39
 157696.562   106.732    -1.52    4.65
 158068.412   105.115    -4.35    4.95
 158440.354   103.327    -4.81    4.03
 158812.387   102.499    -2.23    3.04
 159184.512   102.646     0.40    3.31
 159556.729   102.885     0.64    3.21
 159929.037   101.613    -3.42    4.13
 160301.438   100.097    -4.07    3.37
 160673.931   101.772     4.49    5.30
 161046.515   105.250     9.34    7.80
 161419.192   111.718    17.36    7.83
 161791.961   116.354    12.44    4.94
 162164.823   118.595     6.01    3.11
 162537.777   118.122    -1.27    3.38
 162910.823   116.461    -4.45    3.56
 163283.962   115.145    -3.53    3.46
 163657.193   113.354    -4.80    3.45
 164030.517   111.082    -6.09    3.98
 164403.934   108.250    -7.59    4.59
 164777.443   104.868    -9.06    4.63
 165151.045   102.458    -6.45    5.11
 165524.740   100.090    -6.34    6.50
 165898.529    98.606    -3.97    8.86
 166272.410    98.119    -1.30   10.53
 166646.384    96.779    -3.58   11.56
 167020.452    96.727    -0.14   10.99
 167394.612    97.223     1.32    9.37
 167768.866   100.902     9.83    7.65
 168143.214   104.556     9.76    5.92
 168517.655   108.920    11.66    5.27
 168892.189   112.560     9.72    4.12
 169266.818   115.430     7.66    3.66
 169641.539   119.022     9.59    6.23
 170016.355   123.183    11.10    7.58
 170391.264   127.505    11.53    7.65
 170766.267   130.832     8.87    6.33
 171141.365   132.650     4.85    5.99
 171516.556   132.213    -1.17    6.67
 171891.841   130.726    -3.96    6.90
 172267.221   127.903    -7.52    7.44
 172642.694   123.839   -10.82    7.75
 173018.262   118.377   -14.55    8.35
 173393.925   113.435   -13.16    7.41
