-169101.036   249.126     0.00    8.09
-168721.461   245.817    -8.72    9.53
-168341.803   239.885   -15.62   11.06
-167962.060   235.203   -12.33   13.27
-167582.232   228.764   -16.95   13.68
-167202.320   220.857   -20.81   14.30
-166822.324   209.976   -28.63   15.46
-166442.243   199.973   -26.32   14.61
-166062.078   190.735   -24.30   12.35
-165681.828   183.664   -18.59   10.06
-165301.493   178.541   -13.47    8.43
-164921.073   174.466   -10.71    7.71
-164540.568   169.804   -12.25    7.50
-164159.979   165.729   -10.71    6.94
-163779.305   162.273    -9.08    5.90
-163398.545   159.840    -6.39    4.70
-163017.701   157.633    -5.79    5.10
-162636.771   154.960    -7.02    6.18
-162255.756   149.491   -14.35    8.40
-161874.656   146.005    -9.15    7.76
-161493.471   145.343    -1.74    7.65
-161122.299   149.156    10.27   11.90
-160757.209   157.837    23.78   12.97
-160392.042   164.178    17.36    9.33
-160026.798   167.783     9.87    5.14
-159661.477   165.410    -6.49    7.78
-159296.079   160.128   -14.46   10.83
-158930.604   155.349   -13.07   11.54
-158565.051   151.088   -11.66   11.31
-158199.422   147.521    -9.75   11.09
-157833.715   143.294   -11.56    9.62
-157467.930   139.799    -9.55    9.04
-157102.068   139.279    -1.42    8.73
-156736.129   139.336     0.16    8.32
-156370.112   139.847     1.40    7.70
-156004.017   140.345     1.36    7.09
-155637.845   141.602     3.43    6.59
-155271.595   142.160     1.52    7.35
-154905.267   141.807    -0.96    8.16
-154538.862   139.986    -4.97    9.73
-154172.379   137.182    -7.65    8.73
-153805.818   132.747   -12.10    4.59
-153439.179   130.067    -7.31    4.17
-153072.462   126.760    -9.02    4.83
-152705.667   123.705    -8.33    4.61
-152338.794   120.733    -8.10    3.12
-151971.842   119.429    -3.55    2.47
-151604.813   119.531     0.28    2.60
-151237.705   121.261     4.71    3.53
-150870.519   122.725     3.99    3.48
-150503.255   124.168     3.93    2.89
-150135.913   125.469     3.54    2.93
-149768.492   126.694     3.33    3.72
-149400.992   126.727     0.09    3.74
-149033.414   126.840     0.31    3.43
-148665.758   126.111    -1.98    3.55
-148298.022   125.296    -2.22    3.28
-147930.209   123.021    -6.18    3.64
-147562.316   120.193    -7.69    4.19
-147194.345   116.289   -10.61    5.19
-146826.294   113.320    -8.07    4.77
-146458.165   110.713    -7.08    3.65
-146089.957   109.622    -2.96    3.33
-145721.670   108.804    -2.22    3.11
-145353.304   107.612    -3.24    2.94
-144984.859   106.475    -3.08    2.71
-144616.335   105.921    -1.50    2.55
-144247.732   105.296    -1.70    2.68
-143879.049   103.841    -3.95    2.72
-143510.287   102.644    -3.25    3.01
-143141.446   100.685    -5.31    4.11
-142772.526    97.613    -8.33    5.00
-142403.526    94.082    -9.57    5.58
-142034.446    91.062    -8.18    4.18
-141665.287    88.025    -8.23    4.34
-141296.049    85.613    -6.53    4.88
-140926.730    82.788    -7.65    5.33
-140557.333    80.205    -6.99    4.64
-140187.855    78.222    -5.37    3.76
-139818.297    77.784    -1.18    3.40
-139448.660    77.222    -1.52    3.44
-139078.943    75.809    -3.82    3.43
-138709.146    74.938    -2.36    4.33
-138339.269    72.878    -5.57    5.34
-137969.312    69.441    -9.29    6.59
-137599.275    65.443   -10.81    5.98
-137229.157    62.471    -8.03    4.62
-136858.960    60.467    -5.41    3.48
-136488.682    59.266    -3.24    2.82
-136118.324    58.541    -1.96    1.31
-135747.886    58.421    -0.32    1.03
-135377.367    58.317    -0.28    1.07
-135006.768    58.325     0.02    0.84
-134636.088    58.731     1.10    1.23
-134265.327    59.243     1.38    1.72
-133894.486    59.471     0.62    1.72
-133523.565    59.280    -0.52    1.68
-133152.563    59.481     0.54    2.03
-132781.479    59.498     0.05    1.98
-132410.316    59.541     0.12    2.09
-132039.071    59.531    -0.03    2.03
-131667.745    59.603     0.19    1.91
-131296.338    59.430    -0.47    1.98
-130924.851    59.222    -0.56    1.72
-130553.282    59.371     0.40    1.89
-130181.632    59.988     1.66    2.53
-129809.901    61.731     4.69    3.60
-129438.089    63.280     4.16    3.94
-129066.195    64.174     2.40    4.81
-128694.220    65.509     3.59    6.01
-128322.164    67.411     5.11    7.03
-127950.026    70.939     9.48    8.04
-127577.807    75.349    11.85    7.71
-127205.506    79.964    12.39    6.29
-126833.123    82.632     7.17    5.50
-126460.659    81.531    -2.96    7.27
-126088.113    78.004    -9.47    9.33
-125715.486    73.511   -12.06    8.78
-125342.776    68.660   -13.01    6.51
-124969.985    64.881   -10.14    4.79
-124597.112    61.860    -8.10    3.33
-124224.157    60.761    -2.95    1.89
-123851.120    60.729    -0.09    1.58
-123478.000    61.347     1.66    1.68
-123104.799    61.366     0.05    1.59
-122731.515    60.501    -2.32    1.95
-122358.149    58.411    -5.60    4.13
-121984.701    55.135    -8.77    4.90
-121611.171    52.218    -7.81    3.93
-121237.558    50.174    -5.47    2.04
-120863.862    50.091    -0.22    1.98
-120490.084    50.425     0.89    2.46
-120116.224    50.693     0.72    2.77
-119742.281    50.530    -0.44    2.63
-119368.255    49.721    -2.16    1.02
-118994.146    49.551    -0.45    0.00
-118619.955    49.551     0.00    0.00
-118245.681    49.551     0.00    0.00
-117871.324    49.551     0.00    0.00
-117496.884    49.551     0.00    0.00
-117122.361    49.551     0.00    0.00
-116747.755    49.551     0.00    0.00
-116373.066    49.551     0.00    0.00
-115998.293    49.551     0.00    0.00
-115623.438    49.551     0.00    0.00
-115248.499    49.551     0.00    0.00
-114873.477    49.551     0.00    0.00
-114498.371    49.551     0.00    0.00
-114123.182    49.551     0.00    0.00
-113747.910    49.551     0.00    0.00
-113372.554    49.551     0.00    0.00
-112997.114    49.551     0.00    0.00
-112621.591    49.562     0.03    0.10
-112245.984    51.521     5.21    3.98
-111870.293    54.871     8.92    6.05
-111494.518    59.091    11.23    5.94
-111118.660    62.041     7.85    3.85
-110742.717    61.147    -2.38    4.81
-110366.691    57.912    -8.60    6.34
-109990.580    54.363    -9.44    5.85
-109614.386    51.471    -7.69    3.96
-109238.107    50.111    -3.61    1.91
-108861.744    49.875    -0.63    1.41
-108485.297    49.976     0.27    1.71
-108108.765    49.905    -0.19    1.61
-107732.149    49.602    -0.80    0.51
-107355.449    49.551    -0.14    0.00
-106978.664    49.674     0.32    0.86
-106601.795    50.169     1.31    2.29
-106224.841    50.854     1.82    3.56
-105847.802    51.433     1.54    4.61
-105470.679    51.734     0.80    5.07
-105093.471    51.991     0.68    5.51
-104716.177    51.934    -0.15    5.36
-104338.800    51.304    -1.67    4.49
-103961.337    50.594    -1.88    3.40
-103583.789    49.888    -1.87    1.96
-103206.156    49.551    -0.89    0.00
-102828.438    49.551     0.00    0.00
-102450.635    49.551     0.00    0.00
-102072.746    49.551     0.00    0.00
-101694.773    49.551     0.00    0.00
-101316.714    49.551     0.00    0.00
-100938.569    49.551     0.00    0.00
-100560.339    49.591     0.10    0.31
-100182.024    49.663     0.19    0.77
 -99803.623    49.721     0.16    1.11
 -99425.136    50.491     2.03    2.59
 -99046.564    51.501     2.67    3.85
 -98667.906    51.561     0.16    3.88
 -98289.162    51.460    -0.27    3.88
 -97910.332    50.151    -3.45    2.26
 -97531.417    49.561    -1.56    0.10
 -97152.415    50.021     1.21    1.52
 -96773.328    51.188     3.08    3.13
 -96394.154    52.871     4.44    4.09
 -96014.894    55.861     7.88    5.49
 -95635.548    62.141    16.55    9.68
 -95256.116    70.123    21.03   10.91
 -94876.597    76.037    15.58    8.74
 -94496.992    80.956    12.96    4.67
 -94117.301    82.012     2.78    4.38
 -93737.523    83.807     4.72    3.97
 -93357.658    86.101     6.04    3.41
 -92977.707    89.387     8.65    4.94
 -92597.669    93.659    11.24    7.47
 -92217.545    99.768    16.07    9.36
 -91837.334   106.289    17.15    8.73
 -91457.036   111.820    14.54    6.33
 -91076.651   115.855    10.61    5.09
 -90696.179   119.729    10.18    6.37
 -90315.620   125.561    15.33    9.71
 -89934.974   134.801    24.27   11.46
 -89554.240   145.789    28.86   13.08
 -89173.420   155.057    24.33   10.45
 -88792.512   160.410    14.05    6.91
 -88411.517   162.429     5.30    7.50
 -88030.435   163.987     4.09   10.86
 -87649.265   165.885     4.98   11.82
 -87268.008   168.225     6.14   11.02
 -86886.663   170.107     4.94    8.92
 -86509.435   171.501     3.70    6.91
 -86144.583   175.812    11.81    8.33
 -85779.652   182.777    19.08   12.19
 -85414.642   189.733    19.06   14.25
 -85049.554   200.158    28.55   19.28
 -84684.386   209.571    25.78   23.22
 -84319.139   218.615    24.76   28.38
 -83953.814   228.881    28.10   37.05
 -83588.409   236.987    22.18   46.13
 -83222.925   242.592    15.33   47.52
 -82857.362   240.848    -4.77   46.89
 -82491.720   232.701   -22.28   39.54
 -82125.998   218.691   -38.31   33.12
 -81760.198   203.531   -41.44   27.16
 -81394.317   191.482   -32.93   18.73
 -81028.358   193.727     6.13   23.00
 -80662.319   212.868    52.29   38.53
 -80296.200   234.289    58.50   41.33
 -79930.002   247.935    37.26   29.55
 -79563.724   242.542   -14.72   27.42
 -79197.366   220.003   -61.52   34.13
 -78830.929   189.433   -83.42   37.02
 -78464.412   160.461   -79.04   31.20
 -78097.815   132.961   -75.01   27.72
 -77731.138   112.621   -55.47   21.83
 -77364.381    95.791   -45.88   13.68
 -76997.544    87.181   -23.47    7.99
 -76630.628    81.614   -15.17    4.08
 -76263.631    77.483   -11.26    5.21
 -75896.554    73.459   -10.96    6.08
 -75529.396    67.551   -16.09    7.64
 -75162.159    61.632   -16.12    7.46
 -74794.841    56.311   -14.48    6.50
 -74427.443    52.689    -9.86    5.47
 -74059.964    50.775    -5.21    4.46
 -73692.405    48.492    -6.21    5.87
 -73324.765    46.804    -4.59    6.01
 -72957.045    48.334     4.16    8.06
 -72589.244    50.649     6.30    9.49
 -72221.363    52.861     6.01    8.83
 -71853.400    53.254     1.07    7.17
 -71485.357    51.283    -5.36    5.03
 -71117.233    50.277    -2.73    3.98
 -70749.029    49.476    -2.17    2.68
 -70380.743    49.363    -0.31    3.07
 -70012.376    48.165    -3.25    4.15
 -69643.929    45.381    -7.56    6.62
 -69275.400    41.341   -10.96    8.47
 -68906.790    34.976   -17.27   10.74
 -68538.099    24.865   -27.42   13.46
 -68169.326    14.858   -27.14   11.38
 -67800.472     9.777   -13.77    7.74
 -67431.537    10.776     2.71    9.68
 -67062.521    20.779    27.11   15.39
 -66693.423    29.868    24.62   13.94
 -66324.243    38.430    23.19    8.56
 -65954.982    44.521    16.49    5.97
 -65585.639    51.656    19.32   12.59
 -65216.215    65.804    38.30   24.66
 -64846.709    86.322    55.53   29.40
 -64477.121   112.205    70.03   32.12
 -64107.451   133.419    57.38   26.82
 -63737.699   150.471    46.12   20.18
 -63367.865   158.231    20.98   14.46
 -62997.950   160.380     5.81   11.13
 -62627.952   154.957   -14.65   13.75
 -62257.872   145.120   -26.58   17.43
 -61887.710   129.493   -42.21   21.32
 -61517.466   112.551   -45.76   22.51
 -61147.139    93.826   -50.56   20.96
 -60776.730    78.363   -41.74   17.44
 -60406.239    65.433   -34.90   12.71
 -60035.666    58.423   -18.92    7.17
 -59665.009    54.421   -10.79    3.54
 -59294.271    53.453    -2.61    2.64
 -58923.449    52.531    -2.49    2.29
 -58552.545    51.872    -1.78    2.05
 -58181.558    52.003     0.35    2.14
 -57810.489    53.002     2.69    2.23
 -57439.337    53.713     1.91    1.84
 -57068.101    54.106     1.06    1.01
 -56696.783    53.789    -0.85    1.00
 -56325.382    53.096    -1.87    0.94
 -55953.898    52.571    -1.41    1.05
 -55582.331    52.211    -0.97    1.17
 -55210.680    52.155    -0.15    1.30
 -54838.947    51.705    -1.21    1.36
 -54467.130    51.299    -1.09    1.62
 -54095.230    51.208    -0.25    1.83
 -53723.246    50.630    -1.55    1.79
 -53351.179    50.057    -1.54    1.42
 -52979.028    49.718    -0.91    1.44
 -52606.794    50.221     1.35    2.39
 -52234.477    50.901     1.83    2.83
 -51862.075    50.110    -2.12    3.87
 -51489.590    49.178    -2.50    4.72
 -51117.022    47.730    -3.89    4.83
 -50744.369    45.781    -5.23    4.33
 -50371.633    44.289    -4.00    3.36
 -49998.812    43.448    -2.26    2.95
 -49625.908    43.134    -0.84    3.54
 -49252.919    43.076    -0.15    3.32
 -48879.847    43.806     1.96    3.20
 -48506.690    45.031     3.28    3.13
 -48133.449    46.375     3.60    2.66
 -47760.124    47.051     1.81    1.98
 -47386.715    47.178     0.34    1.77
 -47013.221    47.789     1.64    1.80
 -46639.642    48.437     1.73    2.50
 -46265.980    50.163     4.62    2.96
 -45892.232    52.105     5.19    2.56
 -45518.400    54.638     6.78    3.18
 -45144.484    56.819     5.83    3.60
 -44770.482    59.081     6.05    3.98
 -44396.396    61.881     7.49    5.69
 -44022.225    64.551     7.14    6.06
 -43647.969    66.708     5.76    5.72
 -43273.628    69.759     8.15    5.93
 -42899.202    72.512     7.35    6.51
 -42524.692    76.321    10.17    6.65
 -42150.096    79.542     8.60    5.90
 -41775.414    82.291     7.34    4.97
 -41400.648    84.100     4.83    4.47
 -41025.796    83.398    -1.87    4.75
 -40650.859    82.153    -3.32    5.87
 -40275.837    81.410    -1.98    7.21
 -39900.729    81.336    -0.20    7.58
 -39525.535    82.149     2.17    7.40
 -39150.256    85.641     9.30    6.14
 -38774.891    87.355     4.57    5.61
 -38399.441    87.106    -0.66    6.26
 -38023.905    84.309    -7.45    8.80
 -37648.283    77.521   -18.07   11.80
 -37272.575    67.944   -25.49   13.40
 -36896.781    59.624   -22.14   11.55
 -36520.902    53.532   -16.21    7.50
 -36144.936    49.439   -10.89    2.05
 -35768.884    49.105    -0.89    2.06
 -35392.746    48.583    -1.39    2.44
 -35016.522    48.306    -0.74    2.65
 -34640.211    48.696     1.03    2.14
 -34263.814    48.571    -0.33    1.98
 -33887.331    48.264    -0.81    2.03
 -33510.761    48.679     1.10    2.36
 -33134.105    49.228     1.46    2.81
 -32757.362    49.238     0.03    3.25
 -32380.532    48.814    -1.13    3.89
 -32003.616    47.669    -3.04    4.39
 -31626.613    46.386    -3.40    4.02
 -31249.524    46.261    -0.33    3.02
 -30872.347    45.561    -1.86    2.72
 -30495.084    43.799    -4.67    3.19
 -30117.733    41.888    -5.06    3.89
 -29740.295    39.898    -5.27    3.99
 -29362.771    38.967    -2.47    4.37
 -28985.159    36.929    -5.40    5.26
 -28607.460    33.503    -9.07    6.28
 -28229.674    31.446    -5.45    5.87
 -27851.800    29.629    -4.81    4.82
 -27473.839    30.481     2.25    4.91
 -27095.790    33.728     8.59    5.40
 -26717.654    36.326     6.87    4.81
 -26339.431    38.503     5.76    2.99
 -25961.119    39.393     2.35    2.31
 -25582.721    41.037     4.34    2.72
 -25204.234    42.353     3.48    3.37
 -24825.659    43.748     3.68    3.37
 -24446.997    45.180     3.78    3.01
 -24068.246    46.731     4.10    2.81
 -23689.408    48.241     3.98    2.72
 -23310.482    49.641     3.70    2.13
 -22931.467    50.395     1.99    1.57
 -22552.364    50.403     0.02    1.45
 -22173.173    49.998    -1.07    1.83
 -21793.894    48.898    -2.90    2.50
 -21414.526    47.494    -3.70    2.56
 -21035.070    46.572    -2.43    2.25
 -20655.526    46.212    -0.95    1.82
 -20275.892    45.749    -1.22    1.89
 -19896.171    43.882    -4.92    3.58
 -19516.360    41.205    -7.05    4.29
 -19136.461    38.891    -6.09    3.63
 -18756.473    37.470    -3.74    3.22
 -18376.396    37.013    -1.20    3.40
 -17996.231    37.741     1.91    3.29
 -17615.976    38.446     1.85    2.76
 -17235.632    37.471    -2.56    2.51
 -16855.199    36.134    -3.51    3.33
 -16474.677    33.443    -7.07    4.16
 -16094.066    31.359    -5.47    4.01
 -15713.366    31.981     1.63    4.85
 -15332.576    32.797     2.14    5.78
 -14951.697    33.931     2.98    5.82
 -14570.728    35.801     4.91    4.73
 -14189.670    36.591     2.07    3.40
 -13808.522    35.628    -2.52    3.63
 -13427.284    33.749    -4.93    3.91
 -13045.957    31.542    -5.79    2.72
 -12664.540    30.846    -1.82    3.46
 -12283.033    31.250     1.06    3.83
 -11901.436    31.248    -0.01    4.33
 -11534.691    31.679     1.18    5.52
 -11170.002    31.940     0.72    5.98
 -10805.233    32.562     1.70    5.51
 -10440.383    31.809    -2.06    5.67
 -10075.453    29.191    -7.17    7.35
  -9710.442    24.179   -13.73   10.59
  -9345.350    19.804   -11.98   11.89
  -8980.177    16.451    -9.18   12.66
  -8614.923    14.784    -4.56   14.19
  -8249.588    12.888    -5.19   15.36
  -7884.172    10.350    -6.95   14.99
  -7518.676     6.777    -9.77   12.51
  -7153.098     3.179    -9.84    8.66
  -6787.439     0.965    -6.05    4.84
  -6421.698    -0.234    -3.28    1.18
  -6055.876    -0.449    -0.59    0.00
  -5689.973    -0.449     0.00    0.00
  -5323.989    -0.449     0.00    0.00
  -4957.923    -0.449     0.00    0.00
  -4591.776    -0.449     0.00    0.00
  -4225.547    -0.449     0.00    0.00
  -3859.236    -0.449     0.00    0.00
  -3492.844    -0.449     0.00    0.00
  -3126.370    -0.449     0.00    0.00
  -2759.814    -0.449     0.00    0.00
  -2393.177    -0.449     0.00    0.00
  -2026.457    -0.449     0.00    0.00
  -1659.656    -0.449     0.00    0.00
  -1292.773    -0.449     0.00    0.00
   -925.807    -0.449     0.00    0.00
   -558.760    -0.449     0.00    0.00
   -191.630    -0.449     0.00    0.00
    175.582    -0.449     0.00    0.00
    542.876    -0.387     0.17    0.45
    910.252    -0.229     0.43    1.13
   1277.711     0.171     1.09    2.77
   1645.252     0.175     0.01    2.72
   2012.876    -0.145    -0.87    1.48
   2380.582    -0.360    -0.59    0.45
   2748.371    -0.401    -0.11    0.25
   3116.243    -0.183     0.59    1.19
   3484.197     0.023     0.56    2.04
   3852.234     0.032     0.03    1.94
   4220.354    -0.203    -0.64    1.25
   4588.556    -0.331    -0.35    0.55
   4956.842    -0.231     0.27    0.93
   5325.210    -0.220     0.03    1.09
   5693.662     0.490     1.93    3.40
   6062.197     1.809     3.58    6.75
   6430.815     3.287     4.01    9.03
   6799.516     4.066     2.11    9.13
   7168.300     4.843     2.11    9.62
   7537.168     7.918     8.34   12.61
   7906.119    12.128    11.41   15.63
   8275.153    19.239    19.27   19.07
   8644.271    28.247    24.40   21.77
   9013.473    37.071    23.90   20.28
   9382.758    46.104    24.46   15.24
   9752.126    52.504    17.33    9.46
  10121.579    56.542    10.93    4.28
  10491.115    56.609     0.18    3.62
  10860.735    54.439    -5.87    4.79
  11230.439    50.830    -9.76    5.09
  11600.227    47.581    -8.79    4.32
  11970.098    45.218    -6.39    5.20
  12340.054    42.959    -6.11    6.38
  12710.094    39.687    -8.84    9.84
  13080.218    35.936   -10.14   10.42
  13450.427    35.631    -0.82   10.01
  13820.719    37.386     4.74   10.48
  14191.096    39.949     6.92   10.79
  14561.558    42.532     6.97   11.48
  14932.104    43.441     2.45   11.38
  15302.734    44.375     2.52   10.64
  15673.449    44.186    -0.51    9.56
  16044.248    44.953     2.07    7.58
  16415.132    46.184     3.32    5.48
  16786.101    47.674     4.02    3.10
  17157.155    47.717     0.11    3.35
  17528.293    47.344    -1.00    3.51
  17899.517    46.378    -2.60    4.01
  18270.825    44.357    -5.44    5.41
  18642.219    41.309    -8.21    6.19
  19013.697    39.980    -3.58    5.63
  19385.261    39.868    -0.30    4.56
  19756.910    41.018     3.09    4.13
  20128.644    42.572     4.18    4.22
  20500.463    43.590     2.74    5.10
  20872.368    44.215     1.68    5.35
  21244.358    43.580    -1.71    5.05
  21616.434    43.163    -1.12    3.95
  21988.595    41.891    -3.42    3.97
  22360.842    40.975    -2.46    4.21
  22733.174    39.826    -3.08    4.34
  23105.593    38.628    -3.22    3.63
  23478.097    37.021    -4.31    2.43
  23850.686    37.180     0.43    2.58
  24223.362    37.987     2.17    2.86
  24596.124    38.561     1.54    2.51
  24968.971    39.192     1.69    2.43
  25341.905    39.878     1.84    2.35
  25714.925    40.580     1.88    2.19
  26088.031    39.769    -2.17    2.78
  26461.223    39.268    -1.34    2.77
  26834.502    39.471     0.54    3.45
  27207.867    39.268    -0.54    4.08
  27581.318    38.400    -2.33    4.61
  27954.856    37.250    -3.08    5.79
  28328.481    36.658    -1.58    6.71
  28702.192    36.866     0.56    7.53
  29075.989    37.910     2.79    7.04
  29449.874    37.590    -0.86    5.71
  29823.845    35.418    -5.81    5.53
  30197.903    31.375   -10.81    4.71
  30572.048    28.237    -8.39    4.47
  30946.280    24.471   -10.06    5.77
  31320.599    19.797   -12.49    7.57
  31695.005    14.502   -14.14    8.85
  32069.498     9.250   -14.03    8.68
  32444.078     5.338   -10.44    7.61
  32818.746     1.938    -9.07    5.23
  33193.501    -0.210    -5.73    1.11
  33568.343    -0.449    -0.64    0.00
  33943.273    -0.449     0.00    0.00
  34318.290    -0.449     0.00    0.00
  34693.395    -0.449     0.00    0.00
  35068.588    -0.399     0.13    0.22
  35443.868    -0.328     0.19    0.33
  35819.236    -0.206     0.33    0.43
  36194.691     0.051     0.69    0.86
  36570.235     0.784     1.95    1.98
  36945.866     2.247     3.89    3.36
  37321.586     3.165     2.44    3.73
  37697.393     3.426     0.70    4.05
  38073.289     2.666    -2.02    4.22
  38449.273     0.782    -5.01    3.13
  38825.345     0.712    -0.19    3.48
  39201.505     4.225     9.34    7.19
  39577.754     8.771    12.08    8.60
  39954.091    14.347    14.82    7.67
  40330.516    18.448    10.89    4.31
  40707.031    20.264     4.83    3.22
  41083.633    21.467     3.19    3.37
  41460.325    22.872     3.73    5.62
  41837.105    26.018     8.35    8.54
  42213.974    27.913     5.03    9.18
  42590.931    29.018     2.93    9.88
  42967.978    30.834     4.82   11.58
  43345.114    36.426    14.83   14.98
  43722.338    44.271    20.80   13.63
  44099.652    51.620    19.48    9.07
  44477.055    54.391     7.34    5.78
  44854.547    54.307    -0.22    5.22
  45232.129    51.721    -6.85    6.02
  45609.800    47.654   -10.77    6.93
  45987.560    44.061    -9.51    6.98
  46365.409    43.403    -1.74    5.97
  46743.349    45.533     5.64    6.91
  47121.377    49.056     9.32    7.31
  47499.496    51.380     6.15    6.63
  47877.704    51.301    -0.21    6.41
  48256.002    50.685    -1.63    5.35
  48634.390    48.485    -5.81    5.88
  49012.867    45.353    -8.27    6.40
  49391.435    45.561     0.55    8.28
  49770.093    48.790     8.53    9.93
  50148.841    54.075    13.96    8.38
  50527.679    58.561    11.84    5.86
  50906.607    59.872     3.46    5.58
  51285.626    60.046     0.46    6.51
  51664.734    61.919     4.94    8.29
  52043.934    66.143    11.14   10.21
  52423.223    69.720     9.43   10.19
  52802.604    73.720    10.54    8.43
  53182.075    74.099     1.00    8.23
  53561.636    69.862   -11.16   13.82
  53941.289    63.419   -16.97   16.77
  54321.032    60.610    -7.40   16.13
  54700.866    63.768     8.32   18.63
  55080.791    71.042    19.14   19.14
  55460.807    80.123    23.90   10.30
  55840.914    82.891     7.28    6.25
  56221.112    82.504    -1.02    8.09
  56601.401    82.334    -0.45    8.45
  56981.782    80.163    -5.71   10.40
  57362.254    76.860    -8.68   13.05
  57742.817    76.196    -1.75   15.11
  58123.472    74.684    -3.97   17.53
  58504.218    74.256    -1.12   19.36
  58885.056    74.882     1.64   18.63
  59265.985    78.221     8.77   16.68
  59647.007    82.266    10.61   12.37
  60028.120    85.110     7.46    9.80
  60409.324    83.897    -3.18   10.22
  60790.621    81.591    -6.05    9.82
  61172.010    84.551     7.76    8.00
  61553.490    85.590     2.72    8.38
  61935.063    86.626     2.71    8.78
  62316.728    86.600    -0.07    8.99
  62698.485    83.879    -7.13   12.36
  63071.798    80.551    -8.91   14.05
  63436.243    77.155    -9.32   13.96
  63800.769    76.655    -1.37   11.49
  64165.379    79.784     8.58   10.56
  64530.070    83.252     9.51   12.62
  64894.844    87.703    12.20   13.00
  65259.701    90.231     6.93   14.68
  65624.641    93.485     8.92   19.54
  65989.663   101.523    22.02   25.30
  66354.768   107.829    17.27   26.75
  66719.956   113.633    15.89   24.62
  67085.226   116.570     8.04   25.47
  67450.580   117.075     1.38   23.65
  67816.016   116.999    -0.21   19.30
  68181.536   112.950   -11.08   14.80
  68547.138   109.449    -9.57    9.48
  68912.824   106.523    -8.00    9.28
  69278.593   101.917   -12.59   10.41
  69644.445    95.240   -18.25   10.29
  70010.381    89.382   -16.01   12.01
  70376.400    81.921   -20.38   11.87
  70742.502    80.505    -3.87   10.91
  71108.688    78.686    -4.97    9.98
  71474.958    73.738   -13.51   13.47
  71841.311    67.626   -16.68   18.66
  72207.747    57.704   -27.08   19.54
  72574.268    48.209   -25.91   16.68
  72940.872    38.811   -25.64    9.73
  73307.560    35.325    -9.51    6.48
  73674.332    33.466    -5.07    7.48
  74041.188    32.037    -3.89    7.84
  74408.128    30.221    -4.95    6.32
  74775.151    29.571    -1.77    5.91
  75142.259    29.467    -0.28    6.62
  75509.452    29.013    -1.24    7.11
  75876.728    28.259    -2.05    7.11
  76244.089    27.712    -1.49    6.79
  76611.534    28.022     0.84    6.35
  76979.063    28.422     1.09    5.96
  77346.677    29.823     3.81    5.51
  77714.376    30.297     1.29    4.84
  78082.159    30.916     1.68    5.49
  78450.026    31.273     0.97    5.52
  78817.979    31.103    -0.46    5.28
  79186.016    32.776     4.55    5.03
  79554.138    36.014     8.80    6.57
  79922.344    38.438     6.58    6.82
  80290.636    41.278     7.71    6.31
  80659.013    41.710     1.17    5.84
  81027.474    40.306    -3.81    5.88
  81396.021    38.174    -5.79    5.82
  81764.653    36.925    -3.39    4.77
  82133.370    36.005    -2.50    4.42
  82502.173    36.551     1.48    5.02
  82871.061    38.019     3.98    5.10
  83240.034    38.937     2.49    4.55
  83609.093    38.796    -0.38    5.64
  83978.237    38.155    -1.74    6.66
  84347.467    38.306     0.41    7.08
  84716.782    40.224     5.19    7.35
  85086.183    41.729     4.07    5.87
  85455.670    39.844    -5.10    7.94
  85825.242    34.973   -13.18    9.73
  86194.901    29.623   -14.48    9.41
  86564.645    23.411   -16.80    8.63
  86934.476    18.678   -12.80    7.58
  87304.392    14.598   -11.03    6.16
  87674.395    12.916    -4.55    5.03
  88044.483    15.617     7.30    6.11
  88414.658    17.931     6.25    6.00
  88784.919    19.817     5.09    4.90
  89155.267    21.075     3.40    3.77
  89525.701    22.080     2.71    1.99
  89896.221    22.262     0.49    1.85
  90266.828    22.344     0.22    1.81
  90637.522    22.127    -0.59    1.91
  91008.302    21.755    -1.00    2.78
  91379.169    21.786     0.08    3.11
  91750.122    20.533    -3.38    7.04
  92121.163    18.746    -4.82    9.62
  92492.290    17.318    -3.85   10.62
  92863.504    17.627     0.83   10.99
  93234.806    20.363     7.37    9.32
  93606.194    20.983     1.67    8.37
  93977.670    20.102    -2.37    6.65
  94349.232    20.551     1.21    6.78
  94720.882    20.590     0.10    6.43
  95092.619    22.376     4.80    4.95
  95464.444    24.967     6.97    5.10
  95836.356    28.731    10.12    8.55
  96208.355    33.710    13.39   10.17
  96580.442    40.140    17.28    8.01
  96952.617    42.825     7.22    7.32
  97324.879    41.837    -2.65    8.94
  97697.229    37.689   -11.14    9.38
  98069.667    33.863   -10.27    7.62
  98442.193    29.402   -11.98    5.59
  98814.807    27.439    -5.27    5.39
  99187.508    25.000    -6.55    4.37
  99560.298    23.258    -4.67    3.25
  99933.176    22.133    -3.02    1.98
 100306.142    22.033    -0.27    2.11
 100679.196    20.836    -3.21    4.37
 101052.338    20.727    -0.29    5.93
 101425.569    23.655     7.85    7.95
 101798.888    30.290    17.77   10.09
 102172.296    35.673    14.42    8.72
 102545.792    37.212     4.12    8.01
 102919.377    31.729   -14.68   12.68
 103293.051    23.990   -20.71   14.05
 103666.813    16.172   -20.92   10.63
 104040.664    11.153   -13.42    4.66
 104414.604     9.698    -3.89    3.09
 104788.633     9.084    -1.64    1.95
 105162.750     8.589    -1.32    0.30
 105536.957     8.551    -0.10    0.00
 105911.253     8.551     0.00    0.00
 106285.638     8.561     0.02    0.10
 106660.112    10.205     4.39    4.32
 107034.676    12.107     5.08    6.48
 107409.329    14.731     7.00    7.60
 107784.071    17.005     6.07    7.21
 108158.903    17.411     1.08    7.27
 108533.825    17.654     0.65    6.83
 108908.836    18.270     1.64    6.73
 109283.936    19.495     3.27    5.75
 109659.127    21.187     4.51    3.69
 110034.407    21.253     0.18    3.57
 110409.777    20.221    -2.75    4.58
 110785.237    19.736    -1.29    4.88
 111160.787    20.608     2.32    3.51
 111536.427    21.292     1.82    1.70
 111912.157    21.061    -0.62    1.62
 112287.977    21.140     0.21    1.58
 112663.888    21.280     0.37    1.95
 113039.889    21.561     0.75    2.05
 113415.980    21.882     0.85    1.95
 113792.162    22.042     0.43    1.85
 114168.434    22.500     1.22    1.89
 114544.797    22.597     0.26    1.91
 114921.250    22.728     0.35    1.91
 115297.794    22.689    -0.10    1.88
 115674.429    22.365    -0.86    1.86
 116051.155    22.327    -0.10    1.95
 116427.971    22.366     0.10    2.08
 116804.879    22.828     1.22    3.15
 117181.878    25.487     7.06    5.48
 117558.967    30.237    12.60    7.04
 117936.148    33.762     9.35    6.50
 118313.420    35.707     5.15    5.03
 118690.783    33.606    -5.57    5.39
 119068.238    30.581    -8.02    5.15
 119445.784    27.308    -8.67    4.03
 119823.422    26.627    -1.80    4.24
 120201.151    32.615    15.85   11.41
 120578.971    41.366    23.16   15.99
 120956.884    50.227    23.45   14.68
 121334.888    55.644    14.33   10.38
 121712.984    59.202     9.41   10.22
 122091.172    57.442    -4.65   15.25
 122469.451    55.205    -5.91   18.09
 122847.823    51.918    -8.69   16.99
 123226.287    50.680    -3.27   14.30
 123604.843    49.589    -2.88   10.96
 123983.491    47.147    -6.45    8.57
 124362.231    45.322    -4.82    8.46
 124741.064    43.599    -4.55    9.62
 125119.989    42.857    -1.96   11.17
 125499.007    42.178    -1.79   12.07
 125878.117    41.570    -1.60   11.29
 126257.320    40.181    -3.66    9.03
 126636.615    40.944     2.01    6.96
 127016.004    41.001     0.15    5.49
 127395.485    41.325     0.85    5.38
 127775.058    42.588     3.33    5.42
 128154.725    45.202     6.89    7.31
 128534.485    48.598     8.94    8.65
 128914.338    51.196     6.84    8.59
 129294.284    52.606     3.71    7.40
 129674.323    52.901     0.78    5.27
 130054.456    52.414    -1.28    3.84
 130434.682    51.378    -2.72    4.24
 130815.001    48.779    -6.84    6.72
 131195.414    43.523   -13.82    9.95
 131575.920    34.103   -24.76   12.08
 131956.520    24.794   -24.46   10.54
 132337.214    17.829   -18.30    6.29
 132718.001    13.762   -10.68    4.93
 133098.882    10.355    -8.95    4.94
 133479.857     8.157    -5.77    4.35
 133860.926     5.262    -7.60    2.50
 134242.089     3.616    -4.32    2.82
 134623.346     1.976    -4.30    2.87
 135004.698     0.681    -3.40    2.19
 135386.143    -0.307    -2.59    0.70
 135767.683    -0.449    -0.37    0.00
 136149.317    -0.449     0.00    0.00
 136531.046    -0.449     0.00    0.00
 136912.869    -0.419     0.08    0.17
 137294.787     0.569     2.59    2.25
 137675.179     2.348     4.67    3.21
 138039.376     4.439     5.74    3.01
 138403.657     5.959     4.17    1.64
 138768.023     5.955    -0.01    1.74
 139132.472     4.415    -4.23    3.03
 139497.006     2.608    -4.96    3.27
 139861.624     0.942    -4.57    2.60
 140226.327    -0.276    -3.34    0.69
 140591.114     2.882     8.66    8.90
 140955.986    18.661    43.25   26.87
 141320.942    36.234    48.16   31.43
 141685.983    53.129    46.29   23.29
 142051.108    60.295    19.63   10.24
 142416.319    56.047   -11.63    8.63
 142781.614    50.398   -15.46    7.93
 143146.994    45.617   -13.09   10.20
 143512.459    42.047    -9.77   12.07
 143878.009    40.735    -3.59   12.68
 144243.644    38.357    -6.50   10.91
 144609.364    37.833    -1.43    8.46
 144975.169    40.325     6.81    8.38
 145341.060    44.379    11.08    9.58
 145707.036    47.957     9.78    9.12
 146073.097    51.445     9.53    7.65
 146439.244    53.515     5.65    8.86
 146805.476    56.636     8.52   10.79
 147171.794    62.973    17.30   12.51
 147538.197    70.178    19.66   11.62
 147904.686    76.462    17.15    8.80
 148271.261    80.882    12.06    5.23
 148637.921    82.710     4.99    4.67
 149004.668    84.451     4.75    5.18
 149371.500    87.479     8.26    6.18
 149738.418    91.287    10.38    5.87
 150105.422    92.397     3.02    6.39
 150472.512    92.202    -0.53    6.61
 150839.689    92.120    -0.22    5.49
 151206.951    93.320     3.27    4.72
 151574.300    94.913     4.34    5.07
 151941.735    95.768     2.33    4.72
 152309.257    96.056     0.79    6.02
 152676.865    95.230    -2.25    8.24
 153044.559    92.882    -6.39    9.24
 153412.340    90.523    -6.41    8.23
 153780.208    89.263    -3.43    5.62
 154148.163    90.859     4.34    5.86
 154516.204    95.897    13.69    8.16
 154884.332   100.166    11.60    7.54
 155252.546   103.047     7.82    5.95
 155620.848   104.524     4.01    5.81
 155989.237   104.007    -1.40    5.49
 156357.712   102.110    -5.15    5.80
 156726.275   101.065    -2.84    5.38
 157094.925   102.460     3.78    6.63
 157463.662   106.029     9.68    7.02
 157832.487   109.589     9.65    5.73
 158201.399   110.724     3.08    4.87
 158570.398   109.023    -4.61    5.74
 158939.485   106.414    -7.07    5.58
 159308.659   104.983    -3.88    4.69
 159677.921   104.308    -1.83    3.81
 160047.271   104.353     0.12    5.11
 160416.708   103.455    -2.43    6.57
 160786.233   102.801    -1.77    7.14
 161155.846   102.163    -1.73    7.99
 161525.547   102.697     1.45    8.94
 161895.336   102.317    -1.03    9.47
 162265.213   103.561     3.36   10.24
 162635.178   103.951     1.06   10.82
 163005.231   104.740     2.13   10.05
 163375.373   104.051    -1.86    8.60
 163745.602   100.735    -8.96    9.13
 164115.920    91.735   -24.31   12.98
 164486.327    81.579   -27.42   14.89
 164856.822    72.580   -24.29   12.87
 165227.405    69.406    -8.57    8.88
 165598.077    71.432     5.47    8.83
 165968.838    78.533    19.15   10.43
 166339.687    86.561    21.65    9.39
 166710.625    92.929    17.17    7.46
 167081.653    95.961     8.17    5.26
 167452.769    95.119    -2.27    5.69
 167823.974    90.335   -12.89    8.74
 168195.268    84.496   -15.73   10.76
 168566.651    81.570    -7.88   10.64
 168938.123    82.101     1.43   11.22
 169309.685    86.323    11.36   10.93
 169681.335    90.205    10.45    8.08
 170053.076    92.631     6.53    6.61
