-132422.363    50.924     0.00   13.23
-132044.441    56.209    13.98   10.64
-131666.428    58.967     7.30    9.79
-131288.322    59.182     0.57   14.17
-130910.125    57.447    -4.59   17.43
-130531.836    53.900    -9.38   17.46
-130153.454    51.791    -5.57   14.95
-129774.981    51.564    -0.60   11.67
-129396.415    48.928    -6.96    9.02
-129017.757    46.889    -5.39    8.70
-128639.007    45.456    -3.78    9.12
-128260.164    44.331    -2.97   11.06
-127881.229    43.479    -2.25   11.87
-127502.201    43.108    -0.98   11.88
-127123.081    41.910    -3.16    9.76
-126743.868    41.909    -0.00    7.48
-126364.563    42.289     1.00    5.68
-125985.165    42.395     0.28    5.15
-125605.673    43.808     3.72    5.21
-125226.089    45.750     5.12    6.84
-124846.412    49.564    10.04    8.42
-124466.642    51.965     6.32    8.54
-124086.779    54.051     5.49    7.64
-123706.823    53.875    -0.46    5.92
-123326.773    53.764    -0.29    4.08
-122946.630    53.094    -1.76    4.05
-122566.394    51.110    -5.22    6.29
-122186.064    46.302   -12.64    9.27
-121805.640    38.081   -21.61   11.81
-121425.124    28.373   -25.51   11.15
-121044.513    20.833   -19.81    7.22
-120663.809    15.837   -13.12    4.89
-120283.010    12.573    -8.57    4.86
-119902.119    10.085    -6.53    4.71
-119521.133     7.678    -6.32    3.44
-119140.053     5.289    -6.27    2.72
-118758.879     3.872    -3.72    2.93
-118377.611     2.363    -3.96    2.40
-117996.248     1.199    -3.05    1.01
-117614.792     0.956    -0.64    0.00
-117233.241     0.956     0.00    0.00
-116851.595     0.956     0.00    0.00
-116469.856     0.965     0.02    0.10
-116088.021     1.528     1.47    1.73
-115706.092     3.302     4.64    3.10
-115339.097     5.389     5.69    3.16
-114974.893     7.140     4.81    1.92
-114610.606     7.651     1.40    1.14
-114246.233     6.197    -3.99    2.85
-113881.777     4.520    -4.60    3.32
-113517.236     2.748    -4.86    2.86
-113152.611     1.311    -3.94    1.28
-112787.901     2.461     3.15    4.89
-112423.107    15.173    34.85   23.67
-112058.228    34.149    52.00   31.51
-111693.265    52.080    49.13   26.30
-111328.217    60.866    24.07   13.28
-110963.084    59.465    -3.84    9.51
-110597.867    53.003   -17.69    8.08
-110232.564    47.711   -14.49   10.26
-109867.177    44.466    -8.88   11.45
-109501.704    42.663    -4.93   12.45
-109136.147    40.598    -5.65   11.52
-108770.504    38.966    -4.46    8.94
-108404.777    40.783     4.97    7.90
-108038.964    44.375     9.82    9.25
-107673.066    48.410    11.03    9.21
-107307.082    51.475     8.37    8.06
-106941.013    54.767     8.99    8.85
-106574.859    57.183     6.60   10.21
-106208.619    62.204    13.71   11.56
-105842.294    70.056    21.43   12.34
-105475.882    76.474    17.52    9.64
-105109.386    81.620    14.04    5.68
-104742.803    83.856     6.10    4.59
-104376.135    85.366     4.12    5.08
-104009.381    88.113     7.49    5.80
-103642.540    91.638     9.61    6.04
-103275.614    93.660     5.51    6.28
-102908.602    93.792     0.36    6.68
-102541.504    93.199    -1.62    5.79
-102174.319    94.316     3.04    4.74
-101807.048    96.011     4.61    4.97
-101439.691    97.104     2.98    4.76
-101072.248    97.792     1.87    5.63
-100704.718    97.004    -2.14    8.06
-100337.102    94.686    -6.31    9.14
 -99969.399    92.521    -5.89    8.66
 -99601.610    90.713    -4.92    5.89
 -99233.734    91.374     1.80    5.44
 -98865.771    96.286    13.35    8.24
 -98497.721   100.620    11.77    7.89
 -98129.585   104.031     9.27    6.16
 -97761.362   105.756     4.69    5.87
 -97393.051   105.629    -0.35    5.98
 -97024.654   104.004    -4.41    5.91
 -96656.170   102.729    -3.46    5.55
 -96287.598   103.032     0.82    6.25
 -95918.939   106.336     8.96    7.04
 -95550.193   109.956     9.82    6.46
 -95181.360   112.373     6.55    4.66
 -94812.439   110.883    -4.04    5.53
 -94443.431   108.216    -7.23    5.65
 -94074.335   106.538    -4.55    4.90
 -93705.152   105.715    -2.23    3.78
 -93335.881   105.736     0.06    4.48
 -92966.522   105.329    -1.10    6.08
 -92597.076   104.529    -2.17    7.25
 -92227.542   103.866    -1.79    7.80
 -91857.920   103.813    -0.14    8.54
 -91488.210   104.095     0.76    9.25
 -91118.411   104.396     0.82    9.84
 -90748.525   104.993     1.61   10.74
 -90378.551   105.956     2.60   10.32
 -90008.488   106.245     0.78    8.97
 -89638.338   103.226    -8.15    9.02
 -89268.099    96.507   -18.15   11.38
 -88897.771    85.215   -30.49   14.53
 -88527.355    76.211   -24.31   13.59
 -88156.851    70.575   -15.21    9.67
 -87786.258    72.055     3.99    8.73
 -87415.576    77.579    14.90    9.88
 -87044.806    85.965    22.62   10.07
 -86673.946    92.656    18.04    8.17
 -86302.998    96.910    11.47    5.80
 -85931.962    97.307     1.07    5.28
 -85560.836    93.312   -10.77    7.50
 -85189.621    87.292   -16.21   10.55
 -84818.317    83.456   -10.33   10.85
 -84446.924    83.029    -1.15   11.18
 -84075.442    86.065     8.17   11.31
 -83703.870    91.620    14.95    8.44
 -83332.209    93.849     6.00    6.47
 -82960.459    94.841     2.67    5.74
 -82588.619    92.380    -6.62    6.94
 -82216.690    88.048   -11.65    7.46
 -81844.671    83.094   -13.32    7.16
 -81472.562    78.854   -11.39    5.99
 -81100.364    74.215   -12.46    5.02
 -80728.076    70.047   -11.20    5.19
 -80355.698    65.956   -10.99    4.83
 -79983.230    63.838    -5.69    3.66
 -79610.672    62.919    -2.47    3.03
 -79238.024    61.938    -2.63    4.20
 -78865.286    59.828    -5.66    6.79
 -78492.458    54.377   -14.62    8.51
 -78119.540    48.920   -14.63    7.39
 -77746.531    43.870   -13.54    4.89
 -77373.432    40.812    -8.19    3.50
 -77000.243    39.358    -3.90    2.94
 -76626.963    38.938    -1.12    2.85
 -76253.592    38.965     0.07    2.93
 -75880.131    38.345    -1.66    3.83
 -75506.579    34.902    -9.22    6.69
 -75132.936    29.610   -14.16    8.75
 -74759.203    25.749   -10.33    8.25
 -74385.378    23.363    -6.38    8.09
 -74011.463    23.331    -0.09    8.33
 -73637.457    24.534     3.22    8.52
 -73263.359    26.580     5.47    6.16
 -72889.171    26.875     0.79    3.59
 -72514.891    25.258    -4.32    4.65
 -72140.520    20.547   -12.58    7.71
 -71766.057    14.100   -17.22    9.15
 -71391.503     8.840   -14.04    8.25
 -71016.858     5.174    -9.78    5.36
 -70642.121     4.302    -2.33    3.71
 -70267.292     5.598     3.46    4.62
 -69892.372     7.846     5.99    4.65
 -69517.360     9.974     5.67    4.07
 -69142.256    12.360     6.36    3.19
 -68767.061    13.920     4.16    2.07
 -68391.773    14.218     0.79    1.68
 -68016.393    13.902    -0.84    2.07
 -67640.922    14.066     0.44    2.21
 -67265.358    14.713     1.72    2.34
 -66889.702    14.875     0.43    2.28
 -66513.953    14.315    -1.49    2.25
 -66138.112    13.778    -1.43    1.80
 -65762.179    13.398    -1.01    1.46
 -65386.153    14.253     2.27    2.61
 -65010.035    15.789     4.08    3.38
 -64633.824    16.039     0.66    3.20
 -64257.521    15.635    -1.07    3.10
 -63881.124    15.356    -0.74    2.98
 -63504.635    14.360    -2.65    2.58
 -63128.053    13.311    -2.78    2.23
 -62751.378    13.010    -0.80    2.26
 -62374.610    13.032     0.06    2.32
 -61997.749    14.239     3.20    2.89
 -61620.795    15.576     3.55    2.04
 -61243.747    15.465    -0.30    2.05
 -60866.606    14.638    -2.19    2.54
 -60489.372    13.411    -3.25    2.41
 -60112.044    12.602    -2.14    1.92
 -59734.623    11.892    -1.88    1.44
 -59357.108    11.233    -1.75    1.45
 -58979.500    10.658    -1.52    1.48
 -58601.798    10.072    -1.55    1.94
 -58224.002     7.841    -5.91    3.20
 -57846.112     5.563    -6.03    3.45
 -57468.128     3.830    -4.59    2.81
 -57090.051     2.580    -3.31    1.10
 -56711.879     2.629     0.13    1.02
 -56333.613     2.447    -0.48    1.01
 -55955.253     2.517     0.19    1.06
 -55576.798     2.837     0.84    1.18
 -55198.250     2.885     0.13    1.29
 -54819.607     2.697    -0.50    1.36
 -54440.869     2.715     0.05    1.30
 -54062.037     2.658    -0.15    1.20
 -53683.110     2.574    -0.22    1.23
 -53304.089     2.644     0.18    1.18
 -52924.972     2.840     0.52    1.15
 -52545.761     2.686    -0.41    1.17
 -52166.455     2.884     0.52    1.15
 -51787.054     2.876    -0.02    1.07
 -51407.558     2.947     0.19    0.96
 -51027.967     2.635    -0.82    1.12
 -50648.281     2.135    -1.32    1.03
 -50268.499     1.770    -0.96    1.00
 -49888.623     1.642    -0.34    1.01
 -49508.650     1.673     0.08    1.02
 -49128.583     1.720     0.12    0.99
 -48748.419     1.965     0.64    1.12
 -48368.160     2.120     0.41    1.09
 -47987.806     2.341     0.58    0.93
 -47607.356     2.520     0.47    0.96
 -47226.809     2.474    -0.12    1.15
 -46846.167     2.219    -0.67    1.17
 -46465.429     1.756    -1.22    1.06
 -46084.595     1.679    -0.20    1.02
 -45703.665     1.749     0.18    1.31
 -45322.639     1.822     0.19    1.44
 -44941.516     1.706    -0.30    1.16
 -44560.297     1.563    -0.37    0.91
 -44178.982     1.804     0.63    1.16
 -43797.570     2.204     1.05    1.41
 -43416.062     2.802     1.57    1.62
 -43034.457     3.492     1.81    1.50
 -42652.755     3.574     0.22    1.51
 -42270.957     3.447    -0.33    1.62
 -41889.062     3.226    -0.58    1.65
 -41507.070     3.055    -0.45    1.54
 -41124.981     3.099     0.11    1.27
 -40750.736     3.057    -0.11    1.13
 -40386.778     2.876    -0.50    1.09
 -40022.734     2.736    -0.38    1.12
 -39658.605     2.668    -0.19    1.23
 -39294.389     2.733     0.18    1.21
 -38930.087     3.004     0.74    1.20
 -38565.699     3.266     0.72    1.04
 -38201.225     3.217    -0.13    1.08
 -37836.665     3.199    -0.05    1.03
 -37472.018     3.160    -0.11    1.11
 -37107.285     3.328     0.46    1.11
 -36742.465     3.263    -0.18    1.05
 -36377.559     3.081    -0.50    1.24
 -36012.567     2.708    -1.02    1.37
 -35647.487     2.337    -1.02    1.45
 -35282.322     2.280    -0.15    1.52
 -34917.069     2.629     0.95    1.39
 -34551.729     2.728     0.27    1.23
 -34186.303     2.937     0.57    1.26
 -33820.790     2.991     0.15    1.35
 -33455.189     2.740    -0.69    1.51
 -33089.502     3.127     1.06    2.36
 -32723.727     3.377     0.68    2.96
 -32357.865     4.225     2.32    3.26
 -31991.916     5.407     3.23    3.27
 -31625.880     6.054     1.77    2.83
 -31259.756     6.109     0.15    2.42
 -30893.545     5.593    -1.41    2.49
 -30527.247     5.585    -0.02    2.58
 -30160.861     4.814    -2.10    3.01
 -29794.387     3.706    -3.02    2.88
 -29427.825     2.525    -3.22    2.31
 -29061.176     1.822    -1.92    1.79
 -28694.439     1.211    -1.67    1.56
 -28327.614     0.608    -1.64    1.26
 -27960.701     0.181    -1.16    0.82
 -27593.700    -0.026    -0.56    0.13
 -27226.611    -0.044    -0.05    0.00
 -26859.434    -0.044     0.00    0.00
 -26492.169    -0.008     0.10    0.23
 -26124.815     0.063     0.19    0.41
 -25757.373     0.277     0.58    0.89
 -25389.843     0.474     0.54    1.11
 -25022.224     0.580     0.29    1.28
 -24654.517     0.420    -0.43    1.14
 -24286.721     0.248    -0.47    0.90
 -23918.837     0.050    -0.54    0.47
 -23550.864    -0.026    -0.21    0.13
 -23182.802    -0.044    -0.05    0.00
 -22814.651    -0.044     0.00    0.00
 -22446.412    -0.044     0.00    0.00
 -22078.083    -0.044     0.00    0.00
 -21709.665    -0.044     0.00    0.00
 -21341.159    -0.044     0.00    0.00
 -20972.563    -0.044     0.00    0.00
 -20603.878    -0.044     0.00    0.00
 -20235.104    -0.044     0.00    0.00
 -19866.240     0.017     0.17    0.33
 -19497.287     0.073     0.15    0.46
 -19128.244     0.036    -0.10    0.38
 -18759.112    -0.035    -0.19    0.09
 -18389.891    -0.044    -0.02    0.00
 -18020.579    -0.044     0.00    0.00
 -17651.178    -0.044     0.00    0.00
 -17281.687    -0.044     0.00    0.00
 -16912.106    -0.044     0.00    0.00
 -16542.436    -0.044     0.00    0.00
 -16172.675    -0.044     0.00    0.00
 -15802.824    -0.044     0.00    0.00
 -15432.883    -0.044     0.00    0.00
 -15062.852    -0.044     0.00    0.00
 -14692.731     0.054     0.27    0.44
 -14322.520     0.175     0.33    0.69
 -13952.218     0.175    -0.00    0.69
 -13581.825     0.079    -0.26    0.53
 -13211.342    -0.017    -0.26    0.16
 -12840.768    -0.044    -0.07    0.00
 -12470.104    -0.044     0.00    0.00
 -12099.349    -0.044     0.00    0.00
 -11728.504    -0.044     0.00    0.00
 -11357.567    -0.044     0.00    0.00
 -10986.540    -0.044     0.00    0.00
 -10615.421    -0.044     0.00    0.00
 -10244.212    -0.044     0.00    0.00
  -9872.911    -0.044     0.00    0.00
  -9501.519    -0.044     0.00    0.00
  -9130.036    -0.044     0.00    0.00
  -8758.462    -0.044     0.00    0.00
  -8386.796    -0.044     0.00    0.00
  -8015.039    -0.044     0.00    0.00
  -7643.190    -0.044     0.00    0.00
  -7271.250    -0.044     0.00    0.00
  -6899.218    -0.044     0.00    0.00
  -6527.094    -0.044     0.00    0.00
  -6154.879    -0.044     0.00    0.00
  -5782.571    -0.044     0.00    0.00
  -5410.172    -0.044     0.00    0.00
  -5037.681    -0.044     0.00    0.00
  -4665.098    -0.044     0.00    0.00
  -4292.422    -0.044     0.00    0.00
  -3919.655    -0.044     0.00    0.00
  -3546.795     0.088     0.35    0.57
  -3173.843     0.231     0.39    0.78
  -2800.798     0.175    -0.15    0.68
  -2427.661     0.048    -0.34    0.35
  -2054.431    -0.044    -0.25    0.00
  -1681.109    -0.044     0.00    0.00
  -1307.694    -0.044     0.00    0.00
   -934.187    -0.044     0.00    0.00
   -560.586    -0.044     0.00    0.00
   -186.893    -0.018     0.07    0.21
    186.893     0.638     1.75    1.48
    560.772     2.430     4.79    3.07
    934.745     4.469     5.45    3.40
   1308.810     6.434     5.25    2.53
   1682.969     7.278     2.26    1.74
   2057.221     7.158    -0.32    1.22
   2431.566     6.912    -0.66    0.99
   2806.005     6.894    -0.05    0.95
   3180.537     7.070     0.47    1.02
   3555.163     7.017    -0.14    1.13
   3929.882     5.487    -4.08    2.91
   4304.695     4.956    -1.42    3.28
   4679.602     5.639     1.82    4.07
   5054.603     7.351     4.57    4.25
   5429.698     9.266     5.11    2.79
   5804.886     9.938     1.79    1.89
   6180.169     9.728    -0.56    1.95
   6555.546     8.820    -2.42    2.30
   6931.017     7.226    -4.25    2.49
   7306.582     5.308    -5.11    2.60
   7682.242     4.184    -2.99    2.61
   8057.996     3.343    -2.24    2.57
   8433.844     3.167    -0.47    2.61
   8809.788     3.114    -0.14    2.62
   9185.825     2.816    -0.79    2.49
   9561.958     2.417    -1.06    2.31
   9938.185     2.442     0.07    2.61
  10314.507     2.817     1.00    2.52
  10690.924     2.782    -0.09    2.16
  11067.435     2.234    -1.45    2.00
  11444.042     1.496    -1.96    1.76
  11820.744     0.760    -1.95    1.27
  12197.541     0.904     0.38    1.47
  12574.434     1.361     1.21    1.59
  12951.422     1.913     1.46    1.44
  13328.505     2.446     1.41    1.10
  13705.684     2.652     0.54    1.08
  14082.958     2.593    -0.16    1.34
  14460.328     2.417    -0.47    1.57
  14837.793     2.158    -0.69    1.65
  15215.354     1.912    -0.65    1.82
  15593.011     1.591    -0.85    1.99
  15970.764     1.289    -0.80    2.00
  16348.613     0.669    -1.64    1.58
  16726.558     0.204    -1.23    0.86
  17104.600    -0.044    -0.66    0.00
  17482.737    -0.044     0.00    0.00
  17860.971    -0.044     0.00    0.00
  18239.301    -0.044     0.00    0.00
  18617.727    -0.044     0.00    0.00
  18996.250    -0.044     0.00    0.00
  19374.869    -0.044     0.00    0.00
  19753.585    -0.044     0.00    0.00
  20132.398    -0.044     0.00    0.00
  20511.308     0.008     0.14    0.26
  20890.314     0.142     0.35    0.63
  21269.417     0.434     0.77    1.09
  21648.618     0.588     0.40    1.15
  22027.915     0.726     0.36    1.17
  22407.310     1.163     1.15    1.73
  22786.801     1.358     0.51    1.83
  23166.390     1.439     0.21    1.79
  23546.077     1.488     0.13    1.76
  23925.861     1.396    -0.24    1.38
  24305.742     1.581     0.49    1.45
  24685.721     1.853     0.71    1.48
  25065.798     1.939     0.23    1.40
  25445.972     2.708     2.02    2.07
  25826.244     3.715     2.65    3.06
  26206.615     4.367     1.71    3.07
  26587.083     4.281    -0.23    3.06
  26967.649     3.442    -2.20    3.12
  27348.313     1.948    -3.93    1.87
  27729.075     1.314    -1.66    1.15
  28109.936     1.189    -0.33    1.23
  28490.895     1.186    -0.01    1.29
  28871.953     1.278     0.24    1.31
  29253.108     1.522     0.64    1.27
  29634.363     1.852     0.86    1.31
  30015.716     1.896     0.12    1.24
  30397.168     1.779    -0.31    1.20
  30778.719     1.660    -0.31    1.05
  31160.368     2.120     1.20    1.85
  31542.117     3.087     2.53    2.98
  31923.964     4.401     3.44    3.33
  32305.911     4.422     0.06    2.90
  32687.957     4.345    -0.20    3.47
  33070.102     4.173    -0.45    3.47
  33452.346     4.124    -0.13    3.43
  33834.406     4.060    -0.17    3.36
  34198.118     4.025    -0.09    3.20
  34561.918     4.083     0.16    3.34
  34925.805     4.965     2.42    3.69
  35289.780     5.210     0.68    3.78
  35653.843     5.487     0.76    3.82
  36017.994     5.704     0.60    3.71
  36382.233     5.646    -0.16    3.52
  36746.559     5.547    -0.27    3.29
  37110.974     4.504    -2.86    3.57
  37475.477     3.076    -3.92    3.40
  37840.068     1.287    -4.91    2.38
  38204.747     0.146    -3.13    0.79
  38569.515    -0.044    -0.52    0.00
  38934.371    -0.044     0.00    0.00
  39299.315    -0.044     0.00    0.00
  39664.348    -0.035     0.02    0.09
  40029.469    -0.001     0.09    0.30
  40394.680     0.002     0.01    0.31
  40759.978    -0.044    -0.12    0.00
  41125.366    -0.044     0.00    0.00
  41490.842    -0.044     0.00    0.00
  41856.407    -0.044     0.00    0.00
  42222.061    -0.044     0.00    0.00
  42587.805    -0.044     0.00    0.00
  42953.637    -0.044     0.00    0.00
  43319.558    -0.044     0.00    0.00
  43685.569    -0.044     0.00    0.00
  44051.669    -0.044     0.00    0.00
  44417.858    -0.044     0.00    0.00
  44784.137    -0.044     0.00    0.00
  45150.505    -0.044     0.00    0.00
  45516.962    -0.044     0.00    0.00
  45883.509    -0.044     0.00    0.00
  46250.146    -0.044     0.00    0.00
  46616.873    -0.044     0.00    0.00
  46983.689    -0.044     0.00    0.00
  47350.596    -0.044     0.00    0.00
  47717.592    -0.044     0.00    0.00
  48084.678    -0.044     0.00    0.00
  48451.854    -0.044     0.00    0.00
  48819.121    -0.044     0.00    0.00
  49186.477    -0.044     0.00    0.00
  49553.924    -0.044     0.00    0.00
  49921.461    -0.044     0.00    0.00
  50289.089    -0.044     0.00    0.00
  50656.807    -0.044     0.00    0.00
  51024.615    -0.044     0.00    0.00
  51392.514    -0.044     0.00    0.00
  51760.504    -0.044     0.00    0.00
  52128.585    -0.044     0.00    0.00
  52496.756    -0.044     0.00    0.00
  52865.018    -0.044     0.00    0.00
  53233.371    -0.044     0.00    0.00
  53601.815    -0.044     0.00    0.00
  53970.351    -0.044     0.00    0.00
  54338.977    -0.044     0.00    0.00
  54707.694    -0.044     0.00    0.00
  55076.503    -0.044     0.00    0.00
  55445.403    -0.044     0.00    0.00
  55814.395    -0.044     0.00    0.00
  56183.478    -0.044     0.00    0.00
  56552.652    -0.044     0.00    0.00
  56921.918    -0.044     0.00    0.00
  57291.276    -0.044     0.00    0.00
  57660.726    -0.044     0.00    0.00
  58030.267    -0.044     0.00    0.00
  58399.900    -0.044     0.00    0.00
  58769.625    -0.044     0.00    0.00
  59139.442    -0.044     0.00    0.00
  59509.352    -0.044     0.00    0.00
  59879.353    -0.044     0.00    0.00
  60249.447    -0.044     0.00    0.00
  60619.632    -0.044     0.00    0.00
  60989.911    -0.044     0.00    0.00
  61360.281    -0.044     0.00    0.00
  61730.745    -0.044     0.00    0.00
  62101.300    -0.044     0.00    0.00
  62471.949    -0.044     0.00    0.00
  62842.690    -0.044     0.00    0.00
  63213.523    -0.044     0.00    0.00
  63584.450    -0.044     0.00    0.00
  63955.470    -0.044     0.00    0.00
  64326.582    -0.044     0.00    0.00
  64697.788    -0.044     0.00    0.00
  65069.087    -0.044     0.00    0.00
  65440.479    -0.044     0.00    0.00
  65811.964    -0.044     0.00    0.00
  66183.542    -0.044     0.00    0.00
  66555.214    -0.044     0.00    0.00
  66926.980    -0.044     0.00    0.00
  67298.839    -0.044     0.00    0.00
  67670.791    -0.044     0.00    0.00
  68042.837    -0.044     0.00    0.00
  68414.977    -0.044     0.00    0.00
  68787.211    -0.044     0.00    0.00
  69159.539    -0.044     0.00    0.00
  69531.960    -0.044     0.00    0.00
  69904.476    -0.044     0.00    0.00
  70277.086    -0.044     0.00    0.00
  70649.790    -0.044     0.00    0.00
  71022.588    -0.044     0.00    0.00
  71395.480    -0.044     0.00    0.00
  71768.467    -0.044     0.00    0.00
  72141.549    -0.044     0.00    0.00
  72514.725    -0.044     0.00    0.00
  72887.995    -0.044     0.00    0.00
  73261.360    -0.044     0.00    0.00
  73634.820    -0.044     0.00    0.00
  74008.375    -0.044     0.00    0.00
  74382.025    -0.044     0.00    0.00
  74755.769    -0.044     0.00    0.00
  75129.609    -0.044     0.00    0.00
  75503.544    -0.044     0.00    0.00
  75877.574    -0.044     0.00    0.00
  76251.699    -0.044     0.00    0.00
  76625.919    -0.044     0.00    0.00
  77000.235    -0.044     0.00    0.00
  77374.647    -0.044     0.00    0.00
  77749.153    -0.044     0.00    0.00
  78123.756    -0.044     0.00    0.00
  78498.454     1.434     3.95    4.23
  78873.248     6.024    12.25    7.97
  79248.138    10.880    12.95    8.13
  79623.124    15.818    13.17    5.48
  79998.205    18.158     6.24    2.48
  80373.383    18.547     1.04    2.19
  80748.657    18.371    -0.47    2.58
  81124.027    18.045    -0.87    2.80
  81499.493    17.008    -2.76    2.78
  81875.056    18.261     3.34    4.34
  82250.715    20.587     6.19    6.58
  82626.471    24.253     9.76    7.50
  83002.323    27.089     7.55    6.72
  83378.272    28.084     2.65    5.47
  83754.317    27.734    -0.93    4.62
  84130.460    25.766    -5.23    3.70
  84506.699    25.586    -0.48    3.22
  84883.035    26.792     3.21    4.02
  85259.468    26.914     0.32    6.18
  85635.998    27.202     0.76    8.49
  86012.626    30.176     7.90   10.31
  86389.350    32.725     6.77    9.82
  86766.172    35.000     6.04    7.64
  87143.092    36.998     5.30    5.05
  87520.108    36.874    -0.33    5.53
  87897.223    35.141    -4.60    5.17
  88274.435    34.568    -1.52    5.57
  88651.744    33.586    -2.60    7.01
  89029.152    32.042    -4.09    8.22
  89406.657    30.344    -4.50    9.30
  89784.260    27.153    -8.45    9.05
  90161.961    25.168    -5.25    8.16
  90539.761    25.270     0.27    7.64
  90917.658    29.648    11.59   10.58
  91295.653    37.284    20.20   11.52
  91673.747    44.153    18.17   10.04
  92051.940    47.473     8.78    8.93
  92430.230    47.770     0.78    9.27
  92808.619    45.868    -5.02    8.93
  93187.107    47.023     3.05    8.32
  93565.694    51.087    10.73   11.32
  93944.379    57.634    17.29   11.03
  94323.163    61.700    10.73    8.75
  94702.046    61.563    -0.36   10.35
  95081.028    60.725    -2.21    9.61
  95460.109    62.922     5.80   10.37
  95839.289    68.208    13.94   10.46
  96218.569    75.956    20.43   10.38
  96597.947    83.401    19.63   11.76
  96977.425    92.078    22.87   12.73
  97357.003   101.298    24.29   12.31
  97736.680   107.780    17.07   13.35
  98116.456   112.083    11.33   11.66
  98496.333   111.219    -2.28   10.93
  98876.309   107.163   -10.67   10.63
  99256.385   100.138   -18.49   11.41
  99636.560    91.806   -21.92    8.64
 100016.836    85.144   -17.52   10.05
 100397.212    78.634   -17.12   11.75
 100777.688    71.349   -19.15    9.28
 101158.264    67.948    -8.94    7.45
 101538.941    64.982    -7.79    7.83
 101919.718    60.326   -12.23    8.51
 102300.595    54.820   -14.46    6.86
 102681.573    52.385    -6.39    6.63
 103062.652    53.416     2.71   10.33
 103443.831    61.956    22.40   16.61
 103825.111    70.477    22.35   16.54
 104206.492    80.278    25.70   14.81
 104587.974    86.846    17.22   15.55
 104969.556    93.223    16.71   17.18
 105351.240    98.758    14.50   13.90
 105733.025    99.938     3.09   10.04
 106114.912    92.592   -19.24   12.88
 106496.899    82.868   -25.46   14.06
 106878.989    72.637   -26.78   11.05
 107261.179    66.223   -16.78    9.06
 107643.471    60.270   -15.57    6.60
 108025.865    56.863    -8.91    5.54
 108408.361    52.304   -11.92    5.45
 108779.661    47.526   -12.87    7.82
 109143.220    41.340   -17.02   10.28
 109506.868    33.287   -22.15   10.45
 109870.605    27.498   -15.92    7.77
 110234.432    25.860    -4.50    7.72
 110598.348    32.081    17.10   12.01
 110962.354    38.106    16.55   10.07
 111326.449    42.222    11.30    5.56
 111690.635    41.381    -2.31    5.12
 112054.910    38.620    -7.58    5.98
 112419.275    33.208   -14.85    8.22
 112783.729    27.905   -14.55    8.16
 113148.274    24.407    -9.60    5.70
 113512.909    26.871     6.76    8.09
 113877.634    30.804    10.78   10.25
 114242.449    37.246    17.66    9.82
 114607.354    41.592    11.91    8.66
 114972.350    42.448     2.34    7.99
 115337.436    41.514    -2.56    6.88
 115702.612    39.539    -5.41    5.76
 116067.879    39.359    -0.49    5.14
 116433.237    39.585     0.62    5.03
 116798.685    39.406    -0.49    4.58
 117164.224    39.602     0.54    3.60
 117529.854    39.273    -0.90    3.82
 117895.574    38.506    -2.10    3.66
 118261.386    37.930    -1.58    4.61
 118627.288    37.006    -2.53    5.55
 118993.282    35.242    -4.82    5.59
 119359.367    33.175    -5.65    6.34
 119725.542    28.816   -11.91    7.35
 120091.810    23.922   -13.36    8.28
 120458.168    19.486   -12.11    7.65
 120824.618    19.595     0.30    7.35
 121191.159    23.929    11.82   11.71
 121557.792    31.524    20.72   13.65
 121924.517    38.088    17.90   11.20
 122291.333    43.325    14.28    7.23
 122658.241    40.922    -6.55   10.47
 123025.240    36.359   -12.43   11.99
 123392.332    30.486   -16.00   12.02
 123759.515    27.187    -8.98   11.46
 124126.791    24.544    -7.20    9.77
 124494.159    24.261    -0.77    9.10
 124861.618    25.522     3.43    7.94
 125229.170    26.228     1.92    4.31
 125596.815    27.073     2.30    6.90
 125964.551    27.804     1.99    8.69
 126332.381    27.905     0.28    9.03
 126700.302    26.014    -5.14    8.87
 127068.316    21.400   -12.54    8.04
 127436.423    17.535   -10.50    6.94
 127804.623    16.007    -4.15    5.88
 128172.915    16.456     1.22    5.93
 128541.300    18.399     5.27    4.80
 128909.779    19.383     2.67    3.77
 129278.350    19.486     0.28    3.92
 129647.014    19.339    -0.40    3.79
 130015.771    18.430    -2.47    4.32
 130384.622    15.571    -7.75    7.66
 130753.566    13.041    -6.86    8.23
 131122.603     9.675    -9.12    7.72
 131491.734     7.667    -5.44    7.44
 131860.958     6.213    -3.94    7.21
 132230.275     3.830    -6.45    6.39
 132599.687     1.839    -5.39    4.38
 132969.192     0.473    -3.70    2.08
 133338.791     0.007    -1.26    0.34
 133708.483    -0.044    -0.14    0.00
 134078.270    -0.044     0.00    0.00
 134448.150    -0.044     0.00    0.00
 134818.125    -0.044     0.00    0.00
 135188.194    -0.044     0.00    0.00
 135558.357    -0.044     0.00    0.00
 135928.614    -0.044     0.00    0.00
 136298.966    -0.044     0.00    0.00
 136669.412    -0.044     0.00    0.00
 137039.952    -0.044     0.00    0.00
 137410.587    -0.044     0.00    0.00
 137781.317    -0.044     0.00    0.00
 138152.142    -0.044     0.00    0.00
 138523.061    -0.044     0.00    0.00
 138894.075    -0.044     0.00    0.00
 139265.184    -0.044     0.00    0.00
 139636.388    -0.044     0.00    0.00
 140007.687    -0.044     0.00    0.00
 140379.081    -0.044     0.00    0.00
 140750.571    -0.044     0.00    0.00
 141122.156    -0.044     0.00    0.00
 141493.836    -0.044     0.00    0.00
 141865.611    -0.044     0.00    0.00
 142237.483    -0.044     0.00    0.00
 142609.449    -0.044     0.00    0.00
 142981.512    -0.044     0.00    0.00
 143353.670    -0.044     0.00    0.00
 143725.924    -0.044     0.00    0.00
 144098.274    -0.044     0.00    0.00
 144470.719    -0.044     0.00    0.00
 144843.261    -0.044     0.00    0.00
 145215.899    -0.044     0.00    0.00
 145588.633    -0.044     0.00    0.00
 145961.464    -0.044     0.00    0.00
 146334.390    -0.044     0.00    0.00
 146707.414    -0.044     0.00    0.00
 147080.533    -0.044     0.00    0.00
 147453.749    -0.044     0.00    0.00
 147827.062    -0.044     0.00    0.00
 148200.472    -0.044     0.00    0.00
 148573.978    -0.044     0.00    0.00
 148947.581    -0.044     0.00    0.00
 149321.281    -0.044     0.00    0.00
 149695.078    -0.044     0.00    0.00
 150068.972    -0.044     0.00    0.00
 150442.964    -0.044     0.00    0.00
 150817.052    -0.044     0.00    0.00
 151191.238    -0.044     0.00    0.00
 151565.521    -0.044     0.00    0.00
 151939.902    -0.044     0.00    0.00
 152314.380    -0.044     0.00    0.00
 152688.956    -0.044     0.00    0.00
 153063.630    -0.044     0.00    0.00
 153438.401    -0.044     0.00    0.00
 153813.270    -0.044     0.00    0.00
 154188.237    -0.044     0.00    0.00
 154563.302    -0.044     0.00    0.00
 154938.466    -0.044     0.00    0.00
 155313.727    -0.044     0.00    0.00
 155689.086    -0.044     0.00    0.00
 156064.544    -0.044     0.00    0.00
 156440.100    -0.044     0.00    0.00
 156815.755    -0.044     0.00    0.00
 157191.508    -0.044     0.00    0.00
 157567.360    -0.044     0.00    0.00
 157943.311    -0.044     0.00    0.00
 158319.360    -0.044     0.00    0.00
 158695.508    -0.044     0.00    0.00
 159071.755    -0.044     0.00    0.00
 159448.101    -0.044     0.00    0.00
 159824.546    -0.044     0.00    0.00
 160201.090    -0.044     0.00    0.00
 160577.734    -0.044     0.00    0.00
 160954.477    -0.044     0.00    0.00
 161331.319    -0.044     0.00    0.00
 161708.261    -0.044     0.00    0.00
 162085.302    -0.044     0.00    0.00
 162462.443    -0.044     0.00    0.00
 162839.683    -0.044     0.00    0.00
 163217.024    -0.044     0.00    0.00
 163594.464    -0.044     0.00    0.00
 163972.004    -0.044     0.00    0.00
 164349.644    -0.044     0.00    0.00
 164727.384    -0.044     0.00    0.00
 165105.225    -0.044     0.00    0.00
 165483.166    -0.044     0.00    0.00
 165861.207    -0.044     0.00    0.00
 166239.348    -0.044     0.00    0.00
 166617.590    -0.044     0.00    0.00
 166995.933    -0.044     0.00    0.00
 167374.376    -0.044     0.00    0.00
 167752.920    -0.044     0.00    0.00
 168131.565    -0.044     0.00    0.00
 168510.310    -0.044     0.00    0.00
 168889.157    -0.044     0.00    0.00
 169268.105    -0.044     0.00    0.00
 169647.153    -0.044     0.00    0.00
 170026.303    -0.044     0.00    0.00
