# NaN NaN NaN ;Mean Elev.(m), Avg Gradient(m/km), RMS Gradient(m/km) - SRTM1     
#  -15.839  -0.827  15.625 ;Mean Elev.(m), Avg Gradient(m/km), RMS Gradient(m/km) - ASTER GDEM
#    1.399  -0.719  14.884 ;Mean Elev.(m), Avg Gradient(m/km), RMS Gradient(m/km) - GMTED2010 
  7    15.888 52453.61804034 34.82  87.985432  65.923826 31.411
  7    14.209 52453.61804099 33.58  87.982252  65.926916 31.411
  7    15.792 52453.61804163 31.02  87.979082  65.930006 31.411
  7    13.326 52453.61804228 30.26  87.975902  65.933096 31.411
  7    14.550 52453.61804292 28.96  87.972722  65.936186 31.411
  7    12.806 52453.61804357 28.93  87.969542  65.939276 31.411
  7    15.116 52453.61804421 28.80  87.966362  65.942366 31.411
  7    13.830 52453.61804486 30.20  87.963182  65.945456 31.411
  7    14.064 52453.61804550 29.36  87.959992  65.948546 31.411
  7    15.350 52453.61804615 29.48  87.956812  65.951626 31.411
  7    14.244 52453.61804679 27.60  87.953632  65.954716 31.411
  7    13.099 52453.61804744 26.87  87.950442  65.957806 31.411
  7    13.154 52453.61804808 29.09  87.947262  65.960896 31.411
  7    15.696 52453.61804872 32.09  87.944072  65.963986 31.411
  8     5.906 52488.61801995 38.32  87.990761  65.929874  6.767
  8     5.569 52488.61802060 25.56  87.987581  65.932964  6.767
  8     5.247 52488.61802124 20.85  87.984401  65.936054  6.767
  8     4.917 52488.61802189 20.71  87.981221  65.939144  6.767
  8     4.547 52488.61802253 21.85  87.978041  65.942234  6.767
  8     4.739 52488.61802318 19.96  87.974861  65.945324  6.767
  8     4.584 52488.61802382 20.46  87.971679  65.948411 16.154
  8     4.531 52488.61802447 19.59  87.968499  65.951501 16.154
  8     4.247 52488.61802511 19.79  87.965309  65.954591 16.154
  8     3.950 52488.61802576 19.02  87.962129  65.957681 16.154
  8     3.848 52488.61802640 19.14  87.958949  65.960771 16.154
  8    10.861 52488.61802705 16.86  87.955759  65.963861 16.154
  8    12.391 52488.61802769 15.81  87.952579  65.966951 16.154
  8    15.241 52488.61802834 27.06  87.949389  65.970041 16.154
  9     7.663 52523.61799478 29.05  87.991861  65.932191 13.826
  9     7.263 52523.61799542 22.28  87.988681  65.935281 13.826
  9     6.698 52523.61799607 21.60  87.985501  65.938371 13.826
  9     6.415 52523.61799671 23.69  87.982321  65.941461 13.826
  9     5.822 52523.61799736 24.75  87.979141  65.944551 13.826
  9     5.784 52523.61799800 26.28  87.975961  65.947641 13.826
  9     5.378 52523.61799865 25.34  87.972781  65.950731 13.826
  9     3.628 52523.61799929 27.36  87.969601  65.953821 13.826
  9     3.158 52523.61799993 27.11  87.966420  65.956906 18.903
  9     2.806 52523.61800058 26.88  87.963240  65.959996 18.903
  9     2.459 52523.61800122 26.31  87.960050  65.963086 18.903
  9     1.752 52523.61800187 27.37  87.956870  65.966176 18.903
  9     1.381 52523.61800251 26.16  87.953680  65.969266 18.903
  9    15.657 52523.61800316 25.07  87.950500  65.972356 18.903
 10     5.325 52558.61804321 44.45  87.982081  65.921748 12.165
 10     6.009 52558.61804386 46.62  87.978911  65.924838 12.165
 10     5.939 52558.61804450 37.47  87.975731  65.927928 12.165
 10     5.621 52558.61804515 32.75  87.972551  65.931018 12.165
 10     5.300 52558.61804579 32.22  87.969371  65.934108 12.165
 10     5.430 52558.61804643 30.86  87.966191  65.937188 12.165
 10     5.085 52558.61804708 31.58  87.963011  65.940278 12.165
 10     4.919 52558.61804772 31.66  87.959831  65.943368 12.165
 10     4.839 52558.61804837 31.29  87.956641  65.946458 12.165
 10     4.715 52558.61804901 29.82  87.953461  65.949548 12.165
 10     4.601 52558.61804966 29.17  87.950281  65.952638 12.165
 10     4.654 52558.61805030 29.47  87.947091  65.955728 12.165
 10     4.801 52558.61805095 29.67  87.943911  65.958818 12.165
 11     5.966 52593.61804446 31.71  87.984630  65.925065 10.809
 11     5.693 52593.61804510 37.88  87.981450  65.928155 10.809
 11     5.691 52593.61804575 33.51  87.978270  65.931245 10.809
 11     5.935 52593.61804639 31.54  87.975090  65.934335 10.809
 11     5.945 52593.61804704 31.39  87.971915  65.937423  9.663
 11     5.877 52593.61804768 36.46  87.968735  65.940513  9.663
 11     5.860 52593.61804832 33.55  87.965555  65.943603  9.663
 11     6.087 52593.61804897 28.68  87.962375  65.946693  9.663
 11     6.217 52593.61804961 27.24  87.959185  65.949783  9.663
 11     6.146 52593.61805026 27.71  87.956005  65.952873  9.663
 11     6.428 52593.61805090 27.20  87.952825  65.955963  9.663
 11     6.176 52593.61805155 26.90  87.949635  65.959053  9.663
 11     6.672 52593.61805219 25.27  87.946455  65.962143  9.663
 11     6.371 52593.61805284 27.14  87.943265  65.965233  9.663
 12     5.534 52628.61796959 18.94  87.980999  65.925747  5.606
 12     5.742 52628.61797023 16.80  87.977819  65.928837  5.606
 12     5.704 52628.61797088 16.70  87.974639  65.931927  5.606
 12     5.773 52628.61797152 15.84  87.971459  65.935007  5.606
 12     6.053 52628.61797216 16.88  87.968279  65.938097  5.606
 12     5.948 52628.61797281 16.79  87.965099  65.941187  5.606
 12     5.689 52628.61797345 16.75  87.961909  65.944277  5.606
 12     5.822 52628.61797410 16.84  87.958729  65.947367  5.606
 12     6.054 52628.61797474 16.16  87.955549  65.950457  5.606
 12     5.992 52628.61797539 16.16  87.952359  65.953547  5.606
 12     5.866 52628.61797603 15.97  87.949179  65.956637  5.606
 12     6.020 52628.61797668 15.82  87.945989  65.959727  5.606
 12    12.162 52628.61797732 14.75  87.942799  65.962807  5.606
 13    50.317 52663.61800657  1.88  87.987840  65.926003  3.083
 13    49.872 52663.61800722  1.61  87.984660  65.929093  3.083
 13    50.005 52663.61800786  1.42  87.981480  65.932183  3.083
 13    50.016 52663.61800851  1.06  87.978300  65.935273  3.083
 13    48.690 52663.61800915  0.51  87.975120  65.938363  3.083
 13    46.971 52663.61800979  0.02  87.971946  65.941450  3.339
 13    44.779 52663.61801108  0.43  87.965586  65.947630  3.339
 13    43.467 52663.61801173  0.82  87.962396  65.950720  3.339
 13    41.632 52663.61801237  1.50  87.959216  65.953810  3.339
 13    14.687 52663.61801302  6.59  87.956036  65.956900  3.339
 13    11.489 52663.61801366  9.17  87.952846  65.959990  3.339
 13    12.309 52663.61801431 10.50  87.949666  65.963080  3.339
 13    13.050 52663.61801495 13.89  87.946476  65.966170  3.339
 14     5.702 52698.61798117 13.66  87.981594  65.921479  4.941
 14     5.685 52698.61798182 13.63  87.978414  65.924569  4.941
 14     5.788 52698.61798246 14.20  87.975234  65.927659  4.941
 14     5.648 52698.61798311 14.48  87.972054  65.930749  4.941
 14     5.763 52698.61798375 14.08  87.968874  65.933839  4.941
 14     5.569 52698.61798439 14.63  87.965691  65.936931  2.641
 14     5.728 52698.61798504 14.73  87.962511  65.940021  2.641
 14     5.678 52698.61798568 15.00  87.959321  65.943111  2.641
 14     5.755 52698.61798633 15.23  87.956141  65.946191  2.641
 14     6.430 52698.61798697 15.05  87.952961  65.949281  2.641
 14     7.251 52698.61798762 15.27  87.949771  65.952371  2.641
 14     8.775 52698.61798826 14.44  87.946591  65.955461  2.641
 14    10.153 52698.61798891 13.93  87.943401  65.958551  2.641
 15     6.627 52733.61800572 10.39  87.993645  65.931902  3.670
 15    48.375 52733.61800636  1.00  87.990475  65.934992  3.670
 15    54.491 52733.61800701  0.27  87.987295  65.938082  3.670
 15     5.946 52733.61801088  6.05  87.968199  65.956619  3.860
 15    18.947 52733.61801152 10.22  87.965019  65.959709  3.860
 15     6.174 52733.61801216 13.84  87.961829  65.962799  3.860
 15     6.900 52733.61801281 12.42  87.958649  65.965889  3.860
 15     6.762 52733.61801345 11.81  87.955459  65.968979  3.860
 15    13.623 52733.61801410 11.43  87.952279  65.972069  3.860
 15    13.117 52733.61801474 10.91  87.949089  65.975149  3.860
 16     5.824 52768.61800867 30.09  87.993592  65.932325 13.593
 16     5.673 52768.61800932 21.49  87.990412  65.935415 13.593
 16     5.308 52768.61800996 21.16  87.987232  65.938505 13.593
 16     5.409 52768.61801061 20.55  87.984052  65.941595 13.593
 16     5.302 52768.61801125 19.56  87.980872  65.944685 13.593
 16     5.358 52768.61801189 21.29  87.977692  65.947775 13.593
 16     5.524 52768.61801254 26.00  87.974512  65.950865 13.593
 16     5.533 52768.61801318 17.23  87.971332  65.953955 13.593
 16     5.104 52768.61801383 15.19  87.968152  65.957045 13.593
 16     4.617 52768.61801447 14.92  87.964972  65.960135 13.593
 16     4.717 52768.61801512 12.86  87.961782  65.963225 13.593
 16     5.004 52768.61801576 12.34  87.958602  65.966315 13.593
 16     5.285 52768.61801641 11.40  87.955416  65.969408  9.501
 16     5.364 52768.61801705 12.81  87.952236  65.972498  9.501
 16    14.197 52768.61801770  8.92  87.949046  65.975578  9.501
 17    17.487 52803.61802954 45.61  87.977089  65.921325 22.878
 17    17.276 52803.61803018 47.03  87.973909  65.924415 22.878
 17    17.285 52803.61803083 45.81  87.970729  65.927505 22.878
 17    17.110 52803.61803147 44.46  87.967549  65.930595 22.878
 17    17.089 52803.61803211 46.33  87.964369  65.933685 22.878
 17    17.044 52803.61803276 44.14  87.961189  65.936775 22.878
 17    16.976 52803.61803340 44.67  87.957999  65.939865 22.878
 17    16.999 52803.61803405 43.36  87.954819  65.942955 22.878
 17    16.951 52803.61803469 43.05  87.951639  65.946045 22.878
 17    16.909 52803.61803534 44.82  87.948449  65.949135 22.878
 17    16.985 52803.61803598 45.07  87.945269  65.952215 22.878
 17    16.884 52803.61803663 46.79  87.942079  65.955305 22.878
 18     5.242 52838.61809417 20.95  87.977451  65.928955 13.746
 18     5.044 52838.61809481 17.62  87.974271  65.932045 13.746
 18     4.741 52838.61809546 18.98  87.971091  65.935135 13.746
 18     4.356 52838.61809610 20.88  87.967901  65.938225 13.746
 18     3.481 52838.61809675 22.80  87.964721  65.941315 13.746
 18     3.556 52838.61809739 23.15  87.961541  65.944405 13.746
 18     3.605 52838.61809804 24.48  87.958361  65.947495 13.746
 18     4.138 52838.61809868 24.48  87.955171  65.950585 13.746
 18     4.456 52838.61809933 25.42  87.951991  65.953675 13.746
 18     4.720 52838.61809997 26.04  87.948801  65.956765 13.746
 18     4.893 52838.61810062 27.22  87.945621  65.959845 13.746
 19     5.746 52873.61813325 20.19  87.983869  65.926142  8.894
 19     5.023 52873.61813389 20.10  87.980692  65.929231  9.309
 19     4.498 52873.61813454 20.75  87.977512  65.932321  9.309
 19     3.788 52873.61813518 21.03  87.974332  65.935411  9.309
 19     3.448 52873.61813583 21.79  87.971152  65.938501  9.309
 19     2.503 52873.61813647 22.84  87.967972  65.941591  9.309
 19     2.130 52873.61813711 23.16  87.964792  65.944681  9.309
 19     2.623 52873.61813776 23.61  87.961602  65.947771  9.309
 19     3.137 52873.61813840 23.61  87.958422  65.950861  9.309
 19     3.268 52873.61813905 24.20  87.955242  65.953951  9.309
 19     3.738 52873.61813969 24.57  87.952052  65.957041  9.309
 19     3.698 52873.61814034 24.86  87.948872  65.960121  9.309
 19     3.458 52873.61814098 25.14  87.945682  65.963211  9.309
 20     6.062 52908.61811509 22.59  87.992319  65.931957  6.337
 20     6.657 52908.61811574 19.62  87.989139  65.935047  6.337
 20     4.678 52908.61811638 20.34  87.985959  65.938137  6.337
 20     4.402 52908.61811703 22.79  87.982779  65.941227  6.337
 20     4.475 52908.61811767 20.23  87.979599  65.944317  6.337
 20     4.643 52908.61811832 20.32  87.976419  65.947407  6.337
 20     4.345 52908.61811896 19.52  87.973239  65.950497  6.337
 20     4.003 52908.61811960 19.95  87.970059  65.953587  6.337
 20     3.976 52908.61812025 20.11  87.966877  65.956681 18.339
 20     4.049 52908.61812089 20.81  87.963687  65.959761 18.339
 20     4.158 52908.61812154 21.35  87.960507  65.962851 18.339
 20     4.021 52908.61812218 21.79  87.957317  65.965941 18.339
 20     4.250 52908.61812283 21.26  87.954137  65.969031 18.339
 20    14.567 52908.61812347 21.50  87.950947  65.972121 18.339
 21     3.986 52943.61804307 42.50  87.983458  65.922618 19.202
 21     3.626 52943.61804372 54.50  87.980278  65.925708 19.202
 21     3.839 52943.61804436 50.18  87.977098  65.928798 19.202
 21     3.578 52943.61804501 43.97  87.973918  65.931888 19.202
 21     4.324 52943.61804565 49.09  87.970738  65.934978 19.202
 21     4.323 52943.61804630 48.67  87.967558  65.938068 19.202
 21     4.164 52943.61804694 46.30  87.964368  65.941158 19.202
 21     4.337 52943.61804759 42.14  87.961192  65.944245 13.421
 21     4.470 52943.61804823 45.31  87.958002  65.947335 13.421
 21     3.595 52943.61804888 46.22  87.954822  65.950425 13.421
 21     3.988 52943.61804952 45.91  87.951632  65.953505 13.421
 21     4.379 52943.61805017 44.07  87.948452  65.956595 13.421
 21     4.027 52943.61805081 45.13  87.945262  65.959685 13.421
 23     4.379 53013.61810562 14.62  87.961405  65.954898  5.659
 23     4.456 53013.61810627 13.76  87.958227  65.957990  2.161
 23     5.492 53013.61810691 13.33  87.955037  65.961080  2.161
 23     8.826 53013.61810755 12.57  87.951857  65.964160  2.161
 23     9.859 53013.61810820 11.96  87.948667  65.967250  2.161
 23    12.509 53013.61810884 11.78  87.945487  65.970340  2.161
 24     4.367 53048.61807073 17.94  87.976147  65.927189  6.539
 24     4.451 53048.61807138 16.29  87.972967  65.930279  6.539
 24     4.236 53048.61807202 17.21  87.969787  65.933369  6.539
 24     4.099 53048.61807266 16.86  87.966607  65.936459  6.539
 24     4.305 53048.61807331 15.57  87.963427  65.939549  6.539
 24     4.316 53048.61807395 16.40  87.960247  65.942639  6.539
 24     4.425 53048.61807460 15.89  87.957057  65.945729  5.091
 24     4.649 53048.61807524 15.45  87.953877  65.948819  5.091
 24     5.004 53048.61807589 16.59  87.950697  65.951909  5.091
 24     4.843 53048.61807653 17.17  87.947507  65.954989  5.091
 24     5.000 53048.61807718 18.05  87.944327  65.958079  5.091
 25    49.733 53083.61810540  3.56  87.987522  65.925025  3.266
 25    49.024 53083.61810605  3.16  87.984352  65.928115  3.266
 25    48.827 53083.61810669  2.78  87.981172  65.931205  3.266
 25    48.456 53083.61810734  2.38  87.977992  65.934295  3.266
 25    48.305 53083.61810798  2.23  87.974812  65.937385  3.266
 25    46.608 53083.61810863  2.17  87.971632  65.940475  3.266
 25    46.086 53083.61810927  0.99  87.968460  65.943562  3.019
 25    44.839 53083.61810992  1.40  87.965270  65.946652  3.019
 25    43.656 53083.61811056  0.90  87.962090  65.949742  3.019
 25    42.464 53083.61811121  0.20  87.958910  65.952832  3.019
 25    40.669 53083.61811185  2.33  87.955730  65.955922  3.019
 25    36.268 53083.61811250  5.00  87.952550  65.959012  3.019
 25    36.367 53083.61811314  6.16  87.949360  65.962102  3.019
 25    16.524 53083.61811379  6.56  87.946170  65.965192  3.019
 26     5.422 53118.61807634 13.60  87.975250  65.926206  3.412
 26     5.319 53118.61807698 14.66  87.972070  65.929296  3.412
 26     7.583 53118.61807763 13.82  87.968890  65.932386  3.412
 26     5.137 53118.61807827 13.48  87.965710  65.935476  3.412
 26     4.980 53118.61807892 13.64  87.962530  65.938566  3.412
 26     5.153 53118.61807956 13.80  87.959350  65.941656  3.412
 26     5.249 53118.61808021 13.98  87.956160  65.944746  3.412
 26     5.658 53118.61808085 13.15  87.952980  65.947836  3.412
 26     6.062 53118.61808150 13.02  87.949800  65.950926  3.412
 26     5.709 53118.61808214 13.78  87.946610  65.954016  3.412
 26     5.881 53118.61808279 13.40  87.943430  65.957096  3.412
 27    18.380 53153.61812684 30.38  87.979916  65.924862 13.238
 27    18.109 53153.61812748 27.62  87.976736  65.927952 13.238
 27    18.293 53153.61812813 29.14  87.973556  65.931042 13.238
 27    18.462 53153.61812877 35.23  87.970376  65.934132 13.238
 27    18.653 53153.61812942 40.12  87.967205  65.937220 36.737
 27    18.531 53153.61813006 46.72  87.964015  65.940310 36.737
 27    18.604 53153.61813070 49.48  87.960835  65.943400 36.737
 27    18.463 53153.61813135 49.56  87.957655  65.946490 36.737
 27    18.471 53153.61813199 48.54  87.954475  65.949580 36.737
 27    18.508 53153.61813264 48.02  87.951295  65.952670 36.737
 27    18.557 53153.61813328 45.13  87.948105  65.955760 36.737
 27    18.496 53153.61813393 47.19  87.944925  65.958850 36.737
 28    10.200 53188.61811610 12.14  87.988487  65.930066  2.854
 28     9.061 53188.61811675  9.49  87.985307  65.933156  2.854
 28     8.322 53188.61811739  9.66  87.982125  65.936244 12.102
 28     8.452 53188.61811804 10.18  87.978945  65.939334 12.102
 28     9.370 53188.61811868 11.29  87.975765  65.942424 12.102
 28     9.567 53188.61811933 11.02  87.972585  65.945514 12.102
 28    11.000 53188.61811997 11.29  87.969405  65.948604 12.102
 28    12.360 53188.61812062 11.73  87.966215  65.951694 12.102
 28    13.820 53188.61812126 11.09  87.963035  65.954784 12.102
 28    15.475 53188.61812190 11.45  87.959855  65.957874 12.102
 28    16.695 53188.61812255 11.77  87.956665  65.960964 12.102
 28    17.709 53188.61812319 12.06  87.953475  65.964054 12.102
 28    18.769 53188.61812384 11.72  87.950295  65.967144 12.102
 28    19.242 53188.61812448 17.13  87.947105  65.970224 12.102
 29     6.114 53223.61813253 21.60  87.990653  65.930632  6.759
 29     5.128 53223.61813318 20.29  87.987473  65.933722  6.759
 29     4.811 53223.61813382 20.07  87.984293  65.936812  6.759
 29     4.525 53223.61813447 16.83  87.981113  65.939902  6.759
 29     4.338 53223.61813511 17.15  87.977933  65.942992  6.759
 29     4.697 53223.61813576 14.67  87.974753  65.946082  6.759
 29     4.654 53223.61813640 14.52  87.971573  65.949172  6.759
 29     4.601 53223.61813705 14.66  87.968393  65.952262  6.759
 29     5.228 53223.61813769 13.31  87.965204  65.955346 17.047
 29     8.572 53223.61813833 13.16  87.962024  65.958436 17.047
 29    10.579 53223.61813898 12.47  87.958844  65.961526 17.047
 29    11.817 53223.61813962 11.93  87.955654  65.964616 17.047
 29    16.963 53223.61814027 11.59  87.952464  65.967706 17.047
 29    15.194 53223.61814091 26.06  87.949284  65.970796 17.047
 30     4.912 53258.61810768 35.23  87.992175  65.929552 15.060
 30     5.059 53258.61810833 24.92  87.988995  65.932642 15.060
 30     4.830 53258.61810897 20.85  87.985815  65.935722 15.060
 30     4.950 53258.61810962 16.09  87.982635  65.938812 15.060
 30     4.497 53258.61811026 15.05  87.979465  65.941902 15.060
 30     5.314 53258.61811091 13.61  87.976285  65.944992 15.060
 30     5.580 53258.61811155 13.22  87.973105  65.948082 15.060
 30     5.594 53258.61811220 13.17  87.969915  65.951172 15.060
 30     5.845 53258.61811284 12.33  87.966735  65.954262 15.060
 30     5.745 53258.61811349 12.66  87.963556  65.957348 21.459
 30     9.737 53258.61811413 12.39  87.960376  65.960438 21.459
 30    11.811 53258.61811478 11.93  87.957186  65.963528 21.459
 30    13.604 53258.61811542 12.15  87.954006  65.966618 21.459
 31     5.262 53293.61812936 43.68  87.974971  65.921225 19.834
 31     5.226 53293.61813000 33.96  87.971791  65.924315 19.834
 31     5.067 53293.61813065 32.27  87.968611  65.927405 19.834
 31     4.759 53293.61813129 32.32  87.965441  65.930495 19.834
 31     4.405 53293.61813194 31.11  87.962260  65.933580 11.215
 31     4.060 53293.61813258 29.04  87.959080  65.936670 11.215
 31     3.196 53293.61813322 29.86  87.955890  65.939760 11.215
 31     2.615 53293.61813387 26.66  87.952710  65.942850 11.215
 31     1.769 53293.61813451 25.10  87.949530  65.945940 11.215
 31     0.732 53293.61813516 23.22  87.946350  65.949030 11.215
 31     8.387 53293.61813580 21.76  87.943160  65.952120 11.215
 31    11.125 53293.61813645 20.23  87.939970  65.955210 11.215
 32     8.644 53328.61810380 38.21  87.988872  65.928456  9.356
 32     9.218 53328.61810445 50.24  87.985692  65.931546  9.356
 32     9.083 53328.61810509 39.99  87.982512  65.934636  9.356
 32     8.663 53328.61810574 30.85  87.979335  65.937724 28.851
 32     8.714 53328.61810638 30.72  87.976155  65.940814 28.851
 32     8.807 53328.61810702 29.59  87.972975  65.943904 28.851
 32     8.841 53328.61810767 33.77  87.969795  65.946994 28.851
 32     8.780 53328.61810831 45.63  87.966615  65.950084 28.851
 32     8.796 53328.61810896 50.69  87.963425  65.953174 28.851
 32     8.814 53328.61810960 52.66  87.960245  65.956264 28.851
 32     8.833 53328.61811025 50.99  87.957055  65.959354 28.851
 32     8.731 53328.61811089 53.45  87.953875  65.962444 28.851
 32     8.856 53328.61811154 51.23  87.950685  65.965534 28.851
 32     8.730 53328.61811218 53.10  87.947505  65.968614 28.851
 33    56.273 53363.61805748  0.03  87.992822  65.934759  3.355
 33    13.208 53363.61806329  4.42  87.964189  65.962568  4.614
 33     6.799 53363.61806587 16.08  87.951449  65.974928  4.614
 34    34.725 53398.61807905  5.96  87.980888  65.925064  4.554
 34     7.415 53398.61808550 18.16  87.949067  65.955958  6.608
 34     7.496 53398.61808614 17.54  87.945887  65.959048  6.608
 34     7.632 53398.61808679 16.15  87.942697  65.962138  6.608
 35    52.293 53433.61807100  0.91  87.992131  65.933720  2.809
 35    55.190 53433.61807165  0.00  87.988951  65.936810  2.809
 35    41.781 53433.61807745  2.01  87.960312  65.964620  2.981
 35    18.366 53433.61807809  4.75  87.957132  65.967710  2.981
 35    13.387 53433.61807874  8.02  87.953942  65.970800  2.981
 35    14.009 53433.61807938 10.03  87.950762  65.973880  2.981
 36    50.430 53468.61810925  4.96  87.980678  65.921313  2.942
 36    49.772 53468.61810989  4.57  87.977498  65.924403  2.942
 36    49.880 53468.61811054  3.91  87.974318  65.927493  2.942
 36    50.538 53468.61811118  3.88  87.971140  65.930588  3.253
 36    47.727 53468.61811183  4.09  87.967960  65.933668  3.253
 36    48.164 53468.61811247  2.85  87.964780  65.936758  3.253
 36    46.459 53468.61811312  2.79  87.961600  65.939848  3.253
 36    44.382 53468.61811376  2.22  87.958420  65.942938  3.253
 36    44.254 53468.61811441  1.52  87.955230  65.946028  3.253
 36    41.907 53468.61811505  2.41  87.952050  65.949118  3.253
 36    39.710 53468.61811570  3.64  87.948860  65.952208  3.253
 36    37.798 53468.61811634  5.26  87.945680  65.955298  3.253
 37     9.294 53503.61815670 21.38  87.983842  65.926152  8.981
 37     9.222 53503.61815734 19.46  87.980672  65.929242  8.981
 37     8.948 53503.61815799 18.22  87.977492  65.932332  8.981
 37     9.070 53503.61815863 15.64  87.974312  65.935422  8.981
 37     8.236 53503.61815928 16.01  87.971128  65.938511  6.650
 37     7.886 53503.61815992 12.71  87.967948  65.941601  6.650
 37     7.888 53503.61816057 10.72  87.964768  65.944691  6.650
 37     8.915 53503.61816121 10.57  87.961588  65.947781  6.650
 37     9.228 53503.61816186  9.61  87.958408  65.950871  6.650
 37     9.279 53503.61816250  9.98  87.955218  65.953961  6.650
 37     9.829 53503.61816379  9.70  87.948848  65.960141  6.650
 37     9.545 53503.61816443 11.02  87.945668  65.963231  6.650
 38    10.751 53538.61815334 23.68  87.986692  65.928305  9.855
 38    10.697 53538.61815399 23.87  87.983512  65.931395  9.855
 38    10.675 53538.61815463 22.44  87.980329  65.934487 12.206
 38    10.287 53538.61815528 22.96  87.977149  65.937577 12.206
 38    10.095 53538.61815592 23.71  87.973969  65.940667 12.206
 38     9.898 53538.61815657 23.95  87.970789  65.943757 12.206
 38     9.940 53538.61815721 24.89  87.967609  65.946847 12.206
 38    10.049 53538.61815785 25.42  87.964429  65.949937 12.206
 38    10.008 53538.61815850 27.36  87.961249  65.953027 12.206
 38    10.134 53538.61815914 29.02  87.958059  65.956117 12.206
 38    10.303 53538.61815979 29.56  87.954879  65.959207 12.206
 38    10.439 53538.61816043 32.16  87.951689  65.962287 12.206
 38    10.661 53538.61816108 31.88  87.948509  65.965377 12.206
 38    10.289 53538.61816172 32.33  87.945319  65.968467 12.206
 39     6.214 53573.61815267 34.79  87.988163  65.927525 10.462
 39     5.743 53573.61815331 28.39  87.984983  65.930615 10.462
 39     5.505 53573.61815396 21.85  87.981803  65.933705 10.462
 39     5.144 53573.61815460 21.63  87.978623  65.936795 10.462
 39     4.736 53573.61815525 21.31  87.975453  65.939885 10.462
 39     4.494 53573.61815589 21.08  87.972272  65.942974 19.926
 39     4.512 53573.61815653 20.02  87.969092  65.946064 19.926
 39     4.602 53573.61815718 20.37  87.965902  65.949154 19.926
 39     4.546 53573.61815782 19.36  87.962722  65.952244 19.926
 39     4.639 53573.61815847 18.92  87.959542  65.955334 19.926
 39     4.804 53573.61815911 18.75  87.956362  65.958424 19.926
 39     4.974 53573.61815976 17.62  87.953172  65.961514 19.926
 39     4.988 53573.61816040 17.05  87.949992  65.964604 19.926
 39    12.795 53573.61816105 16.67  87.946802  65.967694 19.926
 40     7.001 53608.61810337 18.35  87.993755  65.934102  9.517
 40     6.652 53608.61810401 13.90  87.990585  65.937192  9.517
 40     6.477 53608.61810466 12.03  87.987405  65.940282  9.517
 40     6.201 53608.61810530 13.35  87.984219  65.943374  8.227
 40     6.338 53608.61810594 12.51  87.981039  65.946464  8.227
 40     6.065 53608.61810659 12.26  87.977859  65.949554  8.227
 40     6.259 53608.61810723 12.04  87.974679  65.952644  8.227
 40     6.134 53608.61810788 11.75  87.971499  65.955734  8.227
 40     7.890 53608.61810852 11.56  87.968319  65.958824  8.227
 40     4.963 53608.61810917 12.71  87.965139  65.961914  8.227
 40    10.792 53608.61810981 12.43  87.961949  65.965004  8.227
 40    14.675 53608.61811046 11.30  87.958769  65.968094  8.227
 40    15.061 53608.61811110 12.77  87.955579  65.971184  8.227
 40    15.172 53608.61811175 26.77  87.952399  65.974264  8.227
 41     5.348 53643.61810354 41.91  87.978393  65.922178 15.047
 41     4.946 53643.61810419 45.46  87.975213  65.925268 15.047
 41     5.245 53643.61810483 44.57  87.972033  65.928358 15.047
 41     5.379 53643.61810548 41.59  87.968853  65.931448 15.047
 41     5.635 53643.61810612 39.86  87.965673  65.934538 15.047
 41     5.692 53643.61810677 40.59  87.962496  65.937631 18.617
 41     5.701 53643.61810741 39.38  87.959316  65.940711 18.617
 41     5.572 53643.61810806 37.83  87.956126  65.943801 18.617
 41     5.670 53643.61810870 38.77  87.952946  65.946891 18.617
 41     5.513 53643.61810935 39.75  87.949766  65.949981 18.617
 41     5.649 53643.61810999 42.48  87.946576  65.953071 18.617
 41     5.712 53643.61811064 43.99  87.943396  65.956161 18.617
 42     5.367 53678.61812205 46.12  87.985595  65.925447 13.922
 42     5.500 53678.61812269 46.19  87.982415  65.928537 13.922
 42     5.906 53678.61812334 40.01  87.979235  65.931627 13.922
 42     5.661 53678.61812398 45.72  87.976065  65.934717 13.922
 42     5.391 53678.61812463 41.76  87.972885  65.937807 13.922
 42     5.593 53678.61812527 40.55  87.969705  65.940894 14.841
 42     5.554 53678.61812592 41.76  87.966525  65.943984 14.841
 42     5.358 53678.61812656 41.10  87.963335  65.947074 14.841
 42     5.506 53678.61812721 41.62  87.960155  65.950164 14.841
 42     5.120 53678.61812785 45.91  87.956975  65.953254 14.841
 42     5.338 53678.61812850 45.47  87.953795  65.956344 14.841
 43     4.745 53713.61805395 19.07  87.984044  65.944271  4.368
 43     4.739 53713.61805460 20.08  87.980864  65.947361  4.368
 43     4.593 53713.61805524 20.69  87.977684  65.950451  4.368
 43     4.602 53713.61805589 20.46  87.974504  65.953541  4.368
 43     4.700 53713.61805653 19.29  87.971324  65.956631  4.368
 43     4.704 53713.61805718 19.23  87.968134  65.959721  4.368
 43     4.804 53713.61805782 18.56  87.964954  65.962811  4.368
 43     4.864 53713.61805847 18.46  87.961764  65.965901  4.368
 43     5.390 53713.61805911 17.37  87.958584  65.968991  4.368
 43     5.095 53713.61805976 17.24  87.955394  65.972081  4.368
 43     5.238 53713.61806040 17.22  87.952214  65.975161  4.368
 44     5.325 53748.61796508 15.51  87.975941  65.926232  4.959
 44     5.389 53748.61796573 14.45  87.972761  65.929322  4.959
 44     4.919 53748.61796637 14.49  87.969581  65.932412  4.959
 44     5.262 53748.61796702 14.66  87.966391  65.935502  4.959
 44     5.108 53748.61796766 15.10  87.963209  65.938591  2.626
 44     5.098 53748.61796831 15.74  87.960029  65.941681  2.626
 44     5.247 53748.61796895 15.43  87.956849  65.944771  2.626
 44     5.323 53748.61796960 15.81  87.953659  65.947851  2.626
 44     6.146 53748.61797024 15.24  87.950479  65.950941  2.626
 44     8.512 53748.61797088 15.17  87.947289  65.954031  2.626
 44     9.648 53748.61797153 14.96  87.944109  65.957121  2.626
 45    54.309 53783.61799633  0.76  87.989641  65.931348  3.008
 45    53.069 53783.61799697  0.75  87.986461  65.934438  3.008
 45    52.361 53783.61799761  0.31  87.983281  65.937528  3.008
 45    42.209 53783.61800213  0.63  87.961004  65.959156  3.099
 45    38.077 53783.61800277  5.97  87.957824  65.962246  3.099
 45    12.402 53783.61800342  8.23  87.954634  65.965336  3.099
 45    13.267 53783.61800406  9.01  87.951444  65.968416  3.099
 45    13.547 53783.61800471 12.20  87.948264  65.971506  3.099
 46    52.859 53818.61795991  0.13  87.997261  65.938554  2.390
 46    43.152 53818.61796572  1.55  87.968638  65.966362  2.809
 46    13.003 53818.61796636  5.05  87.965448  65.969452  2.809
 46    12.991 53818.61796701  6.71  87.962268  65.972542  2.809
 46    13.201 53818.61796765  7.73  87.959078  65.975632  2.809
 46    13.628 53818.61796829  9.38  87.955898  65.978722  2.809
 47     5.051 53853.61803678 16.43  87.972538  65.928689  7.271
 47     5.234 53853.61803743 14.64  87.969358  65.931779  7.271
 47     4.966 53853.61803807 15.30  87.966178  65.934869  7.271
 47     5.314 53853.61803872 14.12  87.962998  65.937959  7.271
 47     5.176 53853.61803936 14.12  87.959818  65.941049  7.271
 47     5.455 53853.61804001 14.63  87.956638  65.944139  7.271
 47     5.742 53853.61804065 14.18  87.953448  65.947230  2.559
 47     5.915 53853.61804130 13.43  87.950268  65.950320  2.559
 47     5.795 53853.61804194 13.85  87.947088  65.953410  2.559
 47     8.844 53853.61804258 13.29  87.943898  65.956490  2.559
 48    20.913 53888.61804443 51.23  87.989282  65.930316 13.441
 48    20.815 53888.61804507 53.20  87.986104  65.933405 36.523
 48    20.789 53888.61804572 51.33  87.982924  65.936495 36.523
 48    20.828 53888.61804636 51.13  87.979744  65.939585 36.523
 48    20.907 53888.61804701 50.21  87.976554  65.942675 36.523
 48    20.921 53888.61804765 49.69  87.973374  65.945765 36.523
 48    21.034 53888.61804830 50.61  87.970194  65.948855 36.523
 48    21.085 53888.61804894 47.17  87.967014  65.951945 36.523
 48    20.993 53888.61804959 49.64  87.963824  65.955035 36.523
 48    20.940 53888.61805023 49.57  87.960644  65.958125 36.523
 48    21.026 53888.61805088 49.37  87.957454  65.961205 36.523
 48    20.569 53888.61805152 46.66  87.954274  65.964295 36.523
 48    20.892 53888.61805216 43.45  87.951084  65.967385 36.523
 48    20.563 53888.61805281 40.40  87.947894  65.970475 36.523
 49     7.664 53923.61811183 32.41  87.978602  65.923072  9.308
 49     7.329 53923.61811248 32.73  87.975422  65.926162  9.308
 49     7.273 53923.61811312 33.45  87.972242  65.929252  9.308
 49     7.376 53923.61811377 34.59  87.969072  65.932342  9.308
 49     6.958 53923.61811441 34.21  87.965892  65.935432  9.308
 49     6.764 53923.61811506 33.65  87.962712  65.938522  9.308
 49     6.737 53923.61811570 33.78  87.959522  65.941612  9.308
 49     5.896 53923.61811635 33.57  87.956342  65.944702  9.308
 49     6.014 53923.61811699 33.32  87.953165  65.947797 17.135
 49     6.206 53923.61811764 32.64  87.949975  65.950877 17.135
 49     6.273 53923.61811828 33.93  87.946795  65.953967 17.135
 49     6.223 53923.61811892 35.78  87.943615  65.957057 17.135
 50     6.284 53958.61810415 44.26  87.985760  65.926587 11.510
 50     6.046 53958.61810480 43.67  87.982580  65.929677 11.510
 50     5.938 53958.61810544 45.76  87.979400  65.932767 11.510
 50     5.938 53958.61810609 46.26  87.976220  65.935857 11.510
 50     5.800 53958.61810673 47.16  87.973040  65.938947 11.510
 50     5.923 53958.61810737 44.14  87.969860  65.942037 11.510
 50     5.881 53958.61810802 43.18  87.966680  65.945127 11.510
 50     5.807 53958.61810866 42.05  87.963500  65.948217 11.510
 50     5.728 53958.61810931 39.88  87.960320  65.951307 11.510
 50     5.826 53958.61810995 39.43  87.957136  65.954402 17.092
 50     5.617 53958.61811060 38.63  87.953956  65.957482 17.092
 50     5.666 53958.61811124 40.85  87.950766  65.960572 17.092
 50     5.622 53958.61811189 45.17  87.947586  65.963662 17.092
 50     5.649 53958.61811253 43.80  87.944396  65.966752 17.092
 51     6.814 53993.61803238 25.22  87.975991  65.920250  5.693
 51     6.828 53993.61803303 25.93  87.972811  65.923340  5.693
 51     6.745 53993.61803367 26.78  87.969631  65.926430  5.693
 51     6.236 53993.61803432 27.49  87.966451  65.929520  5.693
 51     6.280 53993.61803496 27.61  87.963271  65.932610  5.693
 51     6.349 53993.61803561 27.80  87.960091  65.935700  5.693
 51     6.167 53993.61803625 28.40  87.956911  65.938790  5.693
 51     5.844 53993.61803690 29.00  87.953721  65.941880  5.693
 51     5.958 53993.61803754 28.96  87.950541  65.944960  5.693
 51     6.100 53993.61803819 28.87  87.947351  65.948050  5.693
 51     6.335 53993.61803883 28.53  87.944171  65.951140  5.693
 51     6.531 53993.61803948 30.35  87.940981  65.954230  5.693
 52     4.083 54028.61809423 44.36  87.975392  65.929484 15.937
 52     4.320 54028.61809487 39.53  87.972212  65.932574 15.937
 52     4.371 54028.61809552 38.03  87.969032  65.935664 15.937
 52     4.582 54028.61809616 37.64  87.965842  65.938754 15.937
 52     4.846 54028.61809681 36.78  87.962662  65.941844 15.937
 52     4.596 54028.61809745 36.94  87.959482  65.944934 15.937
 52     4.865 54028.61809809 34.49  87.956302  65.948024 15.937
 52     4.778 54028.61809874 38.14  87.953116  65.951113 11.743
 52     4.736 54028.61809938 36.05  87.949926  65.954203 11.743
 52     4.674 54028.61810003 36.77  87.946746  65.957283 11.743
 52     4.644 54028.61810067 38.93  87.943556  65.960373 11.743
 53     6.565 54063.61809017 13.61  87.977896  65.943039  5.569
 53     6.683 54063.61809082 13.36  87.974716  65.946129  5.569
 53     6.653 54063.61809146 13.63  87.971536  65.949219  5.569
 53     6.748 54063.61809211 13.91  87.968356  65.952309  5.569
 53     7.083 54063.61809275 13.44  87.965172  65.955401  3.376
 53     8.027 54063.61809339 12.96  87.961982  65.958491  3.376
 53     9.448 54063.61809404 13.51  87.958802  65.961571  3.376
 53     9.831 54063.61809468 13.47  87.955612  65.964661  3.376
 53    11.914 54063.61809533 12.84  87.952432  65.967751  3.376
 53    13.707 54063.61809597 12.61  87.949242  65.970841  3.376
 54    48.511 54098.61805581  0.63  87.991915  65.933390  2.889
 54    46.437 54098.61805903  0.43  87.976015  65.948840  2.889
 54    38.496 54098.61805967  2.60  87.972835  65.951930  2.889
 54    41.906 54098.61806032  4.39  87.969655  65.955020  2.889
 54     5.876 54098.61806290 16.08  87.956922  65.967374  6.529
 54    12.139 54098.61806354 14.24  87.953732  65.970464  6.529
 54    13.682 54098.61806419 13.23  87.950552  65.973554  6.529
 55    49.637 54133.61801030  2.39  87.980051  65.922812  2.635
 55    48.794 54133.61801095  1.61  87.976871  65.925902  2.635
 55    48.351 54133.61801159  1.55  87.973691  65.928992  2.635
 55    46.627 54133.61801223  1.22  87.970511  65.932082  2.635
 55    47.490 54133.61801288  1.10  87.967331  65.935172  2.635
 55    44.926 54133.61801352  0.96  87.964151  65.938262  2.635
 55    44.167 54133.61801417  1.13  87.960971  65.941352  2.635
 55    42.634 54133.61801481  1.20  87.957781  65.944442  2.635
 55    41.545 54133.61801546  1.21  87.954600  65.947532  3.032
 55    38.804 54133.61801610  2.88  87.951420  65.950622  3.032
 55    37.592 54133.61801675  4.69  87.948230  65.953702  3.032
 55    12.916 54133.61801739  7.39  87.945040  65.956792  3.032
 56    52.812 54168.61802933  2.86  87.991801  65.929596  3.480
 56    51.591 54168.61802998  2.40  87.988626  65.932689  2.928
 56    52.845 54168.61803062  1.97  87.985446  65.935779  2.928
 56    49.708 54168.61803127  1.88  87.982266  65.938869  2.928
 56    49.151 54168.61803191  0.74  87.979086  65.941959  2.928
 56    16.037 54168.61803642  5.50  87.956816  65.963579  2.928
 56    38.157 54168.61803707  5.46  87.953626  65.966669  2.928
 56    16.760 54168.61803771  6.48  87.950446  65.969759  2.928
 56    15.925 54168.61803836  7.20  87.947256  65.972849  2.928
 57     6.853 54203.61801431 23.37  87.979336  65.923598 15.634
 57     6.343 54203.61801495 24.95  87.976156  65.926688 15.634
 57     6.392 54203.61801559 26.12  87.972976  65.929778 15.634
 57     6.582 54203.61801624 27.50  87.969796  65.932868 15.634
 57     6.577 54203.61801688 29.68  87.966616  65.935958 15.634
 57     6.466 54203.61801753 30.81  87.963426  65.939048 15.634
 57     6.422 54203.61801817 30.24  87.960246  65.942138 15.634
 57     6.327 54203.61801882 31.54  87.957066  65.945228 15.634
 57     6.302 54203.61801946 34.01  87.953886  65.948318 15.634
 57     6.400 54203.61802011 35.37  87.950696  65.951408 15.634
 57     6.279 54203.61802075 36.11  87.947516  65.954498 15.634
 57     6.381 54203.61802140 36.43  87.944326  65.957578 15.634
 58    18.397 54238.61804945 45.47  87.987718  65.925521  7.168
 58    18.902 54238.61805009 52.40  87.984542  65.928612 40.412
 58    18.867 54238.61805074 52.09  87.981362  65.931702 40.412
 58    18.739 54238.61805138 51.49  87.978182  65.934792 40.412
 58    18.730 54238.61805203 51.24  87.975002  65.937882 40.412
 58    18.661 54238.61805267 51.52  87.971822  65.940972 40.412
 58    18.641 54238.61805332 52.05  87.968632  65.944062 40.412
 58    18.689 54238.61805396 51.39  87.965452  65.947152 40.412
 58    18.571 54238.61805461 52.49  87.962272  65.950242 40.412
 58    18.641 54238.61805525 51.69  87.959092  65.953332 40.412
 58    18.601 54238.61805590 52.82  87.955902  65.956422 40.412
 58    18.527 54238.61805654 52.90  87.952722  65.959512 40.412
 58    18.622 54238.61805718 52.19  87.949532  65.962592 40.412
 58    18.548 54238.61805783 53.49  87.946352  65.965682 40.412
 59    12.327 54273.61806744 25.35  87.989322  65.926663 15.340
 59    12.255 54273.61806808 25.98  87.986138  65.929756  9.637
 59    12.133 54273.61806873 24.01  87.982968  65.932846  9.637
 59    11.982 54273.61806937 24.04  87.979788  65.935936  9.637
 59    11.932 54273.61807001 23.28  87.976608  65.939026  9.637
 59    11.857 54273.61807066 22.70  87.973418  65.942116  9.637
 59    11.708 54273.61807130 23.55  87.970238  65.945206  9.637
 59    11.325 54273.61807195 24.26  87.967058  65.948296  9.637
 59    11.613 54273.61807259 23.86  87.963878  65.951386  9.637
 59    11.655 54273.61807324 23.96  87.960698  65.954476  9.637
 59    11.832 54273.61807388 24.26  87.957508  65.957566  9.637
 59    11.801 54273.61807453 25.51  87.954328  65.960646  9.637
 59    11.913 54273.61807517 25.28  87.951138  65.963736  9.637
 59    12.191 54273.61807582 24.46  87.947958  65.966826  9.637
 59    18.887 54273.61807646 24.03  87.944768  65.969916  9.637
 60     6.524 54308.61806919 31.88  87.986809  65.926191 11.178
 60     5.580 54308.61806984 22.62  87.983640  65.929281  8.914
 60     5.207 54308.61807048 19.02  87.980460  65.932371  8.914
 60     4.945 54308.61807113 18.80  87.977280  65.935461  8.914
 60     4.294 54308.61807177 19.41  87.974100  65.938551  8.914
 60     3.985 54308.61807241 19.33  87.970920  65.941641  8.914
 60     4.019 54308.61807306 19.33  87.967740  65.944731  8.914
 60     3.670 54308.61807370 20.02  87.964550  65.947821  8.914
 60     4.026 54308.61807435 20.05  87.961370  65.950911  8.914
 60     4.561 54308.61807499 20.00  87.958190  65.954001  8.914
 60     5.116 54308.61807564 19.39  87.955000  65.957091  8.914
 60     5.119 54308.61807628 19.36  87.951820  65.960171  8.914
 60     5.270 54308.61807693 18.84  87.948630  65.963261  8.914
 60     5.442 54308.61807757 18.17  87.945450  65.966351  8.914
 61     8.372 54343.61804792 46.85  87.995050  65.931327  7.515
 61     8.288 54343.61804857 31.78  87.991874  65.934421 11.633
 61     7.818 54343.61804921 22.99  87.988694  65.937511 11.633
 61     7.605 54343.61804985 20.17  87.985514  65.940601 11.633
 61     7.315 54343.61805050 18.42  87.982334  65.943691 11.633
 61     7.233 54343.61805114 18.05  87.979154  65.946781 11.633
 61     7.489 54343.61805179 16.06  87.975974  65.949871 11.633
 61     7.386 54343.61805243 15.26  87.972794  65.952961 11.633
 61     7.597 54343.61805308 14.71  87.969614  65.956051 11.633
 61     7.604 54343.61805372 14.34  87.966424  65.959141 11.633
 61     7.541 54343.61805437 14.44  87.963244  65.962231 11.633
 61    11.294 54343.61805501 14.20  87.960064  65.965311 11.633
 61    14.698 54343.61805566 13.86  87.956874  65.968401 11.633
 61    15.101 54343.61805630 14.22  87.953694  65.971491 11.633
 61    14.997 54343.61805695 30.63  87.950504  65.974581 11.633
 62    34.122 54378.61800452 13.10  87.983245  65.924160 10.874
 62     8.572 54378.61800516 16.09  87.980065  65.927250 10.874
 62     5.902 54378.61800581 18.14  87.976885  65.930340 10.874
 62     5.906 54378.61800645 16.35  87.973705  65.933430 10.874
 62     7.047 54378.61800710 15.27  87.970528  65.936526 10.605
 62     7.746 54378.61800774 13.24  87.967348  65.939606 10.605
 62    14.153 54378.61800839 13.47  87.964168  65.942696 10.605
 62     8.457 54378.61800903 13.95  87.960978  65.945786 10.605
 62    14.346 54378.61800968 13.60  87.957798  65.948876 10.605
 62    14.961 54378.61801032 14.04  87.954618  65.951966 10.605
 62    14.477 54378.61801097 14.30  87.951428  65.955056 10.605
 62    15.325 54378.61801161 14.14  87.948248  65.958146 10.605
 62    13.006 54378.61801225 14.65  87.945058  65.961236 10.605
 63     5.298 54413.61799527 41.81  87.989205  65.928412 12.451
 63     5.281 54413.61799592 42.75  87.986035  65.931502 12.451
 63     5.834 54413.61799656 38.39  87.982855  65.934592 12.451
 63     5.642 54413.61799721 48.01  87.979675  65.937682 12.451
 63     5.578 54413.61799785 40.01  87.976489  65.940770 17.392
 63     5.656 54413.61799850 40.35  87.973309  65.943860 17.392
 63     6.023 54413.61799914 43.75  87.970129  65.946950 17.392
 63     5.377 54413.61799979 45.43  87.966949  65.950040 17.392
 64    36.729 54448.61797192  2.90  87.974742  65.928283  4.140
 64    36.760 54448.61797257  2.69  87.971562  65.931373  4.140
 64    44.996 54448.61797321  2.28  87.968383  65.934467  5.001
 64    44.449 54448.61797386  2.12  87.965203  65.937547  5.001
 64    43.507 54448.61797450  2.36  87.962023  65.940637  5.001
 64    43.217 54448.61797515  2.14  87.958833  65.943727  5.001
 64    39.489 54448.61797579  3.16  87.955653  65.946817  5.001
 64    39.385 54448.61797644  3.58  87.952473  65.949907  5.001
 64    15.466 54448.61797708  6.57  87.949283  65.952997  5.001
 64    15.763 54448.61797773  9.15  87.946103  65.956087  5.001
 65    49.287 54483.61798868  1.29  87.988618  65.926702  3.050
 65    38.870 54483.61798933  1.71  87.985438  65.929792  3.050
 65    46.059 54483.61798997  1.89  87.982268  65.932882  3.050
 65    47.738 54483.61799062  0.49  87.979088  65.935972  3.050
 65    46.545 54483.61799191  0.17  87.972728  65.942152  3.050
 65    42.471 54483.61799255  1.45  87.969548  65.945242  3.050
 65    42.736 54483.61799320  1.79  87.966365  65.948335  4.022
 65    40.656 54483.61799384  1.85  87.963175  65.951425  4.022
 65    13.700 54483.61799449  6.22  87.959995  65.954505  4.022
 65    14.171 54483.61799513  7.48  87.956805  65.957595  4.022
 65     9.012 54483.61799578 14.19  87.953625  65.960685  4.022
 65     9.698 54483.61799706 15.83  87.947255  65.966865  4.022
 66    50.405 54518.61798439  0.91  87.983788  65.922908  2.810
 66    49.613 54518.61798504  0.40  87.980608  65.925998  2.810
 66    48.682 54518.61798568  0.27  87.977428  65.929088  2.810
 66    45.384 54518.61798762  0.54  87.967887  65.938353  4.115
 66    40.626 54518.61798955  1.06  87.958337  65.947623  4.115
 66    39.492 54518.61799020  3.30  87.955157  65.950713  4.115
 66    10.051 54518.61799148 11.91  87.948787  65.956893  4.115
 66    11.237 54518.61799213 13.47  87.945597  65.959983  4.115
 67    53.254 54553.61800127  1.71  87.992625  65.930356  3.005
 67    54.058 54553.61800191  1.49  87.989455  65.933446  3.005
 67    53.356 54553.61800255  0.90  87.986275  65.936536  3.005
 67    52.693 54553.61800320  0.61  87.983095  65.939626  3.005
 67    42.263 54553.61800771  1.77  87.960825  65.961256  2.828
 67    39.595 54553.61800836  4.24  87.957635  65.964346  2.828
 67    38.696 54553.61800900  5.25  87.954455  65.967436  2.828
 67    37.485 54553.61800965  5.89  87.951265  65.970526  2.828
 67    16.786 54553.61801029  6.94  87.948085  65.973606  2.828
 68     8.300 54588.61798183 14.76  87.979578  65.930442  7.005
 68     4.970 54588.61798247 15.74  87.976402  65.933531  5.027
 68     4.750 54588.61798312 13.15  87.973222  65.936621  5.027
 68     6.191 54588.61798376  9.02  87.970042  65.939711  5.027
 68     5.903 54588.61798441  7.06  87.966862  65.942801  5.027
 68     5.784 54588.61798505  6.33  87.963672  65.945891  5.027
 68     5.886 54588.61798570  7.00  87.960492  65.948981  5.027
 68     6.048 54588.61798634  6.04  87.957312  65.952071  5.027
 68     5.977 54588.61798698  6.29  87.954122  65.955161  5.027
 68     6.015 54588.61798763  4.75  87.950942  65.958251  5.027
 68     6.155 54588.61798827  4.51  87.947752  65.961341  5.027
 68     6.211 54588.61798892  4.18  87.944572  65.964431  5.027
 69    19.807 54623.61799854 33.68  87.988817  65.927381  4.382
 69    19.608 54623.61799918 33.21  87.985637  65.930471  4.382
 69    19.371 54623.61799983 33.73  87.982457  65.933561  4.382
 69    18.938 54623.61800047 35.18  87.979285  65.936651 24.999
 69    18.812 54623.61800112 35.06  87.976105  65.939741 24.999
 69    18.271 54623.61800176 36.85  87.972925  65.942831 24.999
 69    18.852 54623.61800241 35.55  87.969745  65.945921 24.999
 69    18.784 54623.61800305 36.51  87.966555  65.949011 24.999
 69    18.897 54623.61800370 36.04  87.963375  65.952101 24.999
 69    19.046 54623.61800434 35.21  87.960195  65.955191 24.999
 69    19.206 54623.61800499 34.35  87.957005  65.958281 24.999
 69    19.259 54623.61800563 34.53  87.953825  65.961371 24.999
 69    19.163 54623.61800628 36.76  87.950635  65.964461 24.999
 69    19.100 54623.61800692 40.49  87.947455  65.967551 24.999
 70     9.075 54658.61800753 27.57  87.984923  65.927217  5.132
 70     8.125 54658.61800818 19.60  87.981743  65.930307  5.132
 70     7.556 54658.61800882 17.59  87.978563  65.933397  5.132
 70     7.341 54658.61800947 15.56  87.975393  65.936487  5.132
 70     7.006 54658.61801011 15.27  87.972212  65.939575 15.806
 70     7.341 54658.61801076 14.22  87.969032  65.942665 15.806
 70     7.092 54658.61801140 14.84  87.965842  65.945755 15.806
 70     7.033 54658.61801205 15.57  87.962662  65.948845 15.806
 70     7.055 54658.61801269 16.17  87.959482  65.951935 15.806
 70     7.320 54658.61801333 15.33  87.956302  65.955025 15.806
 70     7.220 54658.61801398 15.49  87.953112  65.958115 15.806
 70    11.514 54658.61801462 14.82  87.949932  65.961205 15.806
 70    16.727 54658.61801527 14.61  87.946742  65.964295 15.806
 71     7.652 54693.61798870 37.92  87.991756  65.928145  7.622
 71     7.563 54693.61798934 32.09  87.988576  65.931225  7.622
 71     7.110 54693.61798999 24.40  87.985396  65.934315  7.622
 71     6.996 54693.61799063 19.90  87.982226  65.937405  7.622
 71     6.730 54693.61799127 20.09  87.979046  65.940495  7.622
 71     6.768 54693.61799192 19.67  87.975866  65.943585  7.622
 71     6.591 54693.61799256 19.39  87.972676  65.946673 17.957
 71     6.224 54693.61799321 20.95  87.969496  65.949763 17.957
 71     6.067 54693.61799385 21.67  87.966316  65.952853 17.957
 71     5.753 54693.61799450 21.67  87.963136  65.955943 17.957
 71     5.656 54693.61799514 21.97  87.959946  65.959033 17.957
 71     5.781 54693.61799579 22.39  87.956766  65.962123 17.957
 71     5.723 54693.61799643 21.61  87.953576  65.965213 17.957
 71     5.529 54693.61799708 22.56  87.950396  65.968303 17.957
 71    15.308 54693.61799772 28.42  87.947206  65.971393 17.957
 72     0.188 54728.61796096 23.61  87.982888  65.924100  3.736
 72     1.053 54728.61796160 24.65  87.979708  65.927190  3.736
 72     1.562 54728.61796224 26.02  87.976528  65.930280  3.736
 72     2.410 54728.61796289 26.65  87.973342  65.933367 19.005
 72     3.018 54728.61796353 27.54  87.970162  65.936457 19.005
 72     3.406 54728.61796418 28.64  87.966982  65.939547 19.005
 72     3.799 54728.61796482 29.75  87.963802  65.942637 19.005
 72     4.135 54728.61796547 30.30  87.960622  65.945727 19.005
 72     4.437 54728.61796611 30.14  87.957432  65.948817 19.005
 72     4.606 54728.61796676 31.39  87.954252  65.951907 19.005
 72     4.648 54728.61796740 32.49  87.951062  65.954997 19.005
 72     4.812 54728.61796805 33.25  87.947882  65.958087 19.005
 72     4.802 54728.61796869 34.23  87.944692  65.961177 19.005
 73     5.808 54763.61796636 36.74  87.986220  65.927789 13.243
 73     5.239 54763.61796700 41.10  87.983050  65.930879 13.243
 73     5.241 54763.61796765 45.60  87.979870  65.933969 13.243
 73     5.285 54763.61796829 40.53  87.976690  65.937059 13.243
 73     5.101 54763.61796894 31.12  87.973510  65.940149 13.243
 73     4.848 54763.61796958 22.92  87.970325  65.943234 14.952
 73     4.597 54763.61797022 23.61  87.967145  65.946324 14.952
 73     4.593 54763.61797087 22.55  87.963965  65.949414 14.952
 73     4.513 54763.61797151 22.26  87.960785  65.952504 14.952
 73     4.437 54763.61797216 24.25  87.957595  65.955594 14.952
 73     4.499 54763.61797280 27.91  87.954415  65.958684 14.952
 73     4.724 54763.61797345 29.44  87.951225  65.961774 14.952
 73     4.762 54763.61797409 35.35  87.948045  65.964864 14.952
 73     4.927 54763.61797474 48.07  87.944855  65.967954 14.952
 74     6.858 54798.61795387 21.80  87.979447  65.921795  6.133
 74     6.771 54798.61795451 21.71  87.976267  65.924885  6.133
 74     6.557 54798.61795516 20.86  87.973087  65.927975  6.133
 74     6.631 54798.61795580 21.83  87.969903  65.931068  6.849
 74     6.955 54798.61795644 22.20  87.966723  65.934148  6.849
 74     6.972 54798.61795709 26.65  87.963543  65.937238  6.849
 74     6.001 54798.61795773 23.78  87.960363  65.940328  6.849
 74     6.174 54798.61795838 23.16  87.957183  65.943418  6.849
 74     6.158 54798.61795902 23.86  87.953993  65.946508  6.849
 74     6.356 54798.61795967 24.00  87.950813  65.949598  6.849
 74     6.202 54798.61796031 24.44  87.947623  65.952688  6.849
 75    53.410 54833.61795707  0.84  87.986755  65.928907  2.852
 75    51.357 54833.61795772  0.43  87.983575  65.931997  2.852
 75    50.710 54833.61795836  0.08  87.980395  65.935087  2.852
 75    43.300 54833.61796159  0.45  87.964492  65.950535  3.587
 75    42.034 54833.61796223  1.19  87.961312  65.953625  3.587
 75    14.463 54833.61796288  5.45  87.958122  65.956715  3.587
 75    11.226 54833.61796352  9.43  87.954942  65.959805  3.587
 75    11.754 54833.61796416 12.13  87.951762  65.962895  3.587
 75    12.511 54833.61796481 14.53  87.948572  65.965985  3.587
 75    13.599 54833.61796545 14.19  87.945382  65.969075  3.587
 76     9.066 54868.61795052  9.23  87.980568  65.923127  3.912
 76     6.005 54868.61795245 13.87  87.971032  65.932392  3.655
 76     6.036 54868.61795310 13.80  87.967852  65.935482  3.655
 76     5.838 54868.61795374 14.26  87.964672  65.938572  3.655
 76     6.022 54868.61795439 14.04  87.961482  65.941662  3.655
 76     6.077 54868.61795503 14.17  87.958302  65.944752  3.655
 76     6.150 54868.61795568 14.08  87.955122  65.947842  3.655
 76     6.557 54868.61795632 13.98  87.951932  65.950932  3.655
 76     6.828 54868.61795697 13.75  87.948752  65.954022  3.655
 76     8.487 54868.61795761 13.74  87.945562  65.957112  3.655
 77    49.242 54903.61796669  1.87  87.991260  65.930408  3.369
 77    43.939 54903.61796733  1.50  87.988080  65.933498  3.369
 77    46.275 54903.61796797  0.96  87.984900  65.936588  3.369
 77    46.911 54903.61796862  0.49  87.981720  65.939678  3.369
 77    48.759 54903.61796926  0.33  87.978544  65.942766  3.102
 77    44.363 54903.61797120  0.75  87.969004  65.952036  3.102
 77    43.055 54903.61797184  0.52  87.965824  65.955126  3.102
 77    41.694 54903.61797249  2.38  87.962634  65.958216  3.102
 77    38.486 54903.61797313  5.07  87.959454  65.961306  3.102
 77    11.240 54903.61797378 10.46  87.956264  65.964396  3.102
 77    10.659 54903.61797442 12.09  87.953084  65.967486  3.102
 77    11.026 54903.61797507 12.19  87.949894  65.970576  3.102
 78    38.400 54938.61794167  2.83  87.983349  65.924915  2.999
 78    48.668 54938.61794231  2.16  87.980179  65.928005  2.999
 78    38.356 54938.61794295  1.72  87.976999  65.931095  2.999
 78    48.993 54938.61794360  1.38  87.973819  65.934185  2.999
 78    46.163 54938.61794424  1.37  87.970639  65.937275  2.999
 78    46.157 54938.61794489  1.09  87.967459  65.940365  2.999
 78    43.776 54938.61794618  0.65  87.961089  65.946545  2.999
 78    42.512 54938.61794682  0.25  87.957909  65.949625  2.999
 78    40.426 54938.61794747  1.20  87.954719  65.952715  2.999
 78    39.139 54938.61794811  2.19  87.951539  65.955805  2.999
 78    15.120 54938.61794876  5.64  87.948349  65.958895  2.999
 78    14.920 54938.61794940  6.80  87.945169  65.961985  2.999
 79    14.830 54973.61797334 32.55  87.984570  65.926542  8.370
 79    14.905 54973.61797398 32.12  87.981400  65.929632  8.370
 79    14.834 54973.61797463 27.84  87.978222  65.932722 19.004
 79    14.610 54973.61797527 26.53  87.975042  65.935812 19.004
 79    14.681 54973.61797592 27.69  87.971862  65.938902 19.004
 79    14.708 54973.61797656 28.62  87.968672  65.941992 19.004
 79    14.687 54973.61797720 31.01  87.965492  65.945082 19.004
 79    14.674 54973.61797785 31.39  87.962312  65.948172 19.004
 79    14.437 54973.61797849 25.96  87.959132  65.951262 19.004
 79    14.546 54973.61797914 25.41  87.955942  65.954352 19.004
 79    14.490 54973.61797978 26.88  87.952762  65.957442 19.004
 79    14.420 54973.61798043 27.82  87.949572  65.960532 19.004
 79    14.540 54973.61798107 31.32  87.946392  65.963622 19.004
 80    10.681 55008.61798841 22.33  87.986937  65.929251  7.720
 80    10.568 55008.61798905 21.50  87.983757  65.932331  7.720
 80    10.362 55008.61798970 21.81  87.980577  65.935421  7.720
 80    10.188 55008.61799034 21.51  87.977397  65.938511  7.720
 80    10.136 55008.61799099 19.56  87.974217  65.941601  7.720
 80     9.806 55008.61799163 19.16  87.971037  65.944691  7.720
 80    10.208 55008.61799228 17.89  87.967857  65.947781  7.720
 80    10.067 55008.61799292 18.58  87.964677  65.950871  7.720
 80    10.023 55008.61799357 17.33  87.961487  65.953961  7.720
 80    10.387 55008.61799421 17.55  87.958307  65.957051  7.720
 80    11.629 55008.61799486 17.11  87.955127  65.960141  7.720
 80    14.286 55008.61799550 16.65  87.951937  65.963231  7.720
 80    17.827 55008.61799615 15.64  87.948752  65.966320 25.285
 80    18.150 55008.61799679 17.44  87.945562  65.969410 25.285
 81     7.449 55043.61797756 32.70  87.987287  65.926372  5.787
 81     5.705 55043.61797821 27.56  87.984117  65.929462  5.787
 81     4.955 55043.61797885 16.22  87.980937  65.932552  5.787
 81     4.739 55043.61797950 15.85  87.977757  65.935642  5.787
 81     4.268 55043.61798014 16.84  87.974577  65.938732  5.787
 81     3.848 55043.61798078 16.66  87.971393  65.941818 16.315
 81     3.941 55043.61798143 17.10  87.968213  65.944908 16.315
 81     3.919 55043.61798207 17.10  87.965033  65.947998 16.315
 81     3.751 55043.61798272 17.17  87.961853  65.951088 16.315
 81     3.938 55043.61798336 17.29  87.958663  65.954178 16.315
 81     4.040 55043.61798401 17.05  87.955483  65.957268 16.315
 81     4.255 55043.61798465 17.26  87.952293  65.960358 16.315
 81     4.381 55043.61798530 16.66  87.949113  65.963448 16.315
 81    13.278 55043.61798594 15.61  87.945923  65.966538 16.315
 82     5.415 55078.61795609 29.11  87.990633  65.932236 11.273
 82     4.974 55078.61795673 22.47  87.987463  65.935326 11.273
 82     4.564 55078.61795738 19.75  87.984283  65.938416 11.273
 82     4.293 55078.61795802 20.18  87.981103  65.941506 11.273
 82     3.879 55078.61795866 19.87  87.977923  65.944596 11.273
 82     4.251 55078.61795931 18.88  87.974737  65.947685 15.108
 82     4.232 55078.61795995 16.72  87.971557  65.950775 15.108
 82     4.209 55078.61796060 16.04  87.968377  65.953865 15.108
 82     4.241 55078.61796124 13.94  87.965197  65.956955 15.108
 82     9.351 55078.61796189 12.93  87.962007  65.960045 15.108
 82    10.932 55078.61796253 12.07  87.958827  65.963135 15.108
 82    13.566 55078.61796318 11.51  87.955637  65.966225 15.108
 82    14.576 55078.61796382 11.80  87.952457  65.969315 15.108
 82    14.579 55078.61796447 28.07  87.949267  65.972405 15.108
 83     4.919 55113.61791123 17.47  87.976265  65.932356 11.102
 83     4.753 55113.61791187 16.26  87.973085  65.935446 11.102
 83     4.839 55113.61791251 14.38  87.969903  65.938540 12.659
 83     5.039 55113.61791316 13.26  87.966723  65.941630 12.659
 83     5.297 55113.61791380 12.39  87.963543  65.944710 12.659
 83     5.396 55113.61791445 12.01  87.960363  65.947800 12.659
 83     6.666 55113.61791509 12.10  87.957173  65.950890 12.659
 83     8.671 55113.61791574 12.42  87.953993  65.953980 12.659
 83     9.417 55113.61791638 13.04  87.950803  65.957070 12.659
 83    12.458 55113.61791703 10.64  87.947623  65.960160 12.659
 83    13.284 55113.61791767 10.53  87.944433  65.963250 12.659
 84     6.337 55148.61791025 19.04  87.987962  65.925904  5.226
 84     7.137 55148.61791090 19.78  87.984782  65.928994  5.226
 84     5.779 55148.61791154 22.29  87.981602  65.932084  5.226
 84     5.925 55148.61791219 23.73  87.978422  65.935174  5.226
 84     5.696 55148.61791283 23.67  87.975242  65.938264  5.226
 84     5.575 55148.61791348 24.02  87.972067  65.941359  5.869
 84     5.574 55148.61791412 22.40  87.968887  65.944439  5.869
 84     5.410 55148.61791477 23.40  87.965707  65.947529  5.869
 84     5.493 55148.61791541 23.37  87.962517  65.950619  5.869
 84     5.535 55148.61791606 24.06  87.959337  65.953709  5.869
 84     5.569 55148.61791670 23.99  87.956157  65.956799  5.869
 84     5.473 55148.61791735 23.76  87.952967  65.959889  5.869
 84     5.449 55148.61791799 22.98  87.949787  65.962979  5.869
 84    12.238 55148.61791863 22.57  87.946597  65.966069  5.869
 85     6.006 55183.61789181 13.67  87.978700  65.924093  5.756
 85     6.139 55183.61789246 13.48  87.975520  65.927183  5.756
 85     6.477 55183.61789310 13.10  87.972340  65.930278  2.787
 85     6.717 55183.61789375 13.41  87.969160  65.933358  2.787
 85     6.706 55183.61789439 13.36  87.965980  65.936448  2.787
 85     6.406 55183.61789504 13.75  87.962800  65.939538  2.787
 85     6.301 55183.61789568 13.98  87.959620  65.942628  2.787
 85     6.204 55183.61789633 14.76  87.956430  65.945718  2.787
 85     5.933 55183.61789697 14.74  87.953250  65.948808  2.787
 85     8.491 55183.61789762 13.84  87.950060  65.951898  2.787
 85     8.988 55183.61789826 14.19  87.946880  65.954988  2.787
 85    10.944 55183.61789890 13.59  87.943690  65.958078  2.787
 86    50.022 55218.61790818  0.58  87.990178  65.927154  3.889
 86    50.169 55218.61790882  0.47  87.987008  65.930244  3.889
 86    45.731 55218.61790947  0.49  87.983828  65.933334  3.889
 86    48.091 55218.61791011  0.32  87.980648  65.936424  3.889
 86    44.736 55218.61791076  0.25  87.977468  65.939514  3.889
 86    42.332 55218.61791140  0.94  87.974288  65.942604  3.889
 86    18.718 55218.61791205  3.88  87.971108  65.945694  3.889
 86     6.480 55218.61791463 14.10  87.958378  65.958044  3.889
 86     7.979 55218.61791527 12.43  87.955188  65.961134  3.889
 86     9.563 55218.61791592 11.98  87.952008  65.964224  3.889
 86    10.839 55218.61791656 11.71  87.948818  65.967314  3.889
 86    12.744 55218.61791720 11.33  87.945638  65.970404  3.889
 87    33.225 55253.61788772  7.76  87.982739  65.924647  3.653
 87     6.312 55253.61788836  8.79  87.979559  65.927737  3.653
 87     6.193 55253.61788901  9.44  87.976387  65.930821  2.699
 87     7.279 55253.61788965  9.84  87.973207  65.933911  2.699
 87     6.669 55253.61789030 10.85  87.970027  65.937001  2.699
 87     6.185 55253.61789094 10.81  87.966847  65.940091  2.699
 87     6.421 55253.61789159 11.23  87.963657  65.943181  2.699
 87     6.149 55253.61789223 11.38  87.960477  65.946271  2.699
 87     7.029 55253.61789288 11.56  87.957297  65.949361  2.699
 87     7.500 55253.61789352 11.46  87.954107  65.952451  2.699
 87     7.749 55253.61789417 11.75  87.950927  65.955541  2.699
 87     9.794 55253.61789481 10.97  87.947737  65.958631  2.699
 87    10.235 55253.61789546 10.93  87.944557  65.961711  2.699
 88    54.193 55288.61789907  4.32  87.991656  65.931842  2.910
 88    53.052 55288.61789972  3.67  87.988486  65.934932  2.910
 88    50.205 55288.61790036  3.22  87.985306  65.938022  2.910
 88    50.786 55288.61790100  2.67  87.982126  65.941112  2.910
 88    51.297 55288.61790165  1.76  87.978944  65.944202  2.676
 88    49.274 55288.61790229  1.69  87.975764  65.947292  2.676
 88    49.213 55288.61790294  1.29  87.972584  65.950382  2.676
 88    46.833 55288.61790358  1.45  87.969404  65.953472  2.676
 88    45.918 55288.61790423  1.44  87.966224  65.956562  2.676
 88    43.613 55288.61790487  2.02  87.963034  65.959652  2.676
 88    42.644 55288.61790552  2.79  87.959854  65.962742  2.676
 88    40.530 55288.61790616  4.69  87.956664  65.965832  2.676
 88    39.355 55288.61790681  5.62  87.953484  65.968922  2.676
 88    37.670 55288.61790745  7.17  87.950294  65.972002  2.676
 89     6.779 55323.61787549 33.02  87.987606  65.925200 16.213
 89     7.065 55323.61787613 28.29  87.984436  65.928280 16.213
 89     6.433 55323.61787678 23.52  87.981256  65.931370 16.213
 89     6.128 55323.61787742 20.81  87.978076  65.934460 16.213
 89     5.650 55323.61787807 18.80  87.974894  65.937551 14.262
 89     5.202 55323.61787871 16.73  87.971714  65.940641 14.262
 89     4.452 55323.61787936 14.89  87.968534  65.943731 14.262
 89     5.354 55323.61788000 13.89  87.965354  65.946821 14.262
 89     4.965 55323.61788065 15.12  87.962174  65.949911 14.262
 89     5.644 55323.61788129 12.39  87.958984  65.953001 14.262
 89     5.934 55323.61788193 13.90  87.955804  65.956091 14.262
 89     6.161 55323.61788258 16.78  87.952614  65.959181 14.262
 89    11.486 55323.61788322  9.32  87.949434  65.962271 14.262
 89    12.505 55323.61788387  6.87  87.946244  65.965361 14.262
 90    16.912 55358.61787441 46.09  87.987698  65.928125 13.544
 90    17.027 55358.61787505 45.77  87.984518  65.931215 13.544
 90    16.997 55358.61787569 44.77  87.981348  65.934305 13.544
 90    16.770 55358.61787634 44.05  87.978168  65.937395 13.544
 90    16.717 55358.61787698 44.76  87.974979  65.940483 18.877
 90    16.885 55358.61787763 45.07  87.971799  65.943573 18.877
 90    16.877 55358.61787827 45.51  87.968619  65.946663 18.877
 90    16.787 55358.61787892 45.32  87.965439  65.949753 18.877
 90    16.775 55358.61787956 45.74  87.962259  65.952843 18.877
 90    16.778 55358.61788021 47.70  87.959079  65.955933 18.877
 90    16.604 55358.61788085 46.09  87.955889  65.959023 18.877
 90    16.386 55358.61788150 45.33  87.952709  65.962113 18.877
 90    16.492 55358.61788214 47.18  87.949519  65.965203 18.877
 90    16.771 55358.61788279 42.55  87.946329  65.968293 18.877
 91     6.905 55393.61787765 47.32  87.982003  65.925830 13.628
 91     7.523 55393.61787830 42.93  87.978823  65.928920 13.628
 91     7.542 55393.61787894 40.01  87.975643  65.932010 13.628
 91     6.765 55393.61787959 34.92  87.972463  65.935100 13.628
 91     6.412 55393.61788023 28.40  87.969283  65.938180 13.628
 91     5.973 55393.61788088 25.78  87.966103  65.941270 13.628
 91     5.684 55393.61788152 23.97  87.962923  65.944360 13.628
 91     5.498 55393.61788217 23.16  87.959733  65.947450 13.628
 91     5.604 55393.61788281 22.02  87.956553  65.950540 13.628
 91     6.088 55393.61788345 20.59  87.953373  65.953630 13.628
 91     7.009 55393.61788410 18.54  87.950183  65.956720 13.628
 91     7.015 55393.61788474 17.21  87.947003  65.959810 13.628
 91    12.470 55393.61788539 16.67  87.943813  65.962900 13.628
 92     6.764 55428.61789017 23.61  87.987321  65.926776 13.694
 92     6.372 55428.61789081 15.63  87.984151  65.929866 13.694
 92     7.888 55428.61789145 11.97  87.980971  65.932956 13.694
 92     7.644 55428.61789210 12.48  87.977791  65.936046 13.694
 92     6.618 55428.61789274 11.26  87.974611  65.939136 13.694
 92     6.425 55428.61789339 10.39  87.971424  65.942223 14.969
 92     6.331 55428.61789403 11.01  87.968244  65.945313 14.969
 92     6.270 55428.61789468 11.98  87.965064  65.948403 14.969
 92     7.810 55428.61789532 11.53  87.961884  65.951493 14.969
 92     8.235 55428.61789597 11.57  87.958694  65.954583 14.969
 92    11.843 55428.61789661 11.33  87.955514  65.957673 14.969
 92    12.248 55428.61789726 11.29  87.952324  65.960763 14.969
 92    13.639 55428.61789790 10.69  87.949144  65.963853 14.969
 92    14.950 55428.61789855 11.13  87.945954  65.966943 14.969
 93    41.596 55463.61785487  3.76  87.992230  65.935216 10.236
 93    45.519 55463.61785552  2.38  87.989050  65.938306 10.236
 93    39.138 55463.61785616  3.10  87.985870  65.941396 10.236
 93    42.947 55463.61785681  2.71  87.982690  65.944486 10.236
 93    38.089 55463.61785745  2.61  87.979510  65.947576 10.236
 93    42.762 55463.61785809  2.06  87.976330  65.950666 10.236
 93    42.818 55463.61785874  1.66  87.973146  65.953753 11.205
 93    42.143 55463.61785938  1.06  87.969966  65.956843 11.205
 93    41.827 55463.61786003  1.39  87.966786  65.959933 11.205
 93    39.194 55463.61786067  5.26  87.963596  65.963023 11.205
 93    14.290 55463.61786132  8.17  87.960416  65.966113 11.205
 93    14.654 55463.61786196 16.27  87.957226  65.969203 11.205
 93    14.903 55463.61786261 19.82  87.954046  65.972293 11.205
 93    14.842 55463.61786325 29.11  87.950856  65.975383 11.205
