-141159.368    22.158     0.00   15.68
-140783.029    14.085   -21.45   13.23
-140406.611     6.583   -19.93    8.31
-140030.116     3.935    -7.03    6.67
-139653.542     1.383    -6.78    3.82
-139276.890     0.138    -3.31    0.80
-138900.160    -0.015    -0.40    0.00
-138523.351    -0.015     0.00    0.00
-138146.464    -0.015     0.00    0.00
-137769.498    -0.015     0.00    0.00
-137392.454    -0.015     0.00    0.00
-137015.331    -0.015     0.00    0.00
-136638.129    -0.015     0.00    0.00
-136260.849    -0.015     0.00    0.00
-135883.490     0.374     1.03    1.51
-135506.052     3.125     7.29    6.43
-135128.535     9.274    16.29   12.48
-134750.940    15.803    17.29   14.38
-134373.265    22.524    17.79   13.13
-133995.511    25.383     7.57   11.09
-133617.679    25.648     0.70   10.45
-133239.767    23.448    -5.82    9.25
-132861.776    20.235    -8.50    7.72
-132483.706    16.448   -10.02    4.91
-132105.557    14.018    -6.42    3.64
-131727.328    12.340    -4.44    3.25
-131349.020    11.347    -2.62    1.89
-130970.633    11.337    -0.03    2.14
-130592.166    10.764    -1.51    1.86
-130213.620    10.884     0.32    2.01
-129834.994    11.305     1.11    2.08
-129456.288    11.985     1.80    2.13
-129077.503    12.824     2.21    1.80
-128698.639    13.167     0.91    1.85
-128319.694    12.666    -1.32    2.02
-127940.670    12.108    -1.47    1.57
-127561.566    11.836    -0.72    1.84
-127182.382    12.304     1.23    1.99
-126803.118    12.942     1.68    2.12
-126423.774    13.040     0.26    2.12
-126044.350    12.659    -1.00    2.00
-125664.846    13.052     1.03    2.16
-125285.261    12.741    -0.82    2.35
-124905.597    12.907     0.44    2.20
-124525.852    12.262    -1.70    3.16
-124146.027     9.724    -6.68    5.03
-123766.122     6.319    -8.96    6.05
-123386.136     2.846    -9.14    4.74
-123006.070     0.652    -5.77    2.11
-122625.924    -0.015    -1.75    0.00
-122245.696    -0.015     0.00    0.00
-121865.389    -0.015     0.00    0.00
-121485.000    -0.015     0.00    0.00
-121104.531     0.326     0.90    1.12
-120723.981    11.049    28.17   19.11
-120343.351    25.774    38.68   25.06
-119962.639    41.641    41.67   22.29
-119581.847    55.730    36.99   10.03
-119200.974    62.112    16.75    8.08
-118830.761    64.374     6.11    7.29
-118465.212    65.312     2.56    7.14
-118099.590    65.491     0.49    6.93
-117733.894    63.652    -5.03    6.49
-117368.124    61.703    -5.33    5.72
-117002.280    59.411    -6.26    4.75
-116636.363    58.773    -1.74    5.31
-116270.372    58.453    -0.87    5.55
-115904.307    58.082    -1.01    5.11
-115538.169    58.863     2.13    4.44
-115171.956    58.923     0.16    4.54
-114805.670    60.838     5.23    4.61
-114439.309    61.217     1.04    4.75
-114072.875    59.392    -4.98    7.44
-113706.366    55.891    -9.55    8.24
-113339.783    54.964    -2.53    8.65
-112973.127    52.964    -5.45    8.07
-112606.396    54.549     4.32    8.34
-112239.590    54.469    -0.22    8.31
-111872.711    53.156    -3.58    8.61
-111505.757    53.774     1.69    8.49
-111138.728    53.709    -0.18    8.92
-110771.625    52.930    -2.12    8.76
-110404.448    54.262     3.63    9.21
-110037.196    52.513    -4.76    9.74
-109669.870    50.674    -5.01    9.17
-109302.469    51.254     1.58    9.41
-108934.993    52.159     2.46    9.54
-108567.443    54.125     5.35    9.27
-108199.818    59.165    13.71    8.58
-107832.118    60.683     4.13    8.82
-107464.343    62.122     3.91    8.13
-107096.493    62.606     1.32    7.11
-106728.569    61.117    -4.05    7.08
-106360.569    61.480     0.99    7.05
-105992.495    58.383    -8.41    6.93
-105624.345    57.039    -3.65    7.33
-105256.120    54.512    -6.86    8.77
-104887.820    51.583    -7.95   11.42
-104519.445    45.922   -15.37   14.61
-104150.995    41.019   -13.31   13.58
-103782.469    37.537    -9.45   11.86
-103413.868    33.930    -9.79   10.57
-103045.192    35.276     3.65   12.07
-102676.440    41.524    16.94   14.14
-102307.613    47.187    15.35   13.44
-101938.710    51.666    12.14    9.57
-101569.731    51.192    -1.29    9.13
-101200.677    42.475   -23.62   16.67
-100831.548    30.763   -31.73   19.30
-100462.342    20.985   -26.48   18.03
-100093.061    10.293   -28.95    8.32
 -99723.704     7.449    -7.70    1.84
 -99354.271     7.349    -0.27    1.53
 -98984.762     7.145    -0.55    1.39
 -98615.178     7.429     0.77    1.31
 -98245.517     7.691     0.71    1.29
 -97875.780     7.656    -0.09    1.22
 -97505.968     7.985     0.89    1.27
 -97136.079     7.964    -0.06    1.88
 -96766.114     7.177    -2.13    3.50
 -96396.072     6.102    -2.90    4.24
 -96025.955     4.706    -3.77    4.46
 -95655.761     3.656    -2.84    4.41
 -95285.491     2.689    -2.61    4.14
 -94915.144     1.847    -2.27    3.64
 -94544.721     1.113    -1.98    2.84
 -94174.221     0.405    -1.91    1.56
 -93803.645     0.227    -0.48    1.18
 -93432.992     0.006    -0.59    0.21
 -93062.263    -0.015    -0.06    0.00
 -92691.457    -0.015     0.00    0.00
 -92320.574    -0.015     0.00    0.00
 -91949.614    -0.015     0.00    0.00
 -91578.578    -0.015     0.00    0.00
 -91207.465    -0.015     0.00    0.00
 -90836.274    -0.015     0.00    0.00
 -90465.007    -0.015     0.00    0.00
 -90093.663    -0.015     0.00    0.00
 -89722.241    -0.015     0.00    0.00
 -89350.743    -0.015     0.00    0.00
 -88979.167    -0.015     0.00    0.00
 -88607.515    -0.015     0.00    0.00
 -88235.785    -0.015     0.00    0.00
 -87863.977    -0.015     0.00    0.00
 -87492.092    -0.015     0.00    0.00
 -87120.130    -0.015     0.00    0.00
 -86748.091    -0.015     0.00    0.00
 -86375.974    -0.015     0.00    0.00
 -86003.779     0.187     0.54    1.23
 -85631.507     2.187     5.37    6.08
 -85259.157     4.432     6.03    7.69
 -84886.729     6.496     5.54    7.47
 -84514.224     8.613     5.68    6.93
 -84141.641    12.803    11.24    6.41
 -83768.980    15.091     6.14    4.87
 -83396.241    16.072     2.63    3.81
 -83023.425    16.722     1.74    4.05
 -82650.530    17.963     3.33    4.58
 -82277.557    21.850    10.42    7.10
 -81904.506    26.596    12.72    8.35
 -81531.377    31.439    12.98    7.07
 -81158.170    33.352     5.13    6.64
 -80784.885    33.670     0.85    7.39
 -80411.521    32.985    -1.83    9.02
 -80038.079    32.006    -2.62    8.87
 -79664.559    31.601    -1.09    7.63
 -79290.960    31.187    -1.11    7.01
 -78917.283    30.336    -2.28    6.81
 -78543.528    28.826    -4.04    6.96
 -78169.693    27.868    -2.56    6.12
 -77795.780    28.996     3.02    6.60
 -77421.789    30.276     3.42    7.29
 -77047.719    31.751     3.94    7.71
 -76673.570    31.549    -0.54    7.42
 -76299.342    29.900    -4.41    7.27
 -75925.035    29.333    -1.52    6.28
 -75550.650    30.083     2.00    6.39
 -75176.185    30.501     1.12    6.06
 -74801.641    32.070     4.19    4.04
 -74427.019    31.164    -2.42    4.51
 -74052.317    27.755    -9.10    5.42
 -73677.536    25.322    -6.49    6.03
 -73302.676    24.330    -2.65    6.27
 -72927.737    23.815    -1.37    6.19
 -72552.718    25.450     4.36    6.20
 -72177.620    28.953     9.34    5.13
 -71802.443    30.122     3.11    4.97
 -71427.186    26.496    -9.66    8.59
 -71051.850    21.996   -11.99    9.63
 -70676.434    16.564   -14.47    9.48
 -70300.939    10.125   -17.15    7.80
 -69925.363     5.343   -12.73    5.61
 -69549.709     3.491    -4.93    4.77
 -69173.974     4.459     2.58    7.91
 -68798.160     8.714    11.32   11.61
 -68422.265    14.621    15.71   12.05
 -68046.291    19.276    12.38   10.44
 -67670.237    23.638    11.60    7.99
 -67294.103    27.717    10.84    4.80
 -66917.889    29.343     4.32    4.20
 -66541.595    30.616     3.38    6.03
 -66165.220    33.851     8.60    7.45
 -65788.765    38.093    11.27    6.06
 -65412.231    42.230    10.99    4.46
 -65035.615    43.911     4.46    3.73
 -64658.920    45.091     3.13    3.33
 -64282.144    45.606     1.37    4.53
 -63905.287    45.396    -0.56    5.22
 -63528.350    45.283    -0.30    5.33
 -63151.333    45.017    -0.71    5.07
 -62774.235    44.301    -1.90    4.51
 -62397.056    45.133     2.20    4.27
 -62019.797    46.227     2.90    4.78
 -61642.456    47.656     3.78    4.32
 -61265.035    49.166     4.00    4.11
 -60887.533    49.911     1.97    3.90
 -60509.951    50.944     2.74    2.94
 -60132.287    50.453    -1.30    2.98
 -59754.542    49.733    -1.91    2.48
 -59376.716    48.634    -2.91    2.53
 -58998.809    47.785    -2.25    2.35
 -58620.821    46.719    -2.82    2.48
 -58242.751    45.677    -2.76    3.20
 -57864.600    45.050    -1.66    3.67
 -57486.368    44.049    -2.65    3.51
 -57108.055    44.485     1.15    3.95
 -56729.660    45.859     3.63    4.62
 -56351.184    48.039     5.76    4.57
 -55972.626    49.683     4.34    3.12
 -55593.986    50.050     0.97    2.67
 -55215.265    47.298    -7.27    5.49
 -54836.462    41.347   -15.71    8.10
 -54457.578    37.259   -10.79    7.55
 -54078.611    33.770    -9.21    5.16
 -53699.563    33.585    -0.49    5.22
 -53320.433    38.663    13.39    9.07
 -52941.221    44.922    16.51   10.27
 -52561.927    49.727    12.67    7.06
 -52182.550    48.543    -3.12    7.24
 -51803.092    43.741   -12.66    8.92
 -51423.552    38.301   -14.33    7.48
 -51043.929    34.241   -10.70    4.65
 -50664.224    34.496     0.67    5.00
 -50284.437    36.858     6.22    6.50
 -49904.567    39.527     7.03    7.41
 -49524.615    43.743    11.10    6.66
 -49144.581    46.171     6.39    5.16
 -48764.463    49.379     8.44    4.05
 -48384.264    51.336     5.15    4.44
 -48003.981    52.624     3.38    4.78
 -47623.616    54.177     4.08    3.77
 -47243.169    55.762     4.17    3.36
 -46862.638    56.900     2.99    4.76
 -46482.025    59.933     7.97    7.46
 -46101.328    63.396     9.10    8.46
 -45720.549    66.173     7.29    8.01
 -45339.687    67.996     4.79    7.26
 -44958.741    69.709     4.50    7.47
 -44577.713    70.890     3.10    6.15
 -44202.063    71.305     1.11    5.40
 -43836.745    71.006    -0.82    5.36
 -43471.350    69.738    -3.47    5.06
 -43105.881    68.090    -4.51    4.96
 -42740.336    65.648    -6.68    5.99
 -42374.716    61.414   -11.58    6.58
 -42009.020    58.572    -7.77    5.87
 -41643.249    57.985    -1.60    4.81
 -41277.402    58.817     2.27    4.40
 -40911.480    61.259     6.67    4.58
 -40545.482    62.871     4.40    4.87
 -40179.408    63.453     1.59    4.92
 -39813.259    63.806     0.97    4.59
 -39447.033    64.417     1.67    3.23
 -39080.732    65.840     3.88    3.09
 -38714.355    66.813     2.66    3.01
 -38347.902    66.933     0.33    3.44
 -37981.373    66.954     0.06    4.44
 -37614.768    66.656    -0.81    4.98
 -37248.087    66.274    -1.04    4.91
 -36881.330    66.996     1.97    4.48
 -36514.497    67.117     0.33    3.68
 -36147.587    68.271     3.15    3.23
 -35780.601    68.161    -0.30    3.14
 -35413.539    68.157    -0.01    3.64
 -35046.401    67.785    -1.01    4.40
 -34679.186    67.360    -1.16    4.44
 -34311.894    66.496    -2.35    4.67
 -33944.526    66.728     0.63    4.75
 -33577.082    67.502     2.11    4.54
 -33209.561    68.829     3.61    4.81
 -32841.963    69.741     2.48    5.33
 -32474.289    71.558     4.94    6.66
 -32106.538    73.444     5.13    7.70
 -31738.710    73.267    -0.48    7.78
 -31370.805    71.922    -3.65    7.94
 -31002.824    68.775    -8.55    7.69
 -30634.765    65.154    -9.84    4.45
 -30266.630    64.114    -2.82    3.03
 -29898.417    63.851    -0.71    3.59
 -29530.128    64.099     0.67    3.47
 -29161.761    64.817     1.95    3.93
 -28793.317    65.833     2.76    5.40
 -28424.796    67.295     3.97    5.21
 -28056.198    67.319     0.07    5.20
 -27687.522    67.649     0.89    4.71
 -27318.769    68.944     3.51    4.37
 -26949.939    71.560     7.09    5.65
 -26581.031    74.838     8.89    5.71
 -26212.045    78.083     8.79    5.20
 -25842.982    80.119     5.52    4.07
 -25473.842    80.379     0.70    3.75
 -25104.624    80.194    -0.50    3.84
 -24735.328    79.018    -3.18    4.00
 -24365.954    78.243    -2.10    3.96
 -23996.503    77.406    -2.26    4.68
 -23626.973    75.343    -5.58    4.94
 -23257.366    71.985    -9.08    5.28
 -22887.681    68.719    -8.83    5.45
 -22517.918    66.454    -6.13    5.06
 -22148.077    64.605    -5.00    4.60
 -21778.157    62.501    -5.69    3.62
 -21408.160    60.074    -6.56    3.79
 -21038.085    57.194    -7.78    4.35
 -20667.931    54.692    -6.76    4.33
 -20297.699    54.026    -1.80    4.46
 -19927.388    53.652    -1.01    4.42
 -19556.999    52.417    -3.33    4.44
 -19186.532    51.287    -3.05    3.76
 -18815.986    50.656    -1.71    3.26
 -18445.362    50.438    -0.59    3.59
 -18074.659    50.453     0.04    3.95
 -17703.878    50.200    -0.68    5.24
 -17333.018    48.863    -3.60    5.42
 -16962.079    47.773    -2.94    5.00
 -16591.061    47.285    -1.31    4.48
 -16219.964    48.287     2.70    4.65
 -15848.789    49.142     2.30    4.75
 -15477.535    51.850     7.30    6.89
 -15106.201    54.712     7.71    6.94
 -14734.789    57.870     8.50    6.04
 -14363.298    59.047     3.17    4.84
 -13991.727    58.680    -0.99    4.35
 -13620.077    56.740    -5.22    4.58
 -13248.349    53.996    -7.38    4.37
 -12876.540    50.548    -9.27    5.29
 -12504.653    45.019   -14.87    7.94
 -12132.686    39.076   -15.98    9.03
 -11760.639    35.866    -8.63    7.04
 -11388.514    35.882     0.04    5.99
 -11016.308    37.659     4.77    5.94
 -10644.023    41.465    10.22    6.77
 -10271.659    44.396     7.87    9.03
  -9899.215    47.152     7.40    9.87
  -9526.691    47.883     1.96    9.11
  -9154.087    45.427    -6.59    8.67
  -8781.403    42.068    -9.01    6.98
  -8408.640    39.787    -6.12    4.68
  -8035.796    38.522    -3.39    4.25
  -7662.873    38.549     0.07    4.84
  -7289.869    39.511     2.58    6.59
  -6916.786    40.817     3.50    8.17
  -6543.622    41.777     2.57    9.73
  -6170.378    40.886    -2.39   11.97
  -5797.054    38.761    -5.69   13.00
  -5423.650    35.868    -7.75   14.05
  -5050.165    31.353   -12.09   11.86
  -4676.600    26.379   -13.31    9.15
  -4302.954    23.161    -8.61    8.11
  -3929.228    20.491    -7.14    6.68
  -3555.422    16.496   -10.69    5.70
  -3181.534    13.873    -7.01    6.36
  -2807.567    12.249    -4.34    6.42
  -2433.518    10.027    -5.94    7.31
  -2059.389     8.779    -3.34    8.03
  -1685.178     6.903    -5.01    8.03
  -1310.887     4.344    -6.84    6.86
   -936.516     2.975    -3.66    6.22
   -562.063     1.293    -4.49    4.21
   -187.529     0.383    -2.43    2.42
    187.086    -0.015    -1.06    0.00
    561.782    -0.015     0.00    0.00
    936.559     0.052     0.18    0.54
   1311.418     1.068     2.71    3.12
   1686.358     2.974     5.08    4.75
   2061.379     6.230     8.68    5.75
   2436.481     9.522     8.78    4.98
   2811.665    11.621     5.59    3.41
   3186.930    11.785     0.44    2.98
   3562.277    12.563     2.07    2.86
   3937.706    13.354     2.11    3.08
   4313.216    14.686     3.55    4.32
   4688.808    16.863     5.79    5.45
   5064.481    17.880     2.71    5.31
   5440.236    18.412     1.42    4.66
   5816.074    18.985     1.52    4.34
   6191.993    18.954    -0.08    3.80
   6567.994    19.006     0.14    3.51
   6944.077    18.511    -1.32    3.76
   7320.242    18.405    -0.28    3.92
   7696.489    18.884     1.27    3.63
   8072.819    19.922     2.76    3.16
   8449.230    20.840     2.44    2.50
   8825.724    20.585    -0.68    2.57
   9202.300    18.893    -4.50    4.88
   9578.959    17.185    -4.53    6.14
   9955.700    15.284    -5.05    7.45
  10332.524    14.855    -1.14    8.76
  10709.430    14.672    -0.48   10.54
  11086.418    13.985    -1.82   11.25
  11463.490    12.769    -3.23   11.28
  11840.644     9.974    -7.41   10.67
  12217.880     6.618    -8.90    9.07
  12595.200     2.663   -10.48    5.70
  12972.602     2.944     0.75    5.46
  13350.088     6.624     9.75    8.60
  13727.656    14.445    20.71   12.01
  14105.308    21.200    17.89   10.83
  14483.042    25.751    12.05    8.07
  14860.860    27.329     4.18    8.16
  15238.760    28.394     2.82    8.45
  15616.744    28.485     0.24    8.02
  15994.812    29.555     2.83    7.12
  16372.962    28.996    -1.48    6.79
  16751.196    24.445   -12.03   10.11
  17129.514    18.761   -15.02   12.51
  17507.915    12.485   -16.58   12.89
  17886.399     6.891   -14.78   10.78
  18264.968     2.598   -11.34    6.68
  18643.619     0.037    -6.76    0.42
  19022.355    -0.015    -0.14    0.00
  19401.175    -0.015     0.00    0.00
  19780.078    -0.015     0.00    0.00
  20159.065    -0.015     0.00    0.00
  20538.136    -0.015     0.00    0.00
  20917.291    -0.015     0.00    0.00
  21296.530    -0.015     0.00    0.00
  21675.853     0.026     0.11    0.40
  22055.261     1.965     5.11    6.21
  22434.753     6.691    12.45   12.85
  22814.329    15.130    22.23   18.61
  23193.989    23.169    21.18   20.26
  23573.733    32.406    24.33   18.27
  23953.563    39.872    19.66   11.41
  24333.476    43.955    10.75    4.41
  24713.474    45.676     4.53    3.38
  25093.557    46.099     1.11    3.00
  25473.725    45.638    -1.21    2.77
  25853.977    45.511    -0.33    2.59
  26234.314    45.225    -0.75    2.86
  26614.736    44.475    -1.97    2.86
  26995.242    43.445    -2.71    3.37
  27375.834    42.017    -3.75    3.42
  27756.511    41.925    -0.24    3.74
  28137.272    42.319     1.03    3.36
  28518.119    41.954    -0.96    3.09
  28899.051    41.047    -2.38    3.97
  29280.068    39.842    -3.16    4.39
  29661.171    37.954    -4.95    4.12
  30042.359    36.683    -3.33    3.65
  30423.632    35.322    -3.57    2.98
  30788.965    34.359    -2.64    3.16
  31154.123    31.670    -7.37    4.06
  31519.357    29.076    -7.10    4.92
  31884.669    25.931    -8.61    5.19
  32250.059    23.965    -5.38    4.12
  32615.525    23.284    -1.86    3.99
  32981.069    23.496     0.58    4.52
  33346.690    25.583     5.71    5.68
  33712.388    28.392     7.68    6.48
  34078.164    29.662     3.47    6.02
  34444.017    30.436     2.12    4.54
  34809.948    28.864    -4.30    4.95
  35175.956    25.840    -8.26    4.07
  35542.042    23.883    -5.34    3.37
  35908.206    22.253    -4.45    3.58
  36274.447    21.614    -1.75    3.76
  36640.767    21.713     0.27    5.10
  37007.164    23.674     5.35    6.78
  37373.638    28.955    14.41    9.03
  37740.191    35.698    18.40   11.76
  38106.822    43.506    21.30   11.16
  38473.531    46.933     9.35    8.46
  38840.318    46.312    -1.69    8.95
  39207.183    43.689    -7.15    9.79
  39574.126    38.496   -14.15    9.56
  39941.147    34.222   -11.64    7.83
  40308.247    31.061    -8.61    5.62
  40675.424    29.975    -2.96    5.89
  41042.681    30.215     0.65    8.96
  41410.015    29.700    -1.40   11.24
  41777.428    28.367    -3.63   12.85
  42144.920    27.047    -3.59   14.01
  42512.490    26.345    -1.91   14.34
  42880.139    25.501    -2.30   14.98
  43247.867    23.755    -4.75   14.84
  43615.673    23.185    -1.55   14.79
  43983.558    23.515     0.90   14.00
  44351.522    23.819     0.82   11.82
  44719.564    23.822     0.01   10.89
  45087.686    24.751     2.52    9.38
  45455.886    27.851     8.42    8.94
  45824.166    30.925     8.35    8.85
  46192.524    32.942     5.48    7.78
  46560.962    31.445    -4.06    9.36
  46929.479    29.749    -4.60   10.61
  47298.075    28.945    -2.18   10.89
  47666.750    28.703    -0.66   11.89
  48035.505    29.274     1.55   12.76
  48404.339    27.349    -5.22   13.19
  48773.252    25.356    -5.40   11.99
  49142.245    23.541    -4.92    9.32
  49511.318    22.666    -2.37    7.17
  49880.470    21.026    -4.44    6.38
  50249.701    21.507     1.30    7.92
  50619.013    22.842     3.62   10.63
  50988.404    25.600     7.47   12.13
  51357.875    28.781     8.61   10.95
  51727.425    30.713     5.23    9.07
  52097.056    30.385    -0.89    7.27
  52466.766    31.783     3.78    7.65
  52836.556    32.388     1.63    7.25
  53206.427    32.615     0.62    6.64
  53576.377    32.783     0.45    6.10
  53946.408    33.535     2.03    6.21
  54316.519    33.728     0.52    6.33
  54686.710    34.210     1.30    6.16
  55056.981    33.555    -1.77    5.59
  55427.333    33.445    -0.30    6.58
  55797.765    35.067     4.38    8.91
  56168.278    36.301     3.33   11.17
  56538.871    39.125     7.62   11.73
  56909.544    41.214     5.63   10.60
  57280.298    41.345     0.36    8.11
  57651.133    41.725     1.02    7.25
  58022.049    40.495    -3.32    6.15
  58393.045    39.261    -3.33    5.61
  58764.122    37.414    -4.98    6.10
  59135.280    36.475    -2.53    6.39
  59506.519    37.541     2.87    7.54
  59877.839    40.475     7.90    8.94
  60249.240    44.418    10.62    9.79
  60620.721    49.738    14.32    8.29
  60992.284    52.518     7.48    6.73
  61363.929    54.565     5.51    6.32
  61735.654    55.491     2.49    5.85
  62107.461    53.779    -4.60    5.83
  62479.349    51.449    -6.27    6.12
  62851.318    48.399    -8.20    5.53
  63223.369    46.285    -5.68    3.90
  63595.502    45.995    -0.78    3.53
  63967.715    45.985    -0.03    2.87
  64340.011    46.367     1.02    2.84
  64712.388    46.035    -0.89    4.18
  65084.847    42.071   -10.64   10.05
  65457.388    38.362    -9.96   13.66
  65830.010    40.448     5.60   20.08
  66202.714    51.245    28.97   26.34
  66575.500    65.934    39.40   21.56
  66948.369    73.995    21.62   10.49
  67321.319    71.389    -6.99   11.37
  67694.351    62.046   -25.05   14.55
  68067.465    50.645   -30.56   15.00
  68440.662    40.485   -27.22   11.27
  68813.941    35.775   -12.62    5.87
  69187.302    35.728    -0.13    4.79
  69560.745    37.894     5.80    5.30
  69934.271    39.412     4.06    5.04
  70307.879    40.065     1.75    5.41
  70681.570    41.072     2.70    6.34
  71055.344    40.946    -0.34    6.02
  71429.200    41.659     1.91    5.67
  71803.138    42.956     3.47    6.15
  72177.160    45.996     8.13    6.34
  72551.264    48.352     6.30    5.18
  72925.451    49.516     3.11    5.89
  73299.721    49.511    -0.01    6.37
  73674.073    51.215     4.55    6.31
  74048.509    51.215    -0.00    5.82
  74423.028    50.145    -2.85    4.89
  74797.630    50.638     1.32    7.84
  75172.315    53.067     6.48   10.03
  75547.083    57.820    12.68   10.67
  75921.935    61.685    10.31   10.26
  76296.870    63.257     4.19    7.42
  76671.888    59.645    -9.63    9.70
  77046.990    56.517    -8.34    8.90
  77422.175    54.956    -4.16    6.83
  77797.444    55.112     0.42    5.19
  78172.796    57.125     5.37    4.49
  78548.232    57.501     1.00    4.45
  78923.752    58.302     2.13    3.84
  79299.355    58.935     1.69    4.13
  79675.042    59.197     0.70    4.04
  80050.813    60.575     3.67    5.80
  80426.668    64.435    10.27    8.48
  80802.607    68.585    11.04    9.40
  81178.631    73.423    12.87    8.99
  81554.738    77.251    10.18    8.14
  81930.929    79.751     6.65    7.16
  82307.205    80.385     1.69    6.66
  82683.564    77.759    -6.98    8.55
  83060.008    74.157    -9.57    9.20
  83436.537    70.855    -8.77    7.71
  83813.150    67.253    -9.57    6.19
  84189.847    64.517    -7.26    7.08
  84566.629    61.855    -7.06    7.99
  84943.496    60.279    -4.18    7.56
  85320.447    62.282     5.32    7.98
  85697.483    66.048     9.99    9.18
  86074.603    69.255     8.51    6.86
  86451.809    70.537     3.40    6.17
  86829.099    69.235    -3.45    6.88
  87206.475    67.367    -4.95    6.06
  87583.935    66.480    -2.35    4.78
  87961.480    66.535     0.15    3.77
  88339.111    68.420     4.99    4.72
  88716.826    71.863     9.12    5.22
  89094.627    72.490     1.66    5.69
  89472.513    72.175    -0.83    6.29
  89850.485    72.355     0.48    6.43
  90228.541    73.215     2.27    5.91
  90606.684    72.692    -1.38    5.37
  90984.912    72.355    -0.89    4.57
  91363.225    71.955    -1.06    5.17
  91741.624    71.692    -0.69    5.31
  92120.108    71.975     0.75    4.52
  92498.679    71.635    -0.90    3.94
  92877.335    72.210     1.52    3.75
  93256.077    72.915     1.86    4.75
  93634.905    73.233     0.84    4.96
  94013.819    73.342     0.29    4.80
  94392.819    72.827    -1.36    5.30
  94771.904    72.827    -0.00    5.13
  95151.077    72.423    -1.07    4.88
  95530.335    71.035    -3.66    4.30
  95909.679    69.942    -2.88    3.33
  96289.110    69.505    -1.15    3.58
  96668.627    69.892     1.02    4.27
  97048.231    68.421    -3.87    6.98
  97427.921    67.996    -1.12    8.17
  97807.698    66.476    -4.00    8.35
  98187.561    64.808    -4.39    7.40
  98567.511    64.520    -0.76    5.38
  98947.548    64.480    -0.11    3.67
  99327.671    67.015     6.67    5.32
  99707.881    70.879    10.16    6.54
 100088.178    75.342    11.74    7.04
 100468.563    79.613    11.23    5.40
 100849.034    81.698     5.48    6.35
 101229.592    85.517    10.04    8.36
 101610.237    88.441     7.68    8.96
 101990.970    91.058     6.87    9.54
 102371.789    93.936     7.56    8.05
 102752.696    95.701     4.63    7.29
 103133.691    97.797     5.50    6.20
 103514.773   100.335     6.66    5.02
 103895.942   104.431    10.75    6.94
 104277.199   108.329    10.23    8.57
 104658.543   113.025    12.32   10.53
 105039.975   116.036     7.89   12.42
 105411.199   118.391     6.35   13.53
 105776.118   118.065    -0.89   13.81
 106141.117   116.665    -3.84   13.81
 106506.194   111.114   -15.21   14.39
 106871.350   105.781   -14.61   13.77
 107236.585   100.348   -14.88    9.17
 107601.899    98.312    -5.57    4.89
 107967.292    98.659     0.95    4.67
 108332.765    99.401     2.03    5.89
 108698.317   101.240     5.03    6.71
 109063.947   103.292     5.61    8.47
 109429.658   107.409    11.26   10.59
 109795.447   110.282     7.86   11.19
 110161.316   112.185     5.20   10.34
 110527.265   111.805    -1.04    8.59
 110893.293   110.575    -3.36    6.05
 111259.400   110.077    -1.36    4.13
 111625.588   110.480     1.10    4.29
 111991.854   111.662     3.23    5.55
 112358.201   116.183    12.34    8.81
 112724.627   121.399    14.24    9.91
 113091.134   127.825    17.53    8.56
 113457.720   133.193    14.64    7.02
 113824.386   138.181    13.60    6.43
 114191.132   140.520     6.38    6.50
 114557.958   139.398    -3.06    7.59
 114924.864   133.456   -16.20   10.62
 115291.850   129.655   -10.36    9.04
 115658.917   131.785     5.80    9.92
 116026.063   138.925    19.45   12.06
 116393.290   148.046    24.84   10.76
 116760.598   155.045    19.06    8.29
 117127.985   161.210    16.78    5.52
 117495.454   165.005    10.33    4.15
 117863.002   167.342     6.36    2.43
 118230.632   168.272     2.53    2.61
 118598.342   168.401     0.35    2.95
 118966.132   168.086    -0.86    3.05
 119334.003   167.887    -0.54    2.75
 119701.955   168.094     0.56    2.60
 120069.988   168.927     2.26    3.29
 120438.102   168.485    -1.20    4.17
 120806.297   166.886    -4.34    5.24
 121174.572   165.325    -4.24    5.29
 121542.929   163.134    -5.95    3.84
 121911.367   161.639    -4.06    2.23
 122279.886   160.844    -2.16    1.90
 122648.486   160.655    -0.51    2.22
 123017.167   159.878    -2.11    2.55
 123385.930   158.672    -3.27    3.51
 123754.774   157.577    -2.97    4.50
 124123.699   157.005    -1.55    5.25
 124492.706   159.560     6.92    8.04
 124861.794   165.692    16.62   10.37
 125230.964   173.652    21.56   10.56
 125600.216   180.840    19.47    9.06
 125969.549   186.005    13.99    6.80
 126338.964   188.016     5.44    5.19
 126708.461   186.995    -2.76    5.18
 127078.039   185.916    -2.92    6.08
 127447.700   184.325    -4.30    6.37
 127817.442   181.312    -8.15    6.76
 128187.266   176.501   -13.01    9.70
 128557.173   169.704   -18.38   10.34
 128927.161   162.811   -18.63    8.20
 129297.232   157.632   -14.00    5.58
 129667.385   153.177   -12.04    4.40
 130037.620   147.319   -15.83    7.85
 130407.937   138.285   -24.40   14.18
 130778.337   125.114   -35.56   17.04
 131148.820   116.213   -24.03   13.95
 131519.384   110.926   -14.27    8.41
 131890.032   111.093     0.45    7.73
 132260.762   117.555    17.43   13.07
 132631.574   130.064    33.74   18.53
 133002.469   142.140    32.56   15.73
 133373.447   151.005    23.90    7.99
 133744.508   154.115     8.38    3.62
 134115.652   153.725    -1.05    4.25
 134486.878   152.672    -2.84    4.53
 134858.188   152.107    -1.52    4.86
 135229.581   152.113     0.02    4.80
 135601.056   151.669    -1.19    4.48
 135972.615   153.345     4.51    5.21
 136344.257   156.387     8.19    6.46
 136715.982   159.936     9.55    6.22
 137087.791   162.315     6.40    5.53
 137459.683   162.752     1.18    6.13
 137831.658   162.995     0.65    7.12
 138203.717   163.278     0.76    8.72
 138575.860   165.201     5.17   10.01
 138948.085   166.944     4.68    9.81
 139320.395   168.292     3.62    7.96
 139692.788   169.006     1.92    6.43
 140065.265   167.074    -5.19    6.70
 140437.826   162.450   -12.41    8.86
 140810.471   157.309   -13.80    8.14
 141183.200   153.835    -9.32    5.94
 141556.012   150.360    -9.32    6.16
 141928.909   148.819    -4.13    8.33
 142301.889   148.228    -1.58    9.04
 142674.954   147.397    -2.23    8.29
 143048.103   147.454     0.15    7.68
 143421.337   144.768    -7.20    8.43
 143794.654   136.230   -22.87   13.36
 144168.056   124.245   -32.10   15.65
 144541.543   116.418   -20.96   11.77
 144915.114   116.103    -0.84    9.92
 145288.769   117.926     4.88    9.11
 145662.509   119.335     3.77    7.75
 146036.334   118.510    -2.21    7.57
 146410.243   117.805    -1.89    6.32
 146784.237   120.309     6.69    6.10
 147158.316   124.975    12.48    4.19
 147532.480   126.500     4.08    3.07
 147906.729   126.730     0.62    3.48
 148281.063   124.383    -6.27    4.79
 148655.482   120.975    -9.10    4.89
 149029.986   117.152   -10.21    4.78
 149404.575   113.542    -9.64    4.56
 149779.249   111.123    -6.46    4.01
 150154.009   109.371    -4.67    3.11
 150528.854   107.397    -5.27    3.13
 150903.784   105.570    -4.88    3.23
 151278.800   104.848    -1.92    4.25
 151653.901   104.286    -1.50    4.65
 152029.088   104.134    -0.41    4.84
 152404.361   105.250     2.97    5.37
 152779.719   108.192     7.84    5.32
 153155.163   112.197    10.67    6.35
 153530.692   116.801    12.26    5.45
 153906.308   121.014    11.22    5.30
 154282.010   123.884     7.64    4.39
 154657.797   126.613     7.26    4.18
 155033.671   128.695     5.54    4.17
 155409.630   129.103     1.08    3.83
 155785.676   128.848    -0.68    3.75
 156161.808   127.886    -2.56    3.71
 156538.026   127.142    -1.98    3.35
 156914.331   127.691     1.46    3.72
 157290.722   128.779     2.89    3.46
 157667.199   130.783     5.32    3.98
 158043.763   133.544     7.33    5.09
 158420.413   136.841     8.75    5.24
 158797.150   138.860     5.36    4.49
 159173.974   139.996     3.01    3.37
 159550.884   137.985    -5.33    3.82
 159927.882   135.225    -7.32    3.96
 160304.966   132.274    -7.83    3.66
 160682.137   129.291    -7.91    3.27
 161059.395   125.956    -8.84    4.62
 161436.740   122.985    -7.87    5.29
 161814.172   121.328    -4.39    6.91
 162191.691   120.411    -2.43    8.66
 162569.298   119.134    -3.38    9.66
 162946.992   117.162    -5.22    9.00
 163324.773   118.421     3.33    8.95
 163702.641   120.466     5.41    9.40
 164080.597   123.721     8.61    9.06
 164458.640   125.199     3.91    7.70
 164836.771   126.066     2.29    4.80
 165214.990   124.319    -4.62    5.08
 165593.296   120.016   -11.38    7.24
 165971.690   113.947   -16.04    9.29
 166350.172   106.560   -19.52    9.21
 166728.742    99.947   -17.47    9.01
 167107.400    92.841   -18.77    8.23
 167486.145    84.928   -20.90   11.25
 167864.979    78.050   -18.16   12.27
 168243.901    69.956   -21.36   13.57
 168622.911    61.159   -23.21   12.12
 169002.009    55.791   -14.16    9.67
 169381.196    50.975   -12.70    5.00
 169760.470    51.582     1.60    5.67
 170139.834    56.218    12.22    9.16
 170519.286    63.701    19.72   10.73
 170898.826    69.665    15.72    7.68
 171278.455    73.141     9.16    4.81
 171658.172    73.718     1.52    4.14
 172037.978    72.781    -2.47    4.01
 172417.874    72.358    -1.12    4.30
 172797.857    71.411    -2.49    4.04
 173177.930    70.799    -1.61    3.79
 173558.092    71.113     0.83    3.49
 173938.343    69.743    -3.60    3.97
 174318.683    66.199    -9.32    4.50
 174699.112    63.607    -6.81    4.25
 175079.630    61.937    -4.39    3.18
 175460.237    61.691    -0.65    2.84
 175840.934    62.292     1.58    2.18
 176221.720    63.428     2.98    2.52
 176602.596    64.354     2.43    3.56
 176983.561    64.529     0.46    4.84
 177364.616    64.490    -0.10    5.59
 177745.761    63.149    -3.52    5.56
 178126.995    61.045    -5.52    4.14
 178508.319    59.593    -3.81    4.85
 178889.732    58.450    -3.00    6.75
 179271.236    56.880    -4.12    7.83
 179652.830    54.263    -6.86    7.05
 180030.415    51.485    -7.36    5.16
 180395.090    51.169    -0.87    4.79
 180759.845    54.457     9.01    9.47
 181124.681    56.956     6.85   12.13
 181489.597    61.515    12.49   12.49
 181854.594    64.447     8.03   11.40
 182219.673    67.740     9.02    7.81
 182584.832    68.616     2.40    5.57
 182950.072    69.015     1.09    4.36
 183315.392    69.150     0.37    4.18
 183680.795    69.180     0.08    4.07
 184046.278    69.685     1.38    3.50
 184411.842    70.385     1.92    3.09
 184777.487    70.914     1.45    2.93
 185143.214    70.316    -1.64    2.68
 185509.022    69.772    -1.49    1.92
 185874.912    71.123     3.69    3.37
 186240.883    72.851     4.72    3.78
 186606.935    74.364     4.14    3.25
 186973.069    74.918     1.51    2.43
 187339.285    74.635    -0.77    2.68
 187705.582    73.005    -4.45    3.55
 188071.961    71.091    -5.22    4.32
 188438.421    69.540    -4.23    4.53
 188804.964    68.649    -2.43    4.47
 189171.588    66.822    -4.98    3.22
 189538.295    66.110    -1.94    2.60
 189905.083    66.005    -0.29    2.53
 190271.953    66.927     2.51    4.14
 190638.905    68.380     3.96    5.18
 191005.940    70.255     5.11    5.88
 191373.056    71.595     3.65    6.18
 191740.255    71.147    -1.22    6.38
 192107.537    69.309    -5.00    6.60
 192474.900    66.879    -6.62    6.19
 192842.346    63.485    -9.24    5.00
 193209.875    60.899    -7.04    4.24
 193577.486    58.138    -7.51    2.91
 193945.179    55.947    -5.96    2.88
 194312.955    54.619    -3.61    3.02
 194680.814    54.639     0.05    3.31
 195048.756    56.335     4.61    4.52
 195416.780    59.898     9.68    4.75
 195784.888    62.678     7.55    3.64
 196153.078    64.017     3.64    3.09
 196521.351    63.900    -0.32    2.71
 196889.707    63.579    -0.87    2.38
 197258.146    63.728     0.40    2.72
 197626.669    64.338     1.65    3.41
 197995.274    65.830     4.05    3.69
 198363.963    67.158     3.60    3.95
 198732.735    68.353     3.24    4.27
 199101.591    68.797     1.20    4.83
 199470.529    67.965    -2.25    5.17
 199839.552    66.091    -5.08    5.06
 200208.658    63.646    -6.63    5.21
 200577.847    60.781    -7.76    4.38
 200947.120    58.523    -6.12    3.42
 201316.477    56.996    -4.14    2.76
 201685.917    56.354    -1.74    2.39
 202055.442    56.745     1.06    3.44
 202425.050    56.322    -1.15    4.07
 202794.742    54.811    -4.09    4.84
 203164.518    52.995    -4.91    4.63
 203534.378    51.697    -3.51    4.28
 203904.322    50.084    -4.36    5.23
 204274.351    49.345    -2.00    5.51
 204644.463    48.842    -1.36    6.08
 205014.660    49.787     2.55    7.22
 205384.941    51.180     3.76    7.72
 205755.307    53.789     7.05    7.19
 206125.756    55.616     4.93    6.26
 206496.291    57.365     4.72    5.86
 206866.910    57.166    -0.54    5.84
 207237.613    56.894    -0.74    4.97
 207608.402    53.909    -8.05    5.34
 207979.274    50.352    -9.59    6.51
 208350.232    46.538   -10.28    6.06
 208721.275    44.543    -5.38    5.20
 209092.402    44.121    -1.14    5.17
 209463.614    45.090     2.61    6.17
 209834.912    48.015     7.88    7.16
 210206.294    51.202     8.58    6.91
 210577.762    53.336     5.74    7.81
 210949.314    53.466     0.35    8.18
 211320.952    53.704     0.64    7.51
 211692.676    53.919     0.58    5.55
 212064.484    53.414    -1.36    4.11
 212436.378    54.286     2.35    3.76
 212808.358    55.787     4.04    4.38
 213180.423    57.985     5.91    5.02
 213552.573    60.471     6.68    4.29
 213924.809    61.905     3.85    3.48
 214297.131    62.595     1.85    3.40
 214669.539    62.471    -0.33    3.51
 215042.033    60.616    -4.98    4.57
 215414.612    58.597    -5.42    5.05
 215787.277    56.707    -5.07    4.80
 216160.029    55.193    -4.06    4.20
 216532.866    55.966     2.07    3.59
 216905.789    57.357     3.73    3.67
 217278.799    58.496     3.05    3.34
 217651.895    59.604     2.97    2.81
 218025.077    60.286     1.83    2.67
 218398.346    60.533     0.66    2.79
 218771.700    60.110    -1.13    2.84
 219145.142    61.121     2.71    2.81
 219518.670    61.290     0.45    3.03
 219892.284    61.335     0.12    3.01
 220265.985    61.080    -0.68    3.22
 220639.773    59.863    -3.26    4.07
 221013.648    58.890    -2.60    5.16
 221387.609    58.844    -0.12    5.77
 221761.658    59.853     2.70    6.02
 222135.793    59.514    -0.91    6.74
 222510.015    57.457    -5.50    7.77
 222884.324    54.956    -6.68    7.50
 223258.721    50.927   -10.76    6.04
 223633.205    47.187    -9.99    6.06
 224007.775    44.132    -8.16    6.61
 224382.434    43.414    -1.92    6.68
 224757.179    42.628    -2.10    8.06
 225132.012    41.764    -2.31   11.27
 225506.933    39.521    -5.98   14.57
 225881.941    35.421   -10.94   15.24
 226257.036    32.514    -7.75   14.09
 226632.220    30.042    -6.59   13.33
 227007.491    27.414    -7.00   12.35
 227382.849    27.547     0.36   12.44
 227758.296    31.909    11.62   13.50
 228133.830    38.848    18.48   11.85
 228509.453    42.174     8.86    9.96
 228885.164    41.814    -0.96   12.22
 229260.962    36.759   -13.45   14.43
 229636.849    29.536   -19.22   13.13
 230012.824    24.214   -14.16   10.73
 230388.887    21.534    -7.13    7.75
 230765.039    23.719     5.81    9.94
 231141.279    28.755    13.39   12.30
 231517.607    35.844    18.84   10.99
 231894.024    40.816    13.21    8.52
 232270.530    44.457     9.67    7.85
 232647.124    46.414     5.20    6.73
 233023.807    48.811     6.36    4.64
 233400.579    50.149     3.55    4.12
 233777.440    50.016    -0.35    4.81
 234154.389    50.532     1.37    5.12
 234531.427    50.065    -1.24    5.42
 234908.555    49.890    -0.46    5.43
