# NaN NaN NaN ;Mean Elev.(m), Avg Gradient(m/km), RMS Gradient(m/km) - SRTM1     
#  -15.000  -5.178   7.950 ;Mean Elev.(m), Avg Gradient(m/km), RMS Gradient(m/km) - ASTER GDEM
#    1.342  -3.025   5.861 ;Mean Elev.(m), Avg Gradient(m/km), RMS Gradient(m/km) - GMTED2010 
  7  86.898141  66.605585     7.577     8.683 10 52471.23149151 17.781
  8  86.902784  66.610707     4.144     4.121  8 52506.23146987 40.296
  9  86.919514  66.601623    13.687    17.842 10 52541.23145336 17.781
 10  86.900440  66.604482     3.265     3.286 10 52576.23150133 42.382
 11  86.895754  66.605342     6.884     5.422 10 52611.23146354 15.804
 12  86.908632  66.604427     6.723     6.702 10 52646.23145046 14.030
 13  86.904458  66.605767     9.997     8.199 10 52681.23142265 10.807
 15  86.883943  66.607443     9.341     5.454 10 52751.23150329 11.856
 16  86.917510  66.603001    17.335    17.012 10 52786.23144680 29.023
 17  86.914270  66.603764     4.949     4.997 10 52821.23152060 46.009
 18  86.910927  66.602806     8.474     7.011 10 52856.23156846 12.507
 19  86.902558  66.606834     8.798     4.854 10 52891.23160055 12.672
 20  86.888572  66.606998     8.179     5.322 10 52926.23155358 18.980
 21  86.918506  66.600707     3.762     1.258 10 52961.23152181 19.502
 22  86.904568  66.605247     5.800     7.182 10 52996.23156062 16.014
 23  86.891300  66.607822     2.815     2.152 10 53031.23152233 16.881
 24  86.911008  66.604864     8.689     7.834 10 53066.23153005 13.713
 25  86.887116  66.607392     6.554     3.116 10 53101.23153009 13.596
 26  86.913011  66.603620     4.981     2.487 10 53136.23153163 11.881
 27  86.905280  66.604977    16.220    16.225 10 53171.23158371 49.891
 28  86.900149  66.604755     8.278     3.919 10 53206.23159715 15.700
 29  86.900582  66.606654    11.821    14.206 10 53241.23156460 11.834
 30  86.920802  66.603012     6.512     4.493 10 53276.23153438 21.573
 31  86.906651  66.608393     2.960     3.515  9 53311.23157556 43.749
 32  86.900220  66.605874     6.472     6.140 11 53346.23154215 11.791
 33  86.920406  66.603029     8.471     7.713 10 53381.23149945 10.458
 34  86.909042  66.605482     9.610    11.283 10 53416.23151991 11.699
 35  86.922161  66.601993     8.752     9.427 10 53451.23151721  9.631
 36  86.901023  66.606105    12.254    12.427 11 53486.23160231  9.871
 37  86.903785  66.604605    18.184    18.254 10 53521.23159569 44.137
 38  86.895769  66.606305    13.018    15.435 10 53556.23161984 12.265
 39  86.901330  66.606007    11.517    12.684 10 53591.23155928 12.019
 40  86.914018  66.603906    15.102    18.053 10 53626.23154547 11.376
 41  86.905094  66.603560     6.216     2.973 10 53661.23157169 24.393
 42  86.896864  66.606392     2.041     2.061 11 53696.23154113 23.956
 43  86.895122  66.608219     3.683     1.209 10 53731.23146357 14.321
 44  86.914628  66.602722     6.523     5.915 10 53766.23143507 13.187
 45  86.896724  66.605510     7.200     5.542 10 53801.23143754 12.629
 46  86.915885  66.601500     6.797     6.899 10 53836.23144422 12.632
 47  86.906799  66.604468     2.329     2.531 10 53871.23150037 22.040
 48  86.903917  66.605611    12.732    11.913 10 53906.23153848 25.084
 49  86.896790  66.607705     8.115     4.116 10 53941.23156750 15.076
 50  86.891023  66.606698     5.558     3.975 10 53976.23152376 13.943
 51  86.917916  66.600690     9.620    10.824 10 54011.23152539 15.112
 52  86.911368  66.602767     5.504     6.377 10 54046.23153975 15.025
 54  86.888945  66.607861     7.990     4.498 10 54116.23146566 14.794
 55  86.904843  66.606001    17.413    16.761 10 54151.23148244  8.671
 56  86.892273  66.608587    13.791    15.621 10 54186.23145770  8.101
 57  86.908835  66.604980     4.152     4.180 10 54221.23149197 21.692
 58  86.902009  66.604292    14.584    14.551 10 54256.23151530 44.890
 59  86.905732  66.605756    12.798    14.024 10 54291.23151683 14.015
 60  86.903402  66.606285     4.334     4.411 10 54326.23151430 38.755
 61  86.889609  66.607445     4.527     4.355 10 54361.23146606 42.120
 62  86.907359  66.604199     3.254     3.277 11 54396.23145453 45.847
 63  86.897106  66.607461     1.389     1.363 10 54431.23141593 25.717
 64  86.912623  66.604695     1.755     1.779 10 54466.23143499 21.427
 65  86.899091  66.606433     1.640     1.608 11 54501.23142936 19.412
 66  86.903095  66.603894     7.302     7.596 10 54536.23145048 13.014
 67  86.894121  66.607198    10.878     8.886 10 54571.23143152 11.235
 68  86.906015  66.605971    16.621    16.617 10 54606.23144374 32.981
 69  86.899059  66.604716    10.520     8.632 10 54641.23145366 22.206
 70  86.902854  66.606214     4.735     4.673 10 54676.23145533 42.017
 71  86.894028  66.606453     9.845     8.377 10 54711.23141089 11.791
 72  86.906333  66.604904    17.685    18.385 11 54746.23142341 13.982
 73  86.900421  66.604900     2.703     2.674 10 54781.23139634 29.827
 74  86.907906  66.603907     1.771     1.727 10 54816.23141653 17.039
 75  86.897620  66.605110     4.761     5.384 10 54851.23139432 14.158
 76  86.904653  66.604991     6.663     8.034 11 54886.23142062 12.222
 77  86.886983  66.607552     7.272     5.107 10 54921.23139532 11.567
 78  86.906743  66.603813     3.462     3.478 10 54956.23141629 15.459
 79  86.901903  66.605481    16.027    15.644 10 54991.23143952 26.301
 80  86.900289  66.605885    12.832    15.232 10 55026.23143049 11.933
 81  86.903767  66.606544     2.282     2.244  9 55061.23142355 36.457
 82  86.885357  66.604749    10.419    10.140  9 55096.23137441 14.226
 83  86.906811  66.605794     2.491     2.457 10 55131.23136644 44.876
 84  86.900291  66.606353     2.176     1.377 10 55166.23133581 21.447
 85  86.906286  66.604776     3.537     1.647 10 55201.23135854 15.543
 86  86.895139  66.607254     3.752     2.319 10 55236.23134226 14.165
 87  86.903804  66.606052     2.664     2.367 10 55271.23135284 13.787
 88  86.890273  66.605928     9.121     8.914 10 55306.23132396 14.366
 89  86.903643  66.604392    10.145    10.044 10 55341.23132360 42.194
 90  86.899108  66.605609    18.197    18.477 10 55376.23131663 15.085
 91  86.909008  66.605436    18.001    18.845 10 55411.23133907 13.398
 92  86.901530  66.605518     6.221     3.699 11 55446.23133192 25.742
 93  86.890325  66.609652     3.516     3.521  9 55481.23126430 28.444
