-100457.049    43.164     0.00    6.59
-100087.741    49.973    18.44   10.49
 -99718.352    60.910    29.61   19.01
 -99348.881    80.917    54.15   30.45
 -98979.328   103.170    60.21   30.71
 -98609.694   127.941    67.01   28.69
 -98239.978   145.450    47.35   22.96
 -97870.179   157.450    32.45   15.50
 -97500.299   161.100     9.87   11.35
 -97130.336   157.707    -9.17   12.83
 -96760.292   149.029   -23.45   16.17
 -96390.165   136.194   -34.68   19.86
 -96019.956   118.725   -47.18   22.84
 -95649.665   100.495   -49.23   21.28
 -95279.292    82.725   -47.97   18.81
 -94908.836    69.879   -34.68   14.54
 -94538.298    60.307   -25.83    8.46
 -94167.677    55.832   -12.07    4.47
 -93796.974    53.929    -5.13    2.63
 -93426.188    53.412    -1.40    2.52
 -93055.320    52.365    -2.82    2.08
 -92684.369    52.297    -0.18    2.12
 -92313.335    53.179     2.38    2.32
 -91942.218    53.951     2.08    2.03
 -91571.019    54.475     1.41    1.40
 -91199.736    54.373    -0.28    0.98
 -90828.371    53.835    -1.45    0.98
 -90456.922    53.140    -1.87    0.98
 -90085.391    52.755    -1.04    1.06
 -89713.776    52.594    -0.43    1.17
 -89342.078    52.284    -0.83    1.38
 -88970.297    51.888    -1.07    1.57
 -88598.433    51.745    -0.38    1.85
 -88226.485    51.237    -1.37    1.79
 -87854.454    50.716    -1.40    1.66
 -87482.339    50.180    -1.44    1.31
 -87110.141    50.396     0.58    2.00
 -86737.859    51.216     2.20    2.66
 -86365.494    51.061    -0.42    3.43
 -85993.045    49.971    -2.93    4.44
 -85620.512    48.758    -3.26    5.02
 -85247.895    46.981    -4.77    4.63
 -84875.195    45.265    -4.60    3.83
 -84502.410    43.981    -3.45    2.83
 -84129.542    43.586    -1.06    3.34
 -83756.589    43.706     0.32    3.53
 -83383.553    43.850     0.39    3.12
 -83010.432    45.129     3.43    3.02
 -82637.228    46.262     3.04    2.91
 -82263.939    47.370     2.97    2.19
 -81890.565    47.549     0.48    1.84
 -81517.108    47.990     1.18    1.66
 -81143.565    48.621     1.69    2.17
 -80769.939    49.878     3.36    2.82
 -80396.228    51.874     5.34    2.78
 -80022.432    53.979     5.63    2.47
 -79648.552    56.706     7.29    3.48
 -79274.586    58.414     4.57    3.52
 -78900.537    61.767     8.96    5.68
 -78526.402    64.500     7.30    6.30
 -78152.182    66.624     5.67    5.82
 -77777.878    68.931     6.16    5.75
 -77403.489    72.232     8.82    6.73
 -77029.014    75.500     8.73    6.91
 -76654.454    79.081     9.56    6.07
 -76279.810    81.696     6.98    5.39
 -75905.080    84.177     6.62    4.47
 -75530.264    84.524     0.93    4.46
 -75155.364    82.792    -4.62    5.20
 -74780.378    82.010    -2.09    6.83
 -74405.307    81.495    -1.37    7.52
 -74030.150    82.282     2.10    7.56
 -73654.907    84.515     5.95    6.80
 -73279.579    87.598     8.21    5.58
 -72904.165    87.901     0.81    5.82
 -72528.666    86.120    -4.74    7.75
 -72153.081    80.874   -13.97   10.87
 -71777.409    71.596   -24.70   13.21
 -71401.652    62.767   -23.50   12.53
 -71025.809    55.404   -19.59    8.66
 -70649.880    51.272   -10.99    4.63
 -70273.865    49.673    -4.25    2.01
 -69897.764    49.089    -1.55    2.36
 -69521.576    48.758    -0.88    2.70
 -69145.303    49.029     0.72    2.41
 -68768.943    49.150     0.32    1.88
 -68392.496    48.745    -1.08    1.98
 -68015.963    48.762     0.05    2.08
 -67639.344    49.563     2.13    2.77
 -67262.638    49.792     0.61    3.12
 -66885.846    49.490    -0.80    3.59
 -66508.966    48.760    -1.94    4.24
 -66132.000    47.220    -4.09    4.22
 -65754.948    46.544    -1.79    3.26
 -65377.808    46.280    -0.70    2.77
 -65000.582    44.990    -3.42    2.98
 -64623.268    43.000    -5.27    3.55
 -64245.868    41.039    -5.20    3.95
 -63868.380    39.638    -3.71    4.26
 -63490.806    38.282    -3.59    4.76
 -63113.144    35.337    -7.80    6.01
 -62735.395    32.490    -7.54    6.14
 -62357.558    30.485    -5.31    5.25
 -61979.634    30.437    -0.13    4.75
 -61601.623    33.010     6.81    5.16
 -61223.524    36.067     8.09    5.26
 -60845.338    38.461     6.33    3.51
 -60467.064    39.641     3.12    2.34
 -60088.702    40.750     2.93    2.28
 -59710.253    42.549     4.75    3.11
 -59331.716    43.706     3.06    3.45
 -58953.091    45.098     3.68    3.21
 -58574.378    46.588     3.93    3.02
 -58195.577    48.373     4.71    2.61
 -57816.688    49.731     3.58    2.32
 -57437.711    50.644     2.41    1.72
 -57058.646    50.951     0.81    1.49
 -56679.492    50.700    -0.66    1.57
 -56300.250    49.827    -2.30    2.26
 -55920.920    48.230    -4.21    2.57
 -55541.502    47.359    -2.29    2.38
 -55161.995    46.677    -1.80    1.88
 -54782.399    46.390    -0.75    1.82
 -54402.715    45.096    -3.41    2.93
 -54022.942    42.467    -6.92    4.40
 -53643.081    40.062    -6.33    3.87
 -53263.131    38.272    -4.71    3.23
 -52883.092    37.582    -1.82    3.43
 -52502.964    37.845     0.69    3.47
 -52122.747    38.708     2.27    2.89
 -51742.441    38.330    -0.99    2.46
 -51362.046    37.351    -2.58    2.85
 -50981.562    34.904    -6.43    4.33
 -50600.988    32.168    -7.19    3.95
 -50220.326    32.124    -0.12    4.56
 -49839.574    33.130     2.64    5.62
 -49458.732    33.817     1.80    5.96
 -49077.802    35.730     5.02    5.14
 -48696.781    36.824     2.87    3.79
 -48315.671    36.640    -0.48    3.17
 -47934.472    34.854    -4.68    4.03
 -47553.183    32.703    -5.64    3.20
 -47171.804    31.272    -3.75    3.04
 -46790.335    31.545     0.71    3.76
 -46408.776    31.716     0.45    3.97
 -46036.470    31.912     0.53    5.18
 -45671.816    32.218     0.84    6.02
 -45307.082    32.846     1.72    5.58
 -44942.266    32.929     0.23    5.26
 -44577.371    30.375    -7.00    6.95
 -44212.394    26.078   -11.77    9.92
 -43847.337    21.786   -11.76   11.37
 -43482.198    18.196    -9.83   12.17
 -43116.979    15.619    -7.06   13.56
 -42751.679    14.126    -4.09   15.02
 -42386.298    11.970    -5.90   15.47
 -42020.836     8.500    -9.50   13.72
 -41655.293     4.712   -10.36    9.99
 -41289.669     1.990    -7.44    6.04
 -40923.963     0.308    -4.60    1.56
 -40558.176     0.000    -0.84    0.00
 -40192.308     0.000     0.00    0.00
 -39826.358     0.000     0.00    0.00
 -39460.327     0.000     0.00    0.00
 -39094.215     0.000     0.00    0.00
 -38728.021     0.000     0.00    0.00
 -38361.745     0.000     0.00    0.00
 -37995.388     0.000     0.00    0.00
 -37628.949     0.000     0.00    0.00
 -37262.428     0.000     0.00    0.00
 -36895.826     0.000     0.00    0.00
 -36529.141     0.000     0.00    0.00
 -36162.375     0.000     0.00    0.00
 -35795.527     0.000     0.00    0.00
 -35428.596     0.000     0.00    0.00
 -35061.584     0.000     0.00    0.00
 -34694.490     0.000     0.00    0.00
 -34327.313     0.000     0.00    0.00
 -33960.054     0.038     0.10    0.39
 -33592.713     0.235     0.53    1.16
 -33225.289     0.505     0.74    2.51
 -32857.783     0.835     0.90    3.36
 -32490.194     0.471    -0.99    1.97
 -32122.523     0.096    -1.02    0.45
 -31754.770     0.050    -0.13    0.26
 -31386.934     0.162     0.30    0.76
 -31019.015     0.561     1.09    2.17
 -30651.013     0.491    -0.19    2.03
 -30282.929     0.412    -0.21    1.80
 -29914.761     0.144    -0.73    0.67
 -29546.511     0.163     0.05    0.79
 -29178.178     0.230     0.18    1.11
 -28809.762     0.670     1.19    2.62
 -28441.263     1.753     2.94    5.80
 -28072.680     3.346     4.32    8.52
 -27704.015     4.252     2.46    9.42
 -27335.266     5.250     2.71    9.44
 -26966.434     7.114     5.05   11.46
 -26597.518    10.515     9.22   14.15
 -26228.519    17.543    19.05   18.49
 -25859.437    25.439    21.39   21.13
 -25490.271    34.615    24.86   21.17
 -25121.022    43.465    23.97   17.65
 -24751.689    51.941    22.95   10.35
 -24382.272    55.914    10.75    5.62
 -24012.771    57.373     3.95    3.60
 -23643.187    55.800    -4.25    4.37
 -23273.519    52.704    -8.37    4.93
 -22903.767    49.086    -9.79    4.54
 -22533.931    46.431    -7.18    4.65
 -22164.011    44.019    -6.52    6.08
 -21794.006    41.495    -6.82    8.45
 -21423.918    37.157   -11.72   10.64
 -21053.746    35.837    -3.57    9.80
 -20683.489    37.224     3.75    9.80
 -20313.148    39.429     5.95   11.16
 -19942.722    42.370     7.94   11.49
 -19572.212    43.726     3.66   11.58
 -19201.618    44.106     1.02   11.31
 -18830.939    44.835     1.97    9.94
 -18460.176    44.748    -0.24    8.23
 -18089.327    46.505     4.74    5.91
 -17718.395    47.752     3.36    3.70
 -17347.377    48.133     1.02    3.40
 -16976.274    47.962    -0.46    3.42
 -16605.087    47.208    -2.03    3.73
 -16233.815    45.552    -4.46    4.89
 -15862.457    42.581    -8.00    6.27
 -15491.015    40.437    -5.77    5.86
 -15119.488    40.452     0.04    5.22
 -14747.875    41.214     2.05    4.19
 -14376.177    42.085     2.34    4.36
 -14004.394    43.612     4.11    4.90
 -13632.525    44.558     2.54    5.31
 -13260.571    44.186    -1.00    5.23
 -12888.532    43.562    -1.68    4.30
 -12516.407    43.038    -1.41    3.89
 -12144.197    41.738    -3.49    4.11
 -11771.901    40.686    -2.83    4.39
 -11399.519    39.400    -3.45    3.83
 -11027.051    38.132    -3.40    3.06
 -10654.498    37.367    -2.05    2.49
 -10281.858    38.087     1.93    2.88
  -9909.133    38.718     1.70    2.70
  -9536.322    39.524     2.16    2.50
  -9163.425    40.162     1.71    2.44
  -8790.441    40.874     1.91    2.26
  -8417.372    40.566    -0.82    2.77
  -8044.216    39.693    -2.34    2.63
  -7670.974    39.838     0.39    3.17
  -7297.646    40.163     0.87    3.81
  -6924.231    39.028    -3.04    4.69
  -6550.730    37.908    -3.00    5.28
  -6177.142    36.942    -2.59    6.27
  -5803.467    37.020     0.21    7.26
  -5429.706    37.854     2.23    7.16
  -5055.859    38.448     1.59    6.09
  -4681.924    36.699    -4.68    5.62
  -4307.903    33.537    -8.45    5.52
  -3933.795    29.697   -10.26    4.03
  -3559.600    26.019    -9.83    5.40
  -3185.318    21.388   -12.37    7.42
  -2810.948    16.657   -12.64    8.62
  -2436.492    11.456   -13.89    8.88
  -2061.949     6.769   -12.51    8.04
  -1687.318     3.388    -9.02    6.22
  -1312.600     0.650    -7.31    2.27
   -937.794     0.000    -1.74    0.00
   -562.902     0.000     0.00    0.00
   -187.921     0.000     0.00    0.00
    187.146     0.000     0.00    0.00
    562.302     0.029     0.08    0.17
    937.545     0.092     0.17    0.29
   1312.876     0.189     0.26    0.39
   1688.294     0.376     0.50    0.55
   2063.801     0.962     1.56    1.59
   2439.395     2.119     3.08    2.91
   2815.077     3.486     3.64    3.70
   3190.848     3.913     1.14    3.92
   3566.706     3.408    -1.35    4.23
   3942.653     1.942    -3.90    3.77
   4318.688     0.583    -3.62    1.84
   4694.811     3.429     7.57    6.35
   5071.022     7.475    10.76    8.28
   5447.322    12.514    13.39    8.44
   5823.710    17.847    14.17    5.65
   6200.187    20.234     6.34    3.34
   6576.752    21.304     2.84    3.11
   6953.406    22.981     4.45    5.23
   7330.149    25.631     7.03    7.65
   7706.981    27.404     4.70    9.04
   8083.901    28.769     3.62    9.79
   8460.910    30.606     4.87   10.64
   8838.008    34.317     9.84   14.16
   9215.195    41.962    20.27   14.68
   9592.472    49.876    20.98   10.50
   9969.837    54.235    11.55    6.71
  10347.291    54.821     1.55    5.31
  10724.835    53.388    -3.80    5.36
  11102.468    49.495   -10.31    6.74
  11480.191    45.194   -11.39    7.17
  11858.003    43.617    -4.17    6.45
  12235.904    45.280     4.40    6.62
  12613.896    48.321     8.04    7.41
  12991.976    51.583     8.63    7.08
  13370.147    52.067     1.28    6.57
  13748.407    51.740    -0.86    5.83
  14126.757    49.913    -4.83    5.36
  14505.197    46.413    -9.25    6.44
  14883.727    45.644    -2.03    7.31
  15262.347    47.924     6.02    9.16
  15641.056    52.748    12.74    9.58
  16019.857    57.708    13.09    6.60
  16398.747    59.718     5.31    5.69
  16777.727    60.274     1.46    5.95
  17156.798    61.959     4.45    7.59
  17535.960    64.781     7.44    9.33
  17915.211    68.806    10.61   10.60
  18294.554    72.990    11.03    9.05
  18673.987    75.245     5.94    6.87
  19053.510    71.500    -9.87   12.75
  19433.124    65.725   -15.21   16.42
  19812.829    61.048   -12.32   16.37
  20192.625    61.621     1.51   17.64
  20572.512    68.962    19.32   19.54
  20952.490    77.510    22.50   14.38
  21332.559    83.774    16.48    5.64
  21712.719    83.250    -1.38    7.45
  22092.970    82.808    -1.16    8.47
  22473.312    81.457    -3.55    9.38
  22853.745    78.724    -7.18   12.07
  23234.270    77.267    -3.83   14.08
  23614.887    75.462    -4.74   16.96
  23995.595    74.991    -1.24   18.91
  24376.394    75.192     0.53   19.05
  24757.285    76.698     3.95   17.70
  25138.268    82.392    14.95   13.71
  25519.342    84.861     6.48    9.87
  25900.509    84.788    -0.19   10.18
  26281.767    82.748    -5.35   10.05
  26663.117    83.500     1.97    7.61
  27044.559    86.364     7.51    7.57
  27426.093    87.092     1.91    8.89
  27807.720    87.234     0.37    8.77
  28189.438    85.592    -4.30   11.50
  28568.469    81.868    -9.83   12.97
  28932.878    78.320    -9.74   14.43
  29297.370    76.705    -4.43   12.61
  29661.944    78.396     4.64    9.83
  30026.601    82.155    10.31   12.19
  30391.340    86.880    12.95   13.11
  30756.162    89.295     6.62   13.21
  31121.067    92.914     9.92   18.54
  31486.054    98.065    14.11   23.04
  31851.124   107.167    24.93   26.67
  32216.276   111.852    12.83   25.23
  32581.512   116.412    12.49   25.15
  32946.830   118.095     4.61   24.08
  33312.232   117.179    -2.51   20.89
  33677.716   116.260    -2.52   16.64
  34043.284   111.196   -13.85   11.23
  34408.934   108.265    -8.02    8.85
  34774.668   104.130   -11.31   10.58
  35140.485    97.905   -17.02   10.52
  35506.385    91.745   -16.83   11.34
  35872.369    83.826   -21.64   12.44
  36238.436    81.020    -7.66   11.42
  36604.587    80.046    -2.66   10.37
  36970.821    76.481    -9.73   10.31
  37337.138    70.152   -17.28   17.13
  37703.540    61.815   -22.76   19.90
  38070.025    51.490   -28.17   17.69
  38436.593    42.140   -25.51   11.89
  38803.246    36.544   -15.26    7.07
  39169.982    34.283    -6.16    7.14
  39536.803    32.566    -4.68    7.71
  39903.707    31.096    -4.01    6.58
  40270.696    30.159    -2.55    5.72
  40637.768    29.720    -1.20    6.26
  41004.925    29.738     0.05    6.98
  41372.166    28.604    -3.09    7.02
  41739.491    28.321    -0.77    6.95
  42106.900    28.208    -0.31    6.54
  42474.394    28.951     2.02    6.23
  42841.972    29.841     2.42    5.72
  43209.635    30.212     1.01    4.95
  43577.382    30.924     1.94    5.26
  43945.214    31.785     2.34    5.57
  44313.131    31.330    -1.24    5.54
  44681.132    32.667     3.63    5.30
  45049.218    35.375     7.36    6.04
  45417.389    38.472     8.41    6.76
  45785.645    40.914     6.63    6.83
  46153.986    42.302     3.77    5.58
  46522.412    41.406    -2.43    5.66
  46890.923    39.647    -4.77    5.81
  47259.519    37.704    -5.27    5.19
  47628.200    36.699    -2.73    4.41
  47996.967    36.542    -0.43    4.73
  48365.819    38.112     4.26    5.20
  48734.756    39.190     2.92    4.74
  49103.779    39.542     0.95    5.08
  49472.887    38.564    -2.65    6.45
  49842.080    38.657     0.25    7.08
  50211.360    39.573     2.48    7.34
  50580.725    42.093     6.82    6.03
  50950.175    41.570    -1.41    6.43
  51319.712    37.317   -11.51    9.50
  51689.334    32.165   -13.94    9.74
  52059.042    25.911   -16.92    8.50
  52428.837    20.264   -15.27    7.94
  52798.717    16.596    -9.92    7.11
  53168.683    13.860    -7.40    5.33
  53538.736    14.670     2.19    5.81
  53908.874    17.466     7.55    6.20
  54279.099    19.556     5.64    5.50
  54649.410    20.990     3.87    4.21
  55019.808    22.324     3.60    2.50
  55390.292    22.692     0.99    1.80
  55760.863    22.794     0.28    1.76
  56131.520    22.642    -0.41    1.90
  56502.264    22.413    -0.62    2.37
  56873.094    22.213    -0.54    3.02
  57244.011    21.596    -1.66    5.86
  57615.015    20.168    -3.85    9.01
  57986.106    17.635    -6.83   10.23
  58357.284    17.981     0.93   11.07
  58728.549    19.849     5.03   10.07
  59099.900    21.798     5.25    8.38
  59471.339    21.064    -1.98    7.48
  59842.865    20.310    -2.03    6.32
  60214.479    21.000     1.86    6.52
  60586.179    22.067     2.87    5.64
  60957.967    24.832     7.44    5.11
  61329.842    27.551     7.31    7.56
  61701.805    32.476    13.24    9.93
  62073.855    38.262    15.55    9.27
  62445.993    42.861    12.36    7.05
  62818.219    42.355    -1.36    8.40
  63190.532    39.567    -7.49    9.44
  63562.933    35.355   -11.31    8.33
  63935.422    31.321   -10.83    5.82
  64307.999    28.411    -7.81    5.40
  64680.664    26.402    -5.39    5.06
  65053.416    23.990    -6.47    3.30
  65426.257    22.787    -3.23    2.20
  65799.186    22.500    -0.77    1.92
  66172.204    21.444    -2.83    3.98
  66545.309    20.821    -1.67    5.68
  66918.503    23.073     6.04    7.49
  67291.785    28.206    13.75    9.68
  67665.156    34.701    17.40    9.43
  68038.615    37.778     8.24    7.61
  68412.163    34.317    -9.26   11.00
  68785.799    27.370   -18.59   14.50
  69159.524    18.510   -23.71   11.38
  69533.338    12.726   -15.47    6.39
  69907.241    10.491    -5.98    3.60
  70281.232     9.713    -2.08    2.44
  70655.313     9.224    -1.31    1.30
  71029.482     9.028    -0.52    0.29
  71403.741     9.000    -0.07    0.00
  71778.089     9.000     0.00    0.00
  72152.526     9.624     1.67    2.29
  72527.052    12.107     6.63    5.83
  72901.668    14.183     5.54    7.40
  73276.373    16.619     6.50    7.39
  73651.167    17.991     3.66    7.16
  74026.051    18.065     0.20    6.93
  74401.025    18.538     1.26    6.80
  74776.088    19.324     2.10    6.25
  75151.241    21.272     5.19    4.25
  75526.484    21.844     1.52    3.49
  75901.816    21.020    -2.19    4.39
  76277.238    20.546    -1.26    4.71
  76652.751    20.833     0.76    4.01
  77028.353    21.661     2.20    1.83
  77404.046    21.551    -0.29    1.64
  77779.829    21.439    -0.30    1.52
  78155.701    21.551     0.30    1.68
  78531.665    21.858     0.82    2.05
  78907.718    22.333     1.26    2.00
  79283.862    22.451     0.31    1.86
  79660.097    22.817     0.97    1.93
  80036.422    23.010     0.51    1.83
  80412.837    23.119     0.29    1.90
  80789.344    23.170     0.13    1.87
  81165.941    22.954    -0.57    1.87
  81542.628    22.720    -0.62    2.00
  81919.407    22.963     0.65    2.06
  82296.277    22.860    -0.27    2.55
  82673.237    24.889     5.38    4.91
  83050.289    29.055    11.05    6.74
  83427.432    33.236    11.09    6.83
  83804.666    35.917     7.11    5.40
  84181.991    35.135    -2.07    4.99
  84559.408    32.275    -7.58    5.48
  84936.916    28.660    -9.58    4.29
  85314.515    26.919    -4.61    3.61
  85692.206    29.396     6.56    7.28
  86069.989    38.935    25.25   14.91
  86447.863    47.224    21.94   15.90
  86825.829    54.556    19.40   12.14
  87203.887    58.720    11.01    9.69
  87582.036    59.168     1.19   14.43
  87960.278    57.055    -5.59   17.10
  88338.611    52.971   -10.80   17.48
  88717.037    50.789    -5.77   15.16
  89095.554    50.832     0.11   11.81
  89474.164    48.110    -7.19    9.20
  89852.866    46.039    -5.47    8.67
  90231.661    44.639    -3.70    9.08
  90610.547    43.094    -4.08   10.72
  90989.527    42.791    -0.80   11.90
  91368.598    41.907    -2.33   11.81
  91747.763    40.944    -2.54   10.01
  92127.020    41.019     0.20    7.58
  92506.369    41.528     1.34    5.76
  92885.812    41.422    -0.28    5.19
  93265.347    42.629     3.18    5.10
  93644.975    44.685     5.42    6.82
  94024.697    48.392     9.76    8.36
  94404.511    50.927     6.67    8.51
  94784.418    52.939     5.30    7.76
  95164.419    53.093     0.40    6.00
  95544.513    52.740    -0.93    4.24
  95924.700    52.243    -1.31    4.02
  96304.980    50.519    -4.53    5.98
  96685.354    45.691   -12.69    9.11
  97065.822    38.226   -19.62   11.81
  97446.383    27.919   -27.09   11.52
  97827.038    20.296   -20.03    7.57
  98207.786    15.273   -13.19    4.88
  98588.628    11.759    -9.23    4.85
  98969.565     9.278    -6.51    4.78
  99350.595     6.862    -6.34    3.63
  99731.719     4.454    -6.32    2.66
 100112.937     2.982    -3.86    2.95
 100494.249     1.476    -3.95    2.44
 100875.656     0.275    -3.15    1.06
 101257.157     0.000    -0.72    0.00
 101638.752     0.000     0.00    0.00
 102020.441     0.000     0.00    0.00
 102402.225     0.009     0.02    0.10
 102784.104     0.388     0.99    1.38
 103166.077     2.239     4.84    3.06
 103534.487     4.217     5.37    3.22
 103898.733     6.055     5.05    2.09
 104263.063     6.755     1.92    0.99
 104627.478     5.558    -3.28    2.64
 104991.976     3.642    -5.26    3.33
 105356.559     2.037    -4.40    2.99
 105721.226     0.435    -4.39    1.43
 106085.978     1.464     2.82    4.83
 106450.814    11.202    26.69   20.45
 106815.735    31.193    54.78   31.18
 107180.740    48.648    47.83   27.94
 107545.830    60.120    31.43   13.40
 107911.005    58.937    -3.24    9.65
 108276.265    52.837   -16.70    7.00
 108641.609    46.815   -16.48   10.05
 109007.039    43.704    -8.51   11.42
 109372.553    41.519    -5.98   12.51
 109738.153    39.880    -4.48   11.51
 110103.837    37.615    -6.19    9.19
 110469.607    39.748     5.83    7.73
 110835.462    43.312     9.74    9.16
 111201.402    47.318    10.95    9.29
 111567.428    50.248     8.01    8.22
 111933.539    53.530     8.97    8.60
 112299.735    55.982     6.70   10.16
 112666.017    60.935    13.52   11.55
 113032.385    68.491    20.62   12.42
 113398.838    75.018    17.81    9.95
 113765.377    80.288    14.38    5.98
 114132.002    82.853     7.00    4.58
 114498.712    84.148     3.53    5.00
 114865.508    87.037     7.88    5.81
 115232.391    90.518     9.49    6.05
 115599.359    92.782     6.17    6.23
 115966.413    92.927     0.39    6.65
 116333.554    92.537    -1.06    6.09
 116700.780    93.294     2.06    4.76
 117068.093    95.009     4.67    5.06
 117435.492    95.800     2.15    4.72
 117802.978    96.955     3.14    5.58
 118170.550    95.888    -2.90    7.80
 118538.208    93.964    -5.23    9.16
 118905.953    91.649    -6.30    8.72
 119273.785    90.123    -4.15    6.53
 119641.703    90.360     0.65    5.35
 120009.708    94.248    10.56    7.69
 120377.800    99.500    14.27    7.95
 120745.978   102.642     8.54    6.37
 121114.244   104.734     5.68    5.87
 121482.596   104.642    -0.25    6.03
 121851.035   103.096    -4.20    5.93
 122219.562   101.836    -3.42    5.63
 122588.176   102.193     0.97    6.19
 122956.877   105.101     7.89    7.09
 123325.665   108.685     9.72    6.58
 123694.540   111.569     7.82    4.66
 124063.503   110.036    -4.15    5.48
 124432.554   107.766    -6.15    5.78
 124801.692   105.661    -5.71    4.85
 125170.917   104.902    -2.06    4.04
 125540.230   104.748    -0.42    4.43
 125909.631   104.634    -0.31    6.08
 126279.120   103.562    -2.90    7.19
 126648.696   102.891    -1.82    7.83
 127018.360   102.843    -0.13    8.54
 127388.113   103.148     0.83    9.16
 127757.953   103.236     0.24    9.95
 128127.881   103.553     0.86   10.61
 128497.898   105.164     4.35   10.38
 128868.002   104.981    -0.49    9.05
 129238.195   102.757    -6.01    8.80
 129608.477    95.946   -18.40   11.46
 129978.846    85.486   -28.24   14.51
 130349.304    75.545   -26.84   13.81
 130719.851    70.194   -14.44   10.07
 131090.486    70.973     2.10    8.57
 131461.210    75.991    13.54    9.69
 131832.023    84.679    23.43    9.97
 132202.924    91.189    17.55    8.22
 132573.914    95.848    12.56    6.04
 132944.994    96.339     1.33    5.24
 133316.162    92.736    -9.71    7.68
 133687.419    86.809   -15.97   10.22
 134058.765    82.936   -10.43   10.77
 134430.200    81.991    -2.54   11.17
 134801.725    84.514     6.79   11.56
 135173.338    90.135    15.13    8.49
 135545.042    92.224     5.62    6.86
