-197775.799   163.176     0.00    9.62
-197398.118   166.112     7.77    8.83
-197020.376   167.112     2.65    9.14
-196642.573   167.161     0.13    9.67
-196264.708   165.042    -5.61   10.83
-195886.783   159.126   -15.65   16.26
-195508.797   150.342   -23.24   16.43
-195130.749   145.701   -12.27   11.91
-194752.641   148.742     8.04   13.32
-194374.471   158.450    25.67   13.58
-193996.240   166.165    20.40   11.73
-193617.948   174.369    21.68   13.30
-193239.594   181.646    19.23   14.74
-192861.179   188.725    18.70   14.77
-192482.703   195.929    19.03   12.52
-192104.165   202.338    16.93   11.01
-191725.566   208.542    16.38   10.84
-191346.906   213.993    14.39   11.13
-190968.184   217.852    10.19   11.01
-190589.401   221.696    10.15   12.94
-190210.556   225.950    11.23   16.46
-189831.649   229.720     9.95   17.62
-189452.681   227.978    -4.59   17.98
-189073.651   222.179   -15.30   22.26
-188694.560   216.164   -15.87   27.97
-188315.407   206.742   -24.85   32.23
-187936.192   198.578   -21.52   32.08
-187556.916   194.474   -10.82   27.01
-187177.578   192.152    -6.12   20.84
-186798.178   198.139    15.78   19.97
-186418.716   208.290    26.75   18.33
-186049.921   219.098    29.30   16.00
-185682.310   225.345    16.99   12.02
-185314.642   224.838    -1.38   14.98
-184946.916   216.194   -23.50   23.07
-184579.132   202.578   -37.02   22.89
-184211.291   197.632   -13.44   23.06
-183843.392   196.423    -3.29   27.85
-183475.435   203.965    20.50   33.22
-183107.421   216.509    34.08   36.83
-182739.348   226.385    26.83   30.16
-182371.218   224.290    -5.69   26.49
-182003.030   204.163   -54.66   42.74
-181634.784   168.920   -95.69   57.82
-181266.480   135.761   -90.02   50.47
-180898.118   131.660   -11.13   46.62
-180529.698   154.996    63.33   52.98
-180161.220   182.194    73.80   42.07
-179792.684   195.691    36.62   26.82
-179424.090   201.598    16.02   25.31
-179055.438   200.365    -3.34   24.26
-178686.728   197.647    -7.37   20.84
-178317.959   187.558   -27.36   22.55
-177949.133   182.915   -12.59   19.66
-177580.248   186.752    10.40   20.20
-177211.305   192.689    16.09   22.66
-176842.304   205.458    34.60   18.73
-176473.244   214.844    25.43   15.43
-176104.126   218.165     9.00   13.54
-175734.950   217.723    -1.20   13.20
-175365.715   221.552    10.37   13.27
-174996.422   223.959     6.52   12.90
-174627.071   225.059     2.98   11.97
-174257.661   223.660    -3.79   12.48
-173888.193   215.202   -22.89   16.79
-173518.666   203.909   -30.55   19.52
-173149.080   198.663   -14.19   16.09
-172779.436   200.879     5.99   17.85
-172409.733   208.112    19.56   18.86
-172039.972   213.249    13.89   15.46
-171670.152   206.818   -17.39   20.19
-171300.273   193.016   -37.31   24.20
-170930.336   181.778   -30.37   22.28
-170560.340   166.195   -42.11   20.86
-170190.285   162.287   -10.56   22.16
-169820.171   160.372    -5.17   25.30
-169449.999   160.989     1.67   28.79
-169079.767   168.016    18.98   28.38
-168709.477   174.925    18.66   28.91
-168339.128   187.815    34.80   29.98
-167968.720   195.359    20.36   30.25
-167598.253   205.072    26.22   29.15
-167227.727   211.740    17.99   25.15
-166857.141   220.774    24.37   20.93
-166486.497   229.190    22.70   21.44
-166115.794   238.017    23.81   18.33
-165745.031   246.112    21.83   16.92
-165374.210   249.085     8.02   13.55
-165003.329   244.467   -12.45   15.14
-164632.389   237.046   -20.00   16.00
-164261.390   225.362   -31.49   15.44
-163890.331   212.498   -34.66   23.18
-163519.214   201.270   -30.25   25.57
-163148.037   192.033   -24.88   26.28
-162776.800   180.952   -29.84   32.73
-162405.504   166.178   -39.78   35.68
-162034.149   159.138   -18.96   33.77
-161662.734   156.914    -5.99   31.25
-161291.260   155.992    -2.48   32.00
-160919.727   159.191     8.61   32.19
-160548.134   146.218   -34.91   41.86
-160176.481   123.178   -61.99   46.13
-159804.769   107.936   -41.00   46.76
-159432.997   106.813    -3.02   48.61
-159061.165   109.693     7.74   45.93
-158689.274   120.748    29.72   47.34
-158317.323   129.247    22.85   50.27
-157945.312   138.995    26.20   48.04
-157573.242   145.058    16.29   42.10
-157201.112   165.672    55.39   39.50
-156828.922   186.542    56.07   38.83
-156456.672   207.885    57.33   32.29
-156084.362   221.712    37.13   22.61
-155711.993   226.138    11.89   22.61
-155339.563   219.226   -18.56   29.45
-154967.073   204.757   -38.84   33.04
-154594.524   194.098   -28.61   31.78
-154221.914   189.678   -11.86   28.64
-153849.245   183.971   -15.31   26.06
-153476.515   189.138    13.86   22.61
-153103.725   194.989    15.69   25.07
-152730.875   203.416    22.60   28.99
-152357.965   215.441    32.24   29.29
-151984.995   225.163    26.06   27.16
-151611.964   233.618    22.66   22.10
-151238.874   239.411    15.52   16.72
-150865.722   240.885     3.95   13.23
-150492.511   243.217     6.25    9.27
-150119.239   244.592     3.68    7.02
-149745.907   245.792     3.21    5.65
-149372.515   246.992     3.21    5.80
-148999.062   248.270     3.42    6.72
-148625.548   250.046     4.76    7.74
-148251.974   250.392     0.93    9.15
-147878.340   247.533    -7.65   12.29
-147504.645   243.743   -10.14   13.24
-147130.889   238.317   -14.52   12.14
-146757.073   233.852   -11.94    8.35
-146383.196   234.137     0.76    8.86
-146009.258   239.206    13.55   12.91
-145635.260   249.553    27.66   19.19
-145261.201   259.943    27.77   20.68
-144887.081   264.059    11.00   21.85
-144512.901   267.112     8.16   22.82
-144138.659   265.164    -5.20   18.55
-143764.357   260.612   -12.16   15.80
-143389.994   256.458   -11.09   13.90
-143015.570   257.126     1.78   13.64
-142641.085   261.898    12.74   14.76
-142266.539   269.578    20.50   14.92
-141891.932   274.930    14.28   16.98
-141517.264   277.704     7.40   20.67
-141142.535   279.467     4.70   19.78
-140767.744   281.287     4.86   16.60
-140392.893   284.058     7.39   14.41
-140017.981   284.296     0.64   14.47
-139643.007   278.432   -15.64   20.51
-139267.972   265.304   -35.00   25.86
-138892.876   257.658   -20.38   23.85
-138517.718   265.272    20.29   34.70
-138142.499   286.852    57.51   40.72
-137767.219   316.005    77.68   28.41
-137391.878   329.455    35.83   17.92
-137016.475   329.862     1.08   21.80
-136641.011   320.056   -26.11   28.91
-136265.485   307.018   -34.71   28.37
-135889.898   296.896   -26.95   24.13
-135514.249   289.599   -19.42   20.49
-135138.538   286.031    -9.50   18.33
-134762.766   291.137    13.59   21.77
-134386.933   299.098    21.18   25.61
-134011.037   308.783    25.76   23.83
-133635.081   318.954    27.05   23.30
-133259.062   319.730     2.06   30.13
-132882.982   319.651    -0.21   31.73
-132506.839   321.498     4.91   31.59
-132130.635   322.783     3.41   25.85
-131754.370   328.031    13.95   23.04
-131378.042   334.967    18.43   21.49
-131001.652   337.043     5.52   21.89
-130625.201   334.270    -7.37   23.90
-130248.687   324.028   -27.20   27.38
-129872.112   307.555   -43.74   36.33
-129495.475   287.152   -54.16   45.03
-129118.775   265.175   -58.34   47.71
-128742.013   245.020   -53.49   37.99
-128365.190   241.424    -9.54   34.71
-127988.304   238.832    -6.88   35.34
-127611.356   221.346   -46.38   46.73
-127234.346   192.270   -77.11   57.85
-126857.273   153.458  -102.92   53.74
-126480.138   113.180  -106.79   41.61
-126102.941    93.538   -52.07   27.12
-125725.682   100.005    17.14   38.04
-125348.360   121.195    56.15   48.01
-124970.976   150.178    76.79   42.38
-124593.529   162.403    32.39   36.11
-124216.020   159.049    -8.88   34.42
-123838.449   151.693   -19.48   29.43
-123460.815   152.509     2.16   28.76
-123083.118   165.480    34.34   31.54
-122705.359   184.255    49.69   30.33
-122327.537   206.322    58.40   24.17
-121949.653   219.125    33.88   19.97
-121571.705   230.756    30.77   13.88
-121193.696   233.272     6.66   16.35
-120815.623   231.125    -5.68   22.05
-120437.488   222.810   -21.99   36.04
-120059.289   212.401   -27.52   34.98
-119681.028   208.584   -10.09   29.52
-119302.705   222.871    37.76   32.47
-118924.318   243.369    54.16   33.86
-118545.868   266.416    60.89   29.49
-118167.355   281.298    39.32   17.78
-117788.780   286.553    13.88   10.70
-117410.141   285.917    -1.68    8.91
-117031.439   281.441   -11.82   10.49
-116652.674   277.220   -11.14   10.53
-116273.846   275.206    -5.31   10.10
-115894.955   273.507    -4.49    9.09
-115516.001   271.098    -6.35    9.40
-115136.983   264.414   -17.63   14.15
-114757.903   255.208   -24.28   16.32
-114378.758   250.036   -13.64   17.61
-113999.551   245.477   -12.02   18.52
-113620.280   243.436    -5.38   18.78
-113240.946   238.072   -14.14   17.49
-112861.549   232.546   -14.56   17.50
-112482.088   231.967    -1.53   19.18
-112102.563   228.618    -8.82   20.52
-111722.975   225.125    -9.20   20.04
-111351.310   217.436   -20.69   17.49
-110983.881   200.480   -46.14   21.75
-110616.393   186.152   -38.99   25.58
-110248.847   179.689   -17.58   22.14
-109881.241   182.693     8.17   25.04
-109513.576   193.074    28.23   24.95
-109145.852   202.693    26.16   18.71
-108778.068   210.213    20.45   19.15
-108410.226   216.912    18.21   18.23
-108042.324   216.740    -0.47   17.83
-107674.363   213.778    -8.05   16.96
-107306.342   209.072   -12.79   16.31
-106938.262   208.845    -0.62   19.91
-106570.123   212.309     9.41   23.95
-106201.924   215.618     8.99   26.50
-105833.666   213.722    -5.15   26.41
-105465.348   209.691   -10.94   25.06
-105096.971   207.046    -7.18   25.79
-104728.535   208.458     3.83   27.39
-104360.039   212.059     9.77   25.78
-103991.483   210.925    -3.08   22.27
-103622.867   202.398   -23.13   19.71
-103254.192   193.048   -25.36   18.28
-102885.458   182.787   -27.82   15.23
-102516.663   178.740   -10.97   13.50
-102147.809   178.488    -0.68   15.05
-101778.895   172.709   -15.66   24.44
-101409.922   165.214   -20.31   29.30
-101040.888   158.592   -17.94   27.22
-100671.795   158.378    -0.58   26.79
-100302.641   167.612    25.01   29.58
 -99933.428   184.418    45.52   25.56
 -99564.155   194.605    27.58   16.97
 -99194.822   195.333     1.97   18.99
 -98825.429   187.774   -20.46   24.45
 -98455.976   174.956   -34.69   29.37
 -98086.463   166.878   -21.86   29.65
 -97716.889   158.021   -23.96   27.51
 -97347.256   150.599   -20.08   26.04
 -96977.562   145.375   -14.13   24.96
 -96607.809   144.385    -2.68   25.51
 -96237.995   146.205     4.92   25.50
 -95868.120   155.346    24.71   24.57
 -95498.186   170.738    41.61   20.83
 -95128.191   184.086    36.07   17.97
 -94758.136   197.073    35.09   15.17
 -94388.021   203.359    16.98   14.72
 -94017.845   209.766    17.31   16.58
 -93647.609   216.021    16.89   19.13
 -93277.312   220.982    13.40   23.28
 -92906.955   229.722    23.60   27.46
 -92536.537   237.165    20.09   25.83
 -92166.059   241.414    11.47   20.54
 -91795.520   251.428    27.02   20.01
 -91424.921   262.178    29.01   18.53
 -91054.261   268.912    18.16   13.12
 -90683.540   270.307     3.76    9.98
 -90312.759   262.894   -19.99   13.38
 -89941.916   254.735   -22.00   13.11
 -89571.014   247.125   -20.52   12.47
 -89200.050   241.735   -14.53   11.94
 -88829.026   237.424   -11.62   13.05
 -88457.940   235.993    -3.85   14.19
 -88086.794   234.086    -5.14   15.31
 -87715.587   233.658    -1.15   14.69
 -87344.319   226.984   -17.98   16.41
 -86972.990   218.033   -24.10   16.00
 -86601.600   207.099   -29.44   14.35
 -86230.149   200.566   -17.59   15.85
 -85858.637   197.296    -8.80   15.69
 -85487.064   196.270    -2.76   15.91
 -85115.430   197.651     3.72   14.26
 -84743.734   201.832    11.25   14.41
 -84371.978   203.073     3.34   14.92
 -84000.160   202.272    -2.16   16.10
 -83628.281   194.337   -21.34   20.55
 -83256.341   185.301   -24.29   20.21
 -82884.339   175.753   -25.67   18.75
 -82512.276   163.936   -31.76   20.18
 -82140.152   155.164   -23.57   19.40
 -81767.966   154.249    -2.46   19.47
 -81395.719   166.257    32.26   23.73
 -81023.411   180.517    38.30   16.79
 -80651.041   180.436    -0.22   15.03
 -80278.609   160.619   -53.21   39.84
 -79906.116   133.175   -73.67   45.40
 -79533.561   106.320   -72.08   35.06
 -79160.945    89.837   -44.23   24.37
 -78788.267    93.828    10.71   24.30
 -78415.528   110.757    45.41   32.38
 -78042.726   132.893    59.37   32.58
 -77669.863   151.488    49.87   22.79
 -77296.939   157.612    16.42   19.55
 -76923.952   156.730    -2.36   24.52
 -76550.904   147.936   -23.57   28.99
 -76177.793   139.694   -22.09   25.28
 -75804.621   132.531   -19.19   19.21
 -75431.387   129.580    -7.90   14.52
 -75058.091   134.765    13.89   16.47
 -74684.733   141.958    19.26   16.33
 -74311.313   151.484    25.51   17.24
 -73937.831   157.984    17.40   17.91
 -73564.287   166.689    23.30   20.45
 -73190.681   173.317    17.74   20.67
 -72817.013   181.022    20.62   19.17
 -72443.282   186.632    15.01   16.38
 -72069.489   192.969    16.95   12.13
 -71695.634   194.925     5.23   11.43
 -71321.717   195.432     1.36   11.96
 -70947.738   194.941    -1.31   11.86
 -70573.696   194.954     0.04   10.80
 -70199.591   196.322     3.66   10.41
 -69825.425   198.454     5.70   10.16
 -69451.196   198.432    -0.06   10.80
 -69076.904   196.579    -4.95   11.87
 -68702.550   193.084    -9.34   14.05
 -68328.134   189.987    -8.27   13.42
 -67953.655   188.834    -3.08   10.29
 -67579.113   186.212    -7.00    7.81
 -67204.509   183.977    -5.97    6.71
 -66829.842   181.441    -6.77    5.96
 -66455.113   178.923    -6.72    6.19
 -66080.320   177.514    -3.76    6.75
 -65705.466   177.099    -1.11    6.46
 -65330.548   177.702     1.61    9.48
 -64955.567   176.296    -3.75   11.29
 -64580.524   174.909    -3.70   12.22
 -64205.418   171.925    -7.96   14.92
 -63830.248   168.514    -9.09   14.68
 -63455.016   157.676   -28.88   18.94
 -63079.721   149.631   -21.44   19.59
 -62704.363   148.745    -2.36   21.70
 -62328.942   151.501     7.34   24.05
 -61953.458   163.278    31.36   20.49
 -61577.911   170.205    18.44   13.02
 -61202.301   167.662    -6.77   13.52
 -60826.627   161.882   -15.38   12.53
 -60450.890   159.399    -6.61    9.12
 -60075.090   161.517     5.64    9.13
 -59699.227   163.783     6.03    9.46
 -59323.301   166.681     7.71    9.61
 -58947.311   167.852     3.11   10.33
 -58571.258   163.179   -12.42    9.71
 -58195.142   157.932   -13.95    9.22
 -57818.962   153.898   -10.72    8.69
 -57442.718   151.719    -5.79    7.23
 -57066.411   147.822   -10.36    8.78
 -56690.041   142.255   -14.79   14.54
 -56313.607   127.920   -38.08   24.87
 -55937.110   112.200   -41.75   24.42
 -55560.549   108.340   -10.25   21.89
 -55183.924   114.411    16.12   27.70
 -54807.236   129.958    41.27   28.07
 -54430.484   144.396    38.32   18.72
 -54053.668   151.874    19.85   11.84
 -53676.788   153.792     5.09    9.47
 -53299.845   153.512    -0.74    8.72
 -52922.838   153.774     0.70   10.11
 -52545.767   154.243     1.24   11.39
 -52168.631   159.757    14.62   14.94
 -51791.433   167.501    20.53   17.34
 -51414.170   177.388    26.21   17.56
 -51036.843   184.112    17.82   13.23
 -50659.452   186.698     6.85    8.58
 -50281.997   185.836    -2.29    8.10
 -49904.478   184.501    -3.53    6.64
 -49526.894   180.930    -9.46    6.89
 -49149.247   175.644   -14.00   12.47
 -48771.535   168.125   -19.91   14.89
 -48393.760   162.163   -15.78   11.38
 -48015.920   159.625    -6.72   10.79
 -47638.015   158.899    -1.92   13.74
 -47260.046   157.806    -2.89   14.88
 -46882.013   158.312     1.34   16.32
 -46503.916   159.072     2.01   17.75
 -46125.754   160.163     2.89   18.89
 -45747.527   159.112    -2.78   18.73
 -45369.237   153.087   -15.93   18.19
 -44990.881   147.618   -14.45   15.99
 -44612.461   142.266   -14.14   13.25
 -44233.977   126.852   -40.72   27.64
 -43855.427   106.888   -52.74   38.33
 -43476.814    90.649   -42.89   33.90
 -43098.135    83.552   -18.74   25.77
 -42719.392    86.971     9.03   24.65
 -42340.584   101.057    37.18   23.25
 -41961.711   111.566    27.74   16.23
 -41582.773   110.882    -1.81   15.92
 -41203.771   102.996   -20.81   17.05
 -40824.703   101.472    -4.02   19.78
 -40445.571   113.441    31.57   29.85
 -40066.373   131.651    48.02   33.10
 -39687.111   151.216    51.58   23.23
 -39307.784   167.021    41.66   16.55
 -38928.391   175.586    22.58   15.38
 -38548.934   184.894    24.53   12.59
 -38169.411   189.436    11.97    9.38
 -37789.823   191.562     5.60    9.54
 -37410.170   192.208     1.70   10.35
 -37030.452   194.374     5.71   11.38
 -36655.650   196.565     5.85   12.75
 -36288.408   197.420     2.33   14.09
 -35921.106   197.961     1.47   15.85
 -35553.744   195.566    -6.52   14.63
 -35186.320   191.358   -11.45   14.83
 -34818.836   185.362   -16.32   15.65
 -34451.292   181.828    -9.61   17.42
 -34083.687   181.412    -1.13   17.21
 -33716.021   184.399     8.13   15.64
 -33348.294   187.024     7.14   10.81
 -32980.507   185.646    -3.75    8.94
 -32612.658   179.449   -16.85   10.48
 -32244.749   173.388   -16.47    9.53
 -31876.779   170.242    -8.55    7.91
 -31508.748   169.965    -0.75    8.44
 -31140.657   170.937     2.64    8.06
 -30772.504   170.338    -1.63    8.66
 -30404.290   162.061   -22.48   16.68
 -30036.015   147.967   -38.27   21.84
 -29667.679   131.266   -45.34   20.53
 -29299.282   116.958   -38.84   14.59
 -28930.824   104.151   -34.76   11.66
 -28562.305    95.007   -24.81   13.13
 -28193.725    86.264   -23.72   12.44
 -27825.083    79.691   -17.83    8.54
 -27456.380    74.804   -13.25    4.92
 -27087.616    73.475    -3.60    4.49
 -26718.791    74.390     2.48    7.05
 -26349.904    79.087    12.73    9.80
 -25980.956    87.932    23.98   12.43
 -25611.946    96.048    21.99   13.44
 -25242.876   107.432    30.85   15.36
 -24873.743   117.783    28.04   13.93
 -24504.549   127.320    25.83   11.40
 -24135.294   130.099     7.53   11.57
 -23765.977   128.837    -3.42   14.41
 -23396.598   125.517    -8.99   16.24
 -23027.158   121.574   -10.67   14.08
 -22657.657   121.034    -1.46   10.80
 -22288.093   126.683    15.29   13.24
 -21918.468   135.702    24.40   17.16
 -21548.781   147.956    33.15   16.08
 -21179.032   148.930     2.63   16.58
 -20809.222   138.390   -28.50   22.67
 -20439.350   124.605   -37.27   21.71
 -20069.415   109.291   -41.40   16.73
 -19699.419    99.904   -25.37   11.23
 -19329.361    93.618   -16.99    9.07
 -18959.241    93.724     0.29    9.74
 -18589.060   102.849    24.65   17.49
 -18218.816   112.164    25.16   20.90
 -17848.510   121.707    25.77   19.01
 -17478.142   128.365    17.98   16.32
 -17107.711   131.355     8.07   13.46
 -16737.219   129.833    -4.11   14.09
 -16366.665   127.735    -5.66   16.20
 -15996.048   124.562    -8.56   16.92
 -15625.369   119.849   -12.71   16.84
 -15254.628   118.242    -4.33   16.05
 -14883.824   121.253     8.12   14.04
 -14512.958   124.962    10.00   12.57
 -14142.030   128.458     9.43    9.36
 -13771.039   130.846     6.44    8.42
 -13399.986   131.605     2.05   10.56
 -13028.871   130.656    -2.56   11.62
 -12657.693   126.462   -11.30   10.05
 -12286.452   124.670    -4.83    7.77
 -11915.149   126.049     3.71    6.63
 -11543.783   129.187     8.45    7.33
 -11172.355   128.971    -0.58    7.47
 -10800.864   126.266    -7.28    8.16
 -10429.310   120.112   -16.56   10.01
 -10057.694   113.420   -18.01    9.59
  -9686.015   108.125   -14.25    7.52
  -9314.273   107.137    -2.66    7.19
  -8942.468   106.162    -2.62    7.87
  -8570.600   106.537     1.01    7.29
  -8198.670   106.471    -0.18    6.54
  -7826.677   105.735    -1.98    6.76
  -7454.620   102.229    -9.42   10.19
  -7082.501    96.255   -16.05   12.73
  -6710.319    95.509    -2.00   14.98
  -6338.073    98.449     7.90   17.74
  -5965.765   104.762    16.95   17.47
  -5593.393   105.266     1.35   17.30
  -5220.959    91.871   -35.96   23.51
  -4848.461    75.112   -44.99   26.38
  -4475.900    55.340   -53.07   23.43
  -4103.276    43.317   -32.26   16.57
  -3730.588    37.099   -16.68   10.88
  -3357.837    35.466    -4.38    7.43
  -2985.023    33.200    -6.08    8.66
  -2612.145    27.243   -15.98   13.62
  -2239.205    16.724   -28.21   16.66
  -1866.200     6.980   -26.12   12.59
  -1493.132     0.479   -17.43    6.09
  -1120.001    -1.317    -4.81    0.91
   -746.806    -1.161     0.42    0.97
   -373.548    -0.955     0.55    1.00
     -0.226    -0.728     0.61    0.99
    373.160    -0.591     0.37    0.96
    746.609     1.362     5.23    5.90
   1120.122     8.490    19.08   14.62
   1493.699    21.420    34.61   21.26
   1867.339    38.712    46.28   20.24
   2241.044    58.605    53.23   19.48
   2614.812    79.436    55.73   25.50
   2988.644   103.924    65.51   28.85
   3362.540   123.625    52.69   20.76
   3736.499   135.174    30.88   13.66
   4110.523   144.765    25.64   13.17
   4484.611   149.517    12.70   12.85
   4858.762   154.226    12.59    9.15
   5232.978   156.909     7.17    8.22
   5607.258   156.599    -0.83    8.56
   5981.602   157.424     2.21    9.21
   6356.010   155.540    -5.03    9.85
   6730.483   152.177    -8.98    9.16
   7105.019   150.487    -4.51    7.22
   7479.620   149.387    -2.94    5.98
   7854.285   146.061    -8.88    8.67
   8229.015   139.843   -16.60   11.59
   8603.808   131.712   -21.69   13.65
   8978.666   124.008   -20.55   15.60
   9353.589   111.365   -33.72   19.39
   9728.576   101.175   -27.17   23.52
  10103.628    91.662   -25.37   21.29
  10478.744    84.748   -18.43   15.55
  10853.924    81.724    -8.06   13.26
  11229.170    83.336     4.29   12.03
  11604.479    84.362     2.73   10.99
  11979.854    83.923    -1.17   12.24
  12355.293    85.449     4.07   12.70
  12730.797    87.586     5.69   14.92
  13106.366    93.075    14.62   16.88
  13481.999   102.112    24.06   15.65
  13857.697   108.612    17.30   13.55
  14233.460   111.072     6.55   10.30
  14609.289   110.037    -2.76    8.32
  14985.181   110.251     0.57    6.78
  15361.139   113.137     7.68    9.02
  15737.162   119.163    16.03   10.64
  16113.250   124.266    13.57   10.30
  16489.403   127.559     8.76   11.28
  16865.621   126.251    -3.48   14.07
  17241.905   121.662   -12.20   15.98
  17618.253   115.512   -16.34   15.40
  17994.667   110.112   -14.35   11.48
  18371.145   107.190    -7.76    8.90
  18747.690   106.249    -2.50    8.58
  19124.299   106.125    -0.33    7.57
  19500.974   106.593     1.24    7.26
  19877.714   109.809     8.54    8.37
  20254.519   112.800     7.94    9.85
  20631.390   117.454    12.35   10.39
  21008.327   121.927    11.87    9.36
  21385.329   125.178     8.62    6.90
  21762.396   126.962     4.73    4.92
  22139.529   128.914     5.18    3.83
  22516.728   130.973     5.46    4.25
  22893.992   134.174     8.49    4.81
  23271.322   136.770     6.88    4.37
  23648.718   138.340     4.16    3.08
  24026.179   137.059    -3.39    4.56
  24403.706   129.935   -18.87   11.92
  24781.299   118.124   -31.28   19.30
  25158.958   100.212   -47.43   25.93
  25536.683    84.302   -42.12   24.02
  25914.474    78.099   -16.42   20.52
  26292.330    83.139    13.34   25.21
  26670.253    97.729    38.61   28.68
  27048.242   106.044    22.00   24.92
  27426.296    99.749   -16.65   26.39
  27804.417    92.216   -19.92   26.05
  28182.604    88.499    -9.83   19.34
  28560.857    86.843    -4.38   16.80
  28939.177    86.649    -0.51   15.91
  29317.562    77.740   -23.55   19.60
  29696.014    65.549   -32.21   19.79
  30074.532    54.124   -30.18   16.46
  30453.117    47.162   -18.39   10.21
  30831.767    43.947    -8.49    3.68
  31210.485    44.592     1.70    4.06
  31589.268    43.649    -2.49    4.77
  31968.119    41.855    -4.74    6.55
  32347.035    42.285     1.13    8.90
  32726.019    43.151     2.29   10.06
  33105.068    43.877     1.92    8.34
  33484.185    45.375     3.95    6.05
  33863.368    45.724     0.92    5.11
  34242.618    46.580     2.26    5.05
  34621.934    46.224    -0.94    5.69
  35001.318    47.211     2.60    6.23
  35380.768    48.985     4.68    6.60
  35760.285    49.011     0.07    6.28
  36139.868    49.346     0.88    4.43
  36519.519    48.462    -2.33    3.17
  36899.237    48.152    -0.81    2.96
  37279.021    49.887     4.57    4.44
  37658.873    51.507     4.26    5.41
  38037.085    44.892   -17.49   14.42
  38404.133    37.152   -21.09   18.61
  38771.243    30.741   -17.46   15.68
  39138.415    25.287   -14.85    8.44
  39505.649    26.828     4.19    7.89
  39872.946    30.664    10.45    4.11
  40240.304    33.396     7.44    4.66
  40607.725    35.058     4.53    4.59
  40975.208    35.424     1.00    4.77
  41342.753    34.480    -2.57    5.47
  41710.361    32.149    -6.34    4.43
  42078.031    30.947    -3.27    3.01
  42445.763    32.962     5.48    4.43
  42813.558    34.745     4.85    4.48
  43181.415    29.037   -15.52   16.49
  43549.334    20.855   -22.24   21.37
  43917.316     9.692   -30.34   21.26
  44285.361     0.396   -25.26   16.44
  44653.468    -7.113   -20.40    3.79
  45021.638    -7.344    -0.63    3.87
  45389.870    -2.330    13.62   14.00
  45758.165     2.868    14.11   18.56
  46126.522    10.226    19.97   22.88
  46494.943    19.495    25.16   28.71
  46863.426    32.124    34.28   34.24
  47231.972    39.909    21.12   36.66
  47600.580    50.702    29.28   35.33
  47969.252    55.824    13.90   31.12
  48337.986    57.932     5.72   25.86
  48706.783    59.249     3.57   20.94
  49075.644    57.605    -4.46   18.95
  49444.567    53.433   -11.31   18.78
  49813.553    54.320     2.40   18.70
  50182.602    60.199    15.93   22.51
  50551.715    66.982    18.38   22.99
  50920.890    75.024    21.79   17.99
  51290.129    81.657    17.96   11.22
  51659.430    84.307     7.18   11.99
  52028.795    90.778    17.52   12.78
  52398.224   100.186    25.47   12.67
  52767.715   105.432    14.20   11.22
  53137.270   106.424     2.69   15.56
  53506.888   101.086   -14.44   26.44
  53876.569    97.346   -10.11   26.50
  54246.314    96.336    -2.73   23.29
  54616.122    97.433     2.97   18.30
  54985.994   103.480    16.35   16.49
  55355.929   107.174     9.99   16.59
  55725.928   114.191    18.96   17.15
  56095.990   121.539    19.86   15.94
  56466.116   128.432    18.62   14.60
  56836.306   134.038    15.14   11.77
  57206.559   137.414     9.12   13.84
  57576.876   138.662     3.37   14.63
  57947.256   138.984     0.87   13.76
  58317.701   138.124    -2.32   11.01
  58688.209   137.501    -1.68    6.08
  59058.781   137.437    -0.17    3.38
  59429.417   137.548     0.30    2.72
  59800.117   137.643     0.26    2.98
  60170.880   137.631    -0.03    2.97
  60541.708   136.399    -3.32    3.57
  60912.600   134.865    -4.14    3.74
  61283.555   133.149    -4.63    2.90
  61654.575   130.407    -7.39    4.65
  62025.659   125.593   -12.97    8.22
  62396.807   120.365   -14.09    8.20
  62768.019   115.249   -13.78    6.71
  63139.295   110.878   -11.77    7.02
  63510.636   108.038    -7.65    8.13
  63882.041   104.471    -9.60    8.35
  64253.510   101.359    -8.38    7.07
  64625.043    98.748    -7.03    6.58
  64996.641    91.274   -20.11   14.13
  65368.303    80.112   -30.04   20.70
  65740.030    67.062   -35.11   21.00
  66111.821    59.676   -19.87   16.35
  66483.676    61.840     5.82   18.46
  66855.596    64.783     7.91   19.76
  67227.581    67.249     6.63   18.15
  67599.630    66.930    -0.86   16.49
  67971.744    64.368    -6.89   15.46
  68343.923    59.891   -12.03   15.80
  68716.166    56.380    -9.43   14.49
  69088.474    53.822    -6.87   15.69
  69460.847    53.187    -1.71   17.70
  69833.284    56.031     7.64   16.93
  70205.787    60.927    13.14   17.15
  70578.354    69.243    22.32   19.39
  70950.986    80.976    31.49   17.66
  71323.683    88.272    19.58   11.13
  71696.445    86.667    -4.30   15.28
  72069.273    75.717   -29.37   22.54
  72442.165    65.224   -28.14   23.87
  72815.122    53.151   -32.37   23.44
  73188.144    47.630   -14.80   16.43
  73561.232    49.336     4.57   15.52
  73934.384    58.001    23.22   18.02
  74307.602    70.533    33.58   16.34
  74680.885    83.791    35.52   16.72
  75054.234    93.691    26.52   15.13
  75427.647   101.272    20.30   10.62
  75801.126   105.192    10.50    9.21
  76174.671   106.185     2.66    8.53
  76548.281   106.112    -0.20    6.63
  76921.956   107.532     3.80    5.43
  77295.697   106.868    -1.77    7.31
  77669.503   103.999    -7.68    8.94
  78043.375   100.945    -8.17    9.82
  78417.312    97.532    -9.13   10.24
  78791.316    93.846    -9.86    9.81
  79165.384    90.524    -8.88    7.95
  79539.519    87.899    -7.02    5.16
  79913.719    87.012    -2.37    3.14
  80287.985    86.349    -1.77    4.35
  80662.317    84.754    -4.26    5.37
  81036.714    81.988    -7.39    6.44
  81411.178    79.837    -5.75    7.87
  81785.707    78.009    -4.88    7.78
  82160.302    74.964    -8.13    7.58
  82534.964    69.490   -14.61   11.67
  82909.691    60.618   -23.68   14.73
  83284.484    50.495   -27.01   12.74
  83659.344    42.884   -20.30    7.83
  84034.269    40.312    -6.86    4.92
  84409.261    43.808     9.32    9.36
  84784.319    48.636    12.87   10.72
  85159.443    53.998    14.29   11.08
  85534.633    59.704    15.21   11.01
  85909.890    65.436    15.28   10.10
  86285.213    72.209    18.05    8.84
  86660.602    76.996    12.75    5.82
  87036.058    80.420     9.12    5.11
  87411.580    82.178     4.68    6.12
  87787.169    86.587    11.74    7.14
  88162.824    91.531    13.16    5.99
  88538.545    93.223     4.50    4.57
  88914.334    93.678     1.21    4.32
  89290.188    91.990    -4.49    4.08
  89666.110    89.424    -6.83    3.83
  90042.098    87.862    -4.15    4.51
  90418.153    86.985    -2.33    4.57
  90794.275    88.368     3.68    5.87
  91170.463    91.599     8.59    8.30
  91546.718    95.717    10.94    7.91
  91923.040    98.676     7.86    5.33
  92299.429    97.914    -2.02    4.99
  92675.885    95.778    -5.67    4.56
  93052.408    91.643   -10.99    4.26
  93428.998    88.062    -9.51    4.95
  93805.655    85.176    -7.66    6.12
  94182.379    81.149   -10.69    6.08
  94559.170    76.757   -11.66    6.49
  94936.029    71.329   -14.41    7.11
  95312.954    67.368   -10.51    6.23
  95689.947    64.974    -6.35    6.65
  96067.007    63.712    -3.35    6.99
  96444.134    61.890    -4.83    6.27
  96821.328    60.203    -4.47    4.20
  97198.590    59.575    -1.66    2.78
  97575.920    58.891    -1.81    2.54
  97953.316    56.680    -5.86    4.78
  98330.781    54.365    -6.13    5.40
  98708.312    54.453     0.23    6.29
  99085.912    55.828     3.64    7.30
  99463.578    58.499     7.07    6.50
  99841.313    60.960     6.51    4.52
 100219.115    62.551     4.21    4.53
 100596.985    65.309     7.30    3.90
 100974.922    67.420     5.59    4.04
 101352.928    68.187     2.03    3.43
 101731.001    67.945    -0.64    2.96
 102109.142    65.988    -5.18    3.77
 102487.351    63.748    -5.92    4.59
 102865.627    62.618    -2.99    4.18
 103243.972    62.112    -1.34    3.21
 103622.385    62.709     1.58    3.09
 104000.865    62.704    -0.01    3.49
 104379.414    59.726    -7.87    5.66
 104758.031    55.274   -11.76    7.37
 105136.716    48.297   -18.43   10.17
 105515.469    41.649   -17.55    8.28
 105894.290    41.507    -0.38    9.61
 106273.180    45.062     9.38   11.93
 106652.138    51.917    18.09   10.13
 107031.164    58.593    17.62    5.48
 107410.258    61.674     8.13    5.10
 107789.421    61.408    -0.70    5.91
 108168.652    60.188    -3.22    6.51
 108547.952    56.319   -10.20    7.05
 108927.320    52.418   -10.28    4.70
 109306.757    53.246     2.18    5.86
 109686.263    53.336     0.24    7.06
 110065.837    53.473     0.36    6.90
 110445.479    50.424    -8.03    7.86
 110825.191    42.828   -20.01   11.53
 111204.971    32.624   -26.87   14.16
 111584.819    23.507   -24.00   14.75
 111964.737    16.272   -19.04   12.46
 112344.723    12.429   -10.12    9.60
 112724.779    10.285    -5.64    5.15
 113093.484     9.212    -2.91    3.99
 113460.396     7.807    -3.83    4.94
 113827.373     5.729    -5.66    6.03
 114194.413     3.075    -7.23    6.10
 114561.517     2.087    -2.69    6.08
 114928.684     0.902    -3.23    6.05
 115295.916     1.943     2.84    6.63
 115663.211     3.580     4.46    7.85
 116030.569     3.636     0.15    9.43
 116397.992     3.501    -0.37   11.00
 116765.479     2.186    -3.58   11.75
 117133.029    -0.196    -6.48   11.70
 117500.644    -2.007    -4.93   10.85
 117868.322    -2.757    -2.04   10.34
 118236.065    -4.425    -4.54    8.76
 118603.871    -4.965    -1.47    8.00
 118971.742    -6.320    -3.68    6.92
 119339.676    -7.875    -4.23    5.10
 119707.675    -9.278    -3.81    2.79
 120075.738    -9.888    -1.66    0.00
 120443.865    -9.888     0.00    0.00
 120812.057    -9.888     0.00    0.00
 121180.313    -9.888     0.00    0.00
 121548.633    -9.888     0.00    0.00
 121917.017    -9.888     0.00    0.00
 122285.466    -9.888     0.00    0.00
 122653.979    -9.888     0.00    0.00
 123022.557    -9.888     0.00    0.00
 123391.199    -9.888     0.00    0.00
 123759.906    -9.825     0.17    0.56
 124128.677    -8.998     2.24    3.49
 124497.513    -8.752     0.67    2.85
 124866.413    -9.047    -0.80    2.24
 125235.378    -6.172     7.79   12.38
 125604.408    11.260    47.24   32.07
 125973.503    30.979    53.43   35.54
 126342.662    53.150    60.06   26.40
 126711.886    66.465    36.07    6.47
 127081.175    66.412    -0.15    4.03
 127450.529    66.198    -0.58    3.67
 127819.948    66.150    -0.13    3.29
 128189.431    66.624     1.28    3.09
 128558.980    67.732     3.00    2.52
 128928.593    68.662     2.52    1.90
 129298.272    69.352     1.87    2.10
 129668.016    69.755     1.09    2.38
 130037.825    69.631    -0.33    2.75
 130407.699    69.344    -0.78    2.56
 130777.638    68.586    -2.05    2.18
 131147.642    67.927    -1.78    2.97
 131517.712    66.920    -2.72    3.38
 131887.846    65.346    -4.25    3.27
 132258.047    63.757    -4.29    1.71
 132628.312    62.844    -2.47    1.87
 132998.643    62.424    -1.13    1.97
 133369.039    62.683     0.70    2.11
 133739.501    62.865     0.49    2.15
 134110.028    63.482     1.67    2.16
 134480.621    62.922    -1.51    3.16
 134851.279    60.787    -5.76    4.39
 135222.003    58.935    -5.00    5.21
 135592.793    56.902    -5.48    5.14
 135963.648    54.702    -5.93    3.71
 136334.569    53.505    -3.23    3.14
 136705.556    52.454    -2.83    2.47
 137076.608    50.754    -4.58    3.15
 137447.726    48.714    -5.50    4.02
 137818.910    46.927    -4.82    4.01
 138190.160    45.492    -3.87    3.78
 138561.476    44.823    -1.80    3.36
 138932.858    44.837     0.04    3.32
 139304.305    44.729    -0.29    3.81
 139675.819    45.112     1.03    4.77
 140047.399    45.971     2.31    4.88
 140419.045    46.519     1.48    4.51
 140790.757    46.309    -0.56    3.87
 141162.535    46.754     1.20    3.84
 141534.379    46.268    -1.31    4.33
 141906.290    45.299    -2.61    4.42
 142278.267    44.025    -3.43    4.56
 142650.310    44.149     0.33    4.39
 143022.419    44.469     0.86    4.69
 143394.595    45.669     3.22    4.93
 143766.837    45.979     0.83    5.02
 144139.146    45.902    -0.21    4.51
 144511.521    45.161    -1.99    3.94
 144883.963    43.783    -3.70    4.37
 145256.471    43.052    -1.96    4.18
 145629.046    43.526     1.27    4.29
 146001.687    43.717     0.51    4.15
 146374.395    44.899     3.17    3.91
 146747.170    46.971     5.56    4.22
 147120.011    48.383     3.79    4.28
 147492.919    49.050     1.79    3.65
 147865.894    49.223     0.46    3.02
 148238.936    48.088    -3.04    2.66
 148612.045    46.741    -3.61    2.90
 148985.220    45.532    -3.24    3.22
 149358.463    45.285    -0.66    3.08
 149731.772    46.624     3.59    4.86
 150105.149    48.757     5.72    5.29
 150478.593    49.865     2.97    4.60
 150852.103    48.573    -3.46    5.97
 151225.681    45.026    -9.50    6.03
 151599.326    42.394    -7.05    4.36
 151973.038    42.445     0.14    3.88
 152346.817    44.770     6.22    4.99
 152720.664    48.685    10.47    4.88
 153094.578    52.304     9.68    3.91
 153468.559    54.505     5.88    3.16
 153842.608    56.586     5.57    2.84
 154216.724    57.770     3.17    2.45
 154590.907    57.561    -0.56    2.42
 154965.158    56.771    -2.11    2.75
 155339.477    55.891    -2.35    2.88
 155713.863    55.642    -0.67    2.63
 156088.317    55.573    -0.18    2.47
 156462.838    55.641     0.18    3.05
 156837.427    54.748    -2.38    3.33
 157212.083    54.465    -0.75    3.37
 157586.808    53.022    -3.85    2.92
 157961.600    51.629    -3.72    3.26
 158336.460    52.189     1.49    4.84
 158711.388    53.295     2.95    5.89
 159086.384    53.985     1.84    6.26
 159461.447    54.112     0.34    5.74
 159836.579    53.390    -1.92    5.45
 160211.779    51.244    -5.72    4.87
 160587.046    49.556    -4.50    4.83
 160962.382    47.594    -5.23    5.19
 161337.786    46.960    -1.69    4.35
 161713.258    48.305     3.58    4.76
 162088.798    50.551     5.98    5.32
 162464.406    53.172     6.98    4.81
 162840.083    55.965     7.44    3.61
 163215.828    57.002     2.76    3.40
 163591.641    55.685    -3.51    3.69
 163967.523    54.831    -2.27    3.76
 164343.473    53.746    -2.89    3.65
 164719.491    53.819     0.19    2.98
 165095.578    53.790    -0.08    2.58
 165471.734    52.795    -2.65    2.29
 165847.958    51.027    -4.70    3.15
 166224.251    47.719    -8.79    5.17
 166600.612    46.469    -3.32    5.29
 166977.042    47.112     1.71    6.36
 167353.541    51.380    11.34    8.63
 167730.108    55.253    10.29    7.05
 168106.744    55.600     0.92    5.94
 168483.449    54.855    -1.98    5.59
 168860.223    53.184    -4.44    4.44
 169237.066    51.920    -3.36    3.33
 169613.978    51.924     0.01    4.89
 169990.958    50.428    -3.97    7.93
 170368.008    49.692    -1.95    8.31
 170745.127    48.914    -2.06    8.41
 171122.315    48.879    -0.09    7.87
 171499.572    49.783     2.39    5.85
 171876.898    51.816     5.39    5.61
 172254.293    54.433     6.94    5.47
 172631.758    54.726     0.78    5.33
 173009.291    53.758    -2.56    4.99
 173386.895    52.648    -2.94    5.22
 173764.567    50.148    -6.62    4.44
 174142.309    47.514    -6.97    4.20
 174520.120    46.243    -3.37    4.67
 174898.001    44.027    -5.86    4.22
 175275.951    42.184    -4.88    3.83
 175653.971    41.188    -2.64    4.24
 176032.061    38.624    -6.78    4.78
 176410.220    36.268    -6.23    3.52
 176788.448    35.136    -2.99    2.30
 177166.747    35.561     1.12    2.01
 177545.115    36.433     2.31    2.20
 177923.553    37.048     1.62    3.10
 178302.060    37.636     1.55    4.80
 178680.638    36.808    -2.19    7.55
 179059.285    38.005     3.16    8.90
 179438.003    41.088     8.14   10.40
 179816.790    44.267     8.39   10.90
 180195.647    49.356    13.43    5.95
 180574.575    50.526     3.09    4.46
 180953.572    49.461    -2.81    5.63
 181332.640    46.222    -8.55    6.11
 181711.778    44.957    -3.34    5.14
 182090.986    46.186     3.24    5.39
 182470.264    49.186     7.91    6.19
 182849.612    52.935     9.88    4.89
 183229.031    53.371     1.15    7.76
 183608.520    52.509    -2.27    9.68
 183988.080    51.795    -1.88   10.34
 184367.710    52.189     1.04    9.55
 184747.410    53.865     4.41    5.33
 185127.181    55.235     3.61    3.29
 185507.023    56.514     3.37    3.36
 185886.935    57.661     3.02    3.45
 186266.918    58.051     1.03    2.90
 186646.971    57.563    -1.28    2.95
 187027.095    56.847    -1.88    2.97
 187407.290    57.344     1.31    4.21
 187779.656    59.099     4.72    5.03
 188146.366    60.672     4.29    4.51
