# NaN NaN NaN ;Mean Elev.(m), Avg Gradient(m/km), RMS Gradient(m/km) - SRTM1     
#    5.047  -7.082  15.957 ;Mean Elev.(m), Avg Gradient(m/km), RMS Gradient(m/km) - ASTER GDEM
#   27.779  -5.210  15.295 ;Mean Elev.(m), Avg Gradient(m/km), RMS Gradient(m/km) - GMTED2010 
  7    37.675 52456.21252561  2.85  89.674403  61.762116  3.415
  7    38.479 52456.21252626  1.46  89.671983  61.758966  3.415
 12    26.992 52631.21247488 23.33  89.693073  61.769809  4.304
 12    28.969 52631.21247553 22.22  89.690653  61.766659  4.304
 12    27.729 52631.21247617 21.73  89.688223  61.763509  4.304
 12    28.984 52631.21247681 19.15  89.685801  61.760351  7.424
 12    28.161 52631.21247746 19.91  89.683381  61.757201  7.424
 12    27.646 52631.21247810 19.29  89.680961  61.754051  7.424
 15    33.118 52736.21250661 16.40  89.687408  61.775903 10.500
 15    32.530 52736.21250725 17.17  89.684978  61.772753 10.500
 15    29.463 52736.21250790 19.83  89.682558  61.769603 10.500
 15    29.420 52736.21250854 19.58  89.680138  61.766453 10.500
 15    32.258 52736.21250919 21.49  89.677718  61.763303 10.500
 15    27.806 52736.21250983 23.21  89.675288  61.760153 10.500
 15    26.654 52736.21251048 24.20  89.672868  61.757003 10.500
 18    46.829 52841.21259249  4.99  89.687021  61.763313  6.611
 18    27.550 52841.21259378 24.32  89.682171  61.757013  6.611
 18    27.061 52841.21259442 33.56  89.679751  61.753863  6.611
 19    25.973 52876.21262949 32.14  89.689681  61.773156 10.979
 19    27.546 52876.21263013 30.54  89.687261  61.770006 10.979
 19    26.675 52876.21263078 34.56  89.684831  61.766856 10.979
 19    27.591 52876.21263142 33.19  89.682411  61.763706 10.979
 19    27.211 52876.21263206 34.31  89.679991  61.760556 10.979
 19    27.092 52876.21263271 35.41  89.677571  61.757406 10.979
 20    34.738 52911.21259339 19.07  89.686490  61.774618 15.300
 20    36.855 52911.21259403 12.12  89.684060  61.771468 15.300
 20    34.869 52911.21259468 12.97  89.681640  61.768318 15.300
 20    35.585 52911.21259532 12.32  89.679220  61.765158 15.300
 20    36.844 52911.21259597 12.03  89.676800  61.762008 15.300
 20    37.826 52911.21259661 12.66  89.674380  61.758858 15.300
 28    34.613 53191.21261200 13.64  89.690718  61.772311  4.340
 28    33.400 53191.21261265 18.50  89.688288  61.769161  4.340
 28    33.873 53191.21261329 19.27  89.685868  61.766011  4.340
 28    31.673 53191.21261394 17.40  89.683448  61.762861  4.340
 28    29.844 53191.21261458 17.43  89.681018  61.759711  4.340
 28    36.012 53191.21261523 17.42  89.678598  61.756551  4.340
 29    35.896 53226.21261692 15.78  89.686677  61.774335 10.164
 29    33.264 53226.21261757 14.64  89.684247  61.771175 10.164
 29    32.121 53226.21261821 12.78  89.681827  61.768025 10.164
 31    33.513 53296.21262451 11.82  89.680119  61.768908  5.631
 31    33.527 53296.21262516 15.76  89.677699  61.765758  5.631
 31    34.869 53296.21262580 16.67  89.675269  61.762608  5.631
 31    36.408 53296.21262645 15.08  89.672849  61.759458  5.631
 38    59.743 53541.21264971  5.10  89.673714  61.761544  3.968
 38    49.422 53541.21265035 11.53  89.671294  61.758384  3.968
 39    57.012 53576.21263757  7.68  89.679700  61.776116  6.853
 39    46.733 53576.21263822  9.56  89.677270  61.772966  6.853
 39    46.571 53576.21263886 10.89  89.674850  61.769816  6.853
 39    26.312 53576.21264015 36.77  89.670010  61.763516  6.853
 39    26.637 53576.21264080 41.41  89.667590  61.760366  6.853
 40    51.644 53611.21258998  0.16  89.671870  61.772264  3.682
 40    46.746 53611.21259063  8.21  89.669450  61.769114  3.682
 40    46.710 53611.21259127 14.38  89.667030  61.765964  3.682
 40    46.623 53611.21259192 16.70  89.664610  61.762814  3.682
 42    56.491 53681.21260955  7.40  89.679900  61.776226  5.201
 42    55.449 53681.21261019  6.89  89.677480  61.773076  5.201
 42    45.053 53681.21261084 11.56  89.675060  61.769926  5.201
 42    45.888 53681.21261148 13.93  89.672630  61.766776  5.201
 42    24.993 53681.21261277 33.41  89.667790  61.760476  5.201
 44    32.489 53751.21245670 11.06  89.697333  61.765119  5.457
 44    30.634 53751.21245734 18.57  89.694903  61.761969  5.457
 44    29.865 53751.21245799 23.56  89.692483  61.758819  5.457
 44    28.725 53751.21245863 22.35  89.690053  61.755669  5.457
 44    29.690 53751.21245928 19.77  89.687633  61.752519  5.457
 44    29.147 53751.21245992 19.14  89.685213  61.749369  5.457
 47    26.269 53856.21252999 12.54  89.687682  61.773599  8.357
 47    27.190 53856.21253063  9.65  89.685262  61.770449  8.357
 47    27.678 53856.21253128  7.44  89.682832  61.767299  8.357
 47    28.136 53856.21253192  6.48  89.680412  61.764139  8.357
 47    29.258 53856.21253257  7.65  89.677992  61.760989  8.357
 47    29.941 53856.21253321  5.45  89.675562  61.757839  8.357
 48    92.958 53891.21254271  8.04  89.689830  61.767333  3.409
 48    93.434 53891.21254335  6.27  89.687400  61.764183  3.409
 48    92.675 53891.21254464  7.09  89.682560  61.757873  3.409
 48    92.685 53891.21254529  8.30  89.680138  61.754729  5.858
 50    29.278 53961.21259169 14.45  89.670903  61.770042 12.555
 50    26.840 53961.21259233 22.84  89.668483  61.766892 12.555
 50    31.995 53961.21259298 30.95  89.666053  61.763742 12.555
 51    35.827 53996.21253115 12.83  89.702809  61.767829  8.665
 51    35.157 53996.21253179 16.75  89.700389  61.764679  8.665
 51    31.731 53996.21253244 20.21  89.697959  61.761519  8.665
 51    30.888 53996.21253308 19.88  89.695539  61.758369  8.665
 51    27.534 53996.21253373 24.73  89.693109  61.755219  8.665
 51    29.016 53996.21253437 22.24  89.690689  61.752069  8.665
 51    29.358 53996.21253502 31.33  89.688269  61.748919  8.665
 52    25.791 54031.21258466 38.17  89.694616  61.771469 16.025
 52    25.825 54031.21258530 40.99  89.692196  61.768319 16.025
 52    26.624 54031.21258595 38.25  89.689776  61.765169 16.025
 52    27.462 54031.21258659 41.68  89.687346  61.762019 16.025
 52    27.750 54031.21258724 45.41  89.684926  61.758859 16.025
 52    25.922 54031.21258788 42.52  89.682506  61.755709 16.025
 52    24.799 54031.21258853 44.29  89.680076  61.752559 16.025
 58   129.423 54241.21254296  2.13  89.688172  61.774390  3.803
 58   127.691 54241.21254360  1.85  89.685752  61.771240  3.803
 58   124.713 54241.21254425  0.26  89.683322  61.768090  3.803
 59    62.430 54276.21256000  1.60  89.680791  61.765230  4.398
 59    30.812 54276.21256129 18.02  89.675941  61.758930  4.398
 63    46.893 54416.21248225  8.53  89.682997  61.775229  4.360
 63    46.005 54416.21248290 12.04  89.680577  61.772079  4.360
 63    25.398 54416.21248483 40.45  89.673307  61.762619  4.360
 63    22.825 54416.21248548 47.19  89.670891  61.759475 13.582
 64    28.414 54451.21246716 23.22  89.685708  61.760334  5.914
 64    28.366 54451.21246780 26.39  89.683282  61.757184 10.127
 64    27.876 54451.21246845 28.41  89.680862  61.754024 10.127
 65    31.325 54486.21247971  9.67  89.684156  61.768143  6.289
 65    29.020 54486.21248036 15.66  89.681726  61.764993  6.289
 65    29.507 54486.21248100 19.33  89.679306  61.761843  6.289
 65    29.095 54486.21248165 15.81  89.676886  61.758683  6.289
 65    29.565 54486.21248229 15.33  89.674466  61.755533  6.289
 73    26.388 54766.21245461 19.19  89.684447  61.771007  9.073
 73    26.802 54766.21245525 27.71  89.682017  61.767857  9.073
 73    26.916 54766.21245590 26.91  89.679597  61.764707  9.073
 73    27.735 54766.21245654 37.41  89.677177  61.761557  9.073
 73    27.684 54766.21245719 40.04  89.674757  61.758407  9.073
 75    28.859 54836.21244737 10.96  89.679906  61.766111  3.171
 75    28.462 54836.21244802 15.02  89.677486  61.762961  3.171
 75    28.083 54836.21244866 18.67  89.675056  61.759811  3.171
 75    28.523 54836.21244931 16.42  89.672636  61.756661  3.171
 76    29.358 54871.21244914  9.97  89.681132  61.756116  4.974
 76    28.680 54871.21244978 14.00  89.678702  61.752966  4.974
 78    27.967 54941.21243796 17.73  89.691078  61.772483  5.049
 78    28.525 54941.21243861 18.08  89.688648  61.769333  5.049
 78    30.336 54941.21243925 18.95  89.686228  61.766183  5.049
 78    30.020 54941.21243990 20.29  89.683808  61.763033  5.049
 78    30.207 54941.21244054 23.01  89.681382  61.759881 10.547
 78    30.600 54941.21244119 21.90  89.678962  61.756731 10.547
 81    27.124 55046.21246931  8.61  89.682952  61.766660  4.741
 81    27.169 55046.21246995 17.29  89.680522  61.763510  4.741
 81    26.509 55046.21247060 25.50  89.678102  61.760360  4.741
 81    27.052 55046.21247124 29.28  89.675682  61.757210  4.741
 82    24.172 55081.21244184  8.13  89.676815  61.772452  8.677
 82    26.368 55081.21244248 17.98  89.674395  61.769302  8.677
 82    27.506 55081.21244313 25.71  89.671965  61.766152  8.677
 82    26.900 55081.21244377 34.71  89.669545  61.763002  8.677
 83    48.335 55116.21240119  5.29  89.688043  61.767631  5.219
 83    47.715 55116.21240183  9.33  89.685623  61.764481  5.219
 84    30.739 55151.21239885 18.84  89.684022  61.773763  8.115
 84    30.661 55151.21239950 17.10  89.681592  61.770613  8.115
 84    31.422 55151.21240014 16.75  89.679172  61.767463  8.115
 84    30.091 55151.21240079 19.26  89.676752  61.764313  8.115
 84    31.098 55151.21240143 18.51  89.674322  61.761163  8.115
 84    30.999 55151.21240208 18.58  89.671902  61.758013  8.115
 85    29.847 55186.21238815 11.00  89.683334  61.760361  2.315
 85    28.908 55186.21238879 14.47  89.680912  61.757211  6.446
 85    30.727 55186.21238944 14.34  89.678482  61.754061  6.446
 87    31.684 55256.21238472  9.64  89.680913  61.758812  7.933
 87    29.683 55256.21238537 12.64  89.678483  61.755662  7.933
 92    28.066 55431.21237855 42.44  89.689024  61.773982 11.085
 92    29.403 55431.21237920 41.86  89.686604  61.770832 11.085
 92    29.034 55431.21237984 42.58  89.684174  61.767682 11.085
 92    32.075 55431.21238049 40.83  89.681754  61.764532 11.085
