# NaN NaN NaN ;Mean Elev.(m), Avg Gradient(m/km), RMS Gradient(m/km) - SRTM1     
#   -6.991   1.438   9.691 ;Mean Elev.(m), Avg Gradient(m/km), RMS Gradient(m/km) - ASTER GDEM
#    1.779   0.414   8.152 ;Mean Elev.(m), Avg Gradient(m/km), RMS Gradient(m/km) - GMTED2010 
  7  87.405286  66.409766    27.871    29.817  6 52452.22954002 16.505
  8  87.406291  66.407524    21.254    20.585  6 52487.22952184 18.351
  9  87.400812  66.409096     3.901     3.915  5 52522.22949235 29.923
 11  87.404256  66.408696     2.887     2.930  6 52592.22953853 29.892
 12  87.426761  66.401068    10.373    10.489  5 52627.22945643 13.617
 13  87.407638  66.407756    19.816    18.977  5 52662.22950178 12.116
 14  87.425517  66.402965    19.324    14.988  5 52697.22947910 10.618
 15  87.413805  66.406369    23.883    23.718  5 52732.22950221  8.276
 16  87.391671  66.409183    29.540    29.541  6 52767.22951120  3.959
 17  87.421338  66.402153    24.056    23.181  5 52802.22952074 27.841
 18  87.419957  66.405148    21.824    24.839  5 52837.22958549 14.344
 19  87.414940  66.405967     2.359     2.370  6 52872.22962586 48.751
 20  87.408794  66.408475     2.537     2.522  6 52907.22961548 44.476
 21  87.425846  66.402049     2.213     2.158  5 52942.22954463 40.902
 23  87.402011  66.407268    12.314    12.211  4 53012.22960007 14.081
 24  87.417855  66.405515    17.007    17.007  2 53047.22956691 18.102
 25  87.401647  66.409879    15.565    11.983  6 53082.22960147 12.498
 26  87.413144  66.404953    11.295     5.885  5 53117.22957232 15.548
 27  87.408482  66.408196    15.039    15.055  6 53152.22962089 40.617
 28  87.418613  66.405464    27.511    29.641  5 53187.22960814 14.079
 29  87.406608  66.407759    26.755    28.544  6 53222.22963077 13.529
 30  87.395452  66.410047    28.613    28.990  5 53257.22960672 14.847
 31  87.412749  66.406063    29.186    29.099  6 53292.22962425 14.178
 32  87.410342  66.407430     4.139     4.196  5 53327.22959827 39.487
 35  87.403819  66.408364    24.182    23.820  5 53432.22956650  8.975
 36  87.417808  66.403492    26.772    27.458  5 53467.22960194  8.779
 37  87.402255  66.406139     3.914     3.795  3 53502.22965456 14.076
 38  87.407296  66.407474     9.816     9.829  6 53537.22964677 49.275
 39  87.403632  66.410122    21.475    20.727  6 53572.22965088 17.362
 40  87.396446  66.409803    26.222    28.469  5 53607.22959991 14.294
 41  87.419672  66.406080    31.276    29.799  5 53642.22960061 12.943
 42  87.404933  66.408206     3.213     3.189  5 53677.22961969 44.698
 43  87.404180  66.410066     7.613     1.605  6 53712.22954843 15.273
 44  87.428269  66.403759    22.192    21.769  5 53747.22946093  9.661
 45  87.411960  66.407176    15.401    11.231  5 53782.22949180 11.460
 46  87.396510  66.410222    14.014    11.343  6 53817.22945731 11.692
 47  87.412981  66.404788    18.708    14.542  5 53852.22953023  9.353
 48  87.417330  66.404145    18.730    18.730  5 53887.22953609 50.184
 49  87.404698  66.409599    25.706    29.203  6 53922.22960689 20.555
 50  87.398902  66.408386    24.489    24.463  6 53957.22960221 16.867
 51  87.429551  66.402679     3.738     3.691  5 53992.22952565 33.573
 52  87.419249  66.403557     2.203     2.185  5 54027.22958932 40.442
 53  87.413196  66.407372    19.987    18.646  5 54062.22958251 11.894
 55  87.421071  66.404057    23.658    22.261  5 54132.22950481  9.474
 56  87.402714  66.409268    28.518    29.137  5 54167.22952629  7.115
 57  87.417351  66.404561    17.926    19.054  4 54202.22950836 17.240
 58  87.413104  66.406331    17.082    17.166  6 54237.22954365 28.652
 59  87.409132  66.407257    27.610    29.769  6 54272.22956313 22.130
 60  87.411631  66.406740     2.854     2.901  5 54307.22956550 39.842
 61  87.404068  66.409563    29.472    29.537  6 54342.22954527 17.425
 62  87.415579  66.406244    29.527    29.601  5 54377.22950053 16.591
 63  87.408398  66.408310     3.319     3.252  5 54412.22949262 43.559
 64  87.412993  66.398238     7.551     7.551  2 54447.22946725 19.658
 66  87.418633  66.403871    15.810    11.531  5 54517.22948009 10.762
 67  87.403331  66.409507    23.125    23.749  6 54552.22949754  8.445
 68  87.412599  66.405593    23.456    24.148  5 54587.22947545  9.049
 69  87.408697  66.407199    21.616    22.645  6 54622.22949380 29.396
 70  87.409016  66.408396     7.139     6.819  5 54657.22950315 43.838
 71  87.405716  66.408123    27.240    29.231  6 54692.22948646 15.560
 72  87.418488  66.405517    31.440    33.166  5 54727.22945582 13.790
 73  87.408960  66.408000    21.928    22.732  6 54762.22946381 15.756
 74  87.420757  66.404830     1.658     1.659  5 54797.22944930 21.430
 75  87.408315  66.407195    13.691     8.869  5 54832.22945337 13.743
 76  87.420544  66.405022     9.445    10.201  5 54867.22944492 11.674
 77  87.402146  66.409336    23.579    23.080  5 54902.22946348 11.087
 78  87.414493  66.404769    28.461    28.682  5 54937.22943495  9.632
 79  87.412053  66.406309     9.775     9.758  5 54972.22946754 41.281
 80  87.407176  66.408594    21.835    22.784  6 55007.22948484 19.876
 81  87.410694  66.407024    19.266    16.972  5 55042.22947364 19.300
 82  87.403087  66.408254     9.300     2.735  6 55077.22945327 19.607
 83  87.416450  66.406795    34.634    32.087  5 55112.22940615 13.995
 84  87.407894  66.408024     1.466     1.431  5 55147.22940772 26.984
 85  87.420529  66.404749     9.277     9.723  5 55182.22938607 14.989
 86  87.406515  66.408346    13.611    10.210  6 55217.22940345 13.376
 87  87.419252  66.405605     9.723     9.991  5 55252.22938247 12.417
 88  87.400641  66.408478    11.873     7.298  6 55287.22939576 14.027
 89  87.402617  66.402626    21.871    21.871  2 55322.22937210  1.738
 90  87.407200  66.407388    24.202    23.132  5 55357.22937076 24.017
 91  87.415400  66.406481    28.738    31.061  5 55392.22937270 14.981
 92  87.410414  66.406423    23.530    25.854  5 55427.22938708 16.735
 93  87.403634  66.409532    28.826    29.476  6 55462.22935231 18.706
