# NaN NaN NaN ;Mean Elev.(m), Avg Gradient(m/km), RMS Gradient(m/km) - SRTM1     
#   10.012  -0.359   6.227 ;Mean Elev.(m), Avg Gradient(m/km), RMS Gradient(m/km) - ASTER GDEM
#    9.077  -0.190   5.594 ;Mean Elev.(m), Avg Gradient(m/km), RMS Gradient(m/km) - GMTED2010 
  8     8.031 52486.25077456 22.24  83.634745  69.744026 17.828
  8     6.522 52486.25077521 20.80  83.630425  69.741036 17.828
  8     2.469 52486.25077843 20.95  83.608855  69.726046 17.828
  9     8.865 52521.25074221 30.31  83.630155  69.745387 20.550
  9     7.124 52521.25074286 17.94  83.625835  69.742387 20.550
  9     2.422 52521.25074608 24.05  83.604275  69.727407 20.550
 11     0.160 52591.25078526 17.17  83.633623  69.743669  2.941
 11     0.303 52591.25078590 17.53  83.629303  69.740679  2.941
 11    -0.008 52591.25078848 18.55  83.612053  69.728689  2.941
 11     0.112 52591.25078912 17.43  83.607743  69.725689  2.941
 12     0.677 52626.25070586 13.00  83.658630  69.737468  2.770
 12     0.463 52626.25070651 14.55  83.654310  69.734468  2.770
 12     0.394 52626.25070779 14.72  83.645680  69.728478  2.770
 12     0.591 52626.25070844 13.54  83.641360  69.725478  2.770
 13     0.395 52661.25074969 11.35  83.637015  69.742551  3.195
 13     0.394 52661.25075034 13.20  83.632695  69.739551  3.195
 13     0.747 52661.25075292 11.97  83.615445  69.727571  3.195
 14     0.523 52696.25072814  9.72  83.656546  69.738616  2.345
 14     0.842 52696.25072878  9.14  83.652226  69.735626  2.345
 14     2.731 52696.25073072  9.33  83.639276  69.726636  2.345
 14     2.725 52696.25073136  8.88  83.634966  69.723646  2.345
 15     1.956 52731.25075519  7.68  83.642449  69.742054  2.559
 15     0.766 52731.25075583  8.10  83.638129  69.739064  2.559
 15     0.936 52731.25075648  7.99  83.633819  69.736064  2.559
 15     2.114 52731.25075841  8.75  83.620876  69.727072  3.024
 16     6.058 52766.25076473  9.43  83.618945  69.745937  4.384
 16     5.187 52766.25076537  9.95  83.614635  69.742937  4.384
 16     4.333 52766.25076795 10.86  83.597375  69.730947  4.384
 16     4.931 52766.25076859 10.81  83.593065  69.727947  4.384
 18     0.790 52836.25083120 45.06  83.651749  69.740436 37.273
 18     0.781 52836.25083184 45.54  83.647429  69.737436 37.273
 18     0.790 52836.25083249 46.65  83.643109  69.734436 37.273
 18     2.487 52836.25083442 27.41  83.630169  69.725456 37.273
 19     7.402 52871.25087202 17.55  83.645375  69.741501 22.307
 19     0.286 52871.25087267 22.89  83.641055  69.738511 22.307
 19     0.358 52871.25087331 29.49  83.636745  69.735511 22.307
 19     1.847 52871.25087524 26.31  83.623795  69.726521 22.307
 20     0.520 52906.25086805 44.03  83.635945  69.742982 23.390
 20     0.586 52906.25086870 41.45  83.631625  69.739982 23.390
 20     0.441 52906.25087128 42.53  83.614365  69.727992 23.390
 20     0.700 52906.25087192 41.92  83.610055  69.725002 23.390
 21     0.289 52941.25079927 29.54  83.655717  69.738211  6.008
 21     0.393 52941.25079991 28.88  83.651397  69.735211  6.008
 21     0.093 52941.25080120 29.93  83.642767  69.729221  6.008
 21     0.306 52941.25080184 28.45  83.638447  69.726231  6.008
 23     3.513 53011.25085148 12.39  83.631481  69.742887  2.249
 23     0.519 53011.25085213 12.58  83.627161  69.739887  2.249
 23     1.981 53011.25085471 12.80  83.609901  69.727897  2.249
 24     2.467 53046.25081581 11.11  83.648498  69.740920  2.236
 24     2.155 53046.25081646 11.56  83.644178  69.737930  2.236
 24     1.380 53046.25081710 11.61  83.639858  69.734930  2.236
 24     2.703 53046.25081904 11.63  83.626918  69.725940  2.236
 25     0.366 53081.25085024  9.81  83.630308  69.744207  2.179
 25     0.442 53081.25085089 10.21  83.625988  69.741207  2.179
 25     3.170 53081.25085346 10.55  83.608728  69.729227  2.179
 25     1.798 53081.25085411 10.22  83.604418  69.726227  2.179
 26     0.343 53116.25082102  8.30  83.643463  69.739783  2.336
 26     0.395 53116.25082167  8.85  83.639143  69.736783  2.336
 26    -0.072 53116.25082360  9.55  83.626193  69.727793  2.336
 26     2.332 53116.25082425  9.11  83.621883  69.724803  2.336
 27     4.538 53151.25086846  5.74  83.638055  69.743242  2.764
 27     3.236 53151.25086910  8.36  83.633735  69.740242  2.764
 27     5.968 53151.25087233  5.11  83.612165  69.725262  2.764
 28     4.587 53186.25085552 22.68  83.646575  69.739467 19.034
 28     3.003 53186.25085617 20.09  83.642265  69.736467 19.034
 28     2.978 53186.25085810 25.65  83.629315  69.727477 19.034
 28     3.128 53186.25085875 28.28  83.625005  69.724477 19.034
 29     6.915 53221.25088195 16.85  83.632542  69.741438 20.710
 29     2.267 53221.25088517 18.84  83.610972  69.726458 20.710
 30     7.904 53256.25085811 18.66  83.621714  69.744895 16.644
 30     6.575 53256.25085876 18.00  83.617394  69.741895 16.644
 30     0.194 53256.25086134 24.66  83.600144  69.729915 16.644
 30     0.197 53256.25086198 31.66  83.595834  69.726915 16.644
 31     0.588 53291.25087173 24.27  83.643971  69.740390  9.407
 31     0.730 53291.25087237 27.47  83.639651  69.737390  9.407
 31     2.266 53291.25087495 24.81  83.622391  69.725410  9.407
 32     0.700 53326.25084658 13.69  83.636413  69.740376  2.178
 32     2.089 53326.25084980 13.17  83.614853  69.725396  2.178
 35     1.660 53431.25081553  6.90  83.632985  69.744779  1.962
 35     0.584 53431.25081617  7.43  83.628675  69.741789  1.962
 35     1.804 53431.25081939  7.29  83.607105  69.726799  1.962
 36     0.714 53466.25084722  5.96  83.650579  69.739395  2.097
 36     1.305 53466.25084786  6.15  83.646259  69.736395  2.097
 36     2.449 53466.25084979  5.78  83.633309  69.727415  2.097
 36     1.938 53466.25085044  6.39  83.628999  69.724415  2.097
 37     5.531 53501.25090413  6.10  83.633115  69.742901  1.687
 37     5.307 53501.25090478  6.03  83.628795  69.739901  1.687
 37     4.511 53501.25090736  6.50  83.611535  69.727921  1.687
 39     7.411 53571.25090168 27.31  83.631961  69.744586 20.830
 39     6.293 53571.25090232 21.06  83.627641  69.741596 20.830
 39     0.643 53571.25090555 35.21  83.606071  69.726606 20.830
 40     7.037 53606.25085029 15.75  83.621418  69.743396 17.185
 40     1.596 53606.25085351 21.39  83.599858  69.728406 17.185
 41     4.576 53641.25085030 21.54  83.646990  69.739010 18.964
 41     1.002 53641.25085094 24.83  83.642670  69.736010 18.964
 41     3.127 53641.25085288 22.85  83.629730  69.727030 18.964
 41     3.285 53641.25085352 27.14  83.625410  69.724030 18.964
 42     0.527 53676.25086924 24.04  83.636136  69.743838  4.595
 42     0.578 53676.25086988 25.96  83.631816  69.740848  4.595
 42     0.705 53676.25087311 28.52  83.610246  69.725868  4.595
 43     0.109 53711.25079881 13.68  83.630628  69.744730  2.532
 43     0.471 53711.25079945 13.89  83.626308  69.741740  2.532
 43     0.356 53711.25080203 14.48  83.609058  69.729750  2.532
 43     0.448 53711.25080268 14.69  83.604748  69.726750  2.532
 44     0.295 53746.25070977 13.61  83.658597  69.738040  2.271
 44     0.886 53746.25071041 14.02  83.654277  69.735040  2.271
 44     0.628 53746.25071170 14.44  83.645641  69.729051  2.646
 44     2.568 53746.25071235 13.76  83.641331  69.726051  2.646
 45     0.814 53781.25074125 10.93  83.638415  69.739962  2.187
 45     0.971 53781.25074189 11.06  83.634105  69.736962  2.187
 45     2.470 53781.25074447 11.03  83.616845  69.724982  2.187
 46     1.031 53816.25070888  9.64  83.620401  69.744305  2.139
 46     2.729 53816.25071211 10.38  83.598841  69.729325  2.139
 46     3.940 53816.25071275  9.65  83.594531  69.726325  2.139
 47     0.594 53851.25077727  8.86  83.645556  69.740929  2.130
 47     1.842 53851.25077791  9.02  83.641236  69.737939  2.130
 47     2.608 53851.25078049  9.38  83.623966  69.725949  2.130
 48     3.002 53886.25078571 31.71  83.644831  69.738994 23.764
 48     2.525 53886.25078636 43.56  83.640511  69.735994 23.764
 48     2.743 53886.25078829 32.45  83.627571  69.727004 23.764
 48     2.351 53886.25078893 36.40  83.623261  69.724014 23.764
 49     7.534 53921.25085534 23.05  83.633259  69.743873 21.517
 49     6.966 53921.25085598 18.52  83.628939  69.740883 21.517
 49     2.384 53921.25085856 28.86  83.611679  69.728893 21.517
 49     0.668 53921.25085921 32.26  83.607359  69.725903 21.517
 50     6.577 53956.25085249 23.39  83.627919  69.743317 22.248
 50     0.260 53956.25085314 24.07  83.623599  69.740327 22.248
 50     0.452 53956.25085571 27.32  83.606349  69.728337 22.248
 52     0.520 54026.25083745 37.98  83.651666  69.740406 13.974
 52     0.492 54026.25083809 40.38  83.647346  69.737406 13.974
 52     0.366 54026.25083874 38.91  83.643026  69.734416 13.974
 52     0.455 54026.25084067 39.20  83.630076  69.725426 13.974
 53     2.608 54061.25083125 16.29  83.640757  69.740490  2.419
 53     0.601 54061.25083189 17.38  83.636447  69.737490  2.419
 53     4.203 54061.25083447 16.71  83.619187  69.725510  2.419
 54     3.979 54096.25080421 11.44  83.624157  69.743480  2.078
 54     2.994 54096.25080743 12.38  83.602587  69.728500  2.078
 56     0.800 54166.25077630  9.00  83.630156  69.743438  1.849
 56     0.526 54166.25077694 10.22  83.625836  69.740438  1.849
 56     3.320 54166.25077952  9.65  83.608587  69.728457  2.178
 56     4.097 54166.25078016  9.41  83.604277  69.725457  2.178
 57     5.240 54201.25075550  1.44  83.646117  69.738922  1.649
 57     4.509 54201.25075614  1.51  83.641797  69.735922  1.649
 57     4.045 54201.25075808  2.18  83.628853  69.726940 14.463
 57     5.026 54201.25075872  3.05  83.624543  69.723940 14.463
 58     2.011 54236.25079136 33.14  83.641978  69.740389 10.680
 58     1.978 54236.25079200 29.63  83.637668  69.737399 10.680
 58     2.143 54236.25079458 30.39  83.620408  69.725410 18.408
 59     7.445 54271.25081216 23.01  83.635617  69.741021 24.341
 59     4.147 54271.25081280 25.95  83.631297  69.738021 24.341
 59     3.006 54271.25081538 28.36  83.614044  69.726040 27.810
 60     7.945 54306.25081460 18.60  83.639808  69.741518 21.647
 60     0.416 54306.25081524 22.87  83.635498  69.738528 21.647
 60     2.584 54306.25081782 19.98  83.618241  69.726540 18.519
 61     7.383 54341.25079622 17.92  83.629707  69.742288 15.822
 61     2.845 54341.25079944 20.46  83.608140  69.727303 19.761
 62     6.216 54376.25074917 19.92  83.644860  69.741204 12.444
 62     2.599 54376.25074981 20.12  83.640540  69.738204 12.444
 62     2.114 54376.25075239 30.71  83.623284  69.726220 25.120
 63     0.264 54411.25074277 20.51  83.636340  69.742601  2.158
 63     0.226 54411.25074342 20.89  83.632020  69.739601  2.158
 63     0.091 54411.25074600 21.56  83.614764  69.727614  3.292
 64     0.829 54446.25071391 14.28  83.648789  69.737717  2.650
 64     0.901 54446.25071456 18.35  83.644469  69.734728  4.722
 64     0.771 54446.25071649 18.47  83.631529  69.725738  4.722
 65     1.670 54481.25073473  9.53  83.638014  69.740642  1.982
 65     0.629 54481.25073537 10.08  83.633694  69.737652  1.982
 65     0.109 54481.25073795 10.66  83.616444  69.725659  2.271
 66     0.630 54516.25072797  9.02  83.649357  69.738482  2.220
 66     0.931 54516.25072861  8.72  83.645037  69.735482  2.220
 66     0.415 54516.25073055  9.48  83.632097  69.726502  2.220
 66     2.578 54516.25073119  8.88  83.627777  69.723502  2.220
 67    -0.104 54551.25074741  8.57  83.629493  69.743123  2.338
 67     0.057 54551.25074806  8.36  83.625183  69.740133  2.338
 67     1.614 54551.25075064  8.71  83.607923  69.728143  2.338
 68     4.567 54586.25072358  5.72  83.639547  69.739473  1.838
 68     4.296 54586.25072422  5.70  83.635237  69.736473  1.838
 68     4.534 54586.25072616  6.34  83.622287  69.727483  1.838
 69     8.018 54621.25074235 29.49  83.636936  69.741272 22.584
 69     7.914 54621.25074300 28.99  83.632616  69.738282 22.584
 69     7.679 54621.25074558 29.18  83.615366  69.726292 22.584
 70     1.020 54656.25075205 51.34  83.637761  69.743424 23.956
 70     1.002 54656.25075269 55.26  83.633441  69.740434 23.956
 70     1.056 54656.25075591 51.72  83.611871  69.725444 23.956
 71     7.311 54691.25073708 15.82  83.631913  69.742047 17.692
 71     2.215 54691.25074031 21.57  83.610343  69.727067 17.692
 72     2.719 54726.25070368 18.36  83.649006  69.739699 30.564
 72     0.788 54726.25070433 24.19  83.644686  69.736699 30.564
 72     0.765 54726.25070626 33.40  83.631736  69.727709 30.564
 72     2.793 54726.25070690 26.39  83.627426  69.724719 30.564
 73     0.289 54761.25071405 38.34  83.635326  69.741897 12.124
 73     0.103 54761.25071469 34.61  83.631006  69.738897 12.124
 73     0.110 54761.25071727 41.47  83.613756  69.726917 12.124
 74     1.396 54796.25069712 16.19  83.651751  69.739282  2.382
 74     1.439 54796.25069776 16.10  83.647431  69.736282  2.382
 74     1.975 54796.25069970 16.44  83.634481  69.727302  2.382
 74     1.605 54796.25070034 16.14  83.630171  69.724302  2.382
 75     2.608 54831.25071443 11.35  83.636819  69.741623  2.276
 75     1.518 54831.25071507 11.98  83.632509  69.738633  2.276
 75     0.455 54831.25071765 12.38  83.615249  69.726643  2.276
 76     0.814 54866.25069235 10.42  83.649743  69.739321  2.035
 76     1.038 54866.25069299 10.50  83.645423  69.736321  2.035
 76     2.399 54866.25069492 10.92  83.632473  69.727341  2.035
 76     2.764 54866.25069557 10.24  83.628163  69.724341  2.035
 77     2.570 54901.25071309  8.77  83.631840  69.744569  2.183
 77     1.754 54901.25071373  9.24  83.627520  69.741579  2.183
 77     1.848 54901.25071696  9.40  83.605960  69.726589  2.183
 78     4.390 54936.25068309  9.35  83.642354  69.738935  1.815
 78     4.156 54936.25068373  9.70  83.638034  69.735935  1.815
 78     3.774 54936.25068567  9.72  83.625094  69.726945  1.815
 79     1.040 54971.25071545 20.06  83.639859  69.740578  8.523
 79     1.330 54971.25071609 24.07  83.635539  69.737588  8.523
 79     0.337 54971.25071867 15.50  83.618289  69.725598  8.523
 80     7.685 55006.25073457 24.84  83.635316  69.742701 25.930
 80     4.302 55006.25073521 28.79  83.630996  69.739701 25.930
 80     3.194 55006.25073779 31.01  83.613736  69.727711 25.930
 81     7.216 55041.25072260 24.11  83.639450  69.742376 20.235
 81     6.003 55041.25072325 17.33  83.635130  69.739386 20.235
 81     2.473 55041.25072583 17.77  83.617880  69.727396 20.235
 82     7.183 55076.25070353 21.40  83.632400  69.744349 20.518
 82     0.451 55076.25070417 19.85  83.628090  69.741349 20.518
 82     1.654 55076.25070675 20.41  83.610830  69.729359 20.518
 82     2.000 55076.25070740 23.02  83.606520  69.726369 20.518
 83     0.082 55111.25065518 24.78  83.646966  69.741451 16.756
 83     0.259 55111.25065582 23.59  83.642646  69.738461 16.756
 83     0.181 55111.25065647 22.90  83.638326  69.735461 16.756
 83     2.325 55111.25065840 25.10  83.625386  69.726471 16.756
 84     0.061 55146.25065746 21.50  83.635868  69.743043  4.392
 84     0.092 55146.25065811 22.23  83.631548  69.740053  4.392
 84     0.135 55146.25066069 20.72  83.614298  69.728063  4.392
 84     0.108 55146.25066133 19.53  83.609988  69.725063  4.392
 85     0.077 55181.25063337 13.91  83.651822  69.739163  2.491
 85     0.260 55181.25063401 14.23  83.647502  69.736163  2.491
 85     1.680 55181.25063595 14.59  83.634552  69.727183  2.491
 85     0.883 55181.25063659 13.87  83.630242  69.724183  2.491
 86     0.942 55216.25065223 10.23  83.633343  69.741737  2.380
 86     0.923 55216.25065288 10.66  83.629033  69.738747  2.380
 86     1.629 55216.25065546 10.79  83.611773  69.726757  2.380
 87     0.572 55251.25063012 11.17  83.648938  69.740282  2.214
 87     0.894 55251.25063076 11.29  83.644618  69.737282  2.214
 87     2.406 55251.25063334 11.73  83.627358  69.725302  2.214
 88     0.342 55286.25064550 10.52  83.630418  69.744439  2.399
 88     0.572 55286.25064614 11.11  83.626098  69.741439  2.399
 88     0.437 55286.25064872 12.18  83.608848  69.729449  2.399
 88     0.755 55286.25064936 11.11  83.604538  69.726459  2.399
 89     3.712 55321.25061989  5.76  83.634716  69.741504  1.905
 89     3.200 55321.25062053  6.08  83.630396  69.738504  1.905
 89     4.340 55321.25062311  6.10  83.613146  69.726524  1.905
 90     4.974 55356.25062008 32.75  83.635123  69.742164 21.528
 90     5.057 55356.25062073 33.07  83.630803  69.739164 21.528
 90     5.209 55356.25062330 30.22  83.613553  69.727184 21.528
 91     4.790 55391.25062096 24.33  83.645225  69.740879 22.587
 91     2.976 55391.25062161 26.72  83.640905  69.737879 22.587
 91     3.123 55391.25062419 28.95  83.623645  69.725899 22.587
 92     8.334 55426.25063641 18.76  83.640202  69.742764 23.115
 92     2.377 55426.25063705 20.28  83.635882  69.739764 23.115
 92     2.808 55426.25063963 22.63  83.618622  69.727774 23.115
 92     1.088 55426.25064027 41.21  83.614312  69.724784 23.115
 93     1.641 55461.25060380 28.85  83.630211  69.743567 17.427
 93     6.397 55461.25060444 19.83  83.625901  69.740577 17.427
 93     2.887 55461.25060702 27.11  83.608651  69.728587 17.427
 93     2.365 55461.25060767 26.87  83.604331  69.725587 17.427
