-210876.347   168.671     0.00    4.84
-210500.422   168.580    -0.24    4.92
-210124.432   166.707    -4.98    6.18
-209748.377   163.918    -7.41    6.43
-209372.256   160.182    -9.93    5.87
-208996.071   161.049     2.30    6.89
-208619.821   166.455    14.36   10.84
-208243.505   172.111    15.03   10.88
-207867.124   174.660     6.77    9.64
-207490.678   173.047    -4.28   10.47
-207114.167   170.224    -7.50    9.93
-206737.591   166.724    -9.29    8.38
-206360.949   163.490    -8.59    6.55
-205984.242   161.148    -6.22    4.43
-205607.470   158.561    -6.86    4.30
-205230.632   155.891    -7.09    4.62
-204853.729   152.774    -8.27    6.33
-204476.760   150.934    -4.88    7.92
-204099.726   149.799    -3.01    9.19
-203722.626   147.710    -5.54   11.34
-203345.461   141.819   -15.62   13.93
-202968.230   136.027   -15.35   13.18
-202590.933   136.816     2.09   14.25
-202213.571   146.500    25.66   21.12
-201836.143   158.586    32.02   20.09
-201458.649   169.684    29.39   11.69
-201081.090   173.224     9.37    9.03
-200703.464   172.841    -1.01    9.09
-200325.773   171.861    -2.59    8.93
-199948.016   170.047    -4.80    8.27
-199570.193   169.172    -2.31    6.66
-199192.304   169.711     1.43    5.08
-198814.349   170.756     2.76    4.50
-198436.328   172.313     4.12    4.16
-198058.241   173.354     2.75    2.88
-197680.088   172.607    -1.98    2.58
-197301.868   171.508    -2.91    3.08
-196923.583   170.349    -3.06    3.67
-196545.231   169.346    -2.65    3.69
-196166.814   167.074    -6.00    4.69
-195788.329   163.895    -8.40    6.33
-195409.779   161.799    -5.54    5.47
-195031.162   161.326    -1.25    4.83
-194652.479   164.109     7.35    6.26
-194273.729   167.519     9.00    6.11
-193894.913   168.338     2.16    5.19
-193516.031   168.439     0.27    4.62
-193137.082   168.388    -0.13    3.67
-192758.066   168.545     0.41    3.23
-192378.984   167.846    -1.84    4.17
-191999.835   167.668    -0.47    4.47
-191620.620   169.075     3.71    6.89
-191241.338   171.051     5.21    7.84
-190861.989   172.123     2.82    8.30
-190482.573   171.452    -1.77    8.59
-190103.091   168.109    -8.81    7.75
-189723.542   164.794    -8.73    6.44
-189343.926   162.621    -5.72    4.76
-188964.243   163.044     1.11    4.55
-188584.493   164.236     3.14    4.74
-188204.676   166.414     5.73    5.22
-187833.945   168.824     6.50    6.56
-187466.921   168.528    -0.81    8.15
-187099.836   166.799    -4.71    9.52
-186732.688   164.072    -7.43    9.61
-186365.478   160.199   -10.55    8.24
-185998.207   157.582    -7.12    6.27
-185630.873   154.261    -9.04    5.84
-185263.477   151.414    -7.75    4.73
-184896.018   149.513    -5.17    4.99
-184528.498   149.019    -1.35    5.22
-184160.915   150.313     3.52    5.64
-183793.270   152.520     6.00    5.49
-183425.563   155.275     7.49    5.34
-183057.793   158.667     9.22    3.81
-182689.961   160.532     5.07    4.55
-182322.066   160.899     1.00    6.44
-181954.109   160.442    -1.24    7.63
-181586.090   160.237    -0.56    8.05
-181218.008   158.523    -4.66    8.07
-180849.863   155.675    -7.73    9.04
-180481.656   151.477   -11.40    9.09
-180113.386   146.861   -12.53    7.33
-179745.053   141.521   -14.50    5.44
-179376.658   139.397    -5.77    4.94
-179008.200   139.816     1.14    5.71
-178639.680   143.841    10.92    8.30
-178271.096   148.886    13.69    8.07
-177902.450   153.409    12.27    6.18
-177533.741   157.521    11.15    4.35
-177164.969   161.461    10.68    6.11
-176796.134   166.497    13.65    6.76
-176427.236   173.078    17.84    7.61
-176058.276   178.626    15.04    7.36
-175689.252   184.111    14.86    7.63
-175320.165   190.158    16.38    7.51
-174951.015   195.436    14.30    6.06
-174581.802   198.718     8.89    4.12
-174212.526   200.749     5.50    3.68
-173843.187   199.750    -2.71    4.45
-173473.784   198.511    -3.35    6.03
-173104.318   199.831     3.57    7.47
-172734.789   199.829    -0.01    6.79
-172365.197   201.097     3.43    4.98
-171995.541   202.336     3.35    4.66
-171625.822   200.955    -3.74    4.50
-171256.040   199.636    -3.56    4.25
-170886.194   196.869    -7.48    5.17
-170516.285   194.724    -5.80    4.68
-170146.312   193.495    -3.32    4.53
-169776.275   191.816    -4.54    4.66
-169406.175   189.826    -5.38    4.87
-169036.012   185.611   -11.39    6.12
-168665.785   181.148   -12.05    7.59
-168295.494   176.434   -12.73    7.46
-167925.139   173.063    -9.10    6.35
-167554.721   171.829    -3.33    6.29
-167184.239   172.480     1.76    7.37
-166813.693   174.899     6.53    8.03
-166443.084   177.792     7.80    6.33
-166072.410   181.668    10.46    6.14
-165701.673   183.705     5.49    5.69
-165330.871   185.779     5.59    4.80
-164960.006   187.788     5.42    3.19
-164589.077   188.750     2.59    3.07
-164218.083   190.088     3.61    3.25
-163847.026   190.779     1.86    3.13
-163475.904   191.681     2.43    3.56
-163104.719   193.088     3.79    4.04
-162733.469   194.629     4.15    4.83
-162362.155   195.660     2.78    4.38
-161990.777   193.360    -6.19    6.48
-161619.334   189.705    -9.84    8.80
-161247.827   183.774   -15.96   10.04
-160876.256   178.486   -14.23    7.93
-160504.621   178.634     0.40    7.90
-160132.921   180.275     4.41    8.53
-159761.157   183.511     8.71    7.79
-159389.328   187.533    10.81    6.10
-159017.435   189.928     6.44    5.25
-158645.477   191.616     4.54    5.40
-158273.454   193.365     4.70    5.42
-157901.367   193.002    -0.98    6.12
-157529.216   192.397    -1.63    4.85
-157156.999   192.421     0.07    4.22
-156784.718   192.372    -0.13    3.84
-156412.373   192.338    -0.09    3.55
-156039.962   192.109    -0.62    3.56
-155667.487   191.125    -2.64    3.57
-155294.947   190.113    -2.72    3.90
-154922.342   188.212    -5.10    5.49
-154549.672   185.749    -6.61    5.74
-154176.937   181.461   -11.50    6.92
-153804.137   177.553   -10.48    7.35
-153431.272   174.039    -9.42    5.56
-153058.342   172.401    -4.39    4.28
-152685.347   172.952     1.48    4.50
-152312.287   173.661     1.90    5.17
-151939.162   174.286     1.67    6.37
-151565.972   175.161     2.34    7.43
-151192.716   173.236    -5.16    8.30
-150819.395   170.097    -8.41    8.92
-150446.009   167.137    -7.93    9.20
-150072.558   164.380    -7.38    8.57
-149699.041   161.499    -7.71    8.37
-149325.458   159.262    -5.99    7.45
-148951.811   160.372     2.97    8.16
-148578.098   163.826     9.24    9.80
-148204.319   168.907    13.59    9.36
-147830.475   171.434     6.76    8.05
-147456.565   169.309    -5.68    7.97
-147082.590   168.132    -3.15    7.85
-146708.549   170.928     7.47    7.67
-146334.443   174.316     9.06    7.71
-145960.270   178.335    10.74    6.80
-145586.032   182.051     9.93    5.54
-145211.729   183.989     5.18    4.87
-144837.359   185.895     5.09    6.56
-144462.924   188.407     6.71    8.04
-144088.422   191.626     8.60    8.90
-143713.855   194.711     8.23    7.71
-143339.222   195.907     3.19    6.36
-142964.523   194.065    -4.92    6.98
-142589.758   187.642   -17.14    9.12
-142214.927   181.372   -16.72   11.62
-141840.029   173.109   -22.04   10.30
-141465.066   168.236   -12.99    9.10
-141090.036   165.549    -7.17    9.44
-140714.941   166.458     2.42    9.85
-140339.779   166.468     0.02    9.61
-139964.551   162.756    -9.89    9.22
-139589.256   159.059    -9.85    7.88
-139213.895   156.549    -6.69    7.21
-138838.468   154.891    -4.42    6.18
-138462.974   157.524     7.01    7.27
-138087.414   162.495    13.24    9.87
-137711.788   165.019     6.72    9.36
-137336.095   161.286    -9.94   15.18
-136960.335   155.971   -14.14   17.55
-136584.509   152.687    -8.74   18.83
-136208.617   151.588    -2.93   18.17
-135832.657   152.545     2.55   18.35
-135456.631   150.624    -5.11   16.54
-135080.538   146.631   -10.61   15.83
-134704.379   138.775   -20.88   15.90
-134328.152   132.421   -16.89   14.53
-133951.859   126.197   -16.54   10.76
-133575.499   120.324   -15.60    9.02
-133199.072   115.249   -13.48   10.10
-132822.579   113.117    -5.66   10.28
-132446.018   110.540    -6.84   12.96
-132069.390   108.224    -6.15   15.98
-131692.695   107.211    -2.69   17.46
-131315.933   105.014    -5.83   16.73
-130939.104   105.421     1.08   15.57
-130562.208   108.928     9.30   16.16
-130185.244   114.249    14.11   15.88
-129808.214   121.147    18.29   13.37
-129431.116   129.483    22.10   11.38
-129053.951   137.844    22.17   10.68
-128676.718   142.850    13.27    9.25
-128299.418   142.363    -1.29   10.29
-127922.051   138.461   -10.34   10.45
-127544.616   133.704   -12.60    6.91
-127167.114   130.582    -8.27    6.27
-126789.545   125.750   -12.80    8.78
-126411.907   122.931    -7.46    9.37
-126034.203   123.055     0.33    9.33
-125656.430   128.661    14.84   12.75
-125278.590   138.781    26.78   11.97
-124900.682   147.533    23.16    8.55
-124522.707   153.792    16.56    7.13
-124144.663   158.287    11.89    7.34
-123766.552   164.361    16.06    6.94
-123388.373   168.821    11.79    6.62
-123010.127   173.607    12.65    7.12
-122631.812   177.199     9.49    6.18
-122253.429   180.384     8.42    5.13
-121874.979   181.614     3.25    5.72
-121496.460   182.492     2.32    5.86
-121117.873   183.198     1.86    7.44
-120739.218   181.323    -4.95    9.74
-120360.495   178.277    -8.04   10.88
-119981.704   173.561   -12.45   10.82
-119602.845   170.374    -8.41    8.00
-119223.917   170.010    -0.96    6.06
-118844.922   169.616    -1.04    4.64
-118465.857   171.347     4.57    5.57
-118086.725   171.819     1.24    6.57
-117707.524   173.508     4.45    6.85
-117328.255   174.907     3.69    6.19
-116948.917   174.824    -0.22    6.10
-116569.511   174.545    -0.74    5.83
-116190.036   173.557    -2.60    5.11
-115810.492   169.968    -9.46    7.28
-115430.880   166.847    -8.22    8.31
-115051.200   166.607    -0.63    9.33
-114671.450   167.395     2.08   11.14
-114291.632   171.299    10.28    9.27
-113911.745   173.360     5.42    8.12
-113531.790   172.537    -2.16    7.53
-113157.392   171.224    -3.51    6.35
-112790.567   171.409     0.50    6.08
-112423.679   172.094     1.87    5.72
-112056.727   173.125     2.81    5.09
-111689.711   174.951     4.97    4.32
-111322.632   177.446     6.80    4.88
-110955.489   179.487     5.56    4.63
-110588.283   179.578     0.25    4.26
-110221.012   180.092     1.40    4.10
-109853.678   178.176    -5.22    4.66
-109486.280   176.016    -5.88    5.06
-109118.818   172.014   -10.89    7.56
-108751.293   166.938   -13.81    8.39
-108383.703   159.504   -20.22   10.20
-108016.050   152.895   -17.98    8.63
-107648.332   149.103   -10.31    6.51
-107280.551   148.124    -2.66    6.21
-106912.705   150.286     5.88    5.94
-106544.795   152.804     6.84    3.40
-106176.822   153.520     1.95    3.49
-105808.784   153.004    -1.40    4.88
-105440.682   147.325   -15.43    9.19
-105072.515   139.346   -21.67   12.49
-104704.285   128.321   -29.94   14.39
-104335.990   120.748   -20.56   11.97
-103967.631   116.594   -11.28    7.60
-103599.207   117.961     3.71    7.22
-103230.719   121.924    10.75    5.94
-102862.167   124.332     6.53    3.64
-102493.550   124.895     1.53    4.39
-102124.868   124.594    -0.82    5.68
-101756.123   124.096    -1.35    6.95
-101387.312   124.700     1.64    9.31
-101018.437   126.704     5.43   12.23
-100649.498   127.224     1.41   13.76
-100280.493   125.967    -3.40   13.35
 -99911.424   123.212    -7.47   11.95
 -99542.291   118.027   -14.05    9.37
 -99173.092   111.542   -17.56   13.90
 -98803.829   105.921   -15.22   13.14
 -98434.501   104.126    -4.86   12.71
 -98065.108   102.575    -4.20   12.09
 -97695.650   103.492     2.48   12.07
 -97326.127   102.821    -1.82   11.19
 -96956.539   104.785     5.31   11.20
 -96586.886   108.326     9.58   10.96
 -96217.168   112.878    12.31    9.52
 -95847.386   117.743    13.15    6.09
 -95477.538   119.629     5.10    4.85
 -95107.624   119.397    -0.63    5.76
 -94737.646   117.736    -4.49    6.34
 -94367.602   117.712    -0.07    5.74
 -93997.494   117.663    -0.13    4.29
 -93627.320   119.162     4.05    3.33
 -93257.080   120.249     2.93    2.76
 -92886.775   120.582     0.90    3.04
 -92516.405   120.578    -0.01    3.11
 -92145.970   120.249    -0.89    4.36
 -91775.469   117.614    -7.11    7.35
 -91404.902   114.570    -8.22    7.40
 -91034.270   114.017    -1.49    7.95
 -90663.573   113.797    -0.59    7.87
 -90292.809   113.687    -0.30    7.23
 -89921.981   114.137     1.21    6.59
 -89551.086   114.249     0.30    5.36
 -89180.126   113.114    -3.06    4.69
 -88809.100   112.903    -0.57    4.35
 -88438.008   112.456    -1.21    3.78
 -88066.851   111.014    -3.88    5.40
 -87695.628   108.443    -6.92    8.22
 -87324.338   103.065   -14.48   10.96
 -86952.983    97.126   -15.99   10.06
 -86581.562    90.730   -17.22    7.89
 -86210.075    86.711   -10.82    5.68
 -85838.522    81.125   -15.03    7.10
 -85466.903    76.956   -11.22    9.04
 -85095.218    73.260    -9.94    9.16
 -84723.467    71.578    -4.53    8.16
 -84351.649    72.854     3.43    7.03
 -83979.765    75.114     6.08    6.70
 -83607.816    76.002     2.39    4.96
 -83235.799    76.069     0.18    4.56
 -82863.717    73.347    -7.31    5.70
 -82491.568    71.055    -6.16    5.23
 -82119.353    68.346    -7.28    4.59
 -81747.072    64.736    -9.70    5.48
 -81374.724    61.449    -8.83    5.91
 -81002.309    58.755    -7.23    5.63
 -80629.828    55.249    -9.41    4.88
 -80257.281    52.163    -8.28    5.30
 -79884.666    48.878    -8.81    6.20
 -79511.986    46.150    -7.32    6.03
 -79139.238    42.545    -9.67    4.59
 -78766.424    40.017    -6.78    3.39
 -78393.543    38.236    -4.77    2.40
 -78020.596    37.273    -2.58    1.98
 -77647.581    36.113    -3.11    1.92
 -77274.500    35.504    -1.63    1.96
 -76901.352    34.248    -3.37    2.08
 -76528.137    33.639    -1.63    2.02
 -76154.855    32.324    -3.52    1.49
 -75781.506    31.760    -1.51    1.54
 -75408.090    30.980    -2.09    1.89
 -75034.607    29.858    -3.00    2.22
 -74661.057    29.675    -0.49    2.31
 -74287.440    30.310     1.70    2.73
 -73913.756    32.370     5.51    3.52
 -73540.004    34.236     4.99    2.95
 -73166.185    36.010     4.74    2.77
 -72792.299    36.748     1.98    3.06
 -72418.346    35.938    -2.17    3.68
 -72044.325    34.949    -2.64    3.99
 -71670.237    33.498    -3.88    3.23
 -71296.082    32.631    -2.32    1.35
 -70921.859    33.644     2.71    2.11
 -70547.568    35.786     5.72    3.91
 -70173.210    39.585    10.15    5.97
 -69798.785    42.360     7.41    6.39
 -69424.292    45.323     7.91    5.80
 -69049.731    45.705     1.02    6.10
 -68675.103    44.777    -2.48    6.63
 -68300.406    43.399    -3.68    6.36
 -67925.643    41.212    -5.84    7.08
 -67550.811    41.059    -0.41    6.81
 -67175.911    40.379    -1.82    6.01
 -66800.944    39.562    -2.18    6.45
 -66425.909    39.480    -0.22    6.25
 -66050.806    38.391    -2.90    5.97
 -65675.635    37.043    -3.59    5.15
 -65300.395    35.467    -4.20    3.55
 -64925.088    34.382    -2.89    2.78
 -64549.713    33.588    -2.12    2.43
 -64174.270    34.379     2.11    2.86
 -63798.758    35.403     2.73    3.16
 -63423.178    36.870     3.91    3.74
 -63047.531    36.980     0.29    3.49
 -62671.814    35.887    -2.91    3.83
 -62296.030    33.363    -6.71    4.82
 -61920.177    31.176    -5.82    3.87
 -61544.256    30.395    -2.08    3.41
 -61168.266    29.687    -1.88    3.30
 -60792.208    29.508    -0.48    3.03
 -60416.082    29.468    -0.11    3.29
 -60039.887    29.434    -0.09    3.46
 -59663.623    29.334    -0.27    3.60
 -59287.291    30.212     2.33    3.46
 -58910.890    30.346     0.36    3.20
 -58534.420    29.807    -1.43    3.35
 -58157.882    29.887     0.21    3.47
 -57781.275    28.819    -2.83    3.74
 -57404.599    28.085    -1.95    3.89
 -57027.855    28.429     0.91    4.00
 -56651.041    27.352    -2.86    4.01
 -56274.159    29.843     6.61    6.41
 -55897.208    32.262     6.42    7.83
 -55520.187    32.609     0.92    8.15
 -55143.098    33.750     3.02    7.05
 -54765.940    33.019    -1.94    6.16
 -54388.712    31.044    -5.23    4.02
 -54011.416    30.765    -0.74    3.79
 -53634.050    32.047     3.40    5.34
 -53256.615    33.014     2.56    5.56
 -52879.111    33.051     0.10    5.51
 -52501.537    31.938    -2.95    5.13
 -52123.895    31.004    -2.47    4.09
 -51746.182    31.968     2.55    4.64
 -51368.401    33.626     4.39    4.87
 -50990.550    33.724     0.26    4.94
 -50612.630    33.381    -0.91    4.85
 -50234.640    33.053    -0.87    4.53
 -49856.580    32.843    -0.56    4.41
 -49478.451    32.086    -2.00    4.47
 -49100.252    31.188    -2.38    4.61
 -48721.984    30.237    -2.51    5.13
 -48343.646    30.605     0.97    5.82
 -47965.238    30.401    -0.54    6.08
 -47586.761    29.260    -3.01    6.60
 -47208.213    29.237    -0.06    6.51
 -46829.596    28.309    -2.45    5.96
 -46450.909    27.878    -1.14    5.88
 -46072.152    29.129     3.30    5.11
 -45693.325    28.983    -0.38    5.25
 -45314.428    27.549    -3.79    5.65
 -44935.461    26.085    -3.86    4.87
 -44556.424    25.998    -0.23    4.42
 -44177.316    26.974     2.57    4.38
 -43798.139    27.441     1.23    4.62
 -43418.891    27.043    -1.05    4.17
 -43039.573    26.063    -2.58    3.27
 -42660.185    25.504    -1.47    3.77
 -42280.726    26.298     2.09    4.00
 -41901.198    26.765     1.23    4.10
 -41521.598    28.314     4.08    4.64
 -41141.929    29.891     4.15    4.28
 -40762.188    30.724     2.19    3.90
 -40382.378    29.447    -3.36    4.59
 -40002.497    26.895    -6.72    4.41
 -39622.545    25.335    -4.11    4.51
 -39242.522    24.533    -2.11    4.50
 -38862.429    24.748     0.57    4.56
 -38484.035    25.980     3.26    4.81
 -38117.414    26.943     2.63    5.03
 -37750.727    27.651     1.93    4.37
 -37383.976    27.387    -0.72    3.90
 -37017.159    26.624    -2.08    3.47
 -36650.277    25.332    -3.52    3.54
 -36283.329    23.647    -4.59    3.26
 -35916.317    23.271    -1.02    3.02
 -35549.239    22.047    -3.34    3.75
 -35182.095    20.140    -5.19    4.22
 -34814.887    17.586    -6.95    4.99
 -34447.613    14.400    -8.67    4.77
 -34080.273    12.854    -4.21    3.34
 -33712.868    13.773     2.50    3.75
 -33345.397    15.297     4.15    3.74
 -32977.861    16.501     3.28    2.61
 -32610.259    16.773     0.74    1.48
 -32242.592    16.676    -0.26    1.88
 -31874.858    17.296     1.69    2.26
 -31507.059    17.858     1.53    2.07
 -31139.195    16.986    -2.37    3.69
 -30771.264    14.522    -6.70    5.48
 -30403.268    12.248    -6.18    5.70
 -30035.206    10.211    -5.53    4.87
 -29667.078     9.367    -2.29    4.14
 -29298.884     8.854    -1.39    2.96
 -28930.624     8.200    -1.77    1.74
 -28562.298     8.724     1.42    2.40
 -28193.906     9.807     2.94    2.78
 -27825.448    11.149     3.64    2.47
 -27456.924    11.914     2.08    1.71
 -27088.334    11.391    -1.42    1.82
 -26719.678    10.489    -2.45    1.85
 -26350.955     9.718    -2.09    1.70
 -25982.166    10.545     2.24    2.60
 -25613.311    11.636     2.96    2.57
 -25244.389    12.417     2.11    2.37
 -24875.401    12.783     0.99    2.04
 -24506.347    11.902    -2.39    2.26
 -24137.226    10.261    -4.45    2.64
 -23768.039     8.950    -3.55    2.59
 -23398.786     8.783    -0.45    2.41
 -23029.465     8.626    -0.43    2.02
 -22660.079     8.358    -0.73    2.18
 -22290.625     8.079    -0.75    2.40
 -21921.105     7.700    -1.03    2.11
 -21551.519     7.651    -0.13    1.91
 -21181.865     6.887    -2.07    2.19
 -20812.145     6.343    -1.47    2.22
 -20442.358     5.902    -1.19    2.02
 -20072.504     6.161     0.70    2.29
 -19702.584     6.486     0.88    2.47
 -19332.596     6.462    -0.06    3.02
 -18962.542     5.983    -1.29    3.68
 -18592.420     6.149     0.45    3.70
 -18222.232     5.260    -2.40    4.08
 -17851.976     5.407     0.40    3.90
 -17481.654     6.200     2.14    4.05
 -17111.264     7.109     2.45    3.62
 -16740.807     7.826     1.94    3.04
 -16370.283     8.667     2.27    2.44
 -15999.692     8.883     0.58    2.57
 -15629.033     9.160     0.75    2.68
 -15258.308    10.091     2.51    2.99
 -14887.514    11.993     5.13    3.10
 -14516.654    13.659     4.49    3.03
 -14145.726    15.604     5.24    1.79
 -13774.731    15.522    -0.22    1.87
 -13403.668    14.452    -2.88    2.31
 -13032.537    13.049    -3.78    2.82
 -12661.339    12.111    -2.53    2.37
 -12290.074    12.480     0.99    2.51
 -11918.741    13.742     3.40    2.63
 -11547.340    15.304     4.21    2.66
 -11175.871    15.742     1.18    2.50
 -10804.335    15.395    -0.94    2.60
 -10432.731    15.520     0.34    2.83
 -10061.059    15.654     0.36    2.90
  -9689.319    16.553     2.42    2.69
  -9317.512    16.838     0.77    2.69
  -8945.636    15.977    -2.32    3.56
  -8573.693    14.782    -3.21    3.69
  -8201.681    13.902    -2.36    3.58
  -7829.602    13.429    -1.27    3.24
  -7457.454    12.799    -1.69    2.62
  -7085.238    12.533    -0.71    2.15
  -6712.954    12.894     0.97    2.21
  -6340.602    12.236    -1.77    4.52
  -5968.182    11.557    -1.82    6.11
  -5595.693    10.033    -4.09    7.57
  -5223.137     8.953    -2.90    7.97
  -4850.511     7.494    -3.91    7.98
  -4477.818     5.162    -6.26    7.60
  -4105.056     2.688    -6.64    6.52
  -3732.225     0.899    -4.80    5.28
  -3359.326    -0.800    -4.55    3.32
  -2986.359    -1.679    -2.36    0.56
  -2613.323    -1.776    -0.26    0.00
  -2240.218    -1.776     0.00    0.00
  -1867.045    -1.776     0.00    0.00
  -1493.803    -1.776     0.00    0.00
  -1120.492    -1.776     0.00    0.00
   -747.113    -1.776     0.00    0.00
   -373.665    -1.776     0.00    0.00
     -0.148    -1.470     0.82    2.51
    373.438     3.091    12.21   11.52
    747.093     8.011    13.17   15.89
   1120.817    17.400    25.12   20.55
   1494.610    26.456    24.23   21.85
   1868.471    36.105    25.81   19.10
   2242.402    43.421    19.57   11.46
   2616.402    46.067     7.07    6.08
   2990.471    43.795    -6.07    6.44
   3364.609    39.863   -10.51    6.45
   3738.817    38.866    -2.67    6.18
   4113.094    40.079     3.24    6.58
   4487.440    41.151     2.86    6.09
   4861.855    41.879     1.95    5.13
   5236.340    40.456    -3.80    5.02
   5610.894    39.419    -2.77    4.27
   5985.517    39.199    -0.59    4.13
   6360.210    38.294    -2.42    4.28
   6734.973    38.779     1.30    4.06
   7109.805    38.000    -2.08    3.78
   7484.706    36.286    -4.57    3.59
   7859.678    35.506    -2.08    4.87
   8234.719    33.286    -5.92    6.57
   8609.829    31.000    -6.09    7.30
   8985.010    30.070    -2.48    7.13
   9360.260    29.689    -1.02    6.30
   9735.580    29.801     0.30    5.83
  10110.970    30.318     1.38    5.17
  10486.430    30.386     0.18    4.67
  10861.960    29.772    -1.64    3.73
  11237.559    29.426    -0.92    3.75
  11613.229    28.753    -1.79    3.60
  11988.969    27.768    -2.62    3.50
  12364.779    27.344    -1.13    3.26
  12740.659    26.464    -2.34    3.26
  13116.610    25.859    -1.61    4.09
  13492.630    25.212    -1.72    4.80
  13868.721    25.055    -0.42    5.03
  14244.882    23.718    -3.56    6.77
  14621.113    20.831    -7.67    9.46
  14997.415    16.977   -10.24   10.43
  15373.787    15.365    -4.28    8.78
  15750.230    14.076    -3.43    7.14
  16126.743    14.506     1.14    5.74
  16503.327    16.391     5.00    3.39
  16879.981    17.368     2.60    3.40
  17256.706    19.031     4.41    2.92
  17633.501    21.003     5.23    3.19
  18010.367    23.283     6.05    2.94
  18387.304    24.126     2.24    2.58
  18764.312    23.106    -2.71    3.40
  19141.391    21.778    -3.52    3.34
  19518.540    20.868    -2.41    2.50
  19895.760    20.297    -1.51    2.17
  20273.052    20.355     0.15    2.14
  20650.414    19.779    -1.52    2.63
  21027.847    17.318    -6.52    4.00
  21405.351    16.186    -3.00    4.08
  21782.926    17.589     3.71    5.31
  22160.573    21.134     9.39    6.35
  22538.291    25.701    12.09    5.21
  22916.079    28.961     8.63    3.08
  23293.939    31.619     7.03    2.29
  23671.871    32.961     3.55    2.34
  24049.874    34.053     2.89    2.27
  24427.948    34.895     2.23    1.85
  24806.093    34.626    -0.71    2.09
  25184.310    33.807    -2.17    2.30
  25562.599    32.224    -4.19    2.42
  25940.959    30.658    -4.14    1.64
  26319.390    29.284    -3.63    2.11
  26697.893    27.945    -3.54    2.70
  27076.468    26.850    -2.89    2.83
  27455.115    25.652    -3.16    2.93
  27833.833    23.659    -5.26    4.91
  28212.623    21.436    -5.87    6.31
  28591.485    17.742    -9.75   10.34
  28970.418    13.759   -10.51   12.51
  29349.424    10.429    -8.79   13.84
  29728.502     4.956   -14.44   11.68
  30107.651     0.711   -11.20    7.01
  30486.873    -1.609    -6.12    1.53
  30866.166    -1.776    -0.44    0.00
  31245.532    -1.764     0.03    0.11
  31624.970    -1.288     1.25    1.96
  32004.480    -0.482     2.12    3.52
  32384.062     0.456     2.47    4.38
  32763.717     1.294     2.21    4.63
  33143.443     1.922     1.65    4.53
  33523.243     2.867     2.49    4.75
  33903.114     3.609     1.96    5.17
  34283.058     4.859     3.29    5.57
  34663.075     5.641     2.06    5.38
  35043.164     5.742     0.27    4.84
  35423.325     6.462     1.89    4.50
  35803.559     7.309     2.23    4.70
  36183.866     9.293     5.22    4.79
  36552.675    10.557     3.43    4.39
  36919.154    11.462     2.47    3.96
  37285.700    12.236     2.11    3.23
  37652.312    12.000    -0.64    4.13
  38018.991    11.342    -1.80    4.87
  38385.737    10.629    -1.94    5.42
  38752.550     9.947    -1.86    5.45
  39119.430     8.989    -2.61    5.23
  39486.377     8.426    -1.53    5.08
  39853.391     9.090     1.81    4.81
  40220.472     9.424     0.91    4.77
  40587.620     8.324    -3.00    5.82
  40954.835     6.980    -3.66    5.97
  41322.117     5.811    -3.18    5.05
  41689.467     5.700    -0.30    4.73
  42056.884     6.097     1.08    3.81
  42424.368     6.270     0.47    3.87
  42791.919     6.031    -0.65    4.31
  43159.538     5.676    -0.97    5.38
  43527.224     5.346    -0.90    6.04
  43894.977     5.526     0.49    6.01
  44262.798     5.456    -0.19    5.57
  44630.687     6.019     1.53    4.73
  44998.643     6.200     0.49    4.45
  45366.666     6.410     0.57    3.94
  45734.757     5.706    -1.91    3.42
  46102.916     5.651    -0.15    3.09
  46471.143     5.569    -0.22    3.33
  46839.437     6.285     1.94    3.33
  47207.799     6.373     0.24    3.35
  47576.228     6.174    -0.54    3.79
  47944.726     6.561     1.05    4.29
  48313.292     6.749     0.51    4.27
  48681.925     7.097     0.95    3.98
  49050.626     5.940    -3.14    3.32
  49419.395     4.584    -3.68    2.58
  49788.233     3.594    -2.68    2.09
  50157.138     2.569    -2.78    1.70
  50526.111     2.297    -0.74    1.71
  50895.153     2.330     0.09    1.93
  51264.263     2.619     0.78    2.13
  51633.441     3.247     1.70    2.35
  52002.687     3.597     0.95    2.55
  52372.001     3.887     0.78    2.38
  52741.384     3.989     0.28    2.19
  53110.835     3.368    -1.68    2.68
  53480.355     2.759    -1.65    2.69
  53849.943     2.549    -0.57    2.80
  54219.599     2.706     0.42    3.32
  54589.324     2.956     0.67    3.59
  54959.118     2.619    -0.91    3.16
  55328.980     2.431    -0.51    2.62
  55698.910     2.689     0.70    2.60
  56068.910     2.766     0.21    2.02
  56438.978     1.994    -2.09    2.56
  56809.115     0.899    -2.96    2.62
  57179.320     0.259    -1.73    2.68
  57549.595    -0.001    -0.70    2.89
  57919.938     0.777     2.10    3.93
  58290.350     2.249     3.97    3.82
  58660.831     2.619     1.00    3.79
  59031.381     2.582    -0.10    3.82
  59402.000     2.084    -1.34    3.06
  59772.688     1.597    -1.31    2.76
  60143.445     1.258    -0.91    2.45
  60514.272     0.931    -0.88    2.26
  60885.167     2.843     5.15    4.89
  61256.132     6.139     8.88    7.78
  61627.166     8.824     7.24    8.11
  61998.269    10.596     4.78    7.73
  62369.441    11.071     1.28    6.35
  62740.683    11.998     2.50    5.24
  63111.994    14.644     7.13    5.37
  63483.375    17.836     8.59    5.57
  63854.825    21.902    10.95    4.58
  64226.345    24.132     6.00    3.61
  64597.934    25.647     4.08    2.38
  64969.593    25.983     0.90    2.28
  65341.321    25.856    -0.34    2.21
  65713.119    25.026    -2.23    2.10
  66084.987    24.344    -1.83    2.19
  66456.925    24.447     0.28    2.12
  66828.932    24.130    -0.85    2.40
  67201.009    24.118    -0.03    2.32
  67573.156    24.424     0.82    2.65
  67945.373    24.106    -0.85    4.61
  68317.660    23.980    -0.34    5.40
  68690.016    23.968    -0.03    5.46
  69062.443    24.817     2.28    3.39
  69434.940    25.028     0.57    2.69
  69807.507    25.838     2.17    4.39
  70180.144    27.930     5.61    5.94
  70552.851    30.224     6.16    5.84
  70925.629    30.718     1.33    5.08
  71298.477    28.212    -6.72    6.19
  71671.395    25.695    -6.75    5.85
  72044.383    23.285    -6.46    3.32
  72417.442    23.201    -0.23    2.92
  72790.571    24.137     2.51    2.16
  73163.771    24.925     2.11    2.08
  73537.041    25.533     1.63    2.09
  73910.381    25.718     0.49    2.20
  74283.793    26.249     1.42    2.33
  74657.274    25.317    -2.49    2.73
  75030.827    23.724    -4.26    3.48
  75404.450    22.096    -4.36    4.28
  75778.144    20.224    -5.01    3.61
  76151.909    19.040    -3.17    3.78
  76525.744    17.760    -3.42    3.47
  76899.650    17.015    -1.99    3.33
  77273.628    15.755    -3.37    2.72
  77647.676    14.684    -2.86    2.22
  78021.795    13.602    -2.89    1.81
  78395.985    12.741    -2.30    2.02
  78770.246    12.114    -1.68    2.41
  79144.578    12.329     0.57    3.01
  79518.982    12.382     0.14    3.34
  79893.456    12.914     1.42    3.38
  80268.002    12.790    -0.33    3.31
  80642.619    11.270    -4.06    3.24
  81017.308     9.980    -3.44    2.85
  81392.067     8.538    -3.85    1.96
  81766.898     7.778    -2.03    1.53
  82141.801     8.074     0.79    1.74
  82516.775     9.826     4.67    3.57
  82891.820    13.712    10.36    5.84
  83266.937    19.332    14.98    7.64
  83642.126    25.154    15.52    7.98
  84017.386    31.367    16.56    6.87
  84392.718    33.534     5.78    5.48
  84768.121    34.518     2.62    4.50
  85143.597    35.015     1.32    3.91
  85519.144    34.754    -0.69    3.25
  85894.763    36.153     3.73    3.26
  86270.453    37.759     4.27    2.56
  86646.216    37.212    -1.45    3.22
  87022.051    35.887    -3.53    4.22
  87397.957    34.329    -4.15    4.44
  87773.936    33.971    -0.95    4.98
  88149.987    33.971     0.00    4.93
  88526.109    34.887     2.43    4.67
  88902.304    35.283     1.05    4.08
  89278.572    35.782     1.33    3.35
  89654.911    35.701    -0.22    2.94
  90031.323    36.248     1.45    3.46
  90407.807    36.735     1.30    4.11
  90784.363    37.677     2.50    4.39
  91160.992    38.879     3.19    4.02
  91537.693    39.031     0.40    3.99
  91914.467    37.960    -2.84    3.65
  92291.313    36.589    -3.64    3.82
  92668.232    34.794    -4.76    4.48
  93045.223    32.910    -5.00    4.09
  93422.287    32.867    -0.11    4.79
  93799.424    33.829     2.55    5.87
  94176.634    35.081     3.32    5.78
  94553.916    34.667    -1.10    6.29
  94931.271    32.248    -6.41    7.60
  95308.699    27.974   -11.32    6.86
  95686.200    24.668    -8.76    4.65
  96063.773    24.144    -1.39    4.17
  96441.420    25.397     3.32    4.29
  96819.140    25.638     0.64    4.16
  97196.933    26.236     1.58    4.34
  97574.799    28.647     6.38    7.46
  97952.738    31.907     8.62   10.62
  98330.750    35.534     9.60   11.76
  98708.836    37.594     5.45   10.99
  99086.995    35.741    -4.90   11.00
  99465.227    31.855   -10.28   10.29
  99843.533    30.500    -3.58    7.50
 100221.912    27.953    -6.73    6.95
 100600.364    24.155   -10.04    7.14
 100978.890    21.748    -6.36    7.16
 101357.490    20.292    -3.85    6.93
 101736.163    19.887    -1.07    7.77
 102114.909    19.760    -0.34   10.61
 102493.730    20.971     3.20   13.24
 102872.624    25.293    11.41   13.89
 103251.591    29.069     9.97   12.73
 103630.633    31.119     5.41    9.65
 104009.748    32.875     4.63    5.83
 104388.938    30.706    -5.72    6.58
 104768.201    26.994    -9.79    8.41
 105147.538    26.224    -2.03    9.12
 105526.949    25.906    -0.84    9.21
 105906.435    26.395     1.29    8.98
 106285.994    25.339    -2.78    8.14
 106665.627    24.175    -3.07    7.19
 107045.335    25.576     3.69    6.65
 107425.117    26.150     1.51    6.24
 107804.973    28.040     4.98    5.27
 108184.903    28.736     1.83    4.05
 108564.908    28.373    -0.95    4.39
 108944.987    28.491     0.31    4.69
 109325.141    28.258    -0.61    4.60
 109705.369    28.152    -0.28    4.52
 110085.672    28.426     0.72    5.52
 110466.049    29.511     2.85    5.74
 110846.501    31.331     4.78    4.91
 111219.610    31.008    -0.87    5.55
 111585.876    29.922    -2.97    5.46
 111952.210    29.408    -1.40    5.65
 112318.613    28.456    -2.60    5.26
 112685.084    27.367    -2.97    5.62
 113051.623    25.132    -6.10    3.96
 113418.231    24.421    -1.94    3.07
 113784.908    25.546     3.07    3.19
 114151.653    25.919     1.02    3.03
 114518.467    26.201     0.77    2.68
 114885.350    26.565     0.99    2.33
 115252.301    26.553    -0.03    2.13
 115619.322    27.028     1.29    2.51
 115986.411    29.236     6.01    3.45
 116353.568    29.143    -0.25    3.64
 116720.795    28.603    -1.47    4.05
 117088.091    28.119    -1.32    3.75
 117455.455    27.177    -2.56    2.84
 117822.889    27.508     0.90    2.74
 118190.392    27.765     0.70    2.79
 118557.964    27.622    -0.39    3.05
 118925.604    28.346     1.97    4.01
 119293.314    29.099     2.05    4.20
 119661.094    29.651     1.50    4.59
 120028.942    31.143     4.06    4.67
 120396.860    30.974    -0.46    5.09
 120764.847    31.810     2.27    6.53
 121132.904    32.682     2.37    7.16
 121501.029    34.280     4.34    6.34
 121869.225    37.373     8.40    5.86
 122237.490    38.071     1.89    5.53
 122605.824    37.531    -1.47    5.51
 122974.228    37.937     1.10    4.98
 123342.701    37.329    -1.65    4.24
 123711.244    37.247    -0.22    3.63
 124079.857    35.166    -5.65    6.30
 124448.539    31.959    -8.70    7.99
 124817.292    28.465    -9.47    7.40
 125186.114    24.639   -10.38    6.52
 125555.005    24.124    -1.40    6.66
 125923.967    23.065    -2.87    6.90
 126292.999    22.431    -1.72    7.75
 126662.100    24.783     6.37    8.11
 127031.272    26.940     5.84    7.51
 127400.513    29.340     6.50    7.52
 127769.825    30.644     3.53    7.01
 128139.207    29.938    -1.91    6.33
 128508.659    30.463     1.42    5.84
 128878.181    30.031    -1.17    4.18
 129247.773    30.294     0.71    3.25
 129617.436    32.269     5.34    3.01
 129987.169    32.764     1.34    2.74
 130356.972    32.782     0.05    2.90
 130726.846    32.852     0.19    2.33
 131096.790    32.928     0.21    2.71
 131466.804    32.965     0.10    2.65
 131836.889    33.707     2.00    2.95
 132207.045    34.188     1.30    3.19
 132577.271    34.730     1.46    3.35
 132947.568    35.053     0.87    3.50
 133317.935    35.213     0.43    3.10
 133688.373    34.693    -1.40    2.98
 134058.882    34.500    -0.52    2.67
 134429.462    35.041     1.46    2.92
 134800.112    35.155     0.31    2.88
 135170.834    35.283     0.34    3.06
 135541.626    34.213    -2.89    4.41
 135912.489    31.573    -7.12    5.00
 136283.424    28.099    -9.37    4.33
 136654.429    26.422    -4.52    2.83
 137025.505    26.350    -0.19    2.65
 137396.653    27.133     2.11    2.37
 137767.871    28.100     2.61    2.36
 138139.161    29.986     5.08    3.61
 138510.522    33.112     8.42    5.66
 138881.955    35.872     7.43    5.08
 139253.458    38.026     5.80    3.60
 139625.033    38.730     1.89    2.89
 139996.680    37.902    -2.23    2.42
 140368.398    37.863    -0.10    3.11
 140740.187    38.294     1.16    3.54
 141112.048    38.281    -0.03    3.70
 141483.980    36.933    -3.62    5.12
 141855.984    35.951    -2.64    5.40
 142228.060    36.389     1.18    5.72
 142600.207    35.977    -1.11    4.93
 142972.426    35.318    -1.77    4.62
 143344.717    34.143    -3.16    4.33
 143717.080    33.700    -1.19    3.52
 144089.514    33.849     0.40    3.42
 144462.021    33.041    -2.17    3.00
 144834.599    34.122     2.90    3.22
 145207.249    35.343     3.28    2.44
 145579.972    35.927     1.57    2.77
 145952.766    35.700    -0.61    3.34
 146325.633    35.133    -1.52    3.65
 146698.571    34.443    -1.85    4.07
 147071.582    34.883     1.18    3.23
 147444.665    34.760    -0.33    2.81
 147817.820    33.868    -2.39    2.68
 148191.048    33.141    -1.95    3.15
 148564.348    32.946    -0.52    3.00
 148937.720    32.998     0.14    2.93
 149311.165    33.008     0.03    3.31
 149684.682    32.542    -1.25    3.55
 150058.272    31.769    -2.07    3.87
 150431.934    31.819     0.13    3.39
 150805.669    30.701    -2.99    3.12
 151179.477    30.189    -1.37    3.60
 151553.357    28.516    -4.48    4.13
 151927.310    27.694    -2.20    4.55
 152301.336    26.349    -3.60    4.26
 152675.435    25.712    -1.70    3.99
 153049.606    25.622    -0.24    4.16
 153423.850    26.724     2.95    4.03
 153798.168    27.281     1.49    3.57
 154172.558    27.557     0.74    3.22
 154547.021    28.167     1.63    3.35
 154921.558    29.318     3.07    3.37
 155296.167    31.449     5.69    3.07
 155670.850    31.868     1.12    3.18
 156045.605    31.280    -1.57    3.19
 156420.435    30.891    -1.04    3.01
 156795.337    30.474    -1.11    2.91
 157170.313    29.108    -3.64    3.48
 157545.362    27.396    -4.56    3.55
 157920.484    25.902    -3.98    3.09
 158295.680    25.406    -1.32    2.90
 158670.949    26.456     2.80    4.11
 159046.292    29.110     7.07    5.64
 159421.709    30.937     4.87    4.93
 159797.199    33.974     8.09    4.50
 160172.762    34.933     2.55    4.35
 160548.400    35.917     2.62    3.72
 160924.111    35.707    -0.56    3.73
 161299.896    33.610    -5.58    4.39
 161675.755    33.812     0.54    4.42
 162051.688    33.451    -0.96    4.22
 162427.694    33.259    -0.51    3.10
 162803.775    31.713    -4.11    4.11
 163179.930    29.922    -4.76    5.26
 163556.158    28.633    -3.43    5.24
 163932.461    27.342    -3.43    4.65
 164308.838    26.156    -3.15    2.89
 164685.289    25.212    -2.51    2.59
 165061.815    25.022    -0.51    2.71
 165438.414    24.898    -0.33    3.76
 165815.088    25.561     1.76    4.14
 166191.836    26.847     3.42    4.23
 166568.659    29.394     6.76    4.75
 166945.556    30.200     2.14    5.06
 167322.528    30.145    -0.14    4.95
 167699.574    30.043    -0.27    4.83
 168076.695    28.776    -3.36    4.06
 168453.890    26.843    -5.12    3.14
 168831.160    25.835    -2.67    2.89
 169208.505    24.675    -3.07    3.62
 169585.924    22.891    -4.73    3.44
 169963.419    22.891     0.00    3.59
 170340.988    23.678     2.09    3.38
 170718.632    23.766     0.23    2.83
 171096.351    23.392    -0.99    2.64
 171474.145    22.140    -3.32    2.42
 171852.013    23.408     3.36    4.05
 172229.957    27.200    10.04    6.35
 172607.977    30.102     7.68    6.46
 172986.071    31.695     4.22    4.87
 173364.240    30.379    -3.48    4.77
 173742.485    27.914    -6.52    4.32
 174120.805    26.347    -4.14    2.69
 174499.200    26.120    -0.60    2.33
 174877.671    26.909     2.08    2.67
 175256.217    26.695    -0.57    3.61
 175634.839    25.078    -4.27    4.57
 176013.536    23.519    -4.12    4.17
 176392.308    22.932    -1.55    4.24
 176771.156    23.661     1.92    5.29
 177150.080    26.269     6.89    6.04
 177529.080    29.735     9.15    5.90
 177908.155    30.656     2.43    4.92
 178287.306    31.808     3.04    3.90
 178666.533    32.428     1.64    4.85
 179045.836    32.505     0.20    5.18
 179425.214    33.500     2.62    5.26
 179804.669    31.635    -4.91    6.87
 180184.200    28.142    -9.21    7.00
 180563.806    25.898    -5.91    7.04
 180943.489    23.846    -5.41    5.11
 181323.248    22.143    -4.48    3.46
 181703.083    22.441     0.78    3.70
 182082.994    23.924     3.90    4.00
 182462.982    25.105     3.11    4.57
 182843.046    26.554     3.81    5.50
 183223.186    28.447     4.98    5.76
 183603.403    29.924     3.88    5.59
 183983.696    30.937     2.66    5.58
 184364.066    31.747     2.13    5.33
 184744.512    33.258     3.97    5.62
 185125.035    34.977     4.52    5.41
 185505.634    36.086     2.91    4.36
 185883.409    36.633     1.45    3.55
 186249.455    35.707    -2.53    5.00
 186615.571    33.055    -7.24    6.69
 186981.757    31.224    -5.00    7.64
 187348.013    31.037    -0.51    8.63
 187714.340    32.164     3.08    9.01
 188080.736    35.078     7.95    8.54
 188447.203    37.898     7.70    8.95
 188813.740    39.741     5.03    7.99
 189180.348    39.863     0.33    7.52
 189547.026    38.394    -4.01    8.20
 189913.774    37.123    -3.47    7.56
 190280.593    35.678    -3.94    6.42
 190647.482    36.819     3.11    5.98
 191014.442    37.672     2.32    4.96
 191381.473    38.179     1.38    3.96
 191748.574    38.272     0.25    4.02
 192115.745    38.894     1.69    4.07
 192482.988    40.331     3.91    5.42
 192850.301    42.114     4.85    5.81
 193217.685    43.856     4.74    4.21
 193585.140    44.068     0.58    3.21
 193952.665    43.510    -1.52    3.33
 194320.262    43.201    -0.84    3.53
 194687.929    44.599     3.80    4.72
 195055.668    45.826     3.34    4.99
 195423.477    46.957     3.08    4.99
 195791.358    46.776    -0.49    4.35
 196159.309    45.613    -3.16    3.94
 196527.332    44.471    -3.10    4.09
 196895.426    44.102    -1.00    3.72
 197263.591    44.634     1.44    3.88
 197631.828    46.336     4.62    4.65
 198000.136    49.176     7.71    4.47
 198368.515    50.876     4.61    3.67
 198736.965    52.270     3.78    3.32
 199105.487    51.404    -2.35    4.36
 199474.081    48.428    -8.07    6.51
 199842.746    44.797    -9.85    7.37
 200211.482    40.519   -11.60    7.10
 200580.291    36.201   -11.71    5.66
 200949.170    33.842    -6.40    4.45
 201318.122    31.615    -6.04    3.87
 201687.145    30.246    -3.71    3.63
 202056.240    29.400    -2.29    3.01
 202425.407    29.389    -0.03    2.93
 202794.646    30.084     1.88    2.85
 203163.956    31.909     4.94    2.64
 203533.339    32.690     2.11    2.57
 203902.793    33.769     2.92    2.27
