-149410.644    55.342     0.00    4.08
-149041.796    55.720     1.03    4.18
-148673.034    55.371    -0.95    4.62
-148304.360    52.857    -6.82    6.06
-147935.772    49.436    -9.28    5.93
-147567.271    45.729   -10.06    5.53
-147198.857    40.745   -13.53    9.90
-146830.529    35.342   -14.67   13.41
-146462.288    30.816   -12.29   13.80
-146094.133    26.438   -11.89   12.57
-145726.065    24.667    -4.81   10.89
-145358.084    24.399    -0.73    9.63
-144990.188    24.390    -0.02    8.49
-144622.379    25.226     2.27    8.14
-144254.656    26.159     2.54    7.84
-143887.020    27.096     2.55    7.89
-143519.469    26.973    -0.33    7.48
-143152.004    25.063    -5.20    8.09
-142784.626    22.308    -7.50    8.58
-142417.333    20.181    -5.79    8.08
-142050.126    19.207    -2.65    8.51
-141683.005    16.932    -6.20    7.36
-141315.970    15.177    -4.78    5.18
-140949.020    13.789    -3.78    2.11
-140582.156    13.371    -1.14    0.00
-140215.378    13.371     0.00    0.00
-139848.685    13.371     0.00    0.00
-139482.077    13.371     0.00    0.00
-139115.555    13.371     0.00    0.00
-138749.118    13.371     0.00    0.00
-138382.766    13.371     0.00    0.00
-138016.500    13.371     0.00    0.00
-137650.319    13.371     0.00    0.00
-137284.223    13.371     0.00    0.00
-136918.212    13.371     0.00    0.00
-136552.285    13.371     0.00    0.00
-136186.444    13.371     0.00    0.00
-135820.688    13.371     0.00    0.00
-135455.016    13.371     0.00    0.00
-135089.429    13.371     0.00    0.00
-134723.927    13.371     0.00    0.00
-134358.509    13.371     0.00    0.00
-133993.176    13.371     0.00    0.00
-133627.928    13.371     0.00    0.00
-133262.764    13.371     0.00    0.00
-132897.684    13.371     0.00    0.00
-132532.689    13.380     0.03    0.10
-132167.777    13.490     0.30    0.72
-131802.951    14.398     2.49    3.88
-131438.208    15.786     3.81    5.84
-131073.549    16.880     3.00    5.74
-130708.974    18.268     3.81    5.19
-130344.484    21.964    10.14    6.63
-129980.077    25.041     8.44    6.64
-129615.278    28.391     9.18    5.77
-129233.215    31.885     9.15    5.62
-128851.246    34.596     7.10    6.94
-128469.372    38.936    11.37    9.27
-128087.591    44.381    14.26   12.59
-127705.905    50.701    16.56   13.90
-127324.312    58.510    20.46   14.13
-126942.814    64.710    16.26   12.22
-126561.409    71.585    18.02   10.61
-126180.098    75.692    10.77    9.77
-125798.881    78.962     8.58    8.88
-125417.758    81.677     7.12    7.29
-125036.728    82.922     3.27    6.18
-124655.792    84.203     3.36    5.35
-124274.949    85.973     4.65    5.43
-123894.199    87.661     4.43    5.90
-123513.543    90.162     6.57    5.63
-123132.980    92.824     7.00    5.35
-122752.510    94.010     3.12    5.63
-122372.134    95.446     3.78    5.43
-121991.850    96.501     2.77    5.15
-121611.660    98.119     4.26    3.17
-121231.562    97.013    -2.91    3.28
-120851.557    95.294    -4.52    4.99
-120471.645    91.325   -10.45    7.26
-120091.826    85.791   -14.57    8.14
-119712.099    81.107   -12.34    7.68
-119332.465    75.827   -13.91    7.91
-118952.923    69.436   -16.84    9.47
-118573.474    65.810    -9.56    8.29
-118194.117    64.988    -2.17    7.60
-117814.853    69.306    11.39   10.43
-117435.681    79.788    27.65   13.77
-117056.601    90.558    28.41   15.66
-116677.613   103.541    34.26   14.37
-116298.717   112.667    24.09   11.89
-115919.913   118.682    15.88   10.73
-115541.201   120.010     3.51   10.52
-115162.581   118.271    -4.59   12.11
-114784.053   113.463   -12.70   12.42
-114405.616   108.490   -13.14   12.24
-114027.271   103.041   -14.40   12.12
-113649.018    96.019   -18.57   12.55
-113270.856    86.025   -26.43   14.04
-112892.785    77.162   -23.45   11.85
-112514.806    69.130   -21.25    9.45
-112136.919    61.651   -19.79    8.49
-111759.122    55.539   -16.18   10.01
-111381.417    50.538   -13.24    7.23
-111003.803    48.097    -6.46    5.83
-110626.280    50.193     5.55    7.87
-110248.848    54.967    12.65    9.06
-109871.507    60.917    15.77    8.73
-109494.257    68.034    18.87    5.80
-109117.097    72.805    12.65    8.05
-108740.028    76.513     9.83    8.96
-108363.050    80.584    10.80    8.67
-107986.163    84.343     9.97    7.11
-107609.366    88.577    11.24    8.09
-107232.660    92.362    10.05   10.36
-106856.044    96.714    11.56   10.96
-106479.518    99.991     8.71    9.69
-106103.083   102.466     6.57    7.80
-105726.738   102.612     0.39    5.96
-105350.483   101.371    -3.30    5.09
-104974.318    99.188    -5.80    4.42
-104598.244    97.526    -4.42    3.48
-104222.259    97.278    -0.66    3.85
-103846.364    97.457     0.48    4.41
-103470.559    99.649     5.83    6.27
-103094.844   102.575     7.79    8.46
-102719.218   106.823    11.31    8.97
-102343.682   109.932     8.28    9.10
-101968.236   113.489     9.47    9.68
-101592.879   116.261     7.39    9.06
-101217.612   118.151     5.04    6.62
-100842.434   117.603    -1.46    4.26
-100467.345   115.954    -4.40    3.40
-100092.346   114.567    -3.70    3.19
 -99717.436   113.777    -2.11    3.03
 -99342.615   113.494    -0.76    2.79
 -98967.883   113.616     0.33    3.24
 -98593.240   115.852     5.97    5.47
 -98218.686   120.829    13.29    9.37
 -97844.221   127.341    17.39   10.90
 -97469.845   132.686    14.28    8.62
 -97095.558   136.479    10.13    5.84
 -96721.359   137.483     2.68    5.07
 -96347.249   137.019    -1.24    4.97
 -95973.228   135.848    -3.13    5.45
 -95599.295   132.324    -9.42    7.08
 -95225.450   129.650    -7.15    6.76
 -94851.694   131.010     3.64    8.63
 -94478.026   136.771    15.42   12.21
 -94104.447   145.834    24.26   13.69
 -93730.956   155.242    25.19   11.17
 -93357.553   162.465    19.34    8.91
 -92984.238   167.823    14.35    8.42
 -92611.011   172.539    12.64    8.04
 -92237.872   175.965     9.18    7.15
 -91864.821   176.517     1.48    8.74
 -91491.857   175.203    -3.52   10.05
 -91118.982   172.611    -6.95   10.41
 -90746.194   170.454    -5.79    9.72
 -90373.494   167.410    -8.17    9.42
 -90000.882   164.025    -9.08   10.28
 -89628.357   161.843    -5.86   10.90
 -89255.919   160.088    -4.71   11.22
 -88883.569   159.950    -0.37   11.00
 -88511.306   157.659    -6.15   11.26
 -88139.131   153.960    -9.94   11.27
 -87767.043   148.688   -14.17   10.37
 -87395.042   143.663   -13.51    9.62
 -87023.128   137.823   -15.70    9.46
 -86651.301   132.745   -13.66   10.20
 -86279.561   127.971   -12.84    9.96
 -85907.908   121.948   -16.21   10.70
 -85536.342   115.399   -17.63   12.41
 -85164.863   107.746   -20.60   12.76
 -84793.471   100.686   -19.01   10.01
 -84422.165    95.544   -13.85    6.42
 -84050.946    92.922    -7.06    4.14
 -83679.813    91.304    -4.36    3.42
 -83308.767    90.190    -3.00    3.25
 -82937.807    91.248     2.85    5.75
 -82566.934    93.025     4.79    6.62
 -82196.147    95.528     6.75    6.41
 -81825.447    98.235     7.30    4.49
 -81454.832    98.792     1.50    3.24
 -81084.304    98.752    -0.11    3.29
 -80713.862    98.209    -1.47    3.80
 -80343.506    98.192    -0.05    4.09
 -79973.235    98.646     1.23    3.65
 -79603.051    99.075     1.16    3.92
 -79232.953    99.601     1.42    4.53
 -78862.940   100.220     1.67    5.80
 -78493.013   101.923     4.60    6.56
 -78123.172   103.428     4.07    5.99
 -77753.417   103.932     1.36    4.96
 -77383.747   103.015    -2.48    4.82
 -77014.162    99.904    -8.42    5.19
 -76644.663    97.230    -7.24    4.41
 -76275.249    96.491    -2.00    4.56
 -75905.921    97.581     2.95    6.23
 -75536.678    98.914     3.61    7.58
 -75167.520    99.306     1.06    7.62
 -74798.447    99.149    -0.43    6.81
 -74429.460    97.717    -3.88    5.38
 -74060.557    96.517    -3.25    4.08
 -73691.739    94.956    -4.23    3.49
 -73323.007    93.560    -3.79    4.65
 -72954.359    90.650    -7.89    6.22
 -72585.796    87.619    -8.22    5.96
 -72217.317    86.213    -3.82    6.79
 -71848.924    87.399     3.22    7.30
 -71480.615    89.659     6.14    8.17
 -71112.390    93.542    10.55    6.92
 -70744.250    94.659     3.03    5.64
 -70376.195    95.486     2.25    6.28
 -70008.224    94.745    -2.02    6.97
 -69640.337    93.886    -2.34    7.23
 -69272.535    94.171     0.78    6.82
 -68904.817    93.179    -2.70    6.20
 -68537.182    90.657    -6.86    6.00
 -68169.633    88.380    -6.19    5.21
 -67802.167    86.761    -4.41    3.38
 -67434.785    85.399    -3.71    4.22
 -67067.487    83.508    -5.15    5.76
 -66700.273    80.315    -8.70    6.81
 -66333.142    77.163    -8.58    7.32
 -65966.096    75.819    -3.66    7.87
 -65599.133    76.773     2.60    8.70
 -65232.254    78.361     4.33    8.29
 -64865.458    78.922     1.53    7.42
 -64498.746    78.496    -1.16    6.59
 -64132.118    77.971    -1.43    5.85
 -63765.573    76.541    -3.90    5.08
 -63399.111    75.151    -3.79    4.89
 -63032.733    74.820    -0.90    4.83
 -62666.438    73.592    -3.35    5.74
 -62300.226    71.828    -4.82    5.43
 -61934.097    70.933    -2.45    4.72
 -61568.051    72.750     4.96    6.84
 -61202.089    76.446    10.10    8.00
 -60836.209    79.044     7.10    7.68
 -60470.412    82.484     9.40    7.27
 -60104.698    84.777     6.27    7.29
 -59739.067    86.804     5.54    9.28
 -59373.519    89.866     8.38   10.77
 -59008.053    88.412    -3.98   12.23
 -58642.670    79.628   -24.04   18.12
 -58277.370    70.659   -24.55   20.40
 -57912.152    60.600   -27.55   15.42
 -57547.016    57.135    -9.49   11.57
 -57181.963    62.524    14.76   17.41
 -56816.993    69.965    20.39   20.56
 -56452.104    74.089    11.30   19.93
 -56087.298    75.698     4.41   17.46
 -55722.574    73.200    -6.85   14.39
 -55357.933    69.341   -10.58   11.73
 -54993.373    64.315   -13.79   10.36
 -54616.396    59.529   -12.69    9.18
 -54234.598    54.977   -11.92    5.99
 -53852.891    55.827     2.23    6.40
 -53471.276    59.352     9.24    8.09
 -53089.752    62.126     7.27    6.04
 -52708.320    60.994    -2.97    6.54
 -52326.980    59.409    -4.15    6.64
 -51945.732    58.455    -2.50    6.44
 -51564.575    57.784    -1.76    6.30
 -51183.509    59.163     3.62    6.86
 -50802.534    60.181     2.67    7.22
 -50421.651    61.123     2.48    7.45
 -50040.859    57.688    -9.02   10.28
 -49660.158    50.468   -18.97   13.40
 -49279.549    42.784   -20.19   13.14
 -48899.030    36.044   -17.71   10.09
 -48518.602    32.486    -9.35    7.50
 -48138.265    33.236     1.97    8.51
 -47758.019    42.324    23.90   17.30
 -47377.864    54.665    32.46   20.36
 -46997.799    64.814    26.70   16.42
 -46617.825    70.727    15.56   11.56
 -46237.942    71.941     3.19    9.24
 -45858.149    75.136     8.41    8.26
 -45478.447    79.228    10.78    8.25
 -45098.834    83.055    10.08    6.38
 -44719.313    87.258    11.08    6.82
 -44339.881    92.561    13.98    8.40
 -43960.540    99.581    18.51   10.29
 -43581.288   106.492    18.23    7.21
 -43202.127   111.025    11.95    4.80
 -42823.056   112.633     4.24    3.28
 -42444.075   111.666    -2.55    3.61
 -42065.183   109.900    -4.66    4.18
 -41686.382   106.880    -7.97    4.82
 -41307.670   104.063    -7.44    4.16
 -40929.047   100.857    -8.47    3.92
 -40550.515    97.984    -7.59    3.19
 -40172.072    95.496    -6.58    3.69
 -39793.718    92.013    -9.21    5.59
 -39415.454    86.730   -13.96    7.18
 -39037.279    78.217   -22.51   13.10
 -38659.194    69.189   -23.88   13.43
 -38281.198    67.314    -4.96   12.43
 -37903.291    70.075     7.31   12.84
 -37525.473    79.619    25.26   13.82
 -37147.744    88.912    24.60   10.42
 -36770.104    96.296    19.55    9.65
 -36392.553   101.797    14.57    7.09
 -36015.091   104.663     7.59    6.93
 -35637.718   105.070     1.08    5.98
 -35260.433    98.857   -16.47   13.31
 -34883.237    86.515   -32.72   21.29
 -34506.130    78.371   -21.60   19.79
 -34129.111    80.813     6.48   22.31
 -33752.181    88.636    20.75   22.61
 -33375.339    96.573    21.06   13.13
 -32998.586    97.232     1.75    7.83
 -32621.921    93.126   -10.90    4.80
 -32245.344    91.096    -5.39    2.56
 -31868.856    90.038    -2.81    2.68
 -31492.455    88.249    -4.75    2.43
 -31116.143    86.047    -5.85    3.64
 -30739.918    83.529    -6.69    4.85
 -30363.782    80.227    -8.78    5.49
 -29987.733    77.175    -8.12    5.36
 -29611.773    75.128    -5.44    4.61
 -29235.900    74.041    -2.89    4.10
 -28860.114    72.784    -3.34    3.26
 -28484.417    72.038    -1.99    3.21
 -28108.807    69.538    -6.66    4.47
 -27733.284    66.128    -9.08    5.91
 -27357.849    62.422    -9.87    5.31
 -26982.501    59.381    -8.10    4.03
 -26607.241    55.973    -9.08    5.81
 -26232.068    51.063   -13.09    8.98
 -25856.982    45.311   -15.34    8.48
 -25481.984    39.623   -15.17    3.95
 -25107.072    37.440    -5.82    1.64
 -24732.248    36.662    -2.07    2.14
 -24357.510    36.682     0.05    2.93
 -23982.860    36.704     0.06    3.29
 -23608.296    36.600    -0.28    3.34
 -23233.819    37.302     1.87    2.78
 -22859.429    37.104    -0.53    2.50
 -22485.125    37.238     0.36    2.54
 -22110.908    38.419     3.15    3.28
 -21736.778    39.973     4.15    3.89
 -21362.734    42.929     7.90    4.41
 -20988.777    46.400     9.28    5.17
 -20614.906    50.466    10.88    6.21
 -20241.121    52.895     6.50    4.47
 -19867.423    52.381    -1.38    4.87
 -19493.811    49.342    -8.13    6.10
 -19120.285    44.691   -12.45    4.95
 -18746.845    40.994    -9.90    4.48
 -18373.491    38.085    -7.79    3.91
 -18000.223    36.698    -3.72    3.02
 -17627.041    37.292     1.59    3.54
 -17253.945    39.809     6.75    4.29
 -16880.934    42.818     8.07    3.81
 -16508.010    44.919     5.64    2.93
 -16135.171    45.314     1.06    2.58
 -15762.418    44.028    -3.45    2.95
 -15389.750    43.208    -2.20    3.53
 -15017.168    41.840    -3.67    3.21
 -14644.671    41.616    -0.60    2.96
 -14272.260    42.461     2.27    3.27
 -13899.934    42.876     1.11    3.38
 -13527.693    41.604    -3.42    4.75
 -13155.537    37.304   -11.55    8.65
 -12783.467    31.676   -15.13   10.56
 -12411.482    23.750   -21.31   11.48
 -12039.581    17.554   -16.66   10.75
 -11667.766    13.215   -11.67    8.58
 -11296.036    12.399    -2.19    7.87
 -10924.390    11.906    -1.33    7.62
 -10552.830    10.981    -2.49    7.88
 -10181.354     8.224    -7.42    7.32
  -9809.963     5.285    -7.91    4.70
  -9438.656     6.742     3.92    5.67
  -9067.434    12.133    14.52    9.71
  -8696.297    18.919    18.28   10.52
  -8325.244    25.938    18.92    8.86
  -7954.275    29.828    10.49    6.05
  -7583.391    31.671     4.97    4.92
  -7212.591    32.057     1.04    4.33
  -6841.876    31.177    -2.37    4.01
  -6471.244    30.410    -2.07    3.13
  -6100.697    30.361    -0.13    3.00
  -5730.234    30.881     1.40    3.39
  -5359.854    32.371     4.02    3.66
  -4989.559    33.184     2.19    3.20
  -4619.348    34.142     2.59    2.24
  -4249.220    33.727    -1.12    3.11
  -3879.177    28.438   -14.30   10.28
  -3509.217    21.458   -18.87   14.31
  -3139.340    13.341   -21.94   14.38
  -2769.548     6.525   -18.43   11.34
  -2399.839     1.256   -14.25    5.47
  -2030.213    -0.601    -5.02    0.22
  -1660.671    -0.629    -0.08    0.00
  -1291.212    -0.629     0.00    0.00
   -921.837    -0.629     0.00    0.00
   -552.544    -0.629     0.00    0.00
   -183.336    -0.629     0.00    0.00
    185.790    -0.629     0.00    0.00
    554.833    -0.629     0.00    0.00
    923.792    -0.629     0.00    0.00
   1292.669    -0.629     0.00    0.00
   1661.462    -0.629     0.00    0.00
   2030.173    -0.448     0.49    0.92
   2398.801     0.034     1.31    2.00
   2767.346     1.151     3.03    3.82
   3135.808     2.333     3.21    4.92
   3504.188     3.371     2.82    5.13
   3872.485     4.611     3.37    5.42
   4240.699     6.536     5.23    6.39
   4608.831     8.638     5.71    6.83
   4976.881    11.140     6.80    6.36
   5344.848    13.955     7.65    5.43
   5712.733    15.361     3.82    4.40
   6080.535    15.658     0.81    4.69
   6448.255    15.246    -1.12    5.84
   6815.893    15.721     1.29    6.67
   7183.449    16.942     3.32    7.31
   7550.923    18.304     3.70    7.11
   7918.315    18.611     0.84    6.58
   8285.625    18.352    -0.71    6.70
   8652.853    17.266    -2.96    6.57
   9019.999    15.611    -4.51    6.06
   9387.063    13.955    -4.51    5.12
   9754.045    12.567    -3.78    4.10
  10120.946    11.169    -3.81    3.28
  10487.765    10.462    -1.93    2.86
  10854.503     9.933    -1.44    3.35
  11221.159     9.708    -0.61    4.63
  11587.734    12.623     7.95    7.92
  11954.227    17.143    12.33    9.71
  12320.639    21.704    12.45    7.91
  12686.969    23.714     5.49    6.04
  13053.218    24.606     2.43    6.61
  13419.386    26.643     5.56    6.71
  13785.473    29.671     8.27    6.72
  14151.479    32.148     6.77    4.82
  14517.404    32.196     0.13    3.77
  14883.247    32.906     1.94    4.77
  15249.010    34.818     5.23    5.81
  15614.692    37.618     7.66    5.60
  15980.293    40.097     6.78    4.43
  16345.813    41.106     2.76    3.04
  16711.253    41.057    -0.13    2.88
  17076.612    39.488    -4.30    4.15
  17441.890    38.289    -3.28    4.31
  17807.087    38.041    -0.68    4.31
  18172.205    38.371     0.90    4.19
  18537.241    38.661     0.79    3.74
  18902.198    38.440    -0.60    3.14
  19267.073    37.292    -3.15    2.84
  19631.869    36.430    -2.36    3.07
  20003.704    36.310    -0.32    4.14
  20385.330    37.420     2.91    4.80
  20766.865    39.031     4.22    4.11
  21148.312    40.409     3.61    3.03
  21529.669    39.413    -2.61    4.24
  21910.936    35.594   -10.01    6.86
  22292.115    31.912    -9.66    8.07
  22673.204    29.477    -6.39    7.00
  23054.204    26.371    -8.15    5.64
  23435.115    26.263    -0.28    6.94
  23815.937    25.079    -3.11    7.53
  24196.670    22.526    -6.71    6.98
  24577.314    22.381    -0.38    6.28
  24957.869    25.400     7.93    6.64
  25338.335    28.993     9.44    6.76
  25718.713    31.940     7.75    5.95
  26099.002    33.755     4.77    4.86
  26479.202    32.361    -3.66    5.71
  26859.314    29.817    -6.69    6.18
  27239.337    27.138    -7.05    5.05
  27619.272    25.262    -4.94    4.71
  27999.119    25.971     1.87    5.02
  28378.877    27.577     4.23    5.60
  28758.547    30.547     7.82    5.65
  29138.129    33.567     7.95    3.24
  29517.623    35.351     4.70    3.44
  29897.029    36.648     3.42    4.11
  30276.346    35.861    -2.07    5.32
  30655.576    33.744    -5.58    6.21
  31034.718    29.906   -10.12    5.12
  31413.772    29.547    -0.94    5.51
  31792.739    32.479     7.74    7.44
  32171.617    36.727    11.21    8.54
  32550.408    41.977    13.86    6.45
  32929.112    45.429     9.12    5.82
  33307.728    50.351    13.00    5.40
  33686.256    55.084    12.50    7.68
  34064.697    61.340    16.53    8.23
  34443.051    66.518    13.68    7.60
  34821.317    70.436    10.36    7.07
  35199.497    73.400     7.84    6.53
  35577.589    75.034     4.32    5.60
  35955.594    75.619     1.55    5.34
  36333.512    76.269     1.72    5.78
  36711.343    76.555     0.76    5.38
  37089.087    78.007     3.84    5.51
  37466.744    81.253     8.59    6.89
  37844.314    84.331     8.15    7.67
  38221.798    88.077     9.92    7.53
  38599.195    91.034     7.84    6.40
  38976.505    93.054     5.35    5.47
  39353.729    92.064    -2.62    7.41
  39730.866    90.031    -5.39    7.68
  40107.917    88.655    -3.65    6.07
  40484.882    89.747     2.90    5.44
  40861.760    92.518     7.35    6.27
  41238.552    96.815    11.40    6.06
  41615.257    98.837     5.37    5.63
  41991.877    99.412     1.53    5.52
  42368.410    98.262    -3.05    5.84
  42744.857    97.840    -1.12    6.18
  43121.219    97.701    -0.37    6.82
  43497.494    99.489     4.75    7.52
  43873.684   102.915     9.11    8.26
  44249.787   104.851     5.15    6.94
  44625.805   106.391     4.09    4.75
  45001.738   107.171     2.08    3.87
  45377.584   107.761     1.57    4.30
  45753.345   105.671    -5.56    7.41
  46129.021    99.124   -17.43   12.11
  46504.611    92.695   -17.12   11.64
  46880.116    86.611   -16.20    8.18
  47255.535    86.126    -1.29    8.67
  47630.869    89.565     9.16    8.99
  48006.118    93.636    10.85    9.50
  48381.281    97.657    10.72   10.09
  48756.360   102.410    12.67    8.96
  49131.353   106.070     9.76    8.17
  49506.262   109.361     8.78    7.52
  49881.085   111.392     5.42    6.78
  50255.824   111.567     0.47    7.86
  50630.478   111.119    -1.20    8.05
  51005.047   111.547     1.15    7.89
  51379.531   113.842     6.13    6.88
  51753.931   117.311     9.27    5.61
  52128.246   120.018     7.23    5.81
  52502.476   120.441     1.13    7.66
  52876.622   118.842    -4.27    9.09
  53250.684   118.256    -1.56    9.51
  53624.661   118.851     1.59    8.42
  53998.554   119.136     0.76    7.11
  54372.362   119.153     0.05    5.77
  54746.086   117.517    -4.38    5.49
  55119.727   114.802    -7.26    4.05
  55493.283   113.260    -4.13    3.09
  55866.755   113.411     0.40    3.26
  56240.143   114.906     4.00    4.71
  56613.447   117.061     5.77    5.16
  56986.667   118.998     5.19    5.03
  57359.804   120.098     2.95    5.20
  57732.856   120.744     1.73    5.39
  58105.825   122.351     4.31    7.98
  58478.711   122.273    -0.21   10.08
  58851.512   122.436     0.44   14.24
  59224.230   125.557     8.37   15.15
  59596.865   128.866     8.88   14.94
  59969.416   131.597     7.33   11.42
  60341.884   131.791     0.52    9.61
  60714.269   130.410    -3.71   10.35
  61086.570   129.114    -3.48   11.08
  61458.788   128.687    -1.15   12.43
  61830.923   129.381     1.86   12.26
  62202.975   126.669    -7.29   12.41
  62574.944   123.724    -7.92   12.72
  62946.830   122.328    -3.75   11.50
  63318.632   122.741     1.11   11.54
  63690.352   125.856     8.38   12.16
  64061.990   130.421    12.28   12.03
  64433.544   135.949    14.88   11.37
  64805.016   137.931     5.33   10.23
  65176.405   136.183    -4.71   11.22
  65547.711   131.536   -12.51   12.89
  65918.935   125.459   -16.37   14.18
  66290.076   119.491   -16.08   12.64
  66661.135   116.704    -7.51   10.64
  67032.112   117.381     1.82   10.85
  67403.006   124.601    19.47   15.78
  67773.818   133.061    22.81   15.03
  68144.547   140.171    19.18    7.47
  68515.195   140.282     0.30    6.44
  68885.760   136.280   -10.80    6.82
  69256.244   134.480    -4.86    6.97
  69626.645   135.099     1.67    8.78
  69996.964   137.195     5.66   10.16
  70367.202   140.462     8.82   10.53
  70737.357   142.989     6.83    9.86
  71107.431   146.038     8.24   10.18
  71477.423   148.771     7.39    8.86
  71847.334   151.351     6.97    7.17
  72217.162   152.611     3.41    6.19
  72586.909   152.183    -1.16    6.43
  72956.575   150.545    -4.43    6.80
  73326.159   146.822   -10.07    7.66
  73695.662   142.422   -11.91    7.37
  74065.083   138.541   -10.51    5.61
  74434.423   135.211    -9.02    4.11
  74803.682   131.141   -11.02    5.90
  75172.860   126.817   -11.71    6.89
  75541.956   121.987   -13.08    6.76
  75910.971   118.638    -9.07    7.00
  76279.906   115.838    -7.59    6.85
  76648.759   113.185    -7.19    7.74
  77017.531   109.851    -9.04    7.52
  77386.223   106.567    -8.91    5.97
  77754.833   105.581    -2.67    4.86
  78123.363   104.549    -2.80    4.65
  78491.812   104.987     1.19    4.91
  78860.181   107.539     6.93    6.35
  79228.468   110.213     7.26    6.92
  79596.675   112.034     4.95    6.61
  79964.802   110.421    -4.38    7.84
  80332.848   107.543    -7.82    7.83
  80700.814   103.061   -12.18    6.89
  81068.699    99.209   -10.47    5.98
  81436.505    96.765    -6.65    5.67
  81804.229    94.711    -5.59    4.98
  82171.874    94.371    -0.92    3.84
  82539.438    95.773     3.81    4.52
  82906.923    98.810     8.26    5.59
  83274.327   101.925     8.48    4.90
  83641.651   104.667     7.46    4.24
  84008.896   106.167     4.08    3.65
  84376.060   105.646    -1.42    4.35
  84743.145   104.124    -4.15    5.16
  85110.149   101.668    -6.69    4.52
  85477.074   100.546    -3.06    3.53
  85843.920    99.571    -2.66    2.76
  86210.685   100.551     2.67    3.99
  86577.372   101.167     1.68    5.15
  86943.978    99.651    -4.13    6.46
  87310.505    98.350    -3.55    6.52
  87676.953    96.795    -4.24    6.94
  88043.321    96.142    -1.78    7.43
  88409.610    96.153     0.03    7.44
  88775.820    97.071     2.51    8.04
  89141.950    99.441     6.47    9.78
  89508.001   103.271    10.46   10.14
  89873.973   105.969     7.37    9.92
  90239.866   107.681     4.68    8.64
  90605.680   106.255    -3.90    9.27
  90971.415   102.681    -9.77   10.23
  91337.071    98.742   -10.77    9.46
  91702.649    94.167   -12.51    6.60
  92068.147    92.891    -3.49    5.90
  92433.566    93.371     1.31    5.84
  92798.907    93.223    -0.41    5.38
  93164.169    94.165     2.58    5.03
  93529.353    95.151     2.70    3.60
  93894.458    94.611    -1.48    3.24
  94259.484    92.381    -6.11    5.43
  94626.557    87.971   -12.01    7.84
  95008.011    82.729   -13.74    7.56
  95389.379    79.668    -8.03    5.85
  95770.658    78.608    -2.78    5.04
  96151.851    78.581    -0.07    4.97
  96532.957    79.771     3.12    4.77
  96913.976    79.802     0.08    4.06
  97294.907    79.732    -0.19    3.55
  97675.752    79.171    -1.47    3.57
  98056.510    77.845    -3.48    2.79
  98437.182    77.087    -1.99    2.93
  98817.766    76.204    -2.32    3.20
  99198.264    74.599    -4.22    3.38
  99578.676    71.792    -7.38    3.75
  99959.001    70.015    -4.67    3.54
 100339.239    69.529    -1.28    3.46
 100719.391    70.074     1.43    4.15
 101099.457    72.414     6.16    5.44
 101479.436    74.985     6.77    5.52
 101859.330    77.073     5.50    5.65
 102239.137    80.480     8.97    6.46
 102618.857    83.511     7.98    6.51
 102998.492    85.183     4.40    5.53
 103378.041    84.539    -1.70    5.42
 103757.504    84.173    -0.97    5.01
 104136.881    84.686     1.35    5.20
 104516.172    85.795     2.92    5.38
 104895.377    88.024     5.88    4.66
 105274.497    89.071     2.76    4.20
 105653.531    89.425     0.93    3.74
 106032.480    90.668     3.28    4.51
 106411.342    92.967     6.07    4.99
 106790.120    95.721     7.27    5.00
 107168.812    98.497     7.33    3.13
 107547.418    99.511     2.68    2.06
 107925.940    98.711    -2.11    2.12
 108304.376    96.241    -6.53    4.69
 108682.726    91.412   -12.76    8.50
 109060.992    85.211   -16.39    9.53
 109439.173    81.767    -9.11    8.22
 109817.268    82.626     2.27    9.57
 110195.279    85.596     7.85    9.34
 110573.204    84.482    -2.95   10.08
 110951.045    77.194   -19.29   14.21
 111328.801    67.078   -26.78   13.96
 111706.472    59.483   -20.11    8.98
 112084.059    56.611    -7.61    7.38
 112461.561    58.664     5.44   10.55
 112838.978    63.220    12.07   12.19
 113216.311    68.442    13.84   12.16
 113593.559    74.514    16.09    9.78
 113970.723    77.361     7.55    7.01
 114347.802    79.299     5.14    7.23
 114724.798    80.881     4.20    7.08
 115101.709    82.557     4.45    6.64
 115478.535    83.482     2.46    5.04
 115855.278    84.424     2.50    4.26
 116231.937    84.725     0.80    5.15
 116608.511    87.003     6.05    6.54
 116985.002    89.951     7.83    8.59
 117361.408    93.230     8.71   10.11
 117737.731    98.161    13.10   10.46
 118113.970   104.169    15.97    9.44
 118490.126   108.771    12.23    8.31
 118866.197   112.982    11.20    8.59
 119242.185   114.779     4.78    6.93
 119618.089   114.715    -0.17    6.46
 119993.910   112.091    -6.98    6.64
 120369.647   108.876    -8.56    6.57
 120745.301   106.361    -6.70    6.45
 121120.872   104.674    -4.49    5.99
 121496.359   104.820     0.39    5.84
 121871.763   105.571     2.00    5.96
 122247.084   101.746   -10.19    9.36
 122622.322    95.512   -16.61   12.25
 122997.476    87.495   -21.37   10.48
 123372.548    82.573   -13.12    6.52
 123747.536    80.017    -6.82    6.50
 124122.442    78.641    -3.67    8.01
 124497.264    77.447    -3.19    8.79
 124872.004    75.141    -6.15    8.63
 125246.662    73.199    -5.18    7.77
 125621.236    71.131    -5.52    7.45
 125995.728    68.184    -7.87    7.66
 126370.137    65.209    -7.94    6.62
 126744.464    63.783    -3.81    4.59
 127118.708    64.371     1.57    4.52
 127492.869    66.767     6.40    4.57
 127866.949    68.647     5.02    3.50
 128240.946    68.902     0.68    3.36
 128614.860    68.800    -0.27    4.52
 128988.693    67.422    -3.69    6.44
 129362.443    65.247    -5.82    9.44
 129736.111    62.821    -6.49   11.49
 130109.697    60.945    -5.02   11.93
 130483.201    60.211    -1.97   11.91
 130856.623    61.556     3.60   13.52
 131229.964    65.058     9.38   13.56
 131603.222    68.124     8.21   11.00
 131976.399    69.048     2.48    8.57
 132349.493    67.897    -3.08    7.35
 132722.507    68.401     1.35    5.72
 133095.438    70.965     6.87    5.51
 133468.288    73.871     7.79    5.11
 133841.056    76.735     7.68    4.57
 134213.743    79.771     8.15    3.48
 134586.349    80.856     2.91    3.96
 134958.873    80.298    -1.50    5.85
 135331.315    78.876    -3.82    5.90
 135703.677    77.220    -4.45    5.48
 136075.957    76.351    -2.34    5.38
 136448.156    73.296    -8.21    6.90
 136820.274    67.927   -14.43    9.18
 137192.311    61.722   -16.68    9.14
 137564.267    56.371   -14.38    6.93
 137936.142    55.340    -2.77    6.53
 138307.936    56.330     2.66    7.35
 138679.649    59.065     7.36    6.94
 139051.282    60.649     4.26    6.25
 139422.833    60.565    -0.23    5.69
 139794.304    60.765     0.54    4.75
 140165.694    63.310     6.85    4.82
 140537.004    67.211    10.51    6.27
 140908.233    71.575    11.75    5.50
 141279.382    73.882     6.21    3.66
 141650.450    74.269     1.04    3.53
 142021.438    73.814    -1.23    3.17
 142392.346    72.524    -3.48    5.75
 142763.173    73.187     1.79    7.65
 143133.920    74.087     2.43    8.83
 143504.587    74.664     1.56    8.84
 143875.173    73.673    -2.67    6.86
 144245.680    72.775    -2.42    5.26
 144616.106    74.197     3.84    6.70
 144986.453    77.830     9.81    8.37
 145356.720    80.939     8.40    7.47
 145726.907    80.891    -0.13    6.78
 146097.014    78.483    -6.51    6.93
 146467.041    76.534    -5.27    6.22
 146836.988    74.928    -4.34    4.32
 147206.856    76.454     4.12    5.36
 147576.644    79.714     8.82    7.10
 147946.353    84.558    13.10    8.17
 148315.982    89.708    13.93    8.81
 148685.532    95.719    16.26    8.01
 149055.002   100.785    13.71    6.61
 149424.393   105.824    13.64    7.88
 149793.705   111.524    15.43    8.31
 150162.937   116.371    13.13    8.31
 150532.090   121.184    13.04    7.36
 150901.164   122.044     2.33    6.77
 151270.159   122.746     1.90    4.86
 151639.075   119.927    -7.64    5.77
 152007.911   115.936   -10.82    5.04
 152376.669   113.381    -6.93    4.72
 152745.348   110.661    -7.38    3.69
 153113.948   108.055    -7.07    3.76
 153482.469   106.108    -5.28    4.15
 153850.912   104.079    -5.51    3.96
 154219.276   102.473    -4.36    4.19
 154587.561   100.715    -4.77    4.01
 154955.767   101.575     2.34    4.94
 155323.895   101.964     1.06    6.58
 155691.945   102.024     0.16    8.40
 156059.916   102.579     1.51    9.16
 156427.808   100.861    -4.67    9.99
 156795.622   101.634     2.10   10.68
 157163.358   103.553     5.22   11.16
 157531.016   105.330     4.83   10.96
 157898.595   107.506     5.92   10.14
 158266.096   107.361    -0.40   10.45
 158633.520   104.480    -7.84   12.27
 159000.865   100.912    -9.71   12.03
 159368.132    98.155    -7.51   11.12
 159735.321    94.983    -8.64   10.09
 160102.432    93.649    -3.63    9.65
 160469.465    91.902    -4.76    7.61
 160836.421    91.473    -1.17    6.23
 161203.298    90.762    -1.94    5.69
 161570.098    88.413    -6.41    5.97
 161936.821    86.914    -4.09    7.42
 162303.466    85.288    -4.43    8.21
 162670.033    83.718    -4.28    8.02
 163036.522    82.649    -2.92    7.69
 163402.934    82.979     0.90    7.17
 163769.269    80.515    -6.73    6.88
 164135.526    76.626   -10.62    8.99
 164501.706    71.683   -13.50    9.98
 164867.809    68.714    -8.11    8.39
 165233.835    68.948     0.64    7.56
 165599.783    72.804    10.53    6.44
 165965.654    75.722     7.97    3.69
 166331.448    75.886     0.45    2.92
 166697.165    74.804    -2.96    2.81
 167062.805    74.088    -1.96    2.87
 167428.368    72.670    -3.88    2.98
 167793.854    71.941    -1.99    3.17
 168159.264    70.902    -2.84    3.13
 168524.596    70.544    -0.98    2.55
 168889.852    70.876     0.91    2.61
 169255.031    70.779    -0.27    2.87
 169633.811    70.697    -0.22    3.02
 170015.009    69.329    -3.59    3.58
 170396.121    68.360    -2.54    3.12
 170777.149    68.596     0.62    3.18
 171158.092    69.719     2.95    3.47
 171538.950    71.381     4.36    2.65
 171919.723    72.288     2.38    2.18
 172300.412    72.514     0.59    2.14
 172681.017    73.522     2.65    2.03
 173061.536    72.830    -1.82    3.29
 173441.972    70.952    -4.94    4.18
 173822.323    70.463    -1.28    4.20
 174202.589    71.268     2.12    4.82
 174582.771    74.381     8.19    5.34
 174962.869    78.329    10.38    3.44
 175342.883    79.938     4.23    3.28
 175722.813    81.003     2.80    3.22
 176102.658    81.526     1.38    3.46
 176482.420    82.258     1.93    3.88
 176862.098    83.044     2.07    4.15
 177241.691    83.171     0.33    3.77
 177621.201    83.402     0.61    3.59
 178000.627    83.063    -0.89    3.70
 178379.970    82.175    -2.34    3.71
 178759.228    82.392     0.57    3.50
 179138.403    82.014    -1.00    3.09
 179517.495    83.382     3.61    4.00
 179896.503    85.616     5.89    4.82
 180275.427    88.113     6.59    4.56
 180654.268    89.738     4.29    3.27
 181033.026    88.861    -2.32    3.23
 181411.700    87.691    -3.09    2.70
 181790.291    85.812    -4.96    2.37
 182168.799    84.759    -2.78    2.53
 182547.224    83.425    -3.52    3.26
 182925.565    81.391    -5.38    4.25
 183303.824    79.466    -5.09    4.66
 183681.999    77.371    -5.54    4.08
 184060.092    75.908    -3.87    3.50
 184438.102    75.134    -2.05    3.46
 184816.029    73.888    -3.30    3.88
 185193.873    72.473    -3.74    3.76
 185571.634    71.479    -2.63    3.44
 185949.313    69.957    -4.03    3.41
 186326.909    68.512    -3.83    2.95
 186704.423    67.278    -3.27    2.85
 187081.854    66.304    -2.58    2.64
 187459.203    65.340    -2.55    3.11
 187836.469    64.436    -2.40    2.81
 188213.653    63.482    -2.53    3.13
 188590.754    62.295    -3.15    3.56
 188967.774    59.938    -6.25    4.77
 189344.711    58.011    -5.11    4.81
 189721.566    56.559    -3.85    4.60
 190098.339    55.602    -2.54    4.26
 190475.030    53.505    -5.57    5.08
 190851.639    51.573    -5.13    4.90
 191228.166    49.629    -5.16    4.51
 191604.611    47.469    -5.74    4.80
 191980.975    46.473    -2.65    4.98
 192357.256    45.597    -2.33    5.08
 192733.456    45.093    -1.34    5.07
 193109.574    44.475    -1.64    5.19
 193485.611    42.082    -6.36    5.24
 193861.566    40.055    -5.39    4.88
 194237.440    38.267    -4.76    2.63
 194613.232    38.466     0.53    1.95
 194988.943    39.309     2.24    1.90
 195364.572    39.559     0.67    1.84
 195740.120    38.782    -2.07    2.71
 196115.587    37.100    -4.48    4.61
 196490.973    34.499    -6.93    5.60
 196866.277    32.003    -6.65    5.44
 197241.501    30.100    -5.07    5.02
 197616.643    30.402     0.80    5.24
 197991.705    30.888     1.30    5.43
 198366.685    30.277    -1.63    5.16
 198741.585    29.129    -3.06    4.30
 199116.404    29.269     0.37    3.61
 199491.142    30.654     3.69    3.58
 199865.799    32.280     4.34    2.85
 200240.375    33.238     2.56    1.84
 200614.872    33.371     0.36    2.08
 200989.287    33.307    -0.17    2.60
 201363.622    33.124    -0.49    2.81
 201737.876    32.518    -1.62    2.69
 202112.050    31.506    -2.70    1.74
 202486.144    30.767    -1.98    1.33
 202860.157    30.024    -1.99    1.67
 203234.091    29.571    -1.21    1.74
 203607.943    29.463    -0.29    1.97
 203981.716    29.381    -0.22    1.61
 204355.409    29.914     1.42    1.60
 204729.021    30.814     2.41    1.98
 205102.554    31.801     2.64    2.02
 205476.007    32.113     0.84    2.41
 205849.379    31.952    -0.43    3.16
 206222.672    31.289    -1.78    3.15
 206595.885    31.610     0.86    3.17
 206969.019    32.350     1.98    2.71
 207342.072    33.082     1.96    2.22
 207715.046    33.381     0.80    1.98
 208087.940    33.360    -0.06    1.71
 208460.755    34.259     2.41    1.88
 208833.491    34.897     1.71    1.49
 209206.146    35.072     0.47    1.88
 209578.723    34.034    -2.79    3.17
 209951.220    32.318    -4.61    3.48
 210323.638    32.465     0.39    3.87
 210695.976    33.561     2.94    4.27
 211068.236    35.777     5.95    3.34
 211440.416    37.860     5.60    1.59
 211812.517    38.557     1.87    1.90
 212184.539    38.160    -1.07    3.37
 212556.482    36.216    -5.22    4.37
 212928.346    34.115    -5.65    3.90
 213300.131    32.708    -3.79    2.45
 213671.837    32.392    -0.85    1.70
 214043.465    32.517     0.34    0.93
 214415.014    32.823     0.82    1.27
 214786.484    33.939     3.01    3.18
 215157.875    35.676     4.68    4.62
 215529.188    37.803     5.73    4.18
 215900.422    39.069     3.41    3.08
 216271.578    38.392    -1.82    2.53
 216642.655    37.031    -3.67    2.05
 217013.654    36.121    -2.45    1.98
 217384.575    35.495    -1.69    1.58
 217755.417    34.838    -1.77    1.27
 218126.181    34.119    -1.94    1.85
 218496.867    33.093    -2.77    2.31
 218867.474    32.680    -1.11    2.18
 219238.004    32.523    -0.42    1.99
 219608.455    32.603     0.21    1.67
 219978.828    33.137     1.44    1.58
 220349.124    33.150     0.04    1.35
 220719.341    32.954    -0.53    1.61
 221089.481    33.009     0.15    1.55
 221459.543    32.433    -1.56    1.89
 221829.527    31.686    -2.02    2.38
 222199.433    30.555    -3.06    2.69
 222569.262    29.501    -2.85    2.16
 222939.013    29.928     1.15    2.47
 223308.686    31.304     3.72    3.58
 223678.282    33.006     4.60    3.88
 224047.801    34.529     4.12    2.95
 224417.242    35.986     3.94    3.01
 224786.605    36.499     1.39    2.98
 225155.891    36.733     0.63    2.83
 225525.100    36.402    -0.89    2.79
 225894.232    36.067    -0.91    2.81
 226263.287    36.079     0.03    2.76
 226632.264    36.182     0.28    2.57
 227001.164    36.134    -0.13    2.37
 227369.988    36.105    -0.08    2.54
 227738.734    37.003     2.43    3.52
 228107.403    38.637     4.43    4.06
 228475.996    40.527     5.13    3.26
 228844.511    41.959     3.88    2.70
 229212.950    43.626     4.53    3.62
 229581.312    45.486     5.05    4.00
 229949.597    47.582     5.69    3.02
 230317.805    48.286     1.91    2.34
 230685.937    48.084    -0.55    2.51
 231053.993    46.829    -3.41    2.67
 231421.972    45.543    -3.49    2.44
 231789.874    45.496    -0.13    3.19
 232157.700    46.246     2.04    3.69
 232525.449    47.360     3.03    3.64
 232893.123    47.871     1.39    3.12
 233260.720    47.165    -1.92    2.93
 233628.240    46.495    -1.82    2.72
 233995.685    46.230    -0.72    2.83
 234363.053    46.402     0.47    2.77
 234730.345    47.140     2.01    2.36
 235097.561    47.402     0.71    2.01
 235464.702    47.613     0.57    1.69
 235831.766    46.992    -1.69    1.94
 236198.754    46.245    -2.04    2.05
 236565.667    45.578    -1.82    2.00
 236932.503    44.782    -2.17    1.89
 237299.264    44.314    -1.27    2.12
 237665.949    43.687    -1.71    2.46
 238032.558    43.023    -1.81    2.59
 238399.092    42.634    -1.06    2.51
 238765.550    41.573    -2.89    2.43
 239131.933    41.066    -1.38    2.53
 239498.240    41.382     0.86    2.72
 239864.472    41.828     1.22    2.48
 240230.628    43.152     3.62    2.44
 240596.709    44.293     3.12    2.07
 240962.715    44.939     1.77    1.50
 241328.645    44.903    -0.10    1.93
 241694.500    44.328    -1.57    2.08
 242060.280    43.889    -1.20    2.00
 242425.985    43.478    -1.12    2.10
 242791.615    43.433    -0.12    1.94
 243157.169    42.659    -2.11    2.64
