# NaN NaN NaN ;Mean Elev.(m), Avg Gradient(m/km), RMS Gradient(m/km) - SRTM1     
#   58.569  -7.603  19.625 ;Mean Elev.(m), Avg Gradient(m/km), RMS Gradient(m/km) - ASTER GDEM
#   75.625  -6.383  18.220 ;Mean Elev.(m), Avg Gradient(m/km), RMS Gradient(m/km) - GMTED2010 
  7  92.902252  58.130407    80.904    80.904  2 52444.19731422 13.093
  8  92.915209  58.145074    78.298    78.058  3 52479.19730464 41.154
  9  92.916729  58.139792    79.562    79.226  5 52514.19725139 25.126
 10  92.919840  58.134465   106.877   111.581  4 52549.19729667 17.577
 11  92.923458  58.141236    78.807    78.803  4 52584.19728465 40.471
 12  92.905065  58.138197    82.443    82.341  7 52619.19726308 20.821
 13  92.927406  58.136578    80.272    80.535  3 52654.19724529 15.701
 15  92.918170  58.137670    81.942    81.767  7 52724.19728654 12.101
 16  92.904305  58.148701    81.830    81.830  2 52759.19730469 15.709
 17  92.928753  58.136393    98.653    98.761  3 52794.19726058  9.815
 18  92.932171  58.139651    77.954    78.223  4 52829.19732717 37.956
 19  92.929868  58.139297    77.882    77.981  4 52864.19737194 35.156
 20  92.914980  58.144214    80.519    80.531  4 52899.19740070 28.946
 21  92.905381  58.140345    79.068    79.380  7 52934.19734583 19.906
 23  92.904144  58.130669    80.435    80.436  3 53004.19738101 16.597
 26  92.901806  58.139684    81.157    81.313  7 53109.19732859  9.876
 28  92.920830  58.140090    79.678    79.534  6 53179.19738470 38.715
 30  92.909516  58.138473    78.072    78.293  6 53249.19737646 25.466
 31  92.918080  58.133890    93.073    89.490  4 53284.19737169 22.093
 33  92.915566  58.138954    78.704    78.693  6 53354.19732897 38.442
 34  92.929384  58.145143    82.421    82.421  2 53389.19732945 21.292
 35  92.922619  58.141712   101.383    81.755  5 53424.19732925 20.173
 36  92.931011  58.138175    80.789    80.650  4 53459.19733469 24.512
 37  92.906816  58.130169    80.091    79.812  3 53494.19742203 22.292
 38  92.913180  58.124967    99.457    99.457  2 53529.19739875  8.600
 39  92.906621  58.138815    79.742    79.845  8 53564.19742696 38.115
 40  92.914466  58.139559    79.855    79.502  6 53599.19736804 37.328
 42  92.908504  58.131205    89.637    89.637  2 53669.19738776 25.376
 43  92.922961  58.146260    79.280    79.280  2 53704.19732398 37.472
 44  92.907173  58.138170    83.296    83.319  8 53739.19723499 21.354
 45  92.920586  58.129485    81.458    81.458  2 53774.19725462 15.977
 46  92.914119  58.144632    80.709    80.591  4 53809.19723647 17.044
 48  92.926654  58.141441   160.511   162.112  4 53879.19730702  1.620
 50  92.908074  58.142571    82.464    82.334  4 53949.19737385 34.021
 51  92.908852  58.137817    80.833    80.938  8 53984.19731401 34.621
 52  92.926156  58.138626    77.933    78.097  6 54019.19734687 36.672
 53  92.927823  58.137876    80.073    80.261  5 54054.19733785 33.034
 54  92.909908  58.133170    78.689    78.621  3 54089.19733050 15.946
 55  92.928556  58.138019    80.835    80.810  5 54124.19725221 34.058
 56  92.914224  58.135273    82.148    82.035  4 54159.19729523 15.823
 57  92.926806  58.138622    81.052    80.819  5 54194.19725503 18.459
 59  92.919784  58.138853    97.252    97.265  6 54264.19732466 37.116
 60  92.921038  58.141330    78.659    78.513  5 54299.19732785 31.030
 63  92.916273  58.140563    79.587    79.693  6 54404.19726253 30.995
 65  92.922911  58.139589    82.602    82.537  5 54474.19724890 19.060
 66  92.926826  58.137589    82.418    82.208  5 54509.19723241 14.935
 67  92.917819  58.139683    81.108    80.945  5 54544.19726339 11.170
 70  92.920352  58.141185    78.061    78.526  5 54649.19726240 25.264
 71  92.915444  58.142397    80.482    80.087  5 54684.19725953 26.929
 72  92.931786  58.143212    78.722    78.722  2 54719.19720589 19.596
 73  92.915729  58.133603   102.921   113.679  3 54754.19723485 22.298
 74  92.927639  58.140778    78.626    78.830  4 54789.19720033 29.681
 75  92.921110  58.137127    82.203    80.727  6 54824.19722927 30.834
 76  92.929050  58.138364    85.031    82.992  5 54859.19719350 13.371
 77  92.914566  58.140683    82.114    81.949  5 54894.19723082 12.838
 78  92.924591  58.139375    80.553    80.627  4 54929.19719320 15.937
 79  92.917520  58.138322    82.036    81.789  6 54964.19723066 16.989
 81  92.920243  58.138617    79.610    79.657  6 55034.19723836 43.532
 84  92.917999  58.139360    79.145    79.288  5 55139.19717514 41.912
 85  92.928775  58.138972    80.429    79.929  5 55174.19713510 36.495
 86  92.920030  58.138937    83.567    83.324  6 55209.19717004 14.725
 87  92.923794  58.137839    83.598    83.311  5 55244.19714148 12.833
 88  92.915892  58.142698    81.410    81.353  5 55279.19716323 11.810
 89  92.918158  58.137018    80.267    80.097  5 55314.19712806 42.613
 91  92.921761  58.135257    91.549    95.691  5 55384.19712761 38.870
 92  92.917678  58.134504    79.350    79.290  4 55419.19715422 22.534
 93  92.909276  58.135478    78.188    78.221  3 55454.19713303 32.742
 94  92.904343  58.135522    81.006    81.453  5 55489.19705325 13.378
