-135889.779    50.000     0.00    0.00
-135514.785    50.000     0.00    0.00
-135139.877    50.000     0.00    0.00
-134765.053    50.000     0.00    0.00
-134390.314    50.000     0.00    0.00
-134015.660    50.000     0.00    0.00
-133641.090    50.000     0.00    0.00
-133266.606    50.000     0.00    0.00
-132892.206    50.000     0.00    0.00
-132517.890    50.000     0.00    0.00
-132143.659    50.000     0.00    0.00
-131769.512    50.000     0.00    0.00
-131395.450    50.000     0.00    0.00
-131021.472    50.000     0.00    0.00
-130647.578    50.000     0.00    0.00
-130273.769    50.000     0.00    0.00
-129900.044    50.000     0.00    0.00
-129526.403    50.000     0.00    0.00
-129152.845    50.000     0.00    0.00
-128779.372    50.000     0.00    0.00
-128405.983    50.000     0.00    0.00
-128032.678    50.000     0.00    0.00
-127659.456    50.000     0.00    0.00
-127286.319    50.000     0.00    0.00
-126913.265    50.000     0.00    0.00
-126540.294    50.000     0.00    0.00
-126167.408    50.000     0.00    0.00
-125794.605    50.000     0.00    0.00
-125421.885    50.000     0.00    0.00
-125049.249    50.000     0.00    0.00
-124676.696    50.000     0.00    0.00
-124304.226    50.000     0.00    0.00
-123931.840    50.000     0.00    0.00
-123559.537    50.000     0.00    0.00
-123187.317    50.000     0.00    0.00
-122815.180    50.000     0.00    0.00
-122443.127    50.000     0.00    0.00
-122071.156    50.000     0.00    0.00
-121699.268    50.000     0.00    0.00
-121327.463    50.000     0.00    0.00
-120955.741    50.000     0.00    0.00
-120584.102    50.000     0.00    0.00
-120212.545    50.000     0.00    0.00
-119841.071    50.000     0.00    0.00
-119469.680    50.000     0.00    0.00
-119098.371    50.000     0.00    0.00
-118727.145    50.000     0.00    0.00
-118356.001    50.000     0.00    0.00
-117984.940    50.000     0.00    0.00
-117613.961    50.000     0.00    0.00
-117243.064    50.000     0.00    0.00
-116872.250    50.000     0.00    0.00
-116501.518    50.000     0.00    0.00
-116130.867    50.000     0.00    0.00
-115760.299    50.000     0.00    0.00
-115389.813    50.000     0.00    0.00
-115019.409    50.000     0.00    0.00
-114649.087    50.000     0.00    0.00
-114278.846    50.000     0.00    0.00
-113908.688    50.000     0.00    0.00
-113538.611    50.000     0.00    0.00
-113168.616    50.000     0.00    0.00
-112798.702    50.000     0.00    0.00
-112428.871    50.000     0.00    0.00
-112059.120    50.000     0.00    0.00
-111689.451    50.000     0.00    0.00
-111319.864    50.000     0.00    0.00
-110950.358    50.000     0.00    0.00
-110580.933    50.000     0.00    0.00
-110211.590    50.000     0.00    0.00
-109842.327    50.000     0.00    0.00
-109473.146    50.000     0.00    0.00
-109104.046    50.000     0.00    0.00
-108735.027    50.000     0.00    0.00
-108366.089    50.000     0.00    0.00
-107997.233    50.000     0.00    0.00
-107628.456    50.000     0.00    0.00
-107259.761    50.000     0.00    0.00
-106891.147    50.000     0.00    0.00
-106522.613    50.000     0.00    0.00
-106154.160    50.000     0.00    0.00
-105785.788    50.000     0.00    0.00
-105417.496    50.000     0.00    0.00
-105049.285    50.000     0.00    0.00
-104681.154    50.000     0.00    0.00
-104313.104    50.000     0.00    0.00
-103945.134    50.000     0.00    0.00
-103577.244    50.000     0.00    0.00
-103209.435    50.000     0.00    0.00
-102841.706    50.000     0.00    0.00
-102474.057    50.000     0.00    0.00
-102106.488    50.000     0.00    0.00
-101738.999    50.000     0.00    0.00
-101371.590    50.000     0.00    0.00
-101004.261    50.000     0.00    0.00
-100637.012    50.000     0.00    0.00
-100269.843    50.000     0.00    0.00
 -99902.754    50.000     0.00    0.00
 -99535.745    50.000     0.00    0.00
 -99168.815    50.000     0.00    0.00
 -98801.965    50.000     0.00    0.00
 -98435.194    50.000     0.00    0.00
 -98068.503    50.000     0.00    0.00
 -97701.891    50.000     0.00    0.00
 -97335.359    50.000     0.00    0.00
 -96968.907    50.000     0.00    0.00
 -96602.533    50.000     0.00    0.00
 -96236.239    50.000     0.00    0.00
 -95870.025    50.000     0.00    0.00
 -95503.889    50.000     0.00    0.00
 -95137.832    50.000     0.00    0.00
 -94771.855    50.000     0.00    0.00
 -94405.957    50.000     0.00    0.00
 -94040.137    50.000     0.00    0.00
 -93674.397    50.000     0.00    0.00
 -93308.735    50.000     0.00    0.00
 -92943.153    50.000     0.00    0.00
 -92577.649    50.000     0.00    0.00
 -92212.224    50.000     0.00    0.00
 -91846.877    50.000     0.00    0.00
 -91481.609    50.000     0.00    0.00
 -91116.420    50.000     0.00    0.00
 -90751.309    50.000     0.00    0.00
 -90386.277    50.000     0.00    0.00
 -90009.954    50.000     0.00    0.00
 -89628.500    50.000     0.00    0.00
 -89247.133    50.000     0.00    0.00
 -88865.853    50.000     0.00    0.00
 -88484.660    50.000     0.00    0.00
 -88103.554    50.000     0.00    0.00
 -87722.535    50.000     0.00    0.00
 -87341.603    50.000     0.00    0.00
 -86960.758    50.000     0.00    0.00
 -86580.000    50.000     0.00    0.00
 -86199.328    50.000     0.00    0.00
 -85818.743    50.000     0.00    0.00
 -85438.244    50.000     0.00    0.00
 -85057.832    50.000     0.00    0.00
 -84677.506    50.000     0.00    0.00
 -84297.267    50.000     0.00    0.00
 -83917.114    50.000     0.00    0.00
 -83537.048    50.901     2.37    2.56
 -83157.068    53.032     5.61    4.45
 -82777.174    55.950     7.68    5.07
 -82397.366    58.832     7.59    3.89
 -82017.644    59.347     1.36    2.89
 -81638.008    59.577     0.61    3.17
 -81258.458    59.960     1.01    3.97
 -80878.994    59.417    -1.43    5.36
 -80499.616    57.650    -4.66    6.37
 -80120.323    54.794    -7.53    6.02
 -79741.117    52.061    -7.21    4.28
 -79361.996    50.588    -3.89    2.15
 -78982.960    50.020    -1.50    0.20
 -78604.010    50.000    -0.05    0.00
 -78225.146    50.000     0.00    0.00
 -77846.367    50.000     0.00    0.00
 -77467.673    50.000     0.00    0.00
 -77089.065    50.000     0.00    0.00
 -76710.542    50.000     0.00    0.00
 -76332.104    50.000     0.00    0.00
 -75953.752    50.000     0.00    0.00
 -75575.484    50.000     0.00    0.00
 -75197.302    50.000     0.00    0.00
 -74819.204    50.194     0.51    1.14
 -74441.192    51.122     2.46    2.83
 -74063.264    52.010     2.35    3.70
 -73685.421    52.500     1.30    4.09
 -73307.663    52.347    -0.41    3.97
 -72929.990    51.732    -1.63    3.54
 -72552.401    50.838    -2.37    2.58
 -72174.897    50.268    -1.51    1.33
 -71797.477    50.220    -0.13    1.23
 -71420.142    50.708     1.29    2.25
 -71042.891    50.667    -0.11    2.11
 -70665.725    51.522     2.27    3.14
 -70288.643    52.163     1.70    3.70
 -69911.645    53.116     2.53    4.14
 -69534.731    53.560     1.18    4.29
 -69157.902    52.957    -1.60    4.14
 -68781.156    51.960    -2.65    3.64
 -68404.495    50.989    -2.58    2.75
 -68027.917    50.300    -1.83    1.43
 -67651.424    50.542     0.64    2.27
 -67275.014    50.663     0.32    2.60
 -66898.689    50.667     0.01    2.68
 -66522.447    50.430    -0.63    1.75
 -66146.288    50.286    -0.38    1.44
 -65770.213    50.041    -0.65    0.40
 -65394.222    50.051     0.03    0.51
 -65018.315    50.152     0.27    1.06
 -64642.491    50.384     0.62    1.62
 -64266.750    50.358    -0.07    1.63
 -63891.093    50.202    -0.41    1.12
 -63515.519    50.010    -0.51    0.10
 -63140.028    50.000    -0.03    0.00
 -62764.621    50.000     0.00    0.00
 -62389.296    50.000     0.00    0.00
 -62014.055    50.000     0.00    0.00
 -61638.897    50.000     0.00    0.00
 -61263.821    50.000     0.00    0.00
 -60888.829    50.000     0.00    0.00
 -60513.920    50.000     0.00    0.00
 -60139.093    50.000     0.00    0.00
 -59764.349    51.072     2.86    2.88
 -59389.688    53.270     5.87    4.36
 -59015.110    55.312     5.45    4.53
 -58640.614    57.707     6.39    3.55
 -58266.201    59.162     3.89    2.11
 -57891.870    60.110     2.53    2.08
 -57517.622    60.866     2.02    2.92
 -57143.456    62.247     3.69    4.62
 -56769.372    63.812     4.18    5.65
 -56395.371    66.093     6.10    7.25
 -56021.452    68.424     6.24    8.98
 -55647.615    71.696     8.75   10.58
 -55273.860    73.650     5.23   10.46
 -54900.188    77.457    10.19   10.42
 -54526.597    81.449    10.68    9.98
 -54153.088    84.798     8.97    8.69
 -53779.661    88.408     9.67    6.44
 -53406.317    90.354     5.21    5.08
 -53033.053    91.980     4.36    4.35
 -52659.872    93.670     4.53    4.18
 -52286.772    96.937     8.76    6.12
 -51913.754   100.796    10.35    6.66
 -51540.818   104.857    10.89    6.28
 -51167.963   109.041    11.22    3.87
 -50795.190   110.292     3.36    4.23
 -50422.498   110.929     1.71    4.73
 -50049.887   110.130    -2.14    5.79
 -49677.358   106.434    -9.92    7.53
 -49304.910   101.441   -13.41    8.61
 -48932.543    95.310   -16.47    7.66
 -48560.258    89.989   -14.29    5.97
 -48188.053    86.531    -9.29    4.32
 -47815.930    84.380    -5.78    3.26
 -47443.888    82.806    -4.23    1.76
 -47071.926    82.980     0.47    1.85
 -46700.046    82.750    -0.62    2.01
 -46328.246    81.840    -2.45    2.44
 -45956.527    81.511    -0.89    2.33
 -45584.889    81.694     0.49    2.53
 -45213.332    82.652     2.58    3.01
 -44841.855    83.310     1.77    2.99
 -44470.459    82.779    -1.43    3.39
 -44099.144    80.440    -6.30    4.70
 -43727.909    78.115    -6.26    3.74
 -43356.754    76.062    -5.53    3.65
 -42985.680    74.880    -3.19    3.19
 -42614.686    74.684    -0.53    2.88
 -42243.772    73.929    -2.04    2.79
 -41872.939    74.619     1.86    2.99
 -41502.186    75.500     2.38    3.21
 -41131.513    76.430     2.51    3.18
 -40760.920    76.000    -1.16    2.93
 -40390.407    76.043     0.11    2.50
 -40019.974    74.909    -3.06    3.23
 -39649.621    73.726    -3.19    3.51
 -39279.348    74.010     0.77    3.72
 -38909.155    73.133    -2.37    4.18
 -38539.041    72.292    -2.27    3.82
 -38169.007    72.010    -0.76    4.08
 -37799.053    71.064    -2.56    3.77
 -37429.179    71.133     0.19    3.72
 -37059.384    71.163     0.08    3.93
 -36689.669    68.030    -8.47    5.40
 -36320.033    65.271    -7.47    5.81
 -35950.476    63.330    -5.25    4.70
 -35580.999    62.113    -3.29    2.88
 -35211.601    62.273     0.43    3.86
 -34842.283    62.443     0.46    3.73
 -34473.043    64.104     4.50    4.55
 -34103.883    66.646     6.89    4.49
 -33734.802    68.714     5.60    4.48
 -33365.800    69.820     3.00    3.65
 -32996.877    69.383    -1.18    3.92
 -32628.033    67.286    -5.69    4.72
 -32259.268    64.926    -6.40    4.99
 -31890.582    63.622    -3.54    4.38
 -31521.975    63.918     0.80    4.55
 -31153.446    63.884    -0.09    4.93
 -30784.996    63.444    -1.19    5.23
 -30416.625    63.652     0.56    5.14
 -30048.332    63.141    -1.39    5.44
 -29680.118    63.681     1.47    5.74
 -29311.983    65.150     3.99    6.04
 -28943.926    66.800     4.48    5.77
 -28575.947    66.711    -0.24    6.29
 -28208.047    67.765     2.86    5.70
 -27840.225    67.526    -0.65    5.44
 -27472.481    67.704     0.48    5.02
 -27104.816    67.924     0.60    3.50
 -26737.228    67.212    -1.94    2.91
 -26369.719    67.280     0.18    2.55
 -26002.288    66.697    -1.59    2.67
 -25634.935    66.469    -0.62    2.65
 -25267.660    66.768     0.82    3.48
 -24900.463    64.545    -6.05    4.70
 -24533.343    62.802    -4.75    5.05
 -24166.302    60.475    -6.34    6.07
 -23799.338    56.848    -9.88    5.05
 -23432.452    54.663    -5.95    5.64
 -23065.644    52.720    -5.30    5.25
 -22698.913    51.378    -3.66    6.11
 -22332.260    48.398    -8.13    8.69
 -21965.684    42.842   -15.16   10.92
 -21599.186    39.694    -8.59    9.29
 -21232.766    37.826    -5.10    8.26
 -20866.422    39.620     4.90    8.92
 -20500.157    42.596     8.12    8.43
 -20133.968    45.265     7.29    7.78
 -19767.857    47.979     7.41    4.89
 -19401.822    49.344     3.73    4.52
 -19035.865    48.102    -3.39    6.27
 -18669.985    47.758    -0.94    7.32
 -18304.182    47.770     0.03    6.28
 -17938.456    47.424    -0.95    4.66
 -17572.808    48.242     2.24    3.97
 -17207.235    48.074    -0.46    4.53
 -16841.740    47.949    -0.34    5.59
 -16476.322    46.602    -3.69    7.01
 -16110.980    43.892    -7.42    8.11
 -15745.715    40.567    -9.10    8.24
 -15374.420    37.076    -9.40    7.72
 -14993.133    36.212    -2.27    7.44
 -14611.930    36.380     0.44    8.32
 -14230.812    35.485    -2.35    9.13
 -13849.779    34.044    -3.78    9.02
 -13468.831    30.887    -8.29    6.75
 -13087.968    26.533   -11.43    7.32
 -12707.189    22.343   -11.00    8.14
 -12326.495    19.761    -6.78    7.95
 -11945.885    18.735    -2.70    8.20
 -11565.359    21.110     6.24    7.70
 -11184.919    22.536     3.75    7.32
 -10804.562    21.202    -3.51    7.94
 -10424.290    20.051    -3.03    8.39
 -10044.102    18.564    -3.91    8.71
  -9663.998    17.010    -4.09    8.32
  -9283.979    16.879    -0.34    7.58
  -8904.043    16.837    -0.11    8.02
  -8524.191    17.085     0.65    8.35
  -8144.424    13.856    -8.50    9.91
  -7764.740     9.851   -10.55   10.28
  -7385.140     5.612   -11.17    8.70
  -7005.624     1.648   -10.44    4.60
  -6626.192     1.469    -0.47    4.06
  -6246.844     3.638     5.72    6.00
  -5867.579     4.776     3.00    6.05
  -5488.398     6.022     3.29    6.03
  -5109.300     5.459    -1.48    5.76
  -4730.286     3.656    -4.76    5.00
  -4351.355     1.979    -4.42    4.06
  -3972.507     0.065    -5.05    0.53
  -3593.743     0.000    -0.17    0.00
  -3215.062     0.000     0.00    0.00
  -2836.465     0.000     0.00    0.00
  -2457.950     0.000     0.00    0.00
  -2079.519     0.000     0.00    0.00
  -1701.170     0.000     0.00    0.00
  -1322.905     0.000     0.00    0.00
   -944.722     0.000     0.00    0.00
   -566.623     0.000     0.00    0.00
   -188.606     0.000     0.00    0.00
    189.328     0.000     0.00    0.00
    567.179     0.000     0.00    0.00
    944.947     0.000     0.00    0.00
   1322.633     0.000     0.00    0.00
   1700.237     0.000     0.00    0.00
   2077.758     0.000     0.00    0.00
   2455.196     0.000     0.00    0.00
   2832.552     0.000     0.00    0.00
   3209.826     0.000     0.00    0.00
   3587.017     0.000     0.00    0.00
   3964.126     0.000     0.00    0.00
   4341.153     0.000     0.00    0.00
   4718.098     0.551     1.46    2.38
   5094.960     1.979     3.79    4.53
   5471.741     3.340     3.61    5.23
   5848.440     4.863     4.04    5.74
   6225.056     7.031     5.76    5.94
   6601.591     8.844     4.81    5.40
   6978.044    10.323     3.93    4.57
   7354.415    12.968     7.03    4.98
   7730.705    16.082     8.27    7.40
   8106.913    19.354     8.70    8.81
   8483.039    22.663     8.80    7.86
   8859.084    23.155     1.31    7.56
   9235.047    24.106     2.53    7.00
   9610.929    24.711     1.61    6.11
   9986.729    23.375    -3.56    6.72
  10362.448    23.385     0.03    6.63
  10738.086    20.667    -7.24    6.14
  11113.642    18.423    -5.98    5.26
  11489.117    19.511     2.90    5.65
  11864.511    22.103     6.91    6.41
  12239.824    24.793     7.17    5.90
  12615.056    25.970     3.13    4.79
  12990.207    26.522     1.47    4.09
  13365.277    28.031     4.02    3.96
  13740.266    28.944     2.44    3.79
  14115.175    30.396     3.87    3.44
  14490.002    31.130     1.96    3.12
  14864.749    29.479    -4.41    4.19
  15239.415    28.490    -2.64    4.52
  15614.001    27.865    -1.67    4.18
  15988.505    28.118     0.68    3.97
  16362.930    29.500     3.69    2.92
  16737.274    30.337     2.24    2.55
  17111.537    31.396     2.83    3.10
  17485.720    32.547     3.08    3.05
  17859.823    34.011     3.91    3.14
  18233.846    34.823     2.17    3.35
  18607.788    34.548    -0.73    3.97
  18981.650    34.557     0.02    4.41
  19355.432    34.354    -0.54    4.34
  19729.134    35.719     3.65    4.59
  20102.756    37.418     4.55    4.58
  20476.298    39.083     4.46    3.94
  20849.760    39.933     2.27    3.42
  21223.142    39.598    -0.90    3.41
  21596.445    38.516    -2.90    3.62
  21969.667    36.802    -4.59    3.63
  22342.810    34.234    -6.88    3.66
  22715.874    32.433    -4.83    3.08
  23088.857    32.118    -0.84    2.72
  23461.761    32.400     0.76    2.77
  23834.586    33.705     3.50    3.17
  24207.331    36.347     7.09    3.63
  24579.997    37.667     3.54    4.02
  24952.583    37.905     0.64    3.96
  25325.090    37.464    -1.18    4.10
  25697.518    34.804    -7.14    4.46
  26069.867    31.812    -8.03    4.20
  26442.136    30.185    -4.37    3.88
  26814.327    28.827    -3.65    2.71
  27186.438    29.089     0.71    2.19
  27558.470    28.863    -0.61    2.47
  27930.423    27.955    -2.44    2.44
  28302.298    27.825    -0.35    2.52
  28674.093    27.935     0.30    2.58
  29045.810    27.427    -1.37    3.07
  29417.448    26.691    -1.98    3.14
  29789.007    24.632    -5.54    4.09
  30160.488    23.021    -4.33    3.36
  30531.890    22.937    -0.23    2.90
  30903.213    22.368    -1.53    3.09
  31274.458    21.436    -2.51    3.77
  31645.625    19.531    -5.13    3.97
  32016.713    17.818    -4.62    3.43
  32387.722    18.447     1.69    3.87
  32758.654    19.944     4.04    4.30
  33129.507    21.474     4.13    4.35
  33500.282    23.938     6.64    4.94
  33870.978    26.274     6.30    5.74
  34241.597    29.579     8.92    6.14
  34612.137    32.543     8.00    4.19
  34982.600    34.396     5.00    3.16
  35352.984    34.213    -0.49    3.91
  35723.291    34.583     1.00    4.77
  36093.520    36.109     4.12    5.38
  36463.670    37.656     4.18    5.60
  36833.744    39.477     4.92    4.92
  37203.739    39.777     0.81    3.91
  37573.657    38.099    -4.54    4.75
  37943.497    35.240    -7.73    6.48
  38313.259    33.333    -5.16    6.29
  38682.944    29.833    -9.47    6.24
  39052.551    27.149    -7.26    6.39
  39422.081    22.432   -12.77    7.11
  39791.534    19.146    -8.89    5.67
  40160.909    17.865    -3.47    3.95
  40530.207    18.825     2.60    4.55
  40899.428    19.778     2.58    4.88
  41268.571    19.372    -1.10    5.26
  41637.638    17.545    -4.95    5.46
  42006.627    15.515    -5.50    4.53
  42375.539    13.935    -4.28    3.01
  42744.374    12.875    -2.88    2.03
  43113.133    13.385     1.38    2.10
  43481.814    13.915     1.44    2.65
  43850.418    15.094     3.20    3.85
  44218.946    17.187     5.68    4.47
  44587.397    18.670     4.03    4.81
  44955.771    20.424     4.76    4.25
  45324.068    21.583     3.15    5.68
  45692.289    22.789     3.27    6.75
  46060.433    25.208     6.57    8.62
  46428.501    25.747     1.46    9.20
  46796.492    25.990     0.66    9.65
  47164.407    24.617    -3.73    9.60
  47532.245    22.935    -4.57    8.44
  47900.007    21.010    -5.23    7.40
  48267.693    20.011    -2.72    5.84
  48635.303    18.798    -3.30    4.77
  49002.836    17.787    -2.75    3.15
  49370.293    16.854    -2.54    2.82
  49737.674    15.766    -2.96    2.66
  50104.979    16.443     1.84    4.80
  50472.208    19.937     9.51    9.37
  50839.361    27.266    19.96   14.00
  51206.438    38.147    29.64   17.96
  51573.439    50.117    32.61   17.95
  51940.365    59.837    26.49   12.73
  52307.214    66.122    17.13    9.96
  52673.988    68.863     7.47    8.66
  53040.686    69.301     1.19    8.41
  53407.309    68.277    -2.79    8.15
  53773.855    66.323    -5.33    8.91
  54140.327    61.596   -12.90   11.43
  54506.723    56.516   -13.86   13.62
  54873.043    52.888    -9.90   13.76
  55239.288    50.596    -6.26   13.37
  55605.458    49.540    -2.88   12.43
  55971.552    51.438     5.18   12.13
  56337.571    52.258     2.24   12.69
  56703.515    54.821     7.00   13.49
  57069.383    56.915     5.72   12.90
  57435.177    58.000     2.97   13.47
  57800.895    58.674     1.84   13.71
  58166.538    57.833    -2.30   13.57
  58532.107    57.167    -1.82   12.19
  58897.600    58.266     3.01   11.01
  59264.264    60.032     4.82    9.69
  59645.385    62.804     7.27    9.55
  60026.424    65.284     6.51    9.05
  60407.380    67.087     4.73    7.65
  60788.254    67.802     1.88    6.59
  61169.044    66.868    -2.45    6.31
  61549.753    63.383    -9.15    7.94
  61930.379    57.303   -15.97    9.58
  62310.923    52.250   -13.28    8.86
  62691.384    48.692    -9.35    8.19
  63071.763    45.876    -7.40    8.41
  63452.060    44.167    -4.50    9.14
  63832.274    43.531    -1.67    8.95
  64212.407    43.580     0.13    7.72
  64592.457    44.883     3.43    6.07
  64972.426    48.116     8.51    3.86
  65352.312    49.489     3.61    3.20
  65732.117    50.455     2.54    2.34
  66111.840    50.771     0.83    2.36
  66491.481    49.656    -2.94    3.27
  66871.040    47.235    -6.38    5.04
  67250.517    45.870    -3.60    5.00
  67629.913    47.292     3.75    5.87
  68009.227    50.144     7.52    5.65
  68388.460    53.521     8.90    3.44
  68767.611    55.632     5.57    2.73
  69146.681    56.277     1.70    2.25
  69525.669    57.159     2.33    1.83
  69904.577    57.340     0.48    2.19
  70283.402    56.483    -2.26    3.13
  70662.147    56.000    -1.28    4.57
  71040.810    56.744     1.97    6.23
  71419.392    60.916    11.02    8.41
  71797.894    64.456     9.35    7.02
  72176.314    66.302     4.88    5.98
  72554.653    66.157    -0.38    5.57
  72932.911    64.638    -4.02    4.34
  73311.089    64.195    -1.17    3.69
  73689.185    63.415    -2.06    2.95
  74067.201    62.989    -1.13    2.49
  74445.136    63.479     1.30    2.90
  74822.990    63.989     1.35    3.65
  75200.764    65.771     4.72    4.23
  75578.457    68.167     6.34    5.46
  75956.070    72.629    11.82    8.00
  76333.602    77.200    12.11    8.51
  76711.054    80.917     9.85    7.97
  77088.425    82.921     5.31    6.72
  77465.716    81.021    -5.04    7.19
  77842.927    79.391    -4.32    7.20
  78220.058    78.628    -2.02    6.43
  78597.108    77.826    -2.13    6.21
  78974.079    78.086     0.69    5.68
  79350.969    76.648    -3.82    4.68
  79727.780    76.809     0.43    2.94
  80104.510    77.711     2.40    3.25
  80481.160    78.701     2.63    3.19
  80857.731    78.846     0.39    3.30
  81234.222    79.573     1.93    3.15
  81610.633    81.544     5.24    4.28
  81986.964    83.021     3.92    5.03
  82363.216    82.629    -1.04    5.97
  82739.388    79.468    -8.40    7.00
  83115.480    75.549   -10.42    5.20
  83491.493    73.573    -5.26    4.61
  83867.427    72.978    -1.58    5.24
  84243.281    73.777     2.12    6.15
  84619.055    73.912     0.36    6.27
  84994.751    73.532    -1.01    5.35
  85370.367    72.957    -1.53    5.01
  85745.904    71.526    -3.81    4.41
  86121.362    69.165    -6.29    5.22
  86496.740    67.579    -4.22    5.02
  86872.040    65.968    -4.29    5.45
  87247.261    64.404    -4.17    4.92
  87622.402    63.181    -3.26    4.37
  87997.465    62.245    -2.50    4.36
  88372.449    62.596     0.94    5.63
  88747.354    62.663     0.18    8.09
  89122.180    63.505     2.25   10.32
  89496.928    63.750     0.65   11.51
  89871.597    62.779    -2.59   10.49
  90246.187    62.753    -0.07    9.20
  90620.699    65.457     7.22   10.65
  90995.132    70.648    13.86   11.97
  91369.487    74.052     9.09   11.99
  91743.763    77.462     9.11   10.98
  92117.961    81.383    10.48   10.58
  92492.080    85.402    10.74   10.94
  92866.122    92.149    18.04    9.46
  93240.085    97.427    14.11    6.94
  93613.969    98.918     3.99    5.55
  93987.776    98.778    -0.37    4.74
  94361.505    97.729    -2.81    4.29
  94735.155    97.281    -1.20    4.20
  95108.728    98.106     2.21    5.24
  95482.223    97.549    -1.49    5.86
  95855.640    95.194    -6.31    8.55
  96228.979    93.452    -4.67    8.58
  96602.240    90.957    -6.68    6.09
  96975.423    91.054     0.26    5.29
  97348.529    91.021    -0.09    5.00
  97721.557    90.720    -0.81    5.14
  98094.507    90.380    -0.91    4.63
  98467.380    90.585     0.55    4.91
  98840.176    89.617    -2.60    4.83
  99212.893    87.957    -4.45    5.21
  99585.534    85.720    -6.00    4.73
  99958.097    83.277    -6.56    4.60
 100330.583    80.451    -7.59    4.06
 100702.992    78.330    -5.69    3.86
 101075.323    76.149    -5.86    2.81
 101447.577    75.516    -1.70    2.64
 101819.754    75.193    -0.87    2.64
 102191.854    76.372     3.17    3.44
 102563.877    77.596     3.29    4.08
 102935.823    79.785     5.89    6.16
 103307.692    81.022     3.33    6.69
 103679.484    79.404    -4.35    8.72
 104051.199    74.011   -14.51   13.28
 104422.838    67.168   -18.41   13.25
 104794.399    62.065   -13.73   10.91
 105165.884    60.798    -3.41    9.65
 105537.293    62.391     4.29    9.28
 105908.625    65.624     8.70    7.64
 106279.880    67.570     5.24    6.17
 106651.058    69.077     4.06    4.78
 107022.161    67.915    -3.13    4.96
 107393.186    65.318    -7.00    6.35
 107764.136    61.011   -11.61    7.41
 108135.009    57.091   -10.57    8.09
 108505.806    54.126    -7.99    8.92
 108876.526    51.933    -5.91   10.70
 109247.171    45.366   -17.72   16.54
 109617.739    37.380   -21.55   18.08
 109988.231    29.033   -22.53   14.90
 110358.647    24.745   -11.58   11.96
 110728.987    26.348     4.33   11.98
 111099.251    33.628    19.66   12.96
 111469.440    42.148    23.01    8.67
 111839.552    44.670     6.81    5.94
 112209.589    45.844     3.17    4.55
 112579.549    47.011     3.15    5.07
 112949.434    49.191     5.89    5.93
 113319.244    53.022    10.36    5.45
 113688.978    56.644     9.80    4.20
 114058.636    60.521    10.49    6.70
 114428.218    64.456    10.64    7.96
 114797.725    69.277    13.05    8.01
 115167.157    74.634    14.50    7.14
 115536.513    79.844    14.10    8.84
 115905.794    84.645    13.00   11.05
 116275.000    89.596    13.41   10.88
 116644.130    92.670     8.33   10.67
 117013.185    94.297     4.41   10.53
 117382.165    94.624     0.89    9.36
 117751.070    93.852    -2.09    8.61
 118119.900    93.645    -0.56    7.14
 118488.655    94.966     3.58    6.25
 118857.334    97.074     5.72    5.55
 119225.939    99.593     6.83    4.68
 119594.469   102.054     6.68    3.31
 119962.924   103.430     3.74    3.52
 120331.304   103.689     0.70    3.47
 120699.609   102.904    -2.13    3.47
 121067.840   101.813    -2.96    2.45
 121435.996   102.344     1.44    3.00
 121804.078   103.798     3.95    3.79
 122172.084   103.777    -0.06    3.56
 122540.017   104.250     1.29    3.60
 122907.874   104.351     0.27    3.57
 123275.658   103.144    -3.28    3.16
 123643.367   101.391    -4.77    4.44
 124011.001    97.817    -9.72    5.38
 124378.561    93.396   -12.03    5.04
 124746.047    89.796    -9.80    4.53
 125113.459    87.114    -7.30    3.34
 125480.797    85.389    -4.69    3.75
 125848.060    82.205    -8.67    4.48
 126215.249    78.453   -10.22    5.39
 126582.365    74.955    -9.53    4.81
 126949.406    72.355    -7.08    3.30
 127316.373    71.098    -3.43    2.65
 127683.267    70.871    -0.62    2.36
 128050.086    69.409    -3.99    3.20
 128416.832    69.097    -0.85    4.75
 128783.504    70.871     4.84    7.46
 129150.102    75.622    12.96   10.04
 129516.626    83.755    22.19   12.66
 129883.077    93.773    27.33   10.89
 130249.454   100.516    18.40    8.76
 130615.758   105.124    12.58    4.69
 130981.988   105.215     0.25    4.69
 131348.145   103.602    -4.40    5.03
 131714.228   101.978    -4.44    4.50
 132080.238   102.902     2.52    5.11
 132446.174   104.692     4.89    5.28
 132812.037   108.787    11.19    7.66
 133177.827   114.333    15.16    8.44
 133543.544   117.914     9.79    7.85
 133909.188   119.865     5.34    6.01
 134286.872   118.258    -4.25    6.48
 134667.748   115.398    -7.51    6.33
 135048.544   112.660    -7.19    5.30
 135429.259   110.977    -4.42    4.08
 135809.894   111.160     0.48    3.03
 136190.448   111.860     1.84    3.36
 136570.922   113.129     3.33    3.43
 136951.316   114.506     3.62    2.80
 137331.630   114.606     0.26    3.96
 137711.864   113.011    -4.19    5.70
 138092.017   111.656    -3.57    6.50
 138472.091   109.125    -6.66    5.89
 138852.084   106.223    -7.64    4.68
 139231.998   103.682    -6.69    4.25
 139611.832   102.398    -3.38    3.57
 139991.586   100.344    -5.41    3.01
 140371.260    98.634    -4.50    3.31
 140750.854    96.433    -5.80    3.90
 141130.369    94.516    -5.05    3.33
 141509.804    92.111    -6.34    4.20
 141889.160    89.649    -6.49    4.33
 142268.436    86.879    -7.30    4.74
 142647.632    84.207    -7.05    4.50
 143026.750    82.826    -3.64    5.10
 143405.787    81.630    -3.15    5.28
 143784.746    81.935     0.80    6.05
 144163.625    82.076     0.37    6.12
 144542.425    83.065     2.61    6.18
 144921.146    83.511     1.18    6.21
 145299.787    83.151    -0.95    5.97
 145678.350    81.593    -4.11    5.17
 146056.833    79.398    -5.80    5.26
 146435.238    76.300    -8.19    6.13
 146813.563    70.656   -14.92    7.39
 147191.810    65.573   -13.44    7.20
 147569.978    61.817    -9.93    6.10
 147948.067    58.978    -7.51    5.25
 148326.077    56.882    -5.54    5.57
 148704.009    55.977    -2.39    5.81
 149081.862    52.957    -7.99    5.65
 149459.636    50.466    -6.59    4.55
 149837.332    48.935    -4.05    3.57
 150214.949    48.216    -1.91    3.34
 150592.488    47.613    -1.60    2.89
 150969.949    47.080    -1.41    2.68
 151347.331    46.892    -0.50    3.55
 151724.635    47.125     0.62    4.43
 152101.860    47.989     2.29    4.73
 152479.007    49.239     3.31    4.06
 152856.077    52.462     8.55    5.18
 153233.068    55.034     6.82    5.84
 153609.981    57.473     6.47    4.87
 153986.816    58.966     3.96    3.64
 154363.573    59.624     1.75    2.66
 154740.252    58.795    -2.20    3.68
 155116.853    56.527    -6.02    6.69
 155493.376    53.091    -9.12    7.29
 155869.822    49.149   -10.47    5.22
 156246.190    45.000   -11.02    5.24
 156622.480    39.787   -13.85    8.22
 156998.692    34.867   -13.08    7.92
 157374.827    31.312    -9.45    4.12
 157750.885    30.433    -2.34    2.84
 158126.865    29.839    -1.58    3.26
 158502.767    29.744    -0.25    3.85
 158878.592    30.290     1.45    4.12
 159254.340    32.822     6.74    4.98
 159630.010    38.088    14.02    7.01
 160005.604    44.478    17.01    8.99
 160381.120    51.264    18.07    8.62
 160756.558    54.576     8.82    8.82
 161131.920    53.868    -1.89   11.37
 161507.205    50.207    -9.76   12.39
 161882.412    44.934   -14.05   11.46
 162257.543    41.391    -9.44    9.35
 162632.596    37.817    -9.53    6.50
 163007.573    36.935    -2.35    7.56
 163382.473    37.374     1.17    9.80
 163757.296    37.620     0.66   11.13
 164132.043    37.121    -1.33    9.98
 164506.712    36.228    -2.38    9.73
 164881.305    34.989    -3.31    8.24
 165255.822    35.293     0.81    8.01
 165630.262    33.889    -3.75    8.67
 166004.625    33.685    -0.55    9.41
 166378.912    34.539     2.28   11.42
 166753.123    38.312    10.08   14.70
 167127.257    46.068    20.73   16.16
 167501.315    56.312    27.38   15.48
 167875.296    65.552    24.70   11.47
 168249.202    70.323    12.76   11.22
 168623.031    74.663    11.61    9.41
 168996.784    77.516     7.63    9.28
 169370.461    80.070     6.83    8.95
 169744.061    82.424     6.30    8.81
 170117.586    83.930     4.03    7.98
 170491.035    85.424     4.00    6.92
 170864.408    85.573     0.40    6.62
 171237.705    83.323    -6.03    8.05
 171610.927    80.044    -8.78    8.84
 171984.072    75.478   -12.24    8.67
 172357.142    71.429   -10.85    6.75
 172730.136    69.582    -4.95    5.87
 173103.054    64.806   -12.81    8.80
 173475.897    57.289   -20.16   11.73
 173848.665    50.473   -18.28   11.53
 174221.357    45.244   -14.03   10.72
 174593.973    41.859    -9.09   13.79
 174966.514    38.033   -10.27   15.84
 175338.980    39.398     3.66   15.87
 175711.370    42.693     8.85   17.65
 176083.685    50.527    21.04   20.88
 176455.925    62.716    32.74   16.66
 176828.089    70.120    19.89    8.54
 177200.179    73.092     7.99    5.37
 177572.193    71.722    -3.68    5.87
 177944.132    66.442   -14.19    8.88
 178315.997    57.652   -23.63   13.19
 178687.786    46.093   -31.09   14.14
 179059.501    40.783   -14.28   13.43
 179431.140    44.247     9.32   17.97
 179802.705    55.109    29.23   20.24
 180174.195    67.402    33.09   12.75
 180545.610    73.533    16.50    5.88
 180916.951    74.427     2.41    6.26
 181288.217    76.065     4.41    5.60
 181659.408    76.102     0.10    4.41
 182030.525    71.011   -13.72    9.49
 182401.567    65.656   -14.43   12.30
 182772.535    60.544   -13.78   10.38
 183143.429    60.209    -0.90    9.53
 183514.248    65.920    15.40    9.57
 183884.992    72.110    16.69    8.14
 184255.663    78.432    17.05    8.18
 184626.259    84.000    15.02    8.22
 184996.781    90.747    18.21    9.11
 185367.229    95.956    14.06    8.44
 185737.602    98.791     7.65    7.01
 186107.902    97.714    -2.91    8.37
 186478.127    90.965   -18.23   12.04
 186848.279    84.589   -17.22   12.30
 187218.357    79.779   -13.00   12.54
 187588.361    77.696    -5.63   12.08
 187958.291    77.182    -1.39   11.36
 188328.147    76.956    -0.61    9.52
 188697.929    75.000    -5.29    8.17
 189067.638    74.220    -2.11    7.27
 189437.273    75.242     2.76    7.75
 189806.834    78.711     9.39    9.07
 190176.322    84.011    14.34    8.04
 190545.736    88.955    13.38    4.39
 190915.077    89.837     2.39    4.69
 191284.344    89.447    -1.06    5.57
 191653.538    90.593     3.10    5.26
 192022.659    91.553     2.60    5.67
 192391.706    93.272     4.66    5.14
 192760.680    95.209     5.25    4.94
 193129.580    97.011     4.88    6.04
 193498.408    97.580     1.54    6.20
 193867.162    98.871     3.50    6.19
 194235.843    99.989     3.03    5.37
 194604.452   100.226     0.64    3.86
 194972.987   100.378     0.41    3.97
 195341.449    99.462    -2.49    5.00
 195709.838    98.363    -2.98    5.34
 196078.155    97.326    -2.81    5.26
 196446.398    95.185    -5.81    6.28
 196814.569    89.337   -15.88   13.37
 197182.667    78.418   -29.66   19.28
 197550.692    68.264   -27.58   18.67
 197918.644    58.989   -25.20   14.57
 198286.524    53.448   -15.06   12.36
 198654.332    51.322    -5.78   10.15
 199022.066    52.034     1.93   10.63
 199389.729    53.637     4.36   11.43
 199757.318    57.089     9.39   11.45
 200124.836    59.989     7.89    9.74
 200492.281    63.054     8.34   10.42
 200859.653    69.575    17.75   11.14
 201226.954    76.565    19.03   10.73
 201594.182    83.174    17.99    7.03
 201961.338    87.000    10.42    5.94
 202328.421    89.640     7.19    6.44
 202695.433    92.167     6.88    5.58
 203062.373    93.506     3.65    5.43
 203429.240    94.637     3.08    6.34
 203796.036    96.978     6.38    8.08
 204162.759   100.744    10.27    8.55
 204529.411   106.033    14.42    7.69
 204895.990   110.414    11.95    5.67
 205262.498   111.022     1.66    5.25
 205628.934   112.058     2.83    4.97
 205995.299   112.750     1.89    5.17
 206361.592   112.854     0.28    4.66
 206727.813   114.242     3.79    4.00
 207093.962   113.044    -3.27    4.29
 207460.040   112.211    -2.27    4.03
 207826.046   111.495    -1.96    3.85
 208191.981   110.540    -2.61    3.73
 208557.844   110.681     0.39    3.44
 208931.193   110.775     0.25    3.48
 209311.907   110.484    -0.77    3.67
 209692.543   109.611    -2.29    4.81
 210073.101   106.911    -7.09    6.11
 210453.580   102.409   -11.83    6.32
 210833.981    98.811    -9.46    5.48
 211214.304    97.308    -3.95    4.29
 211594.549    97.089    -0.58    4.10
 211974.716    96.422    -1.75    4.56
 212354.805    95.761    -1.74    4.35
 212734.816    95.044    -1.89    3.40
 213114.749    95.545     1.32    3.40
 213494.604    95.352    -0.51    3.40
 213874.381    94.700    -1.72    4.17
 214254.081    92.407    -6.04    5.13
 214633.702    89.756    -6.98    4.92
 215013.246    87.275    -6.54    6.04
 215392.713    85.056    -5.85    6.31
 215772.102    83.747    -3.45    5.94
 216151.413    82.814    -2.46    5.63
 216530.647    85.791     7.85    6.85
 216909.803    88.536     7.24    6.88
 217288.882    90.769     5.89    6.45
 217667.883    90.459    -0.82    7.34
 218046.808    87.685    -7.32    7.98
 218425.655    84.512    -8.38    8.09
 218804.424    81.674    -7.49    6.89
 219183.117    79.845    -4.83    6.10
 219561.732    81.135     3.41    7.76
 219940.271    84.176     8.03   10.22
 220318.732    92.111    20.96   12.60
 220697.117   100.184    21.33   10.55
 221075.424   103.242     8.08    9.12
 221453.655   105.545     6.09    9.04
 221831.808   104.967    -1.53    8.81
 222209.885   104.989     0.06    7.28
 222587.885   104.944    -0.12    6.53
 222965.809   101.644    -8.73    9.87
 223343.656    96.711   -13.05   13.11
 223721.426    89.478   -19.14   15.54
 224099.119    82.778   -17.74   13.93
 224476.737    78.023   -12.59    9.29
 224854.277    78.169     0.39    8.17
 225231.741    81.540     8.93    9.40
 225609.129    84.011     6.55    9.11
 225986.441    85.227     3.22    9.01
 226363.676    85.716     1.30    8.87
 226740.835    87.568     4.91    8.54
 227117.917    90.000     6.45    6.69
 227494.924    94.000    10.61    3.90
 227871.855    95.456     3.86    3.84
 228248.709    96.511     2.80    3.75
 228625.487    98.079     4.16    2.50
 229002.190    98.767     1.83    1.97
 229378.816    98.711    -0.15    2.26
 229755.367    98.367    -0.91    2.35
 230131.842    97.367    -2.66    2.39
 230508.241    96.922    -1.18    2.73
 230884.564    97.124     0.54    2.93
 231260.811    97.284     0.43    2.91
 231636.983    96.807    -1.27    3.67
 232013.079    93.281    -9.37    5.96
 232389.100    89.422   -10.26    8.28
 232765.045    86.578    -7.56    8.86
 233140.915    84.600    -5.26    9.85
 233516.709    82.600    -5.32   10.79
 233892.428    80.629    -5.24   11.45
 234268.072    75.693   -13.14   11.29
 234643.640    70.773   -13.10    8.59
 235019.133    70.800     0.07    9.05
 235394.551    75.767    13.23   12.35
 235769.894    83.022    19.33   11.76
 236145.161    89.011    15.96    9.27
 236520.354    92.833    10.19    8.27
 236895.471    95.371     6.76    8.26
 237270.513    98.500     8.34    6.54
 237645.481    99.178     1.81    4.94
 238020.374    99.534     0.95    3.41
 238395.191    98.270    -3.37    3.25
 238769.934    97.523    -1.99    3.01
 239144.603    97.023    -1.33    2.88
 239519.196    97.506     1.29    3.66
 239893.715    98.427     2.46    4.36
 240268.159    97.375    -2.81    5.43
 240642.529    94.315    -8.17    6.02
 241016.824    91.176    -8.38    4.51
 241391.044    89.589    -4.24    3.46
 241765.191    90.264     1.80    3.51
 242139.262    90.000    -0.70    4.32
 242513.260    88.539    -3.90    4.62
 242887.183    86.722    -4.86    4.81
 243261.031    84.128    -6.94    2.81
 243634.806    83.122    -2.69    2.92
 244008.506    81.814    -3.50    2.69
 244382.133    83.517     4.56    4.25
 244755.685    84.424     2.43    4.64
 245129.163    84.955     1.42    4.07
 245502.567    85.535     1.55    3.01
 245875.897    84.835    -1.87    2.99
 246249.153    85.250     1.11    3.29
 246622.335    83.868    -3.70    4.43
 246995.444    81.326    -6.81    5.89
 247368.479    77.413   -10.49    6.63
 247741.439    73.512   -10.46    4.75
 248114.327    71.978    -4.11    4.10
 248487.140    72.143     0.44    3.45
 248859.880    73.062     2.46    3.43
 249232.546    74.293     3.30    2.55
