-169912.378   243.812     0.00    7.36
-169539.344   248.422    12.35    9.61
-169166.241   251.536     8.35   10.14
-168793.069   251.281    -0.68   10.49
-168419.828   241.696   -25.68   18.15
-168046.519   229.542   -32.55   18.58
-167673.141   217.771   -31.52   14.01
-167299.693   209.441   -22.30    5.57
-166926.177   206.268    -8.49    4.62
-166552.592   205.390    -2.35    3.95
-166178.938   206.771     3.69    4.77
-165805.214   210.485     9.94    6.15
-165431.422   215.008    12.10    6.41
-165057.560   219.698    12.54    7.23
-164683.630   223.438    10.00    7.25
-164309.629   226.972     9.45    5.66
-163935.560   228.350     3.68    4.86
-163561.422   229.010     1.76    4.64
-163187.214   230.432     3.80    4.85
-162812.936   231.510     2.88    4.56
-162438.589   232.069     1.49    3.89
-162064.173   233.216     3.06    3.98
-161689.687   234.138     2.46    3.34
-161315.132   235.348     3.23    3.06
-160940.507   237.580     5.96    4.79
-160565.813   239.435     4.95    5.10
-160191.048   242.056     6.99    5.04
-159816.214   245.732     9.81    6.39
-159441.311   251.640    15.76   10.82
-159066.337   259.710    21.52   11.61
-158691.294   267.891    21.81   10.39
-158316.181   271.351     9.22   10.59
-157940.998   267.703    -9.72   14.52
-157565.745   263.417   -11.42   13.91
-157190.423   261.473    -5.18   11.14
-156815.030   264.118     7.04    9.87
-156439.567   269.264    13.71    8.39
-156064.034   271.220     5.21    6.44
-155688.431   267.250   -10.57   11.19
-155312.757   256.168   -29.50   16.73
-154937.014   244.703   -30.51   14.51
-154561.200   234.562   -26.98    8.20
-154185.316   229.279   -14.05    3.91
-153809.362   225.359   -10.43    5.27
-153433.337   222.640    -7.23    5.65
-153057.242   223.462     2.19    8.09
-152681.076   227.467    10.65   10.44
-152304.840   233.070    14.89   10.05
-151928.534   235.869     7.44    8.62
-151552.157   234.785    -2.88    9.23
-151175.709   231.491    -8.75   10.09
-150799.191   225.703   -15.37   11.45
-150422.602   217.567   -21.60   11.83
-150045.942   209.468   -21.50    9.38
-149669.211   206.010    -9.18    7.97
-149292.410   207.569     4.14    8.72
-148915.538   212.812    13.91    8.45
-148538.595   218.571    15.28    7.21
-148161.581   221.298     7.23    6.42
-147784.496   222.140     2.23    6.26
-147407.340   223.460     3.50    6.99
-147030.113   227.797    11.50    9.28
-146652.815   232.610    12.76    9.48
-146275.446   238.824    16.46    9.75
-145898.006   246.254    19.68   10.07
-145520.494   252.450    16.41   12.92
-145142.912   258.106    14.98   12.63
-144765.258   260.767     7.05   10.74
-144387.532   261.220     1.20    8.62
-144009.736   261.188    -0.09    5.15
-143631.868   260.877    -0.82    3.06
-143253.928   260.820    -0.15    2.91
-142875.917   262.856     5.38    4.56
-142497.835   266.373     9.30    6.02
-142119.681   271.262    12.93    6.18
-141741.455   274.780     9.30    4.70
-141363.158   277.622     7.51    5.89
-140984.789   279.306     4.45    5.91
-140606.348   279.891     1.55    5.48
-140227.836   278.508    -3.65    6.16
-139849.251   278.315    -0.51    5.94
-139470.595   280.383     5.46    6.09
-139091.867   283.520     8.28    7.06
-138713.067   287.689    11.00    7.32
-138334.195   289.288     4.22    7.07
-137955.251   289.435     0.39    6.49
-137576.236   290.247     2.14    5.62
-137197.148   290.618     0.98    5.64
-136817.987   293.613     7.90    6.55
-136438.755   297.636    10.61    8.03
-136059.451   300.515     7.59    8.27
-135680.074   302.689     5.73    7.03
-135300.625   303.173     1.28    6.14
-134921.103   299.703    -9.14    7.33
-134541.509   295.997    -9.76    8.80
-134161.843   292.533    -9.12    8.31
-133782.105   287.497   -13.26    7.02
-133402.293   282.691   -12.65    7.53
-133022.410   278.388   -11.33    8.23
-132642.453   272.152   -16.41    7.15
-132262.424   268.717    -9.04    6.66
-131882.323   268.342    -0.99    6.11
-131502.149   269.504     3.06    6.09
-131121.902   266.997    -6.59   10.90
-130749.544   259.710   -19.57   16.82
-130383.143   253.846   -16.00   16.68
-130016.676   247.693   -16.79   12.61
-129650.141   243.373   -11.78    7.02
-129283.540   243.058    -0.86    5.38
-128916.871   240.938    -5.78    6.77
-128550.136   236.468   -12.19    7.23
-128183.333   231.564   -13.37    6.85
-127816.464   229.044    -6.87    5.28
-127449.527   228.738    -0.83    5.02
-127082.523   232.362     9.87    6.75
-126715.452   239.335    18.99    9.14
-126348.314   247.080    21.10   11.83
-125981.109   255.923    24.08   11.62
-125613.836   262.799    18.72    9.63
-125246.496   267.223    12.04    6.22
-124879.089   269.629     6.55    6.22
-124511.614   272.248     7.13    7.31
-124144.071   275.497     8.84    9.38
-123776.462   278.205     7.37    9.86
-123408.784   280.020     4.94    8.16
-123041.040   279.961    -0.16    6.67
-122673.227   278.032    -5.24    5.88
-122305.347   275.033    -8.15    6.30
-121937.400   269.834   -14.13    7.80
-121569.384   264.537   -14.39    6.50
-121201.301   259.298   -14.23    5.26
-120833.150   255.247   -11.00    6.76
-120464.931   251.020   -11.48    8.85
-120096.645   244.832   -16.80   10.37
-119728.290   238.071   -18.35   10.86
-119359.868   232.890   -14.06    9.22
-118991.378   227.948   -13.41    7.33
-118622.819   224.606    -9.07    5.60
-118254.193   222.775    -4.97    5.96
-117885.499   222.020    -2.05    4.94
-117516.736   221.998    -0.06    4.03
-117147.905   221.008    -2.68    4.29
-116779.007   219.899    -3.01    4.24
-116410.039   216.456    -9.33    3.94
-116041.004   213.491    -8.03    3.63
-115671.900   210.414    -8.34    4.55
-115302.728   205.827   -12.42    6.16
-114933.488   203.185    -7.15    6.33
-114564.179   201.357    -4.95    6.43
-114194.802   201.373     0.04    6.25
-113825.356   202.648     3.45    5.27
-113455.842   202.224    -1.15    4.19
-113086.259   201.326    -2.43    3.69
-112716.608   200.901    -1.15    3.31
-112346.888   201.229     0.89    3.99
-111977.099   200.526    -1.90    4.77
-111607.241   198.066    -6.65    6.90
-111237.315   195.103    -8.01    8.46
-110867.320   193.820    -3.47   10.25
-110497.256   195.612     4.84   14.10
-110127.123   198.160     6.88   16.05
-109756.922   197.804    -0.96   17.16
-109386.651   193.915   -10.50   17.01
-109016.311   188.560   -14.46   17.13
-108645.903   179.773   -23.72   14.29
-108275.425   174.510   -14.21   11.37
-107904.878   169.928   -12.37    9.43
-107534.262   166.785    -8.48    8.88
-107163.577   165.404    -3.73    8.72
-106792.823   164.085    -3.56    7.13
-106421.999   162.903    -3.19    6.69
-106051.106   163.835     2.51    7.35
-105680.144   167.342     9.45   10.59
-105309.113   171.307    10.69   12.21
-104938.012   174.718     9.19   10.64
-104566.841   176.766     5.52    7.93
-104195.601   176.521    -0.66    5.76
-103824.292   174.691    -4.93    5.20
-103452.913   169.905   -12.89    6.85
-103081.464   162.288   -20.51   12.44
-102709.946   153.543   -23.53   13.40
-102338.358   150.491    -8.21   13.34
-101966.700   151.869     3.71   14.83
-101594.972   156.520    12.51   14.19
-101223.175   161.307    12.87    7.74
-100851.308   161.067    -0.65    5.66
-100479.371   159.281    -4.80    4.34
-100107.364   158.106    -3.16    4.84
 -99735.287   156.732    -3.69    7.95
 -99363.140   158.644     5.14   10.00
 -98990.923   162.371    10.01   11.90
 -98618.636   166.997    12.43   13.44
 -98246.279   172.206    13.99   14.96
 -97873.852   175.759     9.54   15.19
 -97501.355   178.357     6.97   14.32
 -97128.787   180.077     4.62   12.11
 -96756.149   187.250    19.25   13.89
 -96383.440   198.206    29.39   16.74
 -96010.662   210.915    34.09   20.56
 -95637.813   220.432    25.52   22.72
 -95264.893   222.319     5.06   26.00
 -94891.903   218.392   -10.53   28.96
 -94518.843   208.094   -27.60   27.99
 -94145.712   197.215   -29.15   24.42
 -93772.510   185.357   -31.77   18.13
 -93399.238   178.744   -17.72   15.74
 -93025.895   173.973   -12.78   12.03
 -92652.481   173.811    -0.43   10.58
 -92278.997   176.335     6.76   11.38
 -91905.442   181.089    12.73   12.03
 -91531.816   189.508    22.53   14.90
 -91158.119   199.951    27.94   19.45
 -90784.351   213.937    37.42   23.80
 -90410.512   230.008    42.99   27.09
 -90036.602   244.168    37.87   24.02
 -89662.622   249.479    14.20   17.91
 -89288.570   244.338   -13.74   19.49
 -88914.447   232.698   -31.11   22.56
 -88540.253   219.130   -36.26   17.22
 -88165.987   216.346    -7.44   14.54
 -87791.651   221.696    14.29   16.57
 -87417.243   223.732     5.44   16.44
 -87042.764   218.776   -13.23   20.03
 -86668.213   207.916   -28.99   20.77
 -86293.591   192.985   -39.85   14.18
 -85918.898   184.032   -23.89   10.82
 -85544.133   178.580   -14.54    6.80
 -85169.296   174.548   -10.76    6.45
 -84794.388   168.381   -16.45    7.70
 -84419.409   162.479   -15.74    9.66
 -84044.358   152.913   -25.51   10.53
 -83669.235   140.299   -33.62   16.68
 -83294.040   120.773   -52.04   26.36
 -82918.774   107.729   -34.76   23.89
 -82543.436   107.869     0.37   27.38
 -82168.026   120.043    32.43   33.52
 -81792.544   141.938    58.31   21.99
 -81416.990   151.872    26.45   11.39
 -81041.364   153.926     5.47   11.28
 -80665.666   153.753    -0.46   11.99
 -80289.896   154.369     1.64   11.63
 -79914.054   155.021     1.73   11.23
 -79538.140   155.870     2.26   11.57
 -79162.154   157.553     4.48   10.82
 -78786.095   159.045     3.97   11.40
 -78409.965   161.939     7.69   10.73
 -78033.762   165.099     8.40   10.93
 -77657.486   166.473     3.65   10.60
 -77281.138   168.032     4.14    9.50
 -76904.718   171.578     9.42    8.17
 -76528.225   176.128    12.08    7.15
 -76151.660   178.811     7.12    7.02
 -75775.023   181.917     8.25    4.84
 -75398.312   184.925     7.98    7.08
 -75021.529   188.892    10.53    9.70
 -74644.674   192.532     9.66    9.29
 -74267.745   194.905     6.30    6.63
 -73890.744   194.432    -1.25    6.24
 -73513.670   192.171    -6.00    5.68
 -73136.523   191.461    -1.88    6.53
 -72759.304   191.869     1.08    6.66
 -72382.011   194.693     7.48    7.52
 -72004.645   194.882     0.50    6.58
 -71627.207   193.343    -4.08    6.50
 -71249.695   189.724    -9.59    7.92
 -70872.110   184.827   -12.97    5.18
 -70494.453   181.571    -8.62    4.95
 -70116.722   178.375    -8.46    4.75
 -69738.917   175.974    -6.36    5.77
 -69361.040   173.229    -7.26    6.55
 -68983.089   169.353   -10.25    6.75
 -68605.065   166.914    -6.45    7.07
 -68226.967   165.904    -2.67    9.08
 -67848.796   164.612    -3.42    9.83
 -67470.552   164.997     1.02   11.25
 -67092.234   167.950     7.81   14.17
 -66713.842   169.939     5.25   15.04
 -66335.377   167.399    -6.71   18.24
 -65956.838   161.862   -14.63   21.48
 -65578.225   151.588   -27.13   20.48
 -65199.539   140.303   -29.80   16.67
 -64820.779   131.581   -23.03   14.67
 -64441.945   124.768   -17.98   12.64
 -64063.038   121.451    -8.75    9.66
 -63684.056   120.192    -3.32    9.42
 -63305.000   120.112    -0.21    8.60
 -62925.871   122.832     7.18    8.34
 -62546.667   125.428     6.85    7.04
 -62167.390   124.985    -1.17    5.77
 -61788.038   124.086    -2.37    6.89
 -61408.612   121.615    -6.51    7.48
 -61029.112   120.394    -3.22    7.87
 -60649.537   118.257    -5.63    8.56
 -60269.889   116.066    -5.77    8.29
 -59890.165   112.431    -9.57    8.90
 -59510.368   105.985   -16.97   10.58
 -59130.496   101.307   -12.32   10.23
 -58750.550    99.032    -5.99    9.64
 -58370.529    99.078     0.12    9.11
 -57990.434    99.562     1.27    8.55
 -57610.264   100.962     3.68    7.72
 -57230.019   102.087     2.96    6.92
 -56849.700   103.533     3.80    5.11
 -56469.306   102.950    -1.53    4.81
 -56092.516   101.660    -3.43    4.25
 -55726.329   100.648    -2.76    2.80
 -55360.074    99.491    -3.16    2.69
 -54993.750    99.206    -0.78    2.56
 -54627.358    99.560     0.97    2.64
 -54260.897    99.663     0.28    3.01
 -53894.367    97.877    -4.87    4.39
 -53527.769    95.054    -7.70    6.30
 -53161.102    91.156   -10.63    5.53
 -52794.366    88.694    -6.71    4.86
 -52427.561    88.146    -1.50    4.23
 -52060.688    87.474    -1.83    4.12
 -51693.745    87.485     0.03    4.15
 -51326.734    87.826     0.93    4.63
 -50959.654    86.537    -3.51    5.00
 -50592.505    84.101    -6.63    5.87
 -50225.286    82.337    -4.80    4.65
 -49857.999    81.788    -1.50    3.67
 -49490.643    82.136     0.95    3.66
 -49123.217    82.068    -0.19    3.68
 -48755.723    80.296    -4.82    4.00
 -48388.159    79.083    -3.30    4.23
 -48020.526    78.656    -1.16    5.17
 -47652.823    78.290    -0.99    5.66
 -47285.051    77.266    -2.78    5.55
 -46917.210    76.271    -2.71    4.88
 -46549.300    75.724    -1.49    5.13
 -46181.320    76.276     1.50    5.58
 -45813.270    76.360     0.23    5.24
 -45445.151    77.479     3.04    4.85
 -45076.962    78.873     3.78    4.40
 -44708.704    79.526     1.77    3.41
 -44340.376    79.508    -0.05    3.78
 -43971.979    78.201    -3.55    3.94
 -43603.511    77.103    -2.98    3.33
 -43234.974    76.755    -0.94    3.01
 -42866.367    77.090     0.91    3.01
 -42497.691    78.974     5.11    3.06
 -42128.944    80.046     2.91    2.73
 -41760.127    81.376     3.61    3.02
 -41391.241    82.949     4.26    3.44
 -41022.284    83.519     1.55    4.43
 -40653.258    83.485    -0.09    5.70
 -40284.161    80.428    -8.28    9.04
 -39914.994    74.444   -16.21    9.29
 -39545.757    71.576    -7.77    8.18
 -39176.450    72.381     2.18    9.56
 -38807.073    75.353     8.05    9.43
 -38437.625    78.928     9.68    7.73
 -38068.107    80.367     3.89    5.06
 -37698.519    78.444    -5.20    3.60
 -37328.860    76.326    -5.73    3.56
 -36959.131    74.440    -5.10    2.27
 -36589.331    72.532    -5.16    2.41
 -36219.461    71.542    -2.68    2.07
 -35849.520    71.795     0.68    2.34
 -35479.509    72.144     0.94    3.37
 -35109.427    72.330     0.50    4.05
 -34739.274    72.167    -0.44    3.65
 -34369.051    71.546    -1.68    3.39
 -33998.756    70.587    -2.59    2.73
 -33628.391    69.814    -2.09    4.01
 -33257.956    67.519    -6.20    5.21
 -32887.449    65.130    -6.45    5.32
 -32516.871    61.008   -11.12    5.04
 -32146.222    57.426    -9.67    4.84
 -31775.503    56.326    -2.97    4.66
 -31404.712    55.479    -2.28    3.72
 -31033.850    55.883     1.09    3.04
 -30662.917    57.350     3.95    3.47
 -30291.913    59.525     5.86    5.10
 -29920.838    62.799     8.82    6.97
 -29549.691    65.781     8.03    6.46
 -29178.473    67.042     3.40    5.46
 -28807.184    67.573     1.43    4.53
 -28435.824    65.558    -5.43    4.46
 -28064.392    63.587    -5.31    3.46
 -27692.888    62.538    -2.82    2.97
 -27321.313    62.264    -0.74    2.44
 -26949.667    61.606    -1.77    2.22
 -26577.949    61.548    -0.15    2.81
 -26206.159    62.428     2.37    3.80
 -25834.298    63.597     3.14    3.63
 -25462.365    64.508     2.45    3.13
 -25090.360    65.809     3.50    3.40
 -24718.283    67.258     3.89    4.22
 -24346.135    68.545     3.46    4.42
 -23973.914    69.428     2.37    3.87
 -23601.622    69.491     0.17    3.61
 -23229.258    69.041    -1.21    3.65
 -22856.822    67.949    -2.93    3.08
 -22484.314    65.765    -5.86    3.69
 -22111.733    62.771    -8.04    5.43
 -21739.081    60.303    -6.62    5.43
 -21366.356    59.278    -2.75    5.30
 -20993.560    59.415     0.37    6.20
 -20620.691    60.534     3.00    6.86
 -20247.749    61.917     3.71    7.83
 -19874.736    62.188     0.73    8.25
 -19501.650    60.796    -3.73    7.43
 -19128.491    60.664    -0.36    6.21
 -18755.261    61.394     1.96    5.21
 -18381.957    62.676     3.43    5.31
 -18008.581    64.133     3.90    4.88
 -17635.133    64.842     1.90    4.48
 -17261.612    64.485    -0.96    5.08
 -16888.018    63.276    -3.24    5.23
 -16514.352    61.451    -4.88    5.13
 -16140.612    59.526    -5.15    4.97
 -15766.800    56.626    -7.76    4.63
 -15392.915    53.229    -9.08    4.73
 -15018.958    49.997    -8.64    4.33
 -14644.927    48.020    -5.28    5.47
 -14270.824    43.883   -11.06    7.01
 -13896.647    39.525   -11.65    8.09
 -13522.397    34.565   -13.25    7.45
 -13148.075    30.220   -11.61    6.17
 -12773.679    29.474    -1.99    6.41
 -12399.210    30.721     3.33    8.46
 -12024.668    32.997     6.08   11.85
 -11650.052    36.261     8.71   14.99
 -11275.363    40.940    12.49   16.97
 -10900.601    43.439     6.67   16.10
 -10525.766    46.491     8.14   13.44
 -10150.857    47.928     3.83    9.90
  -9775.874    46.917    -2.70    6.74
  -9400.818    45.633    -3.42    6.98
  -9025.689    42.451    -8.48    6.00
  -8650.486    38.744    -9.88    4.85
  -8275.209    34.581   -11.09    6.29
  -7899.859    30.974    -9.61    8.19
  -7524.435    25.985   -13.29    9.49
  -7148.937    21.135   -12.92   11.30
  -6773.365    15.592   -14.76   11.12
  -6397.719    10.985   -12.26    7.34
  -6022.000     7.805    -8.46    3.98
  -5646.206     6.555    -3.33    2.42
  -5270.339     6.031    -1.39    2.55
  -4894.397     5.870    -0.43    2.75
  -4518.382     6.576     1.88    3.63
  -4142.292     6.892     0.84    4.19
  -3766.128     6.565    -0.87    3.95
  -3389.890     5.698    -2.30    2.22
  -3013.578     4.696    -2.66    1.39
  -2637.192     3.636    -2.82    2.10
  -2260.731     2.587    -2.79    2.53
  -1884.195     1.583    -2.67    2.25
  -1507.586     0.630    -2.53    1.57
  -1130.902     0.067    -1.49    0.54
   -754.143    -0.015    -0.22    0.00
   -377.310    -0.015     0.00    0.00
     -0.402    -0.015     0.00    0.00
    376.581    -0.015     0.00    0.00
    753.638    -0.015     0.00    0.00
   1130.770     0.426     1.17    1.34
   1507.976     1.260     2.21    2.11
   1885.258     2.188     2.46    2.41
   2262.614     3.230     2.76    2.31
   2640.045     4.094     2.29    1.82
   3017.552     4.837     1.97    0.69
   3395.133     4.985     0.39    0.00
   3772.789     5.292     0.81    1.45
   4150.520     5.705     1.09    2.52
   4528.327     7.603     5.02    5.82
   4906.209     9.414     4.79    6.69
   5284.165     9.699     0.76    5.96
   5662.198     8.771    -2.46    4.63
   6040.305     7.996    -2.05    3.93
   6418.488     7.445    -1.46    3.78
   6796.746     7.360    -0.22    4.27
   7175.080     7.721     0.95    4.55
   7553.489     8.221     1.32    5.76
   7931.973    10.525     6.09    8.94
   8310.533    13.783     8.61   11.28
   8689.169    16.330     6.73   11.95
   9067.881    17.322     2.62   11.50
   9446.668    17.065    -0.68    9.09
   9825.531    15.895    -3.09    7.87
  10204.470    15.815    -0.21    8.51
  10583.484    15.792    -0.06    8.82
  10962.575    15.716    -0.20    7.71
  11341.741    15.422    -0.77    6.72
  11720.984    16.252     2.19    6.84
  12100.302    18.826     6.79    8.22
  12479.697    21.441     6.89    8.08
  12859.167    24.369     7.72    7.46
  13238.714    26.837     6.50    6.53
  13618.337    27.342     1.33    6.42
  13998.036    25.884    -3.84    6.50
  14377.812    23.094    -7.35    6.06
  14757.664    21.738    -3.57    5.76
  15137.592    20.795    -2.48    4.91
  15517.597    20.634    -0.42    4.52
  15897.678    20.846     0.56    3.96
  16277.836    21.721     2.30    3.37
  16658.070    22.660     2.47    3.17
  17038.381    23.907     3.28    4.04
  17418.768    24.450     1.43    4.31
  17799.233    25.423     2.56    3.70
  18179.774    26.008     1.54    2.42
  18560.391    24.656    -3.55    2.15
  18927.330    23.974    -1.86    1.84
  19293.368    23.519    -1.24    2.36
  19659.477    23.573     0.15    2.88
  20025.655    23.779     0.56    3.10
  20391.904    23.799     0.06    3.09
  20758.224    25.172     3.75    2.97
  21124.613    24.296    -2.39    4.43
  21491.074    20.052   -11.58    7.86
  21857.604    17.123    -7.99    7.79
  22224.205    14.053    -8.37    6.50
  22590.877    12.485    -4.28    4.49
  22957.619    13.906     3.87    4.55
  23324.431    14.154     0.68    4.20
  23691.315    12.663    -4.06    4.15
  24058.269    12.053    -1.66    3.72
  24425.293    11.166    -2.42    3.90
  24792.389    12.895     4.71    4.14
  25159.555    14.985     5.69    4.22
  25526.792    16.701     4.67    4.09
  25894.100    18.369     4.54    3.03
  26261.479    19.883     4.12    2.10
  26628.929    19.599    -0.77    3.07
  26996.449    18.530    -2.91    3.57
  27364.041    17.860    -1.82    3.15
  27731.704    18.859     2.72    4.12
  28099.438    20.552     4.60    4.35
  28467.243    21.583     2.80    3.98
  28835.120    20.886    -1.89    4.07
  29203.068    19.747    -3.10    3.62
  29571.087    20.213     1.27    3.77
  29939.177    21.271     2.87    3.57
  30307.339    21.557     0.78    3.21
  30675.572    21.376    -0.49    3.59
  31043.876    21.896     1.41    4.30
  31412.252    22.273     1.02    3.94
  31780.700    22.296     0.06    3.62
  32149.219    21.652    -1.75    3.23
  32517.810    20.141    -4.10    2.27
  32886.472    19.727    -1.12    1.91
  33255.206    19.422    -0.83    1.78
  33624.012    20.252     2.25    2.65
  33992.890    21.856     4.35    3.57
  34361.839    22.502     1.75    3.51
  34730.861    22.130    -1.01    3.88
  35099.954    20.873    -3.41    4.08
  35469.119    18.636    -6.06    3.69
  35838.356    17.030    -4.35    2.45
  36207.665    15.822    -3.27    2.29
  36577.047    15.095    -1.97    2.05
  36946.500    14.712    -1.04    2.10
  37316.026    14.885     0.47    2.67
  37685.624    15.131     0.67    3.46
  38055.294    15.345     0.58    4.08
  38425.036    14.525    -2.22    4.42
  38794.851    12.201    -6.28    4.71
  39164.738     9.585    -7.07    4.30
  39534.697     7.053    -6.85    3.04
  39904.729     5.648    -3.80    2.05
  40274.833     5.917     0.73    2.42
  40645.010     7.194     3.45    3.60
  41015.260     9.211     5.45    4.04
  41385.582    11.541     6.29    4.66
  41755.977    14.180     7.13    4.12
  42126.444    15.895     4.63    2.98
  42496.985    16.351     1.23    2.21
  42867.598    13.839    -6.78    4.06
  43238.284    11.515    -6.27    4.17
  43609.043    10.030    -4.01    3.30
  43979.874     8.698    -3.59    2.89
  44350.779     9.941     3.35    3.37
  44721.757    10.738     2.15    3.59
  45092.807    11.607     2.34    4.23
  45463.931    13.659     5.53    3.94
  45835.128    16.396     7.37    4.27
  46206.398    17.663     3.41    3.77
  46577.742    18.110     1.20    3.42
  46949.158    17.367    -2.00    3.86
  47320.648    16.258    -2.99    3.62
  47692.212    15.752    -1.36    3.12
  48063.848    14.837    -2.46    2.31
  48435.559    13.196    -4.42    3.05
  48807.342    12.491    -1.90    3.19
  49179.199    11.667    -2.22    2.90
  49551.130    10.866    -2.15    2.16
  49923.135    11.274     1.10    2.12
  50295.213    11.390     0.31    2.27
  50667.364    12.008     1.66    2.78
  51039.590    12.889     2.37    3.89
  51411.889    16.053     8.50    6.32
  51784.262    20.152    11.01    7.08
  52156.709    25.041    13.13    8.12
  52529.230    29.311    11.46    7.07
  52901.825    32.596     8.82    5.26
  53274.494    33.606     2.71    3.98
  53647.236    33.963     0.96    2.98
  54020.053    33.741    -0.60    3.11
  54392.944    33.485    -0.69    3.16
  54765.910    33.652     0.45    3.29
  55138.949    33.396    -0.69    3.06
  55512.063    33.952     1.49    2.09
  55885.251    33.852    -0.27    1.84
  56258.514    33.712    -0.37    1.51
  56631.850    33.758     0.12    1.55
  57005.262    33.963     0.55    1.40
  57378.747    34.419     1.22    1.52
  57752.308    34.463     0.12    1.66
  58125.943    34.706     0.65    1.86
  58499.652    34.685    -0.05    1.98
  58873.436    34.875     0.51    2.06
  59247.295    35.809     2.50    2.47
  59621.229    36.839     2.75    2.79
  59995.237    37.886     2.80    2.78
  60369.321    38.542     1.75    3.18
  60743.479    39.007     1.24    3.11
  61117.712    39.078     0.19    3.28
  61492.020    39.830     2.01    3.34
  61866.403    41.197     3.65    2.50
  62240.861    41.558     0.96    2.90
  62615.394    41.450    -0.29    3.00
  62990.003    40.385    -2.84    3.77
  63364.687    38.311    -5.54    3.70
  63739.445    36.420    -5.05    2.81
  64114.280    35.538    -2.35    2.50
  64489.189    35.875     0.90    2.42
  64864.174    36.503     1.67    2.56
  65239.234    36.355    -0.39    3.01
  65614.370    35.264    -2.91    3.50
  65989.581    33.050    -5.90    4.06
  66364.868    31.090    -5.22    3.68
  66740.231    28.518    -6.85    3.00
  67115.669    27.683    -2.22    2.69
  67491.183    27.480    -0.54    2.85
  67866.772    27.128    -0.94    3.00
  68242.438    25.930    -3.19    3.62
  68618.179    24.444    -3.96    3.94
  68993.996    23.007    -3.82    3.24
  69369.889    21.660    -3.59    2.67
  69745.858    21.474    -0.49    3.08
  70121.903    22.140     1.77    3.98
  70498.024    22.513     0.99    4.73
  70874.221    23.485     2.59    4.99
  71250.494    25.216     4.60    5.13
  71626.844    26.997     4.73    4.72
  72003.269    28.359     3.62    4.25
  72379.771    30.283     5.11    4.08
  72756.350    33.752     9.21    5.02
  73133.004    36.235     6.59    5.81
  73509.736    37.822     4.21    5.47
  73886.543    38.241     1.11    4.89
  74263.427    38.203    -0.10    4.66
  74640.388    37.962    -0.64    4.16
  75017.425    38.996     2.74    4.29
  75394.539    39.578     1.54    4.35
  75771.730    39.637     0.16    3.98
  76148.998    38.811    -2.19    4.34
  76526.342    38.205    -1.61    4.75
  76903.763    37.414    -2.10    5.67
  77281.261    33.667    -9.93    7.06
  77658.836    28.950   -12.49    8.14
  78036.488    23.029   -15.68    8.12
  78414.217    18.125   -12.98    6.70
  78792.023    15.407    -7.19    6.05
  79169.906    14.369    -2.75    5.74
  79547.866    13.063    -3.46    5.71
  79925.904    11.892    -3.10    5.33
  80304.018    11.390    -1.33    5.28
  80682.210    12.020     1.67    5.22
  81060.480    12.864     2.23    5.30
  81438.827    14.238     3.63    4.83
  81817.251    14.205    -0.09    4.41
  82195.753    12.307    -5.01    4.88
  82574.332     9.550    -7.28    4.68
  82952.989     7.181    -6.26    4.00
  83331.724     6.337    -2.23    3.41
  83710.536     7.030     1.83    2.86
  84089.426     7.776     1.97    2.11
  84468.394     8.820     2.75    2.22
  84847.439    10.307     3.92    3.51
  85226.563    12.181     4.94    4.06
  85605.764    13.052     2.30    3.22
  85985.044    12.656    -1.05    3.06
  86364.401    11.485    -3.09    2.67
  86743.837    11.996     1.35    4.52
  87123.350    15.656     9.64    8.83
  87502.942    22.216    17.28   14.02
  87882.612    30.735    22.44   18.21
  88262.360    36.249    14.52   16.32
  88642.187    36.054    -0.51   15.52
  89022.092    31.322   -12.46   14.15
  89402.075    26.610   -12.40   10.99
  89782.137    22.931    -9.68    5.48
  90162.277    22.985     0.14    5.13
  90542.496    21.942    -2.74    4.89
  90922.793    19.939    -5.27    6.26
  91303.169    15.974   -10.42    7.40
  91683.624    11.415   -11.98    6.52
  92064.157     9.192    -5.84    4.51
  92444.769     8.671    -1.37    3.01
  92825.460     8.996     0.85    2.88
  93206.230     9.675     1.78    3.26
  93577.953    12.192     6.77    4.39
  93943.766    15.485     9.00    5.13
  94309.652    16.866     3.77    4.51
  94675.609    16.241    -1.71    5.03
  95041.638    15.194    -2.86    5.45
  95407.739    14.265    -2.54    4.33
  95773.912    12.307    -5.35    3.09
  96140.158    11.763    -1.49    3.09
  96506.475    12.020     0.70    3.27
  96872.865    12.713     1.89    3.86
  97239.327    15.115     6.55    5.73
  97605.861    18.779    10.00    7.68
  97972.467    22.785    10.93    7.68
  98339.146    26.137     9.14    5.10
  98705.897    27.423     3.51    2.90
  99072.721    27.268    -0.42    2.41
  99439.617    26.809    -1.25    2.22
  99806.585    27.423     1.67    2.78
 100173.626    28.919     4.07    3.48
 100540.740    30.644     4.70    3.03
 100907.926    32.094     3.95    2.73
 101275.185    33.432     3.64    2.91
 101642.517    33.681     0.68    3.23
 102009.922    33.927     0.67    2.98
 102377.399    33.874    -0.14    2.24
 102744.949    33.553    -0.87    1.40
 103112.572    33.340    -0.58    1.94
 103480.269    32.826    -1.40    2.19
 103848.038    32.260    -1.54    2.01
 104215.880    31.885    -1.02    1.84
 104583.795    30.684    -3.26    2.19
 104951.783    29.276    -3.83    2.99
 105319.845    27.783    -4.06    3.00
 105687.979    26.942    -2.29    3.78
 106056.187    26.497    -1.21    5.16
 106424.469    25.811    -1.86    5.76
 106792.823    24.675    -3.09    6.32
 107161.251    22.732    -5.27    5.49
 107529.752    21.161    -4.26    4.47
 107898.327    21.007    -0.42    4.88
 108266.976    22.692     4.57    5.77
 108635.697    23.985     3.51    5.21
 109004.493    23.271    -1.94    5.22
 109373.362    22.372    -2.44    4.76
 109742.305    21.942    -1.17    4.04
 110111.321    23.491     4.20    3.98
 110480.412    26.028     6.87    2.76
 110849.576    27.185     3.13    1.62
 111218.814    26.703    -1.31    2.18
 111588.126    25.103    -4.33    3.29
 111957.512    23.322    -4.82    3.62
 112326.971    22.716    -1.64    3.79
 112696.505    23.616     2.44    3.93
 113066.113    25.285     4.52    3.31
 113435.795    26.909     4.39    2.72
 113805.552    28.300     3.76    2.25
 114175.382    29.341     2.81    1.16
 114545.287    29.605     0.71    1.18
 114915.266    30.363     2.05    1.35
 115285.319    31.333     2.62    2.07
 115655.447    32.485     3.11    2.30
 116025.649    33.523     2.80    1.93
 116395.926    34.342     2.21    1.32
 116766.277    33.125    -3.29    2.08
 117136.703    31.381    -4.71    2.60
 117507.203    30.007    -3.71    2.93
 117877.778    28.446    -4.21    2.74
 118248.428    27.355    -2.94    2.33
 118619.152    26.685    -1.81    2.55
 118989.952    25.561    -3.03    2.82
 119360.826    24.630    -2.51    2.82
 119731.775    25.699     2.88    5.25
 120102.799    25.822     0.33    5.83
 120473.898    24.663    -3.12    6.59
 120845.072    23.670    -2.68    6.35
 121216.321    21.524    -5.78    4.33
 121587.645    22.007     1.30    4.91
 121959.044    24.098     5.63    5.63
 122330.518    26.168     5.57    6.99
 122702.068    29.123     7.95    6.53
 123073.693    32.082     7.96    5.24
 123445.393    33.468     3.73    4.18
 123817.169    33.826     0.96    3.92
 124189.020    33.610    -0.58    3.83
 124560.947    32.909    -1.89    2.64
 124932.949    31.940    -2.60    2.48
 125305.027    31.279    -1.78    2.06
 125677.180    31.985     1.90    2.39
 126049.409    32.469     1.30    2.73
 126421.714    32.469    -0.00    3.15
 126794.094    32.355    -0.31    3.35
 127166.550    31.659    -1.87    4.23
 127539.082    25.974   -15.26   12.60
 127911.690    18.246   -20.74   16.87
 128284.374     8.082   -27.28   16.32
 128657.134     0.496   -20.35    9.56
 129029.970    -1.707    -5.91    4.84
 129402.882    -1.037     1.80    5.25
 129775.870     2.685     9.98    8.31
 130148.934     8.326    15.12   13.35
 130522.074    14.428    16.36   15.58
 130895.291    17.663     8.67   14.71
 131268.584    18.881     3.26   13.30
 131641.953    18.235    -1.73    8.72
 132015.399    20.671     6.52    6.79
 132388.921    24.333     9.80    4.13
 132762.519    25.857     4.08    2.71
 133136.194    25.398    -1.23    3.25
 133509.946    23.571    -4.89    4.17
 133883.774    21.898    -4.48    4.78
 134257.679    22.359     1.23    5.71
 134631.661    21.655    -1.88    9.88
 135005.720    21.612    -0.12   11.74
 135379.855    23.279     4.46   11.89
 135754.067    25.594     6.19   11.25
 136128.356    28.348     7.36    7.09
 136502.722    30.835     6.64    4.12
 136877.165    31.616     2.09    4.06
 137251.685    31.555    -0.16    3.66
 137626.282    32.800     3.32    3.61
 138000.956    34.746     5.19    3.77
 138375.708    36.887     5.71    3.84
 138750.537    38.157     3.39    3.02
 139125.443    36.688    -3.92    5.06
 139500.426    33.898    -7.44    6.03
 139875.487    31.170    -7.27    5.26
 140250.625    29.594    -4.20    4.15
 140625.840    29.528    -0.18    3.61
 141001.133    30.507     2.61    3.62
 141376.504    31.344     2.23    2.98
 141751.952    31.703     0.96    2.91
 142127.478    32.496     2.11    2.71
 142503.082    32.340    -0.42    3.53
 142878.763    30.864    -3.93    5.09
 143254.522    29.730    -3.02    5.07
 143630.359    28.645    -2.89    4.86
 144006.274    29.155     1.36    4.74
 144382.267    31.029     4.98    5.12
 144758.338    32.570     4.10    5.00
 145134.487    34.018     3.85    3.95
 145510.714    34.620     1.60    3.23
 145887.019    32.963    -4.40    3.83
 146263.403    32.028    -2.49    3.36
 146639.864    31.951    -0.20    3.14
 147016.404    31.506    -1.18    2.50
 147393.022    31.406    -0.27    2.09
 147769.719    31.006    -1.06    2.30
 148146.494    31.122     0.31    2.68
 148523.347    30.623    -1.32    2.76
 148900.279    29.485    -3.02    3.49
 149277.290    27.641    -4.89    4.22
 149654.379    27.201    -1.17    4.20
 150031.547    27.136    -0.17    3.98
 150408.793    27.571     1.15    4.00
 150786.119    28.706     3.01    2.94
 151163.523    28.836     0.34    2.87
 151541.006    29.200     0.97    3.37
 151918.568    30.383     3.13    4.37
 152296.209    31.929     4.09    4.07
