# NaN NaN NaN ;Mean Elev.(m), Avg Gradient(m/km), RMS Gradient(m/km) - SRTM1     
#  -15.986  -0.609   9.100 ;Mean Elev.(m), Avg Gradient(m/km), RMS Gradient(m/km) - ASTER GDEM
#   14.003  -0.471   5.548 ;Mean Elev.(m), Avg Gradient(m/km), RMS Gradient(m/km) - GMTED2010 
  7  87.352108  63.552890    27.305    25.863  7 52459.62551226 15.457
  9  87.344292  63.541808    40.478    40.566  7 52529.62548305 18.628
 10  87.350459  63.553523    15.068    14.415  8 52564.62550554 40.712
 11  87.349960  63.550979    14.731    14.620  8 52599.62553285 28.791
 12  87.345501  63.545397    16.928    16.831  8 52634.62548648 16.083
 13  87.346552  63.555946    17.865    18.370  6 52669.62549943 13.044
 14  87.346300  63.551503    21.336    16.018  6 52704.62548518 14.023
 15  87.351149  63.555506    35.763    35.733  8 52739.62552194 12.192
 16  87.355162  63.566583    29.318    28.882 10 52774.62547288 22.997
 17  87.344998  63.543027    30.082    30.460  8 52809.62554193 14.524
 18  87.346290  63.544647    13.961    13.870  8 52844.62559872 22.310
 19  87.347366  63.550022    14.284    14.267  8 52879.62563746 18.983
 20  87.353550  63.564541    13.838    13.888  8 52914.62559767 26.427
 21  87.345712  63.545529    13.205    13.163  8 52949.62555350 45.819
 22  87.348361  63.557258    15.102    15.054  6 52984.62558219 14.393
 23  87.353633  63.558343    28.411    29.483  8 53019.62557370 12.315
 24  87.346854  63.552335    22.450    18.418  6 53054.62555816 12.215
 25  87.347581  63.557677    15.668    15.672  6 53089.62559646 16.882
 26  87.347527  63.547354    41.398    41.524  7 53124.62556494  8.784
 27  87.347081  63.544802    32.939    34.768  8 53159.62562427 29.111
 28  87.351737  63.555080    15.059    15.041  9 53194.62562163 28.333
 29  87.353496  63.557752    14.880    14.160  9 53229.62561239 37.417
 30  87.353814  63.562436    31.461    33.491  9 53264.62558462 17.661
 32  87.348245  63.555621    14.672    14.663  7 53334.62559953 40.466
 33  87.355609  63.564591    16.542    16.572  9 53369.62554116 23.783
 34  87.344797  63.553737    16.813    16.825  6 53404.62557181 19.075
 35  87.354663  63.560997    17.557    17.378  9 53439.62556048 13.455
 36  87.345641  63.545938    41.023    40.870  8 53474.62561942  8.688
 37  87.350072  63.551208    26.994    27.062  8 53509.62563875 49.408
 38  87.349339  63.551801    35.313    35.230  8 53544.62565392 11.874
 39  87.352545  63.556390    14.776    14.788  9 53579.62563319 18.436
 40  87.353933  63.559109    14.173    14.137  8 53614.62558768 45.153
 41  87.352181  63.545118    31.229    35.381  6 53649.62559330 19.485
 43  87.354964  63.563428    21.439    18.956  9 53719.62553553 12.565
 44  87.348121  63.552214    19.158    18.920  7 53754.62545686 13.578
 45  87.352924  63.557909    32.726    32.657  8 53789.62548778 10.631
 46  87.346539  63.544401    30.702    31.516  8 53824.62544142  9.932
 47  87.345841  63.547208    34.300    34.203  8 53859.62553531  5.868
 48  87.349451  63.551721    28.297    23.464  8 53894.62555325 24.964
 49  87.345737  63.546430    15.636    15.645  8 53929.62560723 47.226
 50  87.348812  63.553274    23.966    23.953  8 53964.62558761 17.603
 51  87.347220  63.537679    36.297    41.532  5 53999.62553916  9.766
 52  87.349538  63.550877    13.943    13.887  9 54034.62558647 45.666
 53  87.351091  63.555483    31.653    32.935  8 54069.62558126 12.758
 54  87.354785  63.561764    32.912    33.494  9 54104.62553783 10.974
 55  87.348587  63.546793    39.229    38.977  8 54139.62551102  9.594
 56  87.352741  63.557645    34.290    34.303  9 54174.62551644  9.004
 57  87.347232  63.547346    17.850    17.867  8 54209.62551748 26.794
 58  87.350719  63.550675    36.214    37.613  8 54244.62554902 25.106
 59  87.349361  63.552651    16.996    16.997  8 54279.62556121 32.101
 60  87.354608  63.552307    29.497    33.191  7 54314.62556052 16.273
 61  87.354864  63.558611    32.135    34.870  9 54349.62553102 15.204
 62  87.349009  63.549785    32.671    36.540  9 54384.62549848 17.321
 63  87.353238  63.557229    13.687    13.621  9 54419.62548034 42.528
 64  87.346140  63.545006    21.588    22.685  8 54454.62546903 18.465
 65  87.350988  63.557761    17.686    18.184  8 54489.62548020 14.839
 66  87.347568  63.552284    20.327    16.616  7 54524.62548324 13.622
 67  87.352922  63.557975    35.551    35.901  8 54559.62548943  9.107
 68  87.349492  63.552658    17.644    17.641  8 54594.62547942 21.330
 69  87.350253  63.552736    30.400    32.760  9 54629.62549364 22.430
 70  87.349354  63.550365    14.900    14.853  9 54664.62550009 39.108
 71  87.353780  63.561447    20.857    14.775  9 54699.62547336 17.850
 72  87.347008  63.546362    26.859    26.845  6 54734.62545783 13.899
 73  87.351302  63.556256    32.596    35.265  8 54769.62545238 16.803
 74  87.346161  63.546875    35.447    36.032  8 54804.62545174 12.192
 75  87.351451  63.552663    33.710    35.921  8 54839.62544627 11.237
 76  87.349296  63.547758    33.436    34.050  8 54874.62545199 10.555
 77  87.353193  63.559032    28.716    29.864  8 54909.62545346 10.081
 78  87.346816  63.547520    17.849    17.694  8 54944.62544498 16.567
 79  87.350715  63.551732    35.040    36.560  8 54979.62547238 24.882
 80  87.350350  63.553216    36.702    37.135  8 55014.62547634 15.106
 81  87.350130  63.553880    17.648    15.086  8 55049.62547029 16.039
 82  87.354244  63.562015    14.528    14.570  9 55084.62543937 37.622
 83  87.347219  63.549455    28.818    30.807  8 55119.62540166 13.014
 84  87.351673  63.555578    15.965    15.978  8 55154.62539749 22.794
 85  87.346846  63.546459    19.247    19.120  8 55189.62539055 12.923
 86  87.351215  63.555234    18.528    18.414  7 55224.62539715 11.563
 87  87.347304  63.555035    18.178    18.233  7 55259.62538779 11.321
 88  87.354160  63.558627    31.038    31.782  8 55294.62538423  9.579
 89  87.349562  63.551053    27.131    21.932  9 55329.62536926 35.005
 90  87.352350  63.556912    39.185    43.298  8 55364.62536433 19.049
 91  87.348643  63.545218    31.990    32.299  6 55399.62537312 13.305
 92  87.351869  63.555223    24.570    26.414  8 55434.62538060 17.052
 93  87.355324  63.563494    15.477    15.448  9 55469.62533660 36.561
