-119389.328    61.862     0.00    5.29
-119023.064    63.886     5.53    6.74
-118656.891    66.720     7.74    8.84
-118290.809    68.708     5.43    7.82
-117924.818    72.059     9.16    8.16
-117558.917    73.878     4.97    8.75
-117193.107    74.233     0.97    8.93
-116827.388    76.608     6.49    7.55
-116461.760    80.080     9.49    7.74
-116096.222    85.559    14.99   10.45
-115730.774    91.161    15.33    9.95
-115365.417    96.018    13.29    7.68
-115000.150    99.237     8.82    5.34
-114634.974    99.836     1.64    4.57
-114269.888    97.237    -7.12    6.86
-113904.891    93.008   -11.59    9.62
-113539.985    89.918    -8.47    8.82
-113175.169    90.359     1.21    8.37
-112810.443    94.967    12.63   11.64
-112445.806   101.807    18.76    9.77
-112081.260   108.051    17.13    6.83
-111716.803   110.402     6.45    5.25
-111352.436   109.590    -2.23    7.09
-110988.158   107.218    -6.51    8.36
-110623.970   105.658    -4.28    8.04
-110259.871   105.588    -0.19    7.78
-109895.862   104.817    -2.12    8.57
-109531.942   103.427    -3.82    8.44
-109168.112   102.229    -3.29    8.94
-108804.370    96.381   -16.08   12.07
-108440.718    91.964   -12.15   12.21
-108060.603    88.297    -9.65   10.91
-107678.067    85.759    -6.63   11.54
-107295.634    86.126     0.96   12.86
-106913.301    87.539     3.70   12.47
-106531.070    91.754    11.03   12.07
-106148.939    96.492    12.40    9.67
-105766.910    97.930     3.77    8.78
-105384.983    95.078    -7.47    9.22
-105003.156    92.372    -7.09    8.21
-104621.430    88.925    -9.03    8.02
-104239.804    85.336    -9.40    7.87
-103858.280    81.227   -10.77    7.05
-103476.856    78.829    -6.29    4.87
-103095.533    77.157    -4.39    4.75
-102714.310    75.034    -5.57    6.35
-102333.188    70.615   -11.60    7.48
-101952.166    68.025    -6.80    7.09
-101571.244    67.198    -2.17    6.92
-101190.423    66.144    -2.77    5.76
-100809.701    66.188     0.11    5.75
-100429.080    67.101     2.40    6.05
-100048.559    68.626     4.01    6.47
 -99668.137    68.873     0.65    7.44
 -99287.816    67.128    -4.59    7.93
 -98907.594    65.102    -5.33    7.03
 -98527.471    62.533    -6.76    4.80
 -98147.449    63.183     1.71    4.30
 -97767.525    62.849    -0.88    5.26
 -97387.701    60.073    -7.31    6.45
 -97007.977    60.008    -0.17    6.34
 -96628.352    60.150     0.37    6.79
 -96248.826    61.026     2.31    5.63
 -95869.399    62.397     3.61    3.22
 -95490.071    62.287    -0.29    3.16
 -95110.842    61.390    -2.37    4.04
 -94731.711    59.291    -5.54    4.83
 -94352.680    56.941    -6.20    4.72
 -93973.748    55.982    -2.53    4.37
 -93594.914    57.109     2.98    5.86
 -93216.178    58.838     4.56    6.29
 -92837.541    60.729     5.00    6.29
 -92459.003    61.769     2.75    5.72
 -92080.563    64.357     6.84    3.86
 -91702.221    65.508     3.04    3.97
 -91323.977    65.661     0.40    4.48
 -90945.831    66.263     1.59    4.25
 -90567.784    66.302     0.10    3.80
 -90189.834    67.043     1.96    3.60
 -89811.982    68.831     4.73    4.38
 -89434.229    71.557     7.22    4.52
 -89056.572    73.703     5.69    3.59
 -88679.014    74.582     2.33    2.45
 -88301.553    75.653     2.84    3.21
 -87924.189    77.053     3.71    4.03
 -87546.923    78.145     2.90    3.71
 -87169.755    78.052    -0.25    3.50
 -86792.684    76.763    -3.42    3.51
 -86415.709    75.958    -2.14    3.06
 -86038.832    75.755    -0.54    2.98
 -85662.052    76.769     2.69    3.56
 -85285.369    78.070     3.45    3.56
 -84908.783    80.237     5.76    4.55
 -84532.294    83.207     7.89    4.50
 -84155.902    85.149     5.16    3.31
 -83779.606    85.632     1.28    2.92
 -83403.407    85.652     0.05    3.77
 -83027.304    84.726    -2.46    3.79
 -82651.298    85.940     3.23    4.99
 -82275.388    89.915    10.57    7.29
 -81899.575    95.229    14.14   10.29
 -81523.858   102.817    20.20   12.16
 -81148.237   111.441    22.96   13.66
 -80772.712   119.191    20.64   15.13
 -80397.283   124.807    14.96   14.50
 -80021.950   128.575    10.04   12.66
 -79646.713   130.784     5.89   10.52
 -79271.571   134.940    11.08    8.77
 -78896.526   137.027     5.56    6.91
 -78521.576   136.347    -1.81    6.58
 -78146.722   132.545   -10.15    8.29
 -77771.963   125.712   -18.23    8.79
 -77397.300   120.351   -14.31    7.29
 -77022.732   115.602   -12.68    6.58
 -76648.259   112.359    -8.66    6.63
 -76273.882   109.602    -7.36    5.27
 -75899.599   106.923    -7.16    5.55
 -75525.412   103.713    -8.58    6.25
 -75151.320   101.405    -6.17    4.81
 -74777.323   101.521     0.31    4.54
 -74403.420   103.061     4.12    5.40
 -74029.613   105.043     5.30    5.14
 -73655.900   104.495    -1.47    6.72
 -73282.282   100.491   -10.72    8.29
 -72908.758    95.752   -12.69    7.66
 -72535.329    91.783   -10.63    3.36
 -72161.994    91.824     0.11    3.91
 -71788.754    93.255     3.83    4.01
 -71415.608    93.214    -0.11    5.46
 -71042.556    94.591     3.69    6.69
 -70669.598    95.130     1.45    6.95
 -70296.735    97.000     5.01    6.03
 -69923.965   100.000     8.05    5.65
 -69551.290   102.144     5.75    5.58
 -69178.708   103.684     4.13    4.96
 -68806.220   105.552     5.01    3.79
 -68433.826   106.051     1.34    3.15
 -68061.525   106.929     2.36    3.15
 -67689.318   109.932     8.07    4.75
 -67317.205   112.982     8.20    6.05
 -66945.185   116.345     9.04    5.73
 -66573.258   119.474     8.41    5.55
 -66201.425   121.699     5.98    6.66
 -65829.685   124.085     6.42    5.88
 -65458.038   123.864    -0.60    5.33
 -65086.484   120.881    -8.03    6.91
 -64715.023   115.781   -13.73    7.76
 -64343.655   108.301   -20.14    7.98
 -63972.380   102.368   -15.98    7.99
 -63601.198    98.211   -11.20    5.37
 -63230.109    98.190    -0.06    5.15
 -62859.112    98.957     2.07    5.62
 -62488.208   100.302     3.63    4.35
 -62117.396   101.043     2.00    3.38
 -61746.677   102.826     4.81    5.53
 -61376.051   107.427    12.42    7.55
 -61005.516   112.296    13.14    6.88
 -60635.074   115.374     8.31    5.74
 -60264.724   114.658    -1.93    6.95
 -59894.467   112.145    -6.79    7.26
 -59524.301   109.479    -7.20    5.69
 -59154.227   108.939    -1.46    4.61
 -58784.246   110.372     3.87    5.30
 -58414.356   113.479     8.40    6.95
 -58044.558   117.853    11.83    6.69
 -57674.851   122.496    12.56    5.80
 -57305.236   125.783     8.89    5.28
 -56935.713   129.560    10.22    4.67
 -56566.282   132.829     8.85    5.00
 -56196.941   135.073     6.08    4.52
 -55827.693   137.600     6.84    3.26
 -55458.535   139.293     4.59    2.88
 -55089.469   140.504     3.28    3.03
 -54720.494   141.786     3.47    3.27
 -54351.610   140.703    -2.94    4.48
 -53982.817   135.852   -13.15    7.93
 -53614.115   130.817   -13.66    8.49
 -53245.504   124.670   -16.68    7.18
 -52876.984   119.035   -15.29    8.72
 -52508.554   112.541   -17.63   10.49
 -52140.216   106.078   -17.55    8.83
 -51771.968   101.086   -13.55    6.93
 -51403.810    98.309    -7.54    7.12
 -51035.743    96.224    -5.66    7.24
 -50667.767    92.133   -11.12    7.52
 -50299.881    82.781   -25.42   12.20
 -49932.085    70.593   -33.14   17.41
 -49564.379    58.427   -33.09   16.33
 -49196.764    49.188   -25.13   10.98
 -48829.238    42.974   -16.91    6.90
 -48461.803    40.115    -7.78    5.71
 -48094.458    41.291     3.20    7.72
 -47727.203    47.431    16.72   13.19
 -47360.037    58.217    29.38   14.93
 -46992.961    68.553    28.16   12.07
 -46625.975    76.670    22.12    8.11
 -46259.079    80.966    11.71    5.73
 -45892.272    83.607     7.20    3.66
 -45525.555    84.617     2.75    2.38
 -45158.927    84.754     0.37    1.78
 -44792.389    85.294     1.47    2.76
 -44425.940    86.650     3.70    3.18
 -44059.580    87.991     3.66    2.59
 -43693.309    90.860     7.83    3.77
 -43327.128    92.543     4.60    4.22
 -42961.035    94.367     4.98    3.44
 -42595.032    94.130    -0.65    3.94
 -42229.117    92.772    -3.71    5.31
 -41863.291    90.468    -6.30    5.69
 -41497.555    88.492    -5.41    5.71
 -41131.906    87.354    -3.11    4.76
 -40766.347    87.442     0.24    5.37
 -40400.876    86.905    -1.47    6.48
 -40035.494    86.545    -0.98    7.54
 -39670.200    87.319     2.12    8.32
 -39304.995    88.086     2.10    7.54
 -38939.878    89.673     4.34    6.07
 -38574.849    90.696     2.80    5.39
 -38209.908    91.180     1.33    6.09
 -37845.056    91.261     0.22    7.56
 -37480.292    89.435    -5.01    8.57
 -37115.616    87.505    -5.29    8.42
 -36751.027    85.270    -6.13    8.05
 -36386.527    82.456    -7.72    9.09
 -36022.115    78.123   -11.89   11.92
 -35657.790    73.130   -13.70   11.12
 -35293.553    70.144    -8.20    9.77
 -34929.403    71.465     3.63   10.54
 -34565.342    75.565    11.26   10.42
 -34201.367    80.101    12.46    9.76
 -33837.481    85.209    14.04    9.22
 -33464.208    86.965     4.70    7.69
 -33081.834    84.096    -7.50    9.83
 -32699.559    75.605   -22.21   13.33
 -32317.383    66.518   -23.78   10.89
 -31935.306    62.130   -11.48    6.37
 -31553.328    63.107     2.56    8.07
 -31171.449    68.243    13.45   12.86
 -30789.668    74.267    15.78   14.62
 -30407.987    79.061    12.56   13.07
 -30026.403    81.855     7.32   10.61
 -29644.918    81.600    -0.67    7.99
 -29263.532    80.784    -2.14    5.75
 -28882.244    80.035    -1.96    4.25
 -28501.054    77.938    -5.50    5.72
 -28119.963    73.360   -12.01    8.40
 -27738.969    67.435   -15.55   10.44
 -27358.074    56.717   -28.14   13.32
 -26977.276    47.191   -25.02   12.97
 -26596.577    37.121   -26.45   10.23
 -26215.975    29.914   -18.94   10.51
 -25835.471    26.109   -10.00   12.25
 -25455.065    22.009   -10.78   12.29
 -25074.756    21.586    -1.11   10.74
 -24694.545    23.913     6.12   10.71
 -24314.432    30.027    16.08   12.86
 -23934.415    41.558    30.34   11.79
 -23554.497    46.748    13.66   10.09
 -23174.675    46.796     0.13    9.81
 -22794.950    43.202    -9.47   10.97
 -22415.323    37.857   -14.08   10.45
 -22035.792    34.339    -9.27   10.10
 -21656.359    32.881    -3.84    8.97
 -21277.022    32.870    -0.03    6.66
 -20897.783    34.273     3.70    6.11
 -20518.639    37.325     8.05    5.43
 -20139.593    39.113     4.72    3.81
 -19760.643    39.345     0.61    3.30
 -19381.790    38.670    -1.78    3.11
 -19003.033    37.414    -3.31    3.37
 -18624.372    35.233    -5.76    5.02
 -18245.808    32.692    -6.71    5.66
 -17867.340    29.957    -7.23    4.70
 -17488.968    26.955    -7.93    4.31
 -17110.692    25.409    -4.09    4.21
 -16732.512    24.143    -3.35    5.34
 -16354.428    22.504    -4.33    7.29
 -15976.440    21.348    -3.06    8.86
 -15598.548    17.387   -10.48   10.65
 -15220.751    11.684   -15.10   10.34
 -14843.050     6.296   -14.27    8.52
 -14465.445     1.895   -11.66    4.03
 -14087.935     0.297    -4.23    0.84
 -13710.520     0.035    -0.69    0.23
 -13333.201     0.000    -0.09    0.00
 -12955.977     0.000     0.00    0.00
 -12578.849     0.000     0.00    0.00
 -12201.815     0.000     0.00    0.00
 -11824.877     0.000     0.00    0.00
 -11448.033     0.000     0.00    0.00
 -11071.285     0.000     0.00    0.00
 -10694.631     0.000     0.00    0.00
 -10318.072     0.000     0.00    0.00
  -9941.608     0.000     0.00    0.00
  -9565.238     0.009     0.02    0.10
  -9188.963     0.565     1.48    1.28
  -8812.782     1.202     1.69    1.53
  -8436.696     1.553     0.93    1.44
  -8060.705     1.791     0.63    1.36
  -7684.807     1.579    -0.56    1.21
  -7309.004     1.228    -0.93    1.08
  -6933.295     1.286     0.15    1.13
  -6557.680     1.530     0.65    1.27
  -6182.159     1.660     0.35    1.34
  -5806.731     1.339    -0.86    1.44
  -5431.398     0.872    -1.25    1.38
  -5056.159     0.351    -1.39    0.95
  -4681.013     0.036    -0.84    0.27
  -4305.961     0.000    -0.10    0.00
  -3931.002     0.000     0.00    0.00
  -3556.137     0.000     0.00    0.00
  -3181.366     0.000     0.00    0.00
  -2806.688     0.000     0.00    0.00
  -2432.103     0.000     0.00    0.00
  -2057.611     0.000     0.00    0.00
  -1683.213     0.000     0.00    0.00
  -1308.908     0.000     0.00    0.00
   -934.695     0.000     0.00    0.00
   -560.576     0.000     0.00    0.00
   -186.549     0.000     0.00    0.00
    187.384     0.000     0.00    0.00
    561.225     0.000     0.00    0.00
    934.973     0.000     0.00    0.00
   1308.629     0.000     0.00    0.00
   1682.192     0.000     0.00    0.00
   2055.662     0.000     0.00    0.00
   2429.040     0.000     0.00    0.00
   2802.326     0.000     0.00    0.00
   3175.520     0.063     0.17    0.31
   3548.621     0.500     1.17    1.01
   3921.630     0.929     1.15    1.24
   4294.547     1.321     1.05    1.35
   4667.372     1.600     0.75    1.38
   5040.105     1.426    -0.47    1.40
   5412.746     1.044    -1.03    1.33
   5785.296     0.549    -1.33    1.06
   6157.753     0.198    -0.94    0.64
   6530.119     0.009    -0.51    0.09
   6902.394     0.000    -0.02    0.00
   7274.577     0.000     0.00    0.00
   7646.668     0.000     0.00    0.00
   8018.668     0.000     0.00    0.00
   8390.577     0.000     0.00    0.00
   8762.394     0.000     0.00    0.00
   9134.120     0.000     0.00    0.00
   9505.755     0.000     0.00    0.00
   9877.299     0.000     0.00    0.00
  10248.752     0.000     0.00    0.00
  10620.114     0.000     0.00    0.00
  10991.385     0.053     0.14    0.29
  11362.566     0.415     0.98    0.97
  11733.655     1.395     2.64    1.66
  12104.654     2.090     1.87    1.71
  12475.562     2.761     1.81    1.58
  12846.380     2.726    -0.10    1.63
  13217.108     2.410    -0.85    1.65
  13587.744     2.375    -0.09    1.55
  13958.291     2.193    -0.49    1.46
  14328.747     1.964    -0.62    1.37
  14699.113     1.750    -0.58    1.33
  15069.389     1.155    -1.61    0.64
  15439.575     1.107    -0.13    0.61
  15809.671     1.000    -0.29    0.00
  16179.677     1.018     0.05    0.19
  16549.593     1.295     0.75    0.94
  16919.419     1.500     0.56    1.22
  17289.155     1.708     0.56    1.33
  17658.802     1.886     0.48    1.41
  18028.359     1.619    -0.72    1.05
  18397.827     1.875     0.69    1.35
  18767.205     1.946     0.19    1.42
  19136.493     2.257     0.84    1.65
  19505.692     2.010    -0.67    1.55
  19874.802     1.920    -0.24    1.39
  20243.823     2.234     0.85    1.55
  20612.754     2.541     0.83    1.50
  20981.597     2.868     0.89    1.42
  21350.350     2.648    -0.60    1.54
  21719.014     2.442    -0.56    1.79
  22087.590     2.622     0.49    1.87
  22456.077     3.027     1.10    1.88
  22824.474     3.535     1.38    1.51
  23192.783     3.571     0.10    1.18
  23561.004     3.496    -0.21    1.20
  23929.136     3.099    -1.08    1.24
  24297.179     2.580    -1.41    1.26
  24665.134     2.175    -1.10    1.45
  25033.000     1.452    -1.97    1.45
  25400.778     0.673    -2.12    0.93
  25768.468     0.261    -1.12    0.60
  26136.069     0.000    -0.71    0.00
  26503.583     0.000     0.00    0.00
  26871.008     0.000     0.00    0.00
  27238.345     0.000     0.00    0.00
  27605.595     0.000     0.00    0.00
  27972.756     0.000     0.00    0.00
  28339.830     0.000     0.00    0.00
  28706.815     0.000     0.00    0.00
  29073.714     0.000     0.00    0.00
  29440.524     0.000     0.00    0.00
  29807.247     0.000     0.00    0.00
  30173.882     0.072     0.20    0.48
  30540.430     1.298     3.34    2.92
  30906.890     2.195     2.45    3.47
  31273.263     2.829     1.73    3.36
  31639.549     3.209     1.04    3.08
  32005.748     2.732    -1.30    2.32
  32371.859     2.462    -0.74    1.19
  32737.884     2.850     1.06    1.05
  33103.821     2.991     0.39    1.41
  33469.671     3.874     2.41    2.37
  33835.435     5.292     3.88    3.43
  34201.111     6.423     3.09    3.72
  34566.701     8.456     5.56    3.84
  34932.204    10.688     6.10    4.05
  35297.621    10.881     0.53    4.15
  35662.950     8.805    -5.68    5.25
  36028.194     6.657    -5.88    5.81
  36393.350     3.768    -7.91    4.36
  36758.421     1.912    -5.08    2.64
  37123.405     0.895    -2.79    1.90
  37488.303     0.124    -2.11    0.67
  37853.114     0.000    -0.34    0.00
  38217.839     0.000     0.00    0.00
  38582.479     0.000     0.00    0.00
  38947.032     0.019     0.05    0.14
  39311.499     0.250     0.63    1.08
  39675.880     0.330     0.22    1.25
  40040.176     0.164    -0.46    0.82
  40404.385     0.000    -0.45    0.00
  40768.509     0.000     0.00    0.00
  41135.423     0.009     0.02    0.09
  41517.631     0.009     0.00    0.10
  41899.741     0.000    -0.02    0.00
  42281.755     0.000     0.00    0.00
  42663.672     0.000     0.00    0.00
  43045.493     0.071     0.19    0.40
  43427.218     0.094     0.06    0.56
  43808.846     0.054    -0.11    0.42
  44190.377     0.509     1.19    1.44
  44571.813     1.381     2.28    1.99
  44953.152     2.190     2.12    1.92
  45334.395     2.768     1.51    1.51
  45715.542     2.644    -0.32    1.03
  46096.593     3.625     2.57    2.06
  46477.549     4.306     1.79    2.21
  46858.408     4.509     0.53    2.29
  47239.172     4.027    -1.26    2.54
  47619.840     3.604    -1.11    2.35
  48000.412     3.613     0.02    2.21
  48380.889     3.736     0.33    2.39
  48761.271     3.607    -0.34    2.54
  49141.557     3.145    -1.21    2.54
  49521.748     3.018    -0.34    2.62
  49901.843     2.822    -0.51    2.28
  50281.844     3.116     0.77    2.31
  50661.749     3.740     1.64    2.18
  51041.559     4.116     0.99    1.93
  51421.274     3.619    -1.31    2.54
  51800.895     2.214    -3.70    2.68
  52180.420     0.991    -3.22    2.01
  52559.851     0.090    -2.37    0.56
  52939.187     0.000    -0.24    0.00
  53318.429     0.000     0.00    0.00
  53697.576     0.000     0.00    0.00
  54076.628     0.000     0.00    0.00
  54455.586     0.000     0.00    0.00
  54834.450     0.000     0.00    0.00
  55213.219     0.000     0.00    0.00
  55591.895     0.000     0.00    0.00
  55970.476     0.000     0.00    0.00
  56348.963     0.047     0.12    0.25
  56727.356     1.306     3.33    2.26
  57105.655     2.282     2.58    2.45
  57483.861     3.045     2.02    2.12
  57861.972     3.309     0.70    1.73
  58239.990     2.881    -1.13    1.54
  58617.914     2.667    -0.57    1.20
  58995.745     3.448     2.07    2.40
  59373.482     4.811     3.61    4.09
  59751.126     5.721     2.41    4.44
  60128.676     5.991     0.72    4.07
  60506.133     6.394     1.07    3.14
  60883.497     6.571     0.47    2.30
  61260.768     6.236    -0.89    2.36
  61637.945     4.927    -3.47    3.06
  62015.030     3.911    -2.70    2.68
  62392.021     4.495     1.55    3.67
  62768.920     7.044     6.76    5.46
  63145.726    11.337    11.39    5.64
  63522.439    11.845     1.35    5.52
  63899.059    10.387    -3.87    5.51
  64275.587     8.446    -5.15    4.11
  64652.022     6.798    -4.38    2.21
  65028.365     6.209    -1.57    2.01
  65404.615     5.679    -1.41    2.24
  65780.773     4.275    -3.73    1.65
  66156.839     4.387     0.30    1.62
  66532.812     4.683     0.79    1.66
  66908.694     4.559    -0.33    1.63
  67284.483     4.349    -0.56    1.83
  67660.180     4.036    -0.83    1.88
  68035.786     3.500    -1.43    1.93
  68411.299     3.872     0.99    2.10
  68786.721     4.339     1.25    2.28
  69162.050     4.481     0.38    2.31
  69537.289     4.360    -0.32    2.03
  69912.435     4.519     0.42    1.88
  70287.490     4.848     0.88    2.08
  70662.454     4.547    -0.80    2.18
  71037.326     5.856     3.49    3.38
  71412.107     7.127     3.39    3.91
  71786.796     8.273     3.06    3.80
  72161.394     9.404     3.02    2.67
  72535.901     9.352    -0.14    2.17
  72910.317     8.300    -2.81    1.15
  73284.642     8.096    -0.54    0.93
  73658.876     8.688     1.58    1.52
  74033.019     9.364     1.81    1.92
  74407.072     9.936     1.53    1.94
  74781.033    10.073     0.37    1.88
  75154.904     9.593    -1.29    1.61
  75528.684     9.369    -0.60    1.31
  75902.374     8.922    -1.20    0.97
  76275.973     8.845    -0.21    1.11
  76649.482     8.604    -0.65    1.17
  77022.900     8.491    -0.30    1.25
  77396.228     8.523     0.09    1.47
  77769.466     8.275    -0.66    1.39
  78142.614     8.245    -0.08    1.36
  78515.672     7.981    -0.71    1.18
  78888.639     7.712    -0.72    1.08
  79261.517     7.447    -0.71    1.13
  79634.304     7.182    -0.71    1.10
  80007.002     7.183     0.00    1.10
  80379.610     7.364     0.48    1.14
  80752.128     7.514     0.40    1.11
  81124.557     7.811     0.80    1.00
  81496.896     7.872     0.16    0.92
  81869.145     7.845    -0.07    0.97
  82241.305     7.836    -0.02    0.99
  82613.376     7.972     0.37    1.21
  82985.357     8.257     0.77    1.20
  83357.249     8.351     0.25    1.08
  83729.052     9.443     2.94    2.07
  84100.765     9.812     0.99    2.20
  84472.390     9.885     0.19    2.25
  84843.926    10.802     2.47    3.43
  85215.372    12.101     3.50    4.86
  85586.730    14.083     5.34    4.40
  85957.999    14.523     1.18    3.99
  86329.179    13.571    -2.56    4.12
  86700.270    13.445    -0.34    4.19
  87071.273    14.686     3.34    4.18
  87442.187    16.874     5.90    3.53
  87813.013    17.349     1.28    3.04
  88183.750    16.602    -2.01    3.42
  88554.399    16.818     0.58    4.10
  88924.959    17.817     2.70    4.59
  89295.431    19.609     4.84    4.44
  89665.815    22.453     7.68    3.90
  90036.111    23.869     3.82    4.56
  90406.319    23.491    -1.02    5.97
  90776.439    22.509    -2.65    6.60
  91146.471    22.245    -0.71    6.07
  91516.414    22.548     0.82    5.81
  91886.271    23.459     2.46    5.08
  92256.039    24.139     1.84    4.52
  92625.720    26.294     5.83    6.03
  92995.313    30.712    11.95    9.14
  93364.818    38.600    21.35   10.38
  93734.236    45.118    17.64    8.33
  94103.566    49.352    11.46    6.10
  94472.809    50.056     1.91    4.19
  94841.965    49.679    -1.02    3.66
  95211.033    50.463     2.12    3.85
  95580.015    50.764     0.81    3.93
  95948.909    51.154     1.06    4.64
  96317.716    50.716    -1.19    5.67
  96686.436    52.426     4.64    5.78
  97055.069    54.835     6.53    6.46
  97423.615    59.536    12.76    8.41
  97792.074    66.845    19.83   10.65
  98160.446    75.734    24.13   12.09
  98528.732    83.887    22.14    9.70
  98896.931    90.308    17.44    7.45
  99265.044    94.243    10.69    6.57
  99633.069    98.010    10.23    6.99
 100001.009   100.349     6.36    7.45
 100368.862   103.279     7.97    6.44
 100736.629   104.927     4.48    5.45
 101104.309   103.546    -3.76    5.91
 101471.903    99.991    -9.67    7.18
 101839.411    94.627   -14.59    8.23
 102206.833    88.702   -16.13    9.22
 102574.169    82.109   -17.95   10.51
 102941.418    75.907   -16.89   11.13
 103308.582    69.880   -16.41   10.43
 103675.660    63.782   -16.61    9.28
 104042.652    58.398   -14.67    8.93
 104409.559    52.771   -15.34    8.61
 104776.379    47.701   -13.82    6.52
 105143.114    44.491    -8.75    5.27
 105509.764    42.082    -6.57    5.33
 105876.328    41.631    -1.23    5.43
 106242.806    42.936     3.56    6.03
 106609.199    44.708     4.84    6.06
 106975.507    48.136     9.36    6.94
 107341.730    51.618     9.51    7.83
 107707.867    55.587    10.84    7.18
 108073.919    56.890     3.56    6.32
 108439.886    57.210     0.87    5.72
 108805.768    56.321    -2.43    5.32
 109171.565    56.685     1.00    5.16
 109537.277    58.853     5.93    5.93
 109902.904    62.596    10.24    5.14
 110268.446    63.914     3.61    4.69
 110633.904    60.676    -8.86    7.78
 110999.277    54.741   -16.24    9.80
 111364.565    46.067   -23.74    9.49
 111729.768    39.773   -17.23    8.05
 112094.888    35.449   -11.84    5.86
 112459.922    34.339    -3.04    6.92
 112824.872    35.300     2.63   10.05
 113189.738    37.726     6.65   12.86
 113554.520    37.800     0.20   12.80
 113919.217    39.538     4.76   11.30
 114283.831    42.710     8.70    9.78
 114648.360    46.817    11.26    9.58
 115012.805    53.324    17.85    6.29
 115377.166    56.927     9.89    4.50
 115741.443    59.019     5.74    5.19
 116120.181    62.813    10.02    5.83
 116502.123    64.785     5.16    4.67
 116883.972    61.299    -9.13    8.82
 117265.726    55.176   -16.04   11.45
 117647.386    49.701   -14.34    8.80
 118028.952    49.463    -0.62    7.95
 118410.424    55.274    15.23    9.21
 118791.801    59.541    11.19    6.77
 119173.085    60.121     1.52    6.63
 119554.275    54.542   -14.64   10.07
 119935.372    47.048   -19.66    8.68
 120316.375    42.602   -11.67    6.04
 120697.284    41.817    -2.06    5.04
 121078.099    45.202     8.89    5.97
 121458.821    49.788    12.05    6.34
 121839.450    55.734    15.62    6.35
 122219.985    59.865    10.86    4.55
 122600.427    63.422     9.35    4.16
 122980.775    67.229    10.01    6.08
 123361.031    72.248    13.20    6.99
 123741.193    76.302    10.66    5.45
 124121.263    79.159     7.52    3.25
 124501.239    78.824    -0.88    3.13
 124881.123    76.130    -7.09    5.25
 125260.914    71.972   -10.95    7.56
 125640.612    66.720   -13.83    6.11
 126020.217    62.972    -9.87    4.68
 126399.730    61.625    -3.55    4.00
 126779.150    63.128     3.96    4.74
 127158.478    65.230     5.54    5.23
 127537.713    69.229    10.55    6.01
 127916.856    74.297    13.37    8.66
 128295.907    79.972    14.97   10.71
 128674.865    87.133    18.89   10.67
 129053.731    92.748    14.82    9.49
 129432.506    97.981    13.82   10.47
 129811.188   103.028    13.33   11.17
 130189.778   108.336    14.02   12.04
 130568.276   114.217    15.54   10.00
 130946.683   117.000     7.35    6.98
 131324.998   115.111    -4.99    7.82
 131703.221   109.574   -14.64   11.20
 132081.352   100.217   -24.74   12.47
 132459.392    91.722   -22.47   10.96
 132837.341    84.165   -19.99    7.94
 133215.198    81.545    -6.93    6.01
 133592.963    82.155     1.61    5.94
 133970.637    87.046    12.95    7.20
 134348.221    91.962    13.02    5.84
 134725.713    95.862    10.33    3.30
 135103.113    96.819     2.53    2.69
 135480.423    95.729    -2.89    3.54
 135857.642    93.991    -4.61    3.77
 136234.770    91.562    -6.44    3.41
 136611.807    89.954    -4.27    3.62
 136988.753    86.854    -8.22    4.76
 137365.609    82.486   -11.59    5.65
 137742.374    79.857    -6.98    4.30
 138119.048    78.434    -3.78    3.17
 138495.632    79.071     1.69    2.94
 138872.126    80.303     3.27    2.87
 139248.529    80.112    -0.51    3.36
 139624.841    80.832     1.91    3.35
 140001.064    81.972     3.03    3.21
 140377.196    83.708     4.61    3.38
 140753.238    85.477     4.70    3.45
 141129.190    86.806     3.54    3.85
 141505.052    87.798     2.64    5.03
 141880.824    86.949    -2.26    5.96
 142256.506    85.704    -3.31    5.99
 142632.099    83.950    -4.67    6.45
 143007.601    81.514    -6.49    6.34
 143383.014    79.000    -6.70    5.61
 143758.338    77.726    -3.39    3.78
 144133.572    77.907     0.48    3.25
 144508.716    79.619     4.56    3.70
 144883.771    81.389     4.72    3.41
 145258.736    83.748     6.29    4.71
 145633.612    86.945     8.53    5.98
 146008.399    91.650    12.55    6.41
 146383.097    96.844    13.86    7.33
 146757.706   100.612    10.06    6.14
 147132.225   103.120     6.70    6.34
 147506.656   105.632     6.71    6.88
 147880.998   107.187     4.15    6.50
 148255.250   109.343     5.76    5.09
 148629.414   110.144     2.14    3.82
 149003.490   109.459    -1.83    3.85
 149377.476   108.723    -1.97    4.29
 149751.374   105.954    -7.40    5.11
 150125.184   102.680    -8.76    5.28
 150498.904    98.215   -11.95    6.60
 150872.537    92.991   -13.98    6.78
 151246.081    87.421   -14.91    6.00
 151619.537    82.374   -13.51    6.22
 151992.904    76.096   -16.81    7.73
 152366.184    70.528   -14.92    7.43
 152739.375    65.307   -13.99    6.12
 153112.478    61.165   -11.10    4.39
 153485.493    58.903    -6.06    4.26
 153858.421    56.766    -5.73    3.15
 154231.260    56.830     0.17    3.80
 154604.012    58.170     3.59    4.72
 154976.675    59.822     4.43    4.98
 155349.252    61.641     4.88    5.17
 155721.740    62.231     1.59    4.54
 156094.141    61.410    -2.21    4.75
 156466.454    59.290    -5.69    5.76
 156838.680    57.456    -4.93    5.77
 157210.819    56.142    -3.53    5.06
 157582.870    56.311     0.46    4.78
 157954.834    56.548     0.64    3.62
 158326.711    56.954     1.09    2.69
 158698.501    57.214     0.70    2.64
 159070.203    55.787    -3.84    3.46
 159441.819    54.767    -2.74    3.93
 159813.347    53.509    -3.38    4.00
 160184.789    52.509    -2.69    3.26
 160556.144    51.642    -2.34    3.26
 160927.412    50.463    -3.17    3.35
 161298.593    48.693    -4.77    3.78
 161669.688    46.019    -7.21    3.99
 162040.696    44.867    -3.10    3.40
 162411.618    45.202     0.90    3.33
 162782.453    45.142    -0.16    3.25
 163153.201    46.009     2.34    2.96
 163523.864    46.449     1.18    2.79
 163894.440    45.178    -3.43    2.46
 164264.929    45.349     0.46    2.24
 164635.333    46.306     2.58    3.17
 165005.650    48.266     5.29    4.47
 165375.882    51.642     9.12    4.85
 165746.027    55.717    11.01    5.73
 166116.087    58.925     8.67    7.07
 166486.060    63.583    12.59    7.25
 166855.948    67.561    10.75    8.26
 167225.750    68.735     3.17    7.72
 167595.466    66.613    -5.74    7.99
 167965.097    63.971    -7.15    7.29
 168334.642    61.302    -7.22    5.61
 168704.101    59.283    -5.46    5.56
 169073.475    57.466    -4.92    4.81
 169442.764    57.028    -1.19    4.16
 169811.967    56.663    -0.99    4.44
 170181.085    55.217    -3.92    5.89
 170550.118    53.340    -5.09    5.83
 170919.065    51.752    -4.30    4.29
 171287.928    52.443     1.87    4.44
 171656.705    55.288     7.71    4.93
 172025.397    58.463     8.61    4.70
 172394.005    60.288     4.95    4.68
 172762.527    62.651     6.41    5.12
 173130.965    65.905     8.83    5.97
 173499.318    68.019     5.74    5.72
 173867.586    69.642     4.41    4.28
 174235.770    69.980     0.92    4.11
 174603.869    68.972    -2.74    4.63
 174971.883    66.816    -5.86    4.81
 175339.813    65.255    -4.24    4.16
 175707.658    65.113    -0.38    3.94
 176075.420    66.058     2.57    4.15
 176443.096    67.523     3.99    3.27
 176810.689    67.551     0.08    3.28
 177178.197    65.725    -4.97    3.72
 177545.622    62.563    -8.60    4.34
 177912.962    59.731    -7.71    4.73
 178280.218    56.731    -8.17    5.23
 178647.390    52.857   -10.55    5.09
 179014.478    50.009    -7.76    4.43
 179381.483    47.990    -5.50    4.00
 179748.403    46.679    -3.57    3.60
 180115.240    46.781     0.28    3.38
 180481.994    47.165     1.05    2.93
 180848.663    48.430     3.45    3.21
 181215.249    49.347     2.50    3.07
 181581.752    50.698     3.69    3.53
 181948.171    52.067     3.74    4.26
 182314.506    53.260     3.25    4.65
 182680.759    54.302     2.85    4.64
 183046.928    55.327     2.80    4.45
 183413.014    53.689    -4.47    4.92
 183779.016    50.175    -9.60    7.30
 184144.936    45.538   -12.67    7.80
 184510.772    42.547    -8.17    5.52
 184876.526    41.545    -2.74    4.08
 185242.196    43.019     4.03    3.89
 185607.784    44.157     3.11    2.85
 185973.289    43.434    -1.98    2.43
 186338.711    42.224    -3.31    2.22
 186704.050    41.039    -3.24    1.43
 187069.307    40.104    -2.56    1.32
 187434.481    40.000    -0.28    1.47
 187799.572    40.717     1.96    2.07
 188164.581    41.764     2.87    2.65
 188529.508    43.311     4.24    2.26
 188894.352    44.113     2.20    2.08
 189259.114    44.594     1.32    2.15
 189623.793    44.575    -0.05    1.95
 189988.390    44.558    -0.05    1.60
 190352.906    44.219    -0.93    1.45
 190725.718    44.154    -0.17    1.21
 191107.490    44.641     1.28    1.54
 191489.169    46.305     4.36    2.47
 191870.757    47.980     4.39    2.40
 192252.253    47.830    -0.39    2.87
 192633.657    46.030    -4.72    4.55
 193014.969    42.190   -10.07    5.22
 193396.190    38.286   -10.24    3.46
 193777.319    37.048    -3.25    2.10
 194158.357    37.480     1.13    2.37
 194539.303    39.286     4.74    2.75
 194920.158    39.980     1.82    2.63
 195300.921    38.991    -2.60    3.22
 195681.593    38.030    -2.52    2.94
 196062.175    37.321    -1.86    1.81
 196442.665    38.713     3.66    2.21
 196823.063    40.283     4.13    2.21
 197203.371    42.515     5.87    3.59
 197583.588    47.657    13.52    6.87
 197963.715    51.894    11.15    6.86
 198343.750    55.676     9.95    4.05
 198723.695    56.781     2.91    2.14
 199103.549    55.717    -2.80    2.23
 199483.312    54.581    -2.99    2.00
 199862.985    53.990    -1.56    1.72
 200242.567    53.472    -1.37    1.76
 200622.059    52.471    -2.64    2.32
 201001.461    50.849    -4.27    2.51
 201380.772    49.369    -3.90    1.93
 201759.993    48.490    -2.32    1.49
 202139.124    48.110    -1.00    2.35
 202518.165    47.491    -1.63    3.04
 202897.116    46.240    -3.30    3.62
 203275.977    43.528    -7.16    3.58
 203654.748    41.000    -6.67    3.61
 204033.429    38.434    -6.78    3.46
 204412.020    36.949    -3.92    2.88
 204790.522    36.000    -2.51    3.02
 205168.934    34.663    -3.53    3.92
 205547.256    32.952    -4.52    4.18
 205925.489    31.269    -4.45    3.74
 206303.632    29.543    -4.56    3.12
 206681.686    28.442    -2.91    2.50
 207059.651    27.010    -3.79    2.50
 207437.526    25.365    -4.35    2.50
 207815.313    24.000    -3.61    2.11
 208193.010    23.162    -2.22    1.51
 208570.618    22.621    -1.43    1.27
 208948.136    22.774     0.40    1.69
 209325.566    23.646     2.31    2.56
 209702.907    25.737     5.54    3.52
 210080.160    28.293     6.77    2.79
 210457.323    30.351     5.46    2.19
 210834.398    31.746     3.70    1.18
