# NaN NaN NaN ;Mean Elev.(m), Avg Gradient(m/km), RMS Gradient(m/km) - SRTM1     
#    5.669  -4.418  17.426 ;Mean Elev.(m), Avg Gradient(m/km), RMS Gradient(m/km) - ASTER GDEM
#   27.354  -3.587  15.230 ;Mean Elev.(m), Avg Gradient(m/km), RMS Gradient(m/km) - GMTED2010 
  7    25.351 52475.62317978 28.67  89.498328  61.792759  4.268
  7    24.772 52475.62318042 24.50  89.495898  61.795909  4.268
  7    24.466 52475.62318107 23.84  89.493468  61.799059  4.268
  7    24.155 52475.62318171 22.97  89.491038  61.802209  4.268
  7    24.126 52475.62318236 21.63  89.488618  61.805359  4.268
  7    23.479 52475.62318300 21.37  89.486188  61.808509  4.268
  7    23.472 52475.62318365 20.33  89.483758  61.811659  4.268
  7    23.970 52475.62318429 19.82  89.481328  61.814809  4.268
  8    32.210 52510.62313339 28.56  89.520861  61.785461 11.148
  8    23.421 52510.62313403 29.18  89.518431  61.788611 11.148
  8    23.479 52510.62313468 32.97  89.516011  61.791761 11.148
  8    23.542 52510.62313532 37.47  89.513581  61.794911 11.148
  8    23.788 52510.62313597 42.81  89.511161  61.798061 11.148
  8    23.753 52510.62313661 46.48  89.508729  61.801215  9.049
  9    33.929 52545.62314966 21.56  89.497212  61.791950 23.507
  9    34.642 52545.62315030 17.83  89.494782  61.795100 23.507
  9    33.631 52545.62315095 13.57  89.492362  61.798250 23.507
  9    32.789 52545.62315159 14.01  89.489929  61.801396  4.979
  9    30.748 52545.62315224 14.15  89.487499  61.804546  4.979
  9    28.206 52545.62315288 14.28  89.485069  61.807696  4.979
  9    23.644 52545.62315353 15.85  89.482639  61.810846  4.979
  9    23.626 52545.62315417 15.73  89.480209  61.813996  4.979
  9    23.278 52545.62315482 15.92  89.477779  61.817146  4.979
 10    22.873 52580.62317640 50.94  89.501265  61.790670 34.406
 10    22.900 52580.62317705 55.57  89.498835  61.793820 34.406
 10    22.893 52580.62317769 51.18  89.496405  61.796970 34.406
 10    22.807 52580.62317833 50.63  89.493975  61.800120 34.406
 10    22.936 52580.62317898 49.30  89.491545  61.803270 34.406
 10    22.855 52580.62317962 49.77  89.489115  61.806420 34.406
 10    22.786 52580.62318027 48.76  89.486685  61.809570 34.406
 10    22.757 52580.62318091 47.49  89.484255  61.812720 34.406
 11    31.142 52615.62314443 20.16  89.513350  61.787385  7.298
 11    30.181 52615.62314507 20.74  89.510930  61.790535  7.298
 11    24.488 52615.62314572 22.99  89.508500  61.793685  7.298
 11    24.229 52615.62314636 23.71  89.506070  61.796835  7.298
 11    24.296 52615.62314700 23.96  89.503650  61.799985  7.298
 11    24.438 52615.62314765 23.17  89.501220  61.803135  7.298
 11    24.312 52615.62314829 20.54  89.498790  61.806285  7.298
 12    31.642 52650.62312270 12.36  89.507581  61.788586  3.419
 12    31.218 52650.62312334 12.80  89.505151  61.791736  3.419
 12    30.983 52650.62312399 13.33  89.502721  61.794886  3.419
 12    29.065 52650.62312463 13.05  89.500291  61.798036  3.419
 12    27.391 52650.62312528 13.39  89.497861  61.801186  3.419
 12    26.474 52650.62312592 13.41  89.495441  61.804336  3.419
 12    25.313 52650.62312657 13.84  89.493011  61.807486  3.419
 12    25.023 52650.62312721 14.46  89.490581  61.810646  3.419
 13    31.624 52685.62310946 16.03  89.520561  61.785596  4.721
 13    31.217 52685.62311010 15.15  89.518131  61.788746  4.721
 13    30.604 52685.62311075 15.14  89.515711  61.791896  4.721
 13    29.786 52685.62311139 15.09  89.513281  61.795046  4.721
 13    24.422 52685.62311204 14.95  89.510851  61.798196  4.721
 13    24.283 52685.62311268 14.44  89.508431  61.801356  4.721
 14    24.539 52720.62316158 15.75  89.502953  61.790568  3.736
 14    24.539 52720.62316222 16.09  89.500523  61.793718  3.736
 14    24.554 52720.62316287 15.54  89.498093  61.796868  3.736
 14    24.526 52720.62316351 15.76  89.495663  61.800018  3.736
 14    24.448 52720.62316415 16.31  89.493233  61.803168  3.736
 14    24.401 52720.62316480 15.86  89.490813  61.806328  3.736
 14    24.345 52720.62316544 15.30  89.488383  61.809478  3.736
 14    24.302 52720.62316609 15.20  89.485953  61.812628  3.736
 15    24.784 52755.62318571 13.42  89.499815  61.792129  5.749
 15    24.938 52755.62318636 12.76  89.497385  61.795279  5.749
 15    24.627 52755.62318700 13.74  89.494965  61.798429  5.749
 15    24.645 52755.62318765 13.26  89.492535  61.801579  5.749
 15    24.604 52755.62318829 13.02  89.490105  61.804729  5.749
 15    24.467 52755.62318894 12.98  89.487685  61.807879  5.749
 15    24.575 52755.62318958 13.33  89.485255  61.811039  5.749
 15    24.443 52755.62319022 13.64  89.482825  61.814189  5.749
 16    31.158 52790.62313515 45.28  89.491195  61.792856 21.027
 16    30.894 52790.62313580 46.85  89.488765  61.795996 21.027
 16    30.796 52790.62313644 46.44  89.486345  61.799146 21.027
 16    30.860 52790.62313709 45.69  89.483905  61.802306 21.027
 16    30.800 52790.62313773 43.65  89.481475  61.805456 21.027
 16    30.778 52790.62313837 41.97  89.479045  61.808606 21.027
 16    30.799 52790.62313902 42.56  89.476615  61.811756 21.027
 16    30.866 52790.62313966 41.64  89.474185  61.814906 21.027
 16    30.758 52790.62314031 45.88  89.471755  61.818056 21.027
 16    30.811 52790.62314095 45.10  89.469325  61.821206 21.027
 16    30.760 52790.62314160 48.89  89.466885  61.824356 21.027
 17    24.148 52825.62320401 46.81  89.499171  61.790610 19.035
 17    24.224 52825.62320465 44.94  89.496741  61.793760 19.035
 17    23.958 52825.62320530 44.25  89.494311  61.796910 19.035
 17    24.021 52825.62320594 41.26  89.491881  61.800060 19.035
 17    23.727 52825.62320659 42.19  89.489451  61.803210 19.035
 17    23.713 52825.62320723 43.48  89.487021  61.806370 19.035
 17    23.792 52825.62320788 42.02  89.484591  61.809520 19.035
 17    23.591 52825.62320852 37.78  89.482161  61.812670 19.035
 17    23.555 52825.62320917 36.00  89.479731  61.815820 19.035
 18    36.004 52860.62325003 16.11  89.500664  61.792251 14.300
 18    32.965 52860.62325067 13.43  89.498234  61.795401 14.300
 18    33.728 52860.62325132 12.21  89.495804  61.798551 14.300
 18    32.679 52860.62325196 10.79  89.493374  61.801701 14.300
 18    30.787 52860.62325261 11.63  89.490954  61.804851 14.300
 18    24.846 52860.62325325 12.36  89.488514  61.808011 14.300
 18    24.493 52860.62325390 12.20  89.486084  61.811161 14.300
 18    24.198 52860.62325454 13.24  89.483654  61.814311 14.300
 19    34.067 52895.62328007 23.00  89.505600  61.790418 12.772
 19    40.790 52895.62328071 11.44  89.503170  61.793568 12.772
 19    32.998 52895.62328136 13.82  89.500740  61.796718 12.772
 19    32.453 52895.62328200 13.91  89.498310  61.799868 12.772
 19    25.238 52895.62328264 14.28  89.495890  61.803018 12.772
 19    24.769 52895.62328329 14.25  89.493460  61.806168 12.772
 19    24.434 52895.62328393 14.18  89.491030  61.809318 12.772
 20    32.215 52930.62322742 24.71  89.518280  61.786099 10.662
 20    32.163 52930.62322807 22.48  89.515857  61.789248  5.262
 20    33.653 52930.62322871 22.19  89.513427  61.792398  5.262
 20    33.476 52930.62322936 20.68  89.511007  61.795548  5.262
 20    32.456 52930.62323000 19.85  89.508577  61.798698  5.262
 20    31.563 52930.62323064 16.29  89.506147  61.801848  5.262
 21    24.858 52965.62322247 25.38  89.497789  61.791133 11.720
 21    24.986 52965.62322311 26.90  89.495359  61.794283 11.720
 21    24.969 52965.62322376 27.58  89.492929  61.797433 11.720
 21    24.981 52965.62322440 31.52  89.490499  61.800583 11.720
 21    24.928 52965.62322505 31.99  89.488069  61.803733 11.720
 21    24.880 52965.62322569 28.50  89.485639  61.806883 11.720
 21    24.820 52965.62322634 26.03  89.483209  61.810033 11.720
 21    24.894 52965.62322698 24.42  89.480779  61.813183 11.720
 21    24.931 52965.62322763 28.30  89.478349  61.816333 11.720
 23    31.440 53035.62320315 12.70  89.515899  61.787292  4.356
 23    33.074 53035.62320380 12.95  89.513479  61.790442  4.356
 23    30.182 53035.62320444 14.05  89.511049  61.793592  4.356
 23    24.312 53035.62320509 15.13  89.508619  61.796742  4.356
 23    24.289 53035.62320573 14.69  89.506199  61.799892  4.356
 23    24.261 53035.62320637 14.29  89.503769  61.803042  4.356
 24    31.228 53070.62322429 10.86  89.504118  61.791302  4.827
 24    24.262 53070.62322494 11.19  89.501698  61.794452  4.827
 24    24.241 53070.62322558 11.61  89.499268  61.797612  4.827
 24    24.150 53070.62322623 11.74  89.496838  61.800762  4.827
 24    23.994 53070.62322687 12.17  89.494408  61.803912  4.827
 24    24.095 53070.62322752 12.23  89.491978  61.807062  4.827
 24    23.968 53070.62322816 12.89  89.489548  61.810212  4.827
 25    31.756 53105.62320414  7.02  89.520004  61.786120  3.170
 25    31.302 53105.62320479  7.23  89.517584  61.789270  3.170
 25    30.524 53105.62320543  6.91  89.515154  61.792420  3.170
 25    32.245 53105.62320608  7.24  89.512734  61.795570  3.170
 25    29.653 53105.62320672  6.74  89.510304  61.798720  3.170
 25    28.894 53105.62320737  7.26  89.507884  61.801870  3.170
 26    27.138 53140.62323128 34.83  89.500096  61.791446 22.757
 26    27.315 53140.62323193 30.62  89.497666  61.794596 22.757
 26    27.636 53140.62323257 45.95  89.495236  61.797746 22.757
 26    27.054 53140.62323321 50.36  89.492806  61.800896 22.757
 26    27.099 53140.62323386 28.79  89.490386  61.804046 22.757
 26    26.895 53140.62323450 25.70  89.487956  61.807196 22.757
 26    27.442 53140.62323515 22.48  89.485526  61.810346 22.757
 26    27.306 53140.62323579 24.13  89.483096  61.813496 22.757
 27    26.920 53175.62326280 44.75  89.505250  61.788696 18.417
 27    27.088 53175.62326344 43.99  89.502830  61.791846 18.417
 27    27.129 53175.62326409 40.89  89.500400  61.794996 18.417
 27    26.802 53175.62326473 42.43  89.497970  61.798146 18.417
 27    26.770 53175.62326538 45.40  89.495540  61.801296 18.417
 27    26.790 53175.62326602 45.88  89.493110  61.804446 18.417
 27    26.765 53175.62326667 45.24  89.490690  61.807606 18.417
 27    26.676 53175.62326731 45.50  89.488250  61.810756 18.417
 28    34.215 53210.62328144 25.10  89.505523  61.790314 27.226
 28    33.573 53210.62328208 18.63  89.503103  61.793464 27.226
 28    24.350 53210.62328273 20.95  89.500673  61.796614 27.226
 28    24.531 53210.62328337 24.73  89.498243  61.799764 27.226
 28    24.500 53210.62328401 31.50  89.495813  61.802914 27.226
 28    24.517 53210.62328466 39.89  89.493383  61.806074 27.226
 28    24.520 53210.62328530 50.88  89.490963  61.809224 27.226
 29    33.595 53245.62324866 23.12  89.514992  61.787404 11.417
 29    33.634 53245.62324930 18.72  89.512562  61.790554 11.417
 29    33.339 53245.62324995 15.61  89.510142  61.793704 11.417
 29    32.907 53245.62325059 11.38  89.507712  61.796854 11.417
 29    32.098 53245.62325124 11.83  89.505282  61.800004 11.417
 29    31.163 53245.62325188 11.76  89.502852  61.803154 11.417
 30    24.585 53280.62323411 35.32  89.490127  61.793607 14.607
 30    24.163 53280.62323475 35.46  89.487697  61.796757 14.607
 30    24.232 53280.62323540 39.98  89.485267  61.799907 14.607
 30    24.216 53280.62323604 40.62  89.482837  61.803057 14.607
 30    24.137 53280.62323669 43.72  89.480407  61.806207 14.607
 30    24.080 53280.62323733 38.52  89.477977  61.809357 14.607
 30    24.063 53280.62323798 39.77  89.475547  61.812507 14.607
 30    23.943 53280.62323862 38.65  89.473117  61.815657 14.607
 30    24.089 53280.62323927 41.96  89.470680  61.818809 11.733
 30    24.053 53280.62323991 42.38  89.468250  61.821959 11.733
 30    24.084 53280.62324056 48.32  89.465820  61.825109 11.733
 31    23.429 53315.62324807 50.57  89.503365  61.790280 31.440
 31    23.428 53315.62324871 47.21  89.500935  61.793430 31.440
 31    23.540 53315.62324936 45.51  89.498505  61.796580 31.440
 31    23.473 53315.62325000 45.98  89.496075  61.799730 31.440
 31    23.440 53315.62325065 49.22  89.493645  61.802880 31.440
 31    23.498 53315.62325129 48.41  89.491225  61.806030 31.440
 31    23.403 53315.62325193 49.53  89.488795  61.809190 31.440
 31    23.301 53315.62325258 48.22  89.486355  61.812340 31.440
 32    26.116 53350.62321314 23.22  89.515497  61.788754  9.797
 32    26.255 53350.62321378 24.28  89.513067  61.791904  9.797
 32    26.205 53350.62321443 26.08  89.510637  61.795054  9.797
 32    26.154 53350.62321507 28.35  89.508217  61.798204  9.797
 32    26.218 53350.62321571 27.33  89.505787  61.801354  9.797
 32    26.067 53350.62321636 27.54  89.503357  61.804504  9.797
 33    27.337 53385.62319643 17.65  89.492884  61.793072  4.814
 33    27.501 53385.62319708 17.15  89.490454  61.796222  4.814
 33    27.481 53385.62319772 18.03  89.488024  61.799372  4.814
 33    27.329 53385.62319837 18.55  89.485604  61.802522  4.814
 33    27.222 53385.62319901 19.38  89.483174  61.805672  4.814
 33    27.223 53385.62319966 18.26  89.480744  61.808822  4.814
 33    27.172 53385.62320030 18.33  89.478304  61.811972  4.814
 33    27.284 53385.62320095 17.32  89.475874  61.815122  4.814
 33    27.426 53385.62320159 16.85  89.473444  61.818272  4.814
 33    27.304 53385.62320224 16.23  89.471014  61.821422  4.814
 34    31.144 53420.62319917 14.80  89.515995  61.788309  4.136
 34    30.622 53420.62319981 14.53  89.513575  61.791459  4.136
 34    29.907 53420.62320046 14.98  89.511145  61.794609  4.136
 34    29.068 53420.62320110 15.77  89.508715  61.797759  4.136
 34    27.108 53420.62320175 16.18  89.506285  61.800909  4.136
 34    27.149 53420.62320239 15.72  89.503855  61.804059  4.136
 35    26.550 53455.62320645 14.00  89.493286  61.793867  3.949
 35    26.599 53455.62320709 14.91  89.490866  61.797007  3.949
 35    26.792 53455.62320774 14.97  89.488436  61.800167  3.949
 35    26.844 53455.62320838 15.32  89.486006  61.803317  3.949
 35    26.507 53455.62320903 15.69  89.483576  61.806467  3.949
 35    26.475 53455.62320967 15.54  89.481136  61.809617  3.949
 35    26.461 53455.62321032 15.29  89.478706  61.812767  3.949
 35    26.527 53455.62321096 14.99  89.476276  61.815917  3.949
 35    26.365 53455.62321161 14.68  89.473846  61.819067  3.949
 36    27.518 53490.62329126 23.12  89.495293  61.791475 17.853
 36    27.571 53490.62329190 23.24  89.492863  61.794625 17.853
 36    27.441 53490.62329255 21.70  89.490433  61.797775 17.853
 36    27.225 53490.62329319 23.72  89.488013  61.800925 17.853
 36    27.210 53490.62329384 22.51  89.485583  61.804085 17.853
 36    27.292 53490.62329448 21.59  89.483153  61.807235 17.853
 36    27.282 53490.62329513 21.85  89.480723  61.810385 17.853
 36    27.367 53490.62329577 23.41  89.478293  61.813535 17.853
 36    27.326 53490.62329642 25.07  89.475863  61.816685 17.853
 36    27.392 53490.62329706 25.75  89.473433  61.819835 17.853
 37    36.182 53525.62327411 22.70  89.510885  61.788337 13.172
 37    35.201 53525.62327475 17.77  89.508465  61.791487 13.172
 37    34.613 53525.62327540 15.12  89.506035  61.794637 13.172
 37    34.623 53525.62327604 14.14  89.503605  61.797787 13.172
 37    33.118 53525.62327669 13.61  89.501175  61.800937 13.172
 37    32.595 53525.62327733 13.12  89.498745  61.804087 13.172
 38    25.588 53560.62330246 46.30  89.502670  61.790426 19.664
 38    25.526 53560.62330311 43.70  89.500250  61.793576 19.664
 38    25.322 53560.62330375 45.89  89.497820  61.796726 19.664
 38    25.144 53560.62330440 46.33  89.495390  61.799876 19.664
 38    25.055 53560.62330504 45.34  89.492960  61.803026 19.664
 38    25.019 53560.62330569 44.72  89.490540  61.806176 19.664
 38    24.951 53560.62330633 44.58  89.488110  61.809336 19.664
 38    24.872 53560.62330698 43.59  89.485680  61.812486 19.664
 39    32.256 53595.62323938 25.37  89.523702  61.785509  9.618
 39    32.300 53595.62324002 15.52  89.521282  61.788659  9.618
 39    31.601 53595.62324067 16.04  89.518852  61.791809  9.618
 39    30.438 53595.62324131 16.68  89.516422  61.794959  9.618
 39    29.676 53595.62324195 15.87  89.514002  61.798109  9.618
 40    23.968 53630.62323598 46.16  89.482863  61.794721 24.215
 40    24.077 53630.62323662 43.15  89.480443  61.797871 24.215
 40    24.128 53630.62323727 39.17  89.478013  61.801031 24.215
 40    23.847 53630.62323791 42.04  89.475583  61.804181 24.215
 40    23.886 53630.62323856 39.37  89.473143  61.807331 24.215
 40    23.510 53630.62323920 38.35  89.470713  61.810481 24.215
 40    23.597 53630.62323985 39.58  89.468283  61.813631 24.215
 40    23.464 53630.62324049 41.74  89.465853  61.816781 24.215
 40    23.447 53630.62324114 45.11  89.463423  61.819931 24.215
 40    23.465 53630.62324178 44.15  89.460993  61.823081 24.215
 40    23.570 53630.62324243 43.35  89.458553  61.826231 24.215
 40    23.408 53630.62324307 47.45  89.456123  61.829381 24.215
 40    23.571 53630.62324372 47.61  89.453688  61.832529 11.813
 40    23.488 53630.62324436 48.68  89.451248  61.835679 11.813
 41    24.035 53665.62325829 32.34  89.499013  61.792307 15.314
 41    23.350 53665.62325894 31.36  89.496583  61.795457 15.314
 41    23.426 53665.62325958 30.71  89.494153  61.798607 15.314
 41    23.510 53665.62326023 31.60  89.491723  61.801757 15.314
 41    23.458 53665.62326087 30.69  89.489293  61.804907 15.314
 41    23.433 53665.62326152 32.80  89.486873  61.808067 15.314
 41    23.485 53665.62326216 38.59  89.484443  61.811217 15.314
 41    23.635 53665.62326281 44.09  89.482013  61.814367 15.314
 42    23.017 53700.62320970 37.97  89.516404  61.786686 24.168
 42    23.102 53700.62321034 47.07  89.513984  61.789836 24.168
 42    23.057 53700.62321099 42.41  89.511554  61.792986 24.168
 42    23.032 53700.62321163 42.89  89.509124  61.796136 24.168
 42    23.126 53700.62321227 37.95  89.506704  61.799286 24.168
 42    23.237 53700.62321292 40.76  89.504274  61.802436 24.168
 43    31.252 53735.62313105 22.20  89.529616  61.785149  4.882
 43    30.980 53735.62313170 21.04  89.527186  61.788299  4.882
 43    30.470 53735.62313234 20.96  89.524766  61.791449  4.882
 43    29.647 53735.62313299 21.26  89.522336  61.794599  4.882
 43    28.804 53735.62313363 20.07  89.519916  61.797749  4.882
 44    31.454 53770.62312216 17.60  89.510027  61.787949  4.341
 44    30.418 53770.62312280 17.13  89.507607  61.791099  4.341
 44    29.676 53770.62312345 17.94  89.505177  61.794249  4.341
 44    28.263 53770.62312409 18.05  89.502747  61.797399  4.341
 44    28.640 53770.62312474 16.83  89.500317  61.800549  4.341
 44    26.443 53770.62312538 17.90  89.497887  61.803699  4.341
 44    26.212 53770.62312603 17.92  89.495457  61.806849  4.341
 45    31.455 53805.62311402 17.98  89.522828  61.785577  3.974
 45    31.224 53805.62311467 15.17  89.520398  61.788727  3.974
 45    30.586 53805.62311531 13.93  89.517978  61.791877  3.974
 45    32.060 53805.62311596 13.70  89.515548  61.795027  3.974
 45    28.980 53805.62311660 12.92  89.513118  61.798177  3.974
 45    28.442 53805.62311725 12.64  89.510698  61.801327  3.974
 47    35.489 53875.62318253 42.55  89.504687  61.789958 20.268
 47    36.850 53875.62318317 44.07  89.502257  61.793108 20.268
 47    37.299 53875.62318381 39.63  89.499827  61.796258 20.268
 47    37.432 53875.62318446 36.43  89.497397  61.799408 20.268
 47    36.766 53875.62318510 38.05  89.494967  61.802568 20.268
 47    37.573 53875.62318575 38.59  89.492537  61.805718 20.268
 47    36.919 53875.62318639 37.98  89.490117  61.808868 20.268
 47    36.364 53875.62318704 38.80  89.487687  61.812018 20.268
 48    25.666 53910.62323088 43.07  89.495097  61.792322 17.109
 48    25.334 53910.62323153 40.43  89.492667  61.795472 17.109
 48    25.135 53910.62323217 41.97  89.490237  61.798622 17.109
 48    25.247 53910.62323281 43.91  89.487807  61.801772 17.109
 48    25.101 53910.62323346 40.06  89.485377  61.804922 17.109
 48    24.839 53910.62323410 40.52  89.482957  61.808072 17.109
 48    24.897 53910.62323475 39.31  89.480527  61.811222 17.109
 48    25.004 53910.62323539 40.02  89.478087  61.814382 17.109
 48    24.976 53910.62323604 42.69  89.475657  61.817532 17.109
 49    26.786 53945.62324981 42.67  89.499414  61.790195 14.764
 49    27.016 53945.62325046 42.67  89.496984  61.793345 14.764
 49    26.795 53945.62325110 44.54  89.494564  61.796495 14.764
 49    26.778 53945.62325175 44.92  89.492134  61.799645 14.764
 49    26.613 53945.62325239 46.95  89.489704  61.802795 14.764
 49    26.637 53945.62325304 40.18  89.487274  61.805945 14.764
 49    26.390 53945.62325368 37.48  89.484844  61.809095 14.764
 49    26.354 53945.62325433 36.98  89.482414  61.812245 14.764
 49    26.324 53945.62325497 37.09  89.479984  61.815395 14.764
 50    25.070 53980.62319535 33.14  89.514498  61.788591  9.425
 50    25.025 53980.62319600 32.97  89.512078  61.791741  9.425
 50    24.971 53980.62319664 34.06  89.509650  61.794897  7.559
 50    24.764 53980.62319729 35.19  89.507220  61.798047  7.559
 50    24.952 53980.62319793 33.54  89.504800  61.801197  7.559
 50    24.634 53980.62319858 30.04  89.502370  61.804347  7.559
 51    31.394 54015.62321661 24.43  89.493125  61.793672 17.178
 51    32.777 54015.62321725 17.56  89.490695  61.796822 17.178
 51    32.473 54015.62321790 17.18  89.488265  61.799972 17.178
 51    30.867 54015.62321854 18.35  89.485835  61.803122 17.178
 51    23.404 54015.62321919 18.77  89.483405  61.806272 17.178
 51    23.300 54015.62321983 20.73  89.480975  61.809422 17.178
 51    23.395 54015.62322048 23.83  89.478545  61.812572 17.178
 51    23.341 54015.62322112 30.43  89.476105  61.815722 17.178
 51    23.504 54015.62322177 39.58  89.473675  61.818882 17.178
 52    24.530 54050.62321623 39.52  89.513692  61.788917 12.328
 52    24.267 54050.62321687 43.17  89.511262  61.792067 12.328
 52    24.050 54050.62321752 42.15  89.508838  61.795218 17.725
 52    24.295 54050.62321816 39.46  89.506408  61.798368 17.725
 52    24.423 54050.62321881 41.25  89.503988  61.801518 17.725
 52    24.365 54050.62321945 39.87  89.501558  61.804668 17.725
 53    30.985 54085.62320815 17.21  89.513881  61.787520  3.799
 53    30.644 54085.62320880 17.34  89.511451  61.790670  3.799
 53    25.873 54085.62320944 18.20  89.509027  61.793824  4.526
 53    25.831 54085.62321009 17.26  89.506597  61.796974  4.526
 53    25.889 54085.62321073 17.74  89.504177  61.800124  4.526
 53    25.605 54085.62321137 18.56  89.501747  61.803274  4.526
 53    25.522 54085.62321202 18.41  89.499317  61.806424  4.526
 54    25.757 54120.62313436 21.02  89.526476  61.787123  6.948
 54    25.637 54120.62313500 22.01  89.524056  61.790283  6.948
 54    25.672 54120.62313565 20.51  89.521626  61.793433  6.948
 54    25.570 54120.62313629 19.98  89.519206  61.796582  4.159
 54    25.327 54120.62313694 19.11  89.516776  61.799732  4.159
 55    30.590 54155.62316743 13.92  89.504828  61.791319  4.080
 55    29.534 54155.62316807 14.38  89.502408  61.794469  4.080
 55    25.056 54155.62316872 15.14  89.499978  61.797619  4.080
 55    24.892 54155.62316936 15.10  89.497548  61.800769  4.080
 55    24.990 54155.62317001 16.13  89.495118  61.803919  4.080
 55    24.953 54155.62317065 16.07  89.492688  61.807069  4.080
 55    24.809 54155.62317130 15.34  89.490268  61.810219  4.080
 56    25.868 54190.62313125 16.48  89.522737  61.785721  5.553
 56    25.633 54190.62313189 18.61  89.520317  61.788871  5.553
 56    25.650 54190.62313254 17.16  89.517887  61.792021  5.553
 56    25.720 54190.62313318 17.52  89.515467  61.795171  5.553
 56    25.441 54190.62313383 17.41  89.513037  61.798321  5.553
 56    25.469 54190.62313447 16.34  89.510617  61.801471  5.553
 57    33.791 54225.62317854 26.63  89.502344  61.790437 18.260
 57    33.458 54225.62317919 26.89  89.499914  61.793587 18.260
 57    32.866 54225.62317983 27.53  89.497484  61.796737 18.260
 57    32.786 54225.62318048 28.53  89.495064  61.799887 18.260
 57    33.013 54225.62318112 29.44  89.492634  61.803037 18.260
 57    33.163 54225.62318177 33.65  89.490204  61.806186 17.598
 57    33.041 54225.62318241 40.23  89.487774  61.809336 17.598
 57    33.112 54225.62318306 43.50  89.485344  61.812486 17.598
 58    31.020 54260.62319883 33.06  89.505215  61.791083 14.057
 58    30.540 54260.62319948 33.96  89.502795  61.794233 14.057
 58    30.960 54260.62320012 34.92  89.500365  61.797383 14.057
 58    31.063 54260.62320077 35.43  89.497935  61.800533 14.057
 58    30.759 54260.62320141 34.38  89.495505  61.803683 14.057
 58    30.447 54260.62320205 35.30  89.493075  61.806833 14.057
 58    30.487 54260.62320270 34.82  89.490648  61.809983  8.600
 59    33.858 54295.62320215 28.03  89.508808  61.788776 17.733
 59    33.729 54295.62320279 19.24  89.506378  61.791926 17.733
 59    33.129 54295.62320344 15.33  89.503948  61.795076 17.733
 59    34.165 54295.62320408 10.58  89.501518  61.798226 17.733
 59    33.700 54295.62320473  9.63  89.499098  61.801376 17.733
 59    31.349 54295.62320537 10.92  89.496668  61.804526 17.733
 59    30.159 54295.62320602  9.99  89.494242  61.807675  5.171
 60    24.394 54330.62319435 32.80  89.514709  61.788808  8.574
 60    24.219 54330.62319500 33.79  89.512289  61.791958  8.574
 60    24.097 54330.62319564 33.49  89.509859  61.795108  8.574
 60    23.970 54330.62319629 33.69  89.507429  61.798258  8.574
 60    24.108 54330.62319693 35.06  89.505009  61.801408  8.574
 60    24.286 54330.62319758 34.62  89.502579  61.804558  8.574
 61    23.914 54365.62313807 28.31  89.521329  61.787277 15.175
 61    23.951 54365.62313872 29.67  89.518909  61.790427 15.175
 61    23.933 54365.62313936 31.35  89.516479  61.793577 15.175
 61    23.730 54365.62314001 34.42  89.514059  61.796727 15.175
 61    23.741 54365.62314065 35.06  89.511629  61.799877 15.175
 62    33.408 54400.62313627 26.10  89.508947  61.789332 25.469
 62    33.026 54400.62313691 27.97  89.506517  61.792482 25.469
 62    23.331 54400.62313756 31.33  89.504097  61.795632 25.469
 62    23.468 54400.62313820 33.43  89.501667  61.798782 25.469
 62    23.551 54400.62313885 31.15  89.499237  61.801932 25.469
 62    23.478 54400.62313949 32.34  89.496807  61.805082 25.469
 62    23.670 54400.62314014 33.16  89.494377  61.808232 25.469
 63    24.632 54435.62309305 45.71  89.518100  61.787529 20.120
 63    24.639 54435.62309369 42.75  89.515670  61.790689 20.120
 63    24.773 54435.62309434 45.72  89.513250  61.793839 20.120
 63    24.731 54435.62309498 48.86  89.510820  61.796989 20.120
 63    24.720 54435.62309563 42.44  89.508390  61.800139 20.120
 63    24.555 54435.62309627 43.32  89.505970  61.803289 20.120
 64    33.838 54470.62312028 15.24  89.503877  61.789029  6.981
 64    33.457 54470.62312093 14.51  89.501447  61.792179  6.981
 64    32.628 54470.62312157 13.71  89.499017  61.795329  6.981
 64    30.361 54470.62312221 14.84  89.496597  61.798479  6.981
 64    25.639 54470.62312286 15.00  89.494167  61.801629  6.981
 64    25.704 54470.62312350 13.79  89.491737  61.804779  6.981
 64    25.654 54470.62312415 13.76  89.489307  61.807929  6.981
 64    25.674 54470.62312479 12.65  89.486877  61.811079  6.981
 65    31.465 54505.62310662 14.19  89.518360  61.788462  5.168
 65    30.931 54505.62310726 13.33  89.515940  61.791612  5.168
 65    30.298 54505.62310791 12.35  89.513510  61.794772  5.168
 65    28.805 54505.62310855 12.20  89.511090  61.797922  5.168
 65    26.566 54505.62310919 12.16  89.508660  61.801072  5.168
 66    33.667 54540.62313475 12.90  89.511102  61.787719  6.133
 66    33.575 54540.62313539 12.86  89.508672  61.790869  6.133
 66    30.333 54540.62313604 14.81  89.506242  61.794029  6.133
 66    30.538 54540.62313668 13.11  89.503822  61.797179  6.133
 66    29.780 54540.62313733 12.22  89.501392  61.800329  6.133
 66    25.876 54540.62313797 13.56  89.498962  61.803479  6.133
 66    25.907 54540.62313862 12.57  89.496532  61.806629  6.133
 67    31.838 54575.62310753  8.24  89.521367  61.786204  2.676
 67    31.518 54575.62310817  8.06  89.518947  61.789354  2.676
 67    31.033 54575.62310882  7.87  89.516517  61.792504  2.676
 67    29.900 54575.62310946  8.83  89.514097  61.795654  2.676
 67    26.513 54575.62311011  8.04  89.511667  61.798804  2.676
 67    26.410 54575.62311075  7.76  89.509237  61.801954  2.676
 68    36.553 54610.62312693 24.91  89.509730  61.787746 18.918
 68    35.927 54610.62312757 22.86  89.507310  61.790896 18.918
 68    34.661 54610.62312822 20.46  89.504880  61.794046 18.918
 68    35.241 54610.62312886 17.09  89.502450  61.797196 18.918
 68    33.896 54610.62312951 16.84  89.500030  61.800356 18.918
 68    37.069 54610.62313015 14.08  89.497600  61.803506 18.918
 68    36.005 54610.62313080 12.87  89.495170  61.806656 18.918
 69    24.972 54645.62313447 45.17  89.508515  61.788455 19.333
 69    25.020 54645.62313511 44.20  89.506095  61.791605 19.333
 69    24.821 54645.62313575 45.13  89.503665  61.794755 19.333
 69    24.846 54645.62313640 46.14  89.501235  61.797905 19.333
 69    24.781 54645.62313704 47.94  89.498815  61.801065 19.333
 69    24.746 54645.62313769 48.52  89.496385  61.804215 19.333
 69    24.652 54645.62313833 48.71  89.493955  61.807365 19.333
 70    36.626 54680.62313611 20.98  89.508300  61.790167 12.697
 70    37.286 54680.62313676 14.31  89.505880  61.793317 12.697
 70    37.496 54680.62313740 12.02  89.503450  61.796467 12.697
 70    32.255 54680.62313805 12.65  89.501020  61.799627 12.697
 70    31.719 54680.62313869 12.36  89.498600  61.802777 12.697
 70    24.319 54680.62313934 13.52  89.496170  61.805927 12.697
 70    24.246 54680.62313998 13.68  89.493740  61.809077 12.697
 71    24.086 54715.62308487 38.37  89.524203  61.785085 15.431
 71    24.784 54715.62308551 43.08  89.521773  61.788235 15.431
 71    24.554 54715.62308615 37.99  89.519353  61.791385 15.431
 71    24.341 54715.62308680 34.93  89.516923  61.794535 15.431
 71    24.208 54715.62308744 37.71  89.514493  61.797685 15.431
 71    24.201 54715.62308809 39.90  89.512073  61.800835 15.431
 72    34.528 54750.62310740 19.99  89.500661  61.791862 11.469
 72    33.134 54750.62310804 17.10  89.498231  61.795012 11.469
 72    32.541 54750.62310868 16.84  89.495811  61.798172 11.469
 72    31.989 54750.62310933 16.41  89.493381  61.801322 11.469
 72    29.391 54750.62310997 16.32  89.490951  61.804472 11.469
 72    25.187 54750.62311062 16.25  89.488521  61.807622 11.469
 72    24.952 54750.62311126 16.73  89.486091  61.810772 11.469
 72    25.194 54750.62311191 15.63  89.483661  61.813922 11.469
 73    22.408 54785.62307399 33.08  89.517683  61.785847 22.713
 73    22.674 54785.62307463 45.29  89.515263  61.788997 22.713
 73    22.783 54785.62307528 44.44  89.512833  61.792147 22.713
 73    22.795 54785.62307592 41.13  89.510413  61.795297 22.713
 73    22.664 54785.62307657 41.87  89.507983  61.798447 22.713
 73    22.680 54785.62307721 45.32  89.505553  61.801597 22.713
 73    22.692 54785.62307786 46.06  89.503133  61.804757 22.713
 74    33.930 54820.62310007 15.29  89.503539  61.789111  7.031
 74    32.894 54820.62310071 15.85  89.501109  61.792261  7.031
 74    25.632 54820.62310135 17.44  89.498689  61.795411  7.031
 74    25.690 54820.62310200 17.52  89.496259  61.798561  7.031
 74    25.698 54820.62310264 17.75  89.493829  61.801721  7.031
 74    25.658 54820.62310329 17.96  89.491399  61.804871  7.031
 74    25.572 54820.62310393 18.74  89.488969  61.808021  7.031
 74    25.716 54820.62310458 17.78  89.486539  61.811171  7.031
 75    31.635 54855.62307094 13.67  89.515957  61.788047  5.337
 75    33.432 54855.62307159 13.52  89.513527  61.791197  5.337
 75    32.852 54855.62307223 13.89  89.511097  61.794347  5.337
 75    32.157 54855.62307288 14.19  89.508677  61.797497  5.337
 75    25.838 54855.62307352 15.01  89.506247  61.800647  5.337
 75    26.026 54855.62307417 14.15  89.503817  61.803797  5.337
 76    33.628 54890.62310392 12.13  89.507533  61.789987  4.298
 76    30.805 54890.62310456 12.76  89.505103  61.793137  4.298
 76    25.575 54890.62310521 12.58  89.502673  61.796287  4.298
 76    25.419 54890.62310585 13.21  89.500253  61.799447  4.298
 76    25.476 54890.62310650 13.24  89.497823  61.802597  4.298
 76    25.531 54890.62310714 13.49  89.495393  61.805747  4.298
 76    25.351 54890.62310779 13.30  89.492963  61.808897  4.298
 77    25.776 54925.62306946  8.17  89.521111  61.786742 14.499
 77    25.802 54925.62307010 12.19  89.518681  61.789892 14.499
 77    26.113 54925.62307075 17.93  89.516261  61.793042 14.499
 77    26.214 54925.62307139 18.86  89.513831  61.796192 14.499
 77    25.843 54925.62307204 18.55  89.511411  61.799342 14.499
 78    35.692 54960.62310266 34.51  89.502058  61.790342 27.539
 78    35.356 54960.62310331 31.27  89.499628  61.793492 27.539
 78    36.082 54960.62310395 28.30  89.497208  61.796652 27.539
 78    35.911 54960.62310460 26.35  89.494778  61.799802 27.539
 78    35.816 54960.62310524 28.67  89.492348  61.802952 27.539
 78    36.078 54960.62310589 28.14  89.489918  61.806102 27.539
 78    36.088 54960.62310653 41.23  89.487488  61.809252 27.539
 78    36.161 54960.62310718 49.15  89.485058  61.812402 27.539
 79    29.620 54995.62312368 43.74  89.506529  61.788704 22.804
 79    29.691 54995.62312433 36.21  89.504099  61.791854 22.804
 79    29.451 54995.62312497 37.82  89.501669  61.795004 22.804
 79    29.454 54995.62312562 39.90  89.499249  61.798164 22.804
 79    29.490 54995.62312626 43.04  89.496819  61.801314 22.804
 79    29.474 54995.62312691 44.99  89.494389  61.804464 22.804
 79    29.544 54995.62312755 47.89  89.491959  61.807614 22.804
 79    29.602 54995.62312820 50.83  89.489529  61.810764 22.804
 80    24.779 55030.62311351 48.59  89.508609  61.789608 23.794
 80    24.682 55030.62311416 49.91  89.506179  61.792758 23.794
 80    24.674 55030.62311480 48.73  89.503749  61.795908 23.794
 80    24.567 55030.62311545 49.61  89.501329  61.799068 23.794
 80    24.406 55030.62311609 49.89  89.498899  61.802218 23.794
 80    24.318 55030.62311674 48.03  89.496469  61.805368 23.794
 80    24.190 55030.62311738 51.72  89.494039  61.808518 23.794
 81    24.578 55065.62310369 48.62  89.513096  61.788866 22.128
 81    24.228 55065.62310434 49.94  89.510666  61.792016 22.128
 81    24.272 55065.62310498 49.57  89.508246  61.795166 22.128
 81    24.328 55065.62310563 51.00  89.505816  61.798316 22.128
 81    24.212 55065.62310627 51.76  89.503386  61.801466 22.128
 81    24.130 55065.62310692 50.87  89.500966  61.804626 22.128
 82    23.663 55100.62304568 42.71  89.521159  61.788210 16.769
 82    24.390 55100.62304633 47.90  89.518729  61.791360 16.769
 82    24.301 55100.62304697 48.29  89.516309  61.794510 16.769
 82    24.138 55100.62304762 49.35  89.513879  61.797660 16.769
 82    24.156 55100.62304826 45.54  89.511459  61.800810 16.769
 83    23.063 55135.62304915 45.80  89.504167  61.789458 23.417
 83    23.172 55135.62304980 44.95  89.501737  61.792608 23.417
 83    23.038 55135.62305044 43.00  89.499307  61.795758 23.417
 83    23.009 55135.62305109 38.59  89.496887  61.798918 23.417
 83    23.023 55135.62305173 36.84  89.494457  61.802068 23.417
 83    22.951 55135.62305238 37.10  89.492027  61.805218 23.417
 83    22.988 55135.62305302 39.58  89.489597  61.808368 23.417
 83    22.933 55135.62305366 38.28  89.487167  61.811518 23.417
 84    31.338 55170.62301126 18.04  89.519594  61.785815  6.046
 84    30.855 55170.62301190 17.89  89.517174  61.788965  6.046
 84    30.464 55170.62301254 17.53  89.514744  61.792115  6.046
 84    32.533 55170.62301319 15.10  89.512324  61.795265  6.046
 84    32.081 55170.62301383 12.57  89.509894  61.798415  6.046
 84    31.299 55170.62301448 12.27  89.507464  61.801565  6.046
 85    31.175 55205.62304317  9.06  89.501584  61.791908  3.524
 85    31.180 55205.62304382  9.52  89.499154  61.795058  3.524
 85    30.855 55205.62304446  9.05  89.496734  61.798218  3.524
 85    30.278 55205.62304511  8.77  89.494304  61.801368  3.524
 85    29.699 55205.62304575  8.66  89.491874  61.804518  3.524
 85    28.513 55205.62304640  8.76  89.489444  61.807668  3.524
 85    28.345 55205.62304704  8.60  89.487014  61.810818  3.524
 86    31.668 55240.62301737 10.31  89.519167  61.786589  3.123
 86    32.994 55240.62301802 10.28  89.516737  61.789739  3.123
 86    32.853 55240.62301866  9.84  89.514317  61.792889  3.123
 86    32.803 55240.62301930  8.71  89.511887  61.796039  3.123
 86    31.952 55240.62301995  8.38  89.509467  61.799189  3.123
 86    27.609 55240.62302059  8.65  89.507037  61.802339  3.123
 87    33.306 55275.62303620  7.96  89.511273  61.788626  3.403
 87    32.917 55275.62303684  7.70  89.508853  61.791786  3.403
 87    32.562 55275.62303749  6.84  89.506423  61.794936  3.403
 87    29.826 55275.62303813  7.47  89.504003  61.798086  3.403
 87    27.144 55275.62303878  7.65  89.501573  61.801236  3.403
 87    28.918 55275.62303942  7.98  89.499143  61.804386  3.403
 87    27.682 55275.62304007  7.69  89.496713  61.807536  3.403
 88    26.349 55310.62300190 17.69  89.520083  61.787500  9.508
 88    26.217 55310.62300254 15.07  89.517663  61.790650  9.508
 88    25.963 55310.62300319 15.39  89.515233  61.793800  9.508
 88    26.200 55310.62300383 12.90  89.512813  61.796950  9.508
 88    26.174 55310.62300448 11.93  89.510383  61.800100  9.508
 89    34.173 55345.62300548 25.63  89.510037  61.789503 18.666
 89    33.608 55345.62300613 21.54  89.507607  61.792653 18.666
 89    33.241 55345.62300677 18.74  89.505177  61.795803 18.666
 89    32.569 55345.62300742 17.96  89.502757  61.798953 18.666
 89    31.938 55345.62300806 18.63  89.500330  61.802106  5.981
 89    31.076 55345.62300871 17.80  89.497900  61.805256  5.981
 90    33.116 55380.62299823 22.74  89.513657  61.788662 18.051
 90    34.132 55380.62299888 17.88  89.511237  61.791812 18.051
 90    33.657 55380.62299952 15.24  89.508807  61.794962 18.051
 90    33.102 55380.62300017 12.01  89.506377  61.798112 18.051
 90    31.961 55380.62300081 13.10  89.503957  61.801262 18.051
 90    31.327 55380.62300146 12.60  89.501527  61.804422 18.051
 91    34.653 55415.62302531 25.03  89.502379  61.789913 18.923
 91    38.235 55415.62302595 19.27  89.499949  61.793063 18.923
 91    23.701 55415.62302660 21.44  89.497529  61.796213 18.923
 91    24.040 55415.62302724 22.08  89.495099  61.799373 18.923
 91    24.131 55415.62302789 25.44  89.492669  61.802523 18.923
 91    24.263 55415.62302853 29.57  89.490239  61.805673 18.923
 91    24.216 55415.62302918 35.66  89.487809  61.808823 18.923
 91    24.321 55415.62302982 38.52  89.485379  61.811973 18.923
 92    34.554 55450.62300974 20.05  89.516090  61.788272  7.882
 92    33.613 55450.62301038 20.49  89.513660  61.791422  7.882
 92    24.018 55450.62301103 22.33  89.511230  61.794572  7.882
 92    23.820 55450.62301167 21.71  89.508810  61.797722  7.882
 92    23.739 55450.62301232 22.87  89.506380  61.800872  7.882
 92    23.591 55450.62301296 23.49  89.503950  61.804022  7.882
 93    24.568 55485.62293322 31.69  89.526763  61.785140  4.877
 93    31.388 55485.62293386 22.78  89.524343  61.788290  4.877
 93    24.496 55485.62293451 23.05  89.521913  61.791440  4.877
 93    24.657 55485.62293515 22.10  89.519493  61.794590  4.877
 93    24.876 55485.62293580 21.35  89.517063  61.797740  4.877
