# NaN NaN NaN ;Mean Elev.(m), Avg Gradient(m/km), RMS Gradient(m/km) - SRTM1     
#  -12.144  -4.704   5.327 ;Mean Elev.(m), Avg Gradient(m/km), RMS Gradient(m/km) - ASTER GDEM
#    1.015  -1.897   6.540 ;Mean Elev.(m), Avg Gradient(m/km), RMS Gradient(m/km) - GMTED2010 
  7  86.738419  67.081270    12.033    12.060 13 52453.61828274 39.486
  8  86.743359  67.087304    22.569    21.787  7 52488.61826235 12.917
  9  86.746372  67.088109     3.022     3.198  8 52523.61823685 39.718
 10  86.734900  67.079115     8.788    13.006 15 52558.61828561 25.180
 11  86.732400  67.087071    12.747     9.410 10 52593.61828782 22.688
 12  86.734852  67.081469    23.838    25.331 14 52628.61821166 13.108
 13  86.740704  67.083411    31.218    32.349 11 52663.61824897 10.814
 14  86.733911  67.078794    25.274    26.221 15 52698.61822357 10.653
 15  86.747836  67.087748    34.305    33.258  8 52733.61824779  9.320
 16  86.748313  67.088280     1.505     1.669  8 52768.61825075 22.287
 17  86.731167  67.077103    12.663    12.655 16 52803.61827161 41.949
 18  86.736349  67.080132     9.300    12.089 13 52838.61833528 19.656
 19  86.738083  67.081967    15.698    16.221 12 52873.61837532 12.832
 20  86.746593  67.087849    30.237    28.710  8 52908.61835717 10.363
 21  86.737418  67.078359     2.578     1.025 14 52943.61828515 32.181
 23  86.744763  67.082987    33.716    33.653 10 53013.61834189 10.080
 24  86.733411  67.079897    12.447    11.903 14 53048.61831216 14.464
 25  86.740710  67.082467    32.176    32.459 11 53083.61834780  9.593
 26  86.734437  67.077396    22.459    24.890 15 53118.61831745 12.752
 27  86.727374  67.086864    15.124    15.008 10 53153.61837020 33.872
 28  86.733820  67.093569    26.655    29.482  3 53188.61835979 10.265
 29  86.745007  67.086517    17.238    16.240  8 53223.61837461  9.757
 30  86.747002  67.085493    17.703    17.612  8 53258.61834976 14.092
 31  86.732821  67.073975    14.965    14.470 16 53293.61837079 21.459
 32  86.748433  67.079713    23.311    28.210  7 53328.61834491 14.015
 33  86.748794  67.089106    37.895    37.480  7 53363.61829924  4.849
 34  86.735084  67.080875    24.811    25.352 14 53398.61832113  9.646
 35  86.746445  67.089605    37.491    38.229  8 53433.61831308  5.961
 36  86.733305  67.078639    29.966    30.012 15 53468.61835165  6.671
 37  86.738365  67.082053     1.969     2.094 12 53503.61839877 17.250
 38  86.742786  67.082675    14.275    14.495 11 53538.61839510 19.111
 39  86.742828  67.083439     5.016     2.536 10 53573.61839474 17.032
 40  86.748333  67.090047    33.365    33.855  8 53608.61834544 11.154
 41  86.732552  67.077971    13.129    15.856 16 53643.61834562 19.632
 42  86.740280  67.081329     2.544     2.541  8 53678.61836413 40.206
 43  86.749610  67.089358    38.069    40.453  7 53713.61829377  7.701
 44  86.732983  67.078876    26.039    26.974 16 53748.61820651 10.729
 45  86.745549  67.085661    34.203    34.051  9 53783.61823808  6.663
 46  86.751629  67.094499    38.414    39.025  6 53818.61820199  6.664
 47  86.733240  67.078345    25.314    26.098 16 53853.61827757  7.967
 48  86.744999  67.084602    18.855    18.853  9 53888.61828618 31.726
 49  86.738386  67.074380     3.216     3.269 13 53923.61835294 42.937
 50  86.742220  67.080996     9.697     8.882 11 53958.61834591 16.860
 51  86.733316  67.072927     2.639     2.679 16 53993.61827382 48.735
 52  86.746268  67.069920     1.816     1.803  8 54028.61833308 46.188
 53  86.744874  67.086522    36.647    36.328  8 54063.61832967  7.476
 54  86.746385  67.089291    33.834    33.789  8 54098.61829788  7.797
 55  86.732442  67.080155    31.225    31.896 15 54133.61825270  7.150
 56  86.746452  67.085504    39.632    40.705  8 54168.61827141  4.988
 57  86.733483  67.079373     1.573     1.562 16 54203.61825638 41.279
 58  86.740405  67.082940    15.735    15.717 11 54238.61829185 24.359
 59  86.736856  67.088703    12.540     9.400  8 54273.61831080 20.629
 60  86.739462  67.083580    16.096    16.407 11 54308.61831159 14.304
 61  86.747923  67.088792    17.365    20.603  7 54343.61829032 17.129
 62  86.730592  67.086120    15.874    15.981 10 54378.61824789 19.228
 63  86.738487  67.088887    15.483    11.843  7 54413.61823832 34.717
 64  86.733619  67.079436    13.529    12.837 15 54448.61821303 31.363
 65  86.741291  67.084091    30.321    31.315 11 54483.61823108  9.829
 66  86.736375  67.080237    31.129    30.752 13 54518.61822679  9.330
 67  86.747228  67.086271    38.877    40.244  8 54553.61824334  5.926
 68  86.729944  67.089341    22.981    23.484  8 54588.61822455  3.620
 69  86.743290  67.083275    15.408    15.421 10 54623.61824062 47.971
 70  86.734097  67.087677    21.617    26.417  9 54658.61825058 14.649
 71  86.748068  67.082521     3.767     3.758  7 54693.61823045 33.058
 72  86.737091  67.079939    15.877    16.439 14 54728.61820303 14.874
 73  86.745795  67.079020    27.218    29.796  9 54763.61820747 15.466
 74  86.730217  67.080624     7.588     5.115 14 54798.61819659 21.866
 75  86.742816  67.083245    30.131    32.948 11 54833.61819883  9.306
 76  86.732981  67.080446    28.153    29.272 15 54868.61819292  9.359
 77  86.745915  67.086294    36.699    36.082  8 54903.61820876  5.570
 78  86.737597  67.080748    33.238    35.211 14 54938.61818374  5.824
 79  86.738836  67.082419     6.751     6.684 12 54973.61821541 22.196
 80  86.732653  67.092783    25.407    23.420  5 55008.61823210 17.982
 81  86.739956  67.083774    17.131    16.857 11 55043.61821996 12.049
 82  86.743273  67.089696    17.774    15.783  7 55078.61819848 11.852
 83  86.731591  67.086584    21.918    19.305  9 55113.61815298 12.844
 84  86.740816  67.083286     4.773     1.027 11 55148.61815265 24.903
 85  86.734487  67.078347    27.074    28.596 15 55183.61813357 13.148
 86  86.748273  67.079979    39.246    38.609  8 55218.61814961  8.876
 87  86.736943  67.080414    31.233    32.449 14 55253.61812980 10.027
 88  86.746198  67.087759    37.999    38.722  8 55288.61814115  8.039
 89  86.745626  67.078046    31.757    34.816  8 55323.61811692 12.133
 90  86.731742  67.093206    25.736    26.242  4 55358.61811842 14.128
 91  86.734454  67.083172    19.213    19.056 11 55393.61812005 16.362
 92  86.729547  67.093389    27.373    27.062  5 55428.61813450 12.226
 93  86.748229  67.089593    28.324    30.298  7 55463.61809662 14.554
