# NaN NaN NaN ;Mean Elev.(m), Avg Gradient(m/km), RMS Gradient(m/km) - SRTM1     
#  -12.510  -3.032   6.659 ;Mean Elev.(m), Avg Gradient(m/km), RMS Gradient(m/km) - ASTER GDEM
#    1.000  -3.140   5.090 ;Mean Elev.(m), Avg Gradient(m/km), RMS Gradient(m/km) - GMTED2010 
  6    16.446 52420.23336290 39.71  86.694198  67.062935 40.645
  6    16.460 52420.23336355 39.95  86.690738  67.059865 40.645
  6    16.406 52420.23336419 35.48  86.687278  67.056795 40.645
  6    16.377 52420.23336484 38.33  86.683818  67.053735 40.645
  6    16.401 52420.23336548 33.73  86.680368  67.050665 40.645
  6    16.434 52420.23336613 40.14  86.676908  67.047595 40.645
  6    16.407 52420.23336677 35.02  86.673458  67.044535 40.645
  6    16.421 52420.23336742 31.11  86.669998  67.041465 40.645
  7    16.771 52455.23338541 21.11  86.696484  67.070976  9.070
  7    16.759 52455.23338605 17.52  86.693024  67.067906  9.070
  7    16.900 52455.23338670 18.08  86.689564  67.064836  9.070
  7    16.398 52455.23338734 17.87  86.686104  67.061776  9.070
  7    16.458 52455.23338799 15.17  86.682654  67.058706  9.070
  7    16.524 52455.23338863 14.34  86.679194  67.055636  9.070
  7    16.420 52455.23338927 15.82  86.675734  67.052576  9.070
  7     5.794 52455.23338992 19.25  86.672284  67.049506  9.070
  7     6.169 52455.23339056 23.14  86.668834  67.046436  9.070
  8    15.854 52490.23336179 24.94  86.695735  67.064112 13.300
  8    16.589 52490.23336244 21.18  86.692285  67.061042 12.777
  8    16.363 52490.23336308 20.86  86.688825  67.057972 12.777
  8    17.457 52490.23336373 15.20  86.685365  67.054912 12.777
  8    17.879 52490.23336437 12.96  86.681915  67.051842 12.777
  8    17.592 52490.23336502 13.76  86.678455  67.048772 12.777
  8    16.764 52490.23336566 15.23  86.675005  67.045702 12.777
  8     2.446 52490.23336631 17.24  86.671555  67.042642 12.777
  9    18.964 52525.23333732 12.67  86.699550  67.081187  8.359
  9    18.698 52525.23333796 14.63  86.696090  67.078117  8.359
  9    18.427 52525.23333861 12.62  86.692630  67.075047  8.359
  9    17.706 52525.23333925 14.87  86.689170  67.071987  8.359
  9    17.454 52525.23333990 14.01  86.685710  67.068917  8.359
  9    16.988 52525.23334054 14.99  86.682260  67.065847  8.359
  9    16.423 52525.23334119 14.63  86.678800  67.062777  8.359
  9    15.787 52525.23334183 14.41  86.675340  67.059717  8.359
  9    15.790 52525.23334248 14.09  86.671890  67.056647  8.359
  9    16.006 52525.23334312 13.63  86.668430  67.053577  8.359
  9    15.745 52525.23334376 14.71  86.664976  67.050508 13.400
 10    15.232 52560.23339021 23.22  86.693909  67.059660  9.273
 10    14.713 52560.23339085 20.92  86.690449  67.056590  9.273
 10    15.024 52560.23339150 20.03  86.686999  67.053530  9.273
 10    15.035 52560.23339214 16.69  86.683537  67.050461  7.458
 10    13.572 52560.23339279 16.76  86.680087  67.047391  7.458
 10    11.752 52560.23339343 17.61  86.676627  67.044331  7.458
 10    10.847 52560.23339407 17.47  86.673177  67.041261  7.458
 11    -0.330 52595.23339395 22.72  86.700830  67.078197  3.762
 11    -0.213 52595.23339459 22.30  86.697370  67.075137  3.762
 11     0.036 52595.23339524 21.91  86.693910  67.072067  3.762
 11     0.024 52595.23339588 21.70  86.690450  67.068997  3.762
 11    14.427 52595.23339653 21.26  86.686990  67.065937  3.762
 11    14.160 52595.23339717 21.02  86.683530  67.062867  3.762
 11     0.151 52595.23339782 20.89  86.680074  67.059799  4.477
 11    12.516 52595.23339846 20.51  86.676624  67.056729  4.477
 11     0.264 52595.23339911 21.45  86.673164  67.053659  4.477
 11     0.198 52595.23339975 20.84  86.669714  67.050599  4.477
 11     0.104 52595.23340039 21.04  86.666254  67.047529  4.477
 12    13.771 52630.23333232 13.24  86.693149  67.050752  2.494
 12    13.333 52630.23333297 13.11  86.689689  67.047682  2.494
 12    12.151 52630.23333361 13.11  86.686229  67.044622  2.494
 12    10.700 52630.23333426 13.71  86.682779  67.041552  2.494
 12     1.057 52630.23333490 13.60  86.679329  67.038482  2.494
 12     6.148 52630.23333555 13.11  86.675869  67.035422  2.494
 14    13.217 52700.23333397 11.56  86.695747  67.046878  2.444
 14    11.537 52700.23333461 11.72  86.692287  67.043808  2.444
 14    10.905 52700.23333526 11.71  86.688837  67.040738  2.444
 14     9.826 52700.23333590 12.18  86.685377  67.037668  2.444
 14     8.655 52700.23333655 11.76  86.681927  67.034608  2.444
 14     7.702 52700.23333719 11.20  86.678477  67.031538  2.444
 15    15.213 52735.23336318 11.96  86.694064  67.064652  3.307
 15    14.032 52735.23336383 11.80  86.690604  67.061592  3.307
 15    13.469 52735.23336447 11.19  86.687144  67.058522  3.307
 15    14.117 52735.23336512 10.48  86.683694  67.055452  3.307
 15    13.549 52735.23336576 10.51  86.680234  67.052392  3.307
 15    11.719 52735.23336641 11.18  86.676784  67.049322  3.307
 15    10.732 52735.23336705 10.75  86.673334  67.046252  3.307
 15     1.327 52735.23336770 11.42  86.669874  67.043192  3.307
 16     1.104 52770.23334649 45.23  86.699230  67.082552 36.745
 16     1.235 52770.23334714 43.69  86.695770  67.079482 36.745
 16     1.029 52770.23334778 48.25  86.692310  67.076412 36.745
 16     1.172 52770.23334843 40.73  86.688850  67.073352 36.745
 16     1.166 52770.23334907 43.74  86.685390  67.070282 36.745
 16     1.156 52770.23334972 40.96  86.681930  67.067212 36.745
 16     0.906 52770.23335036 36.28  86.678480  67.064142 36.745
 16     0.888 52770.23335101 33.28  86.675020  67.061082 36.745
 16     0.825 52770.23335165 30.70  86.671570  67.058012 36.745
 16     0.880 52770.23335229 28.04  86.668110  67.054942 36.745
 16     1.094 52770.23335294 29.79  86.664660  67.051882 36.745
 17    18.136 52805.23338979 22.41  86.692611  67.051077 11.244
 17    18.119 52805.23339043 20.71  86.689151  67.048007 11.244
 17    18.566 52805.23339108 15.47  86.685701  67.044947 11.244
 17    18.146 52805.23339172 14.59  86.682241  67.041877 11.244
 17    18.006 52805.23339236 13.04  86.678791  67.038807 11.244
 17    17.275 52805.23339301 12.98  86.675331  67.035747 11.244
 18    15.544 52840.23345055 24.99  86.692105  67.053075 15.443
 18    18.655 52840.23345120 14.32  86.688655  67.050005 15.443
 18    17.413 52840.23345184 15.53  86.685195  67.046935 15.443
 18     2.464 52840.23345249 16.72  86.681745  67.043865 15.443
 18     2.864 52840.23345313 17.65  86.678285  67.040805 15.443
 18     3.228 52840.23345378 19.90  86.674835  67.037735 15.443
 19     1.297 52875.23348879 45.90  86.692541  67.058315 23.375
 19     1.243 52875.23348943 45.91  86.689081  67.055245 23.375
 19     1.171 52875.23349007 47.08  86.685631  67.052185 23.375
 19     1.166 52875.23349072 47.28  86.682171  67.049115 23.375
 19     1.136 52875.23349136 45.99  86.678721  67.046045 23.375
 19     1.130 52875.23349201 46.21  86.675261  67.042975 23.375
 19     1.094 52875.23349265 45.02  86.671811  67.039915 23.375
 20     1.794 52910.23345730 47.34  86.696216  67.069028 20.479
 20     1.715 52910.23345794 47.54  86.692756  67.065968 20.479
 20     1.736 52910.23345859 45.47  86.689306  67.062898 20.479
 20     1.752 52910.23345923 47.66  86.685846  67.059828 20.479
 20     1.785 52910.23345988 49.95  86.682386  67.056758 20.479
 20     1.735 52910.23346052 50.04  86.678936  67.053698 20.479
 20     1.612 52910.23346117 51.66  86.675486  67.050628 20.479
 20     1.735 52910.23346181 50.51  86.672026  67.047558 20.479
 20     1.614 52910.23346245 50.60  86.668581  67.044489 17.215
 21    13.644 52945.23340385 30.28  86.697624  67.046482 12.376
 21     0.771 52945.23340449 30.38  86.694164  67.043412 12.376
 21     0.751 52945.23340514 37.59  86.690714  67.040342 12.376
 21     0.659 52945.23340578 32.61  86.687254  67.037272 12.376
 21     0.752 52945.23340643 31.44  86.683804  67.034212 12.376
 21     0.700 52945.23340707 32.53  86.680354  67.031142 12.376
 23    11.657 53015.23344305 13.79  86.700420  67.078580  3.063
 23    12.160 53015.23344369 14.03  86.696960  67.075510  3.063
 23    14.645 53015.23344434 13.29  86.693500  67.072450  3.063
 23    13.094 53015.23344498 13.45  86.690040  67.069380  3.063
 23    14.640 53015.23344562 13.00  86.686580  67.066310  3.063
 23    13.624 53015.23344627 13.15  86.683120  67.063240  3.063
 23    14.015 53015.23344691 12.69  86.679670  67.060180  3.063
 23    13.887 53015.23344756 12.67  86.676210  67.057110  3.063
 23    14.060 53015.23344820 12.22  86.672760  67.054040  3.063
 23    13.476 53015.23344885 12.58  86.669297  67.050974  2.415
 23    11.729 53015.23344949 12.49  86.665847  67.047904  2.415
 24    14.200 53050.23342226 15.00  86.694392  67.052752  3.497
 24    14.149 53050.23342290 14.88  86.690942  67.049682  3.497
 24    13.767 53050.23342355 14.59  86.687482  67.046612  3.497
 24     1.158 53050.23342419 14.69  86.684032  67.043552  3.497
 24    11.835 53050.23342483 15.13  86.680572  67.040482  3.497
 24     1.280 53050.23342548 14.66  86.677122  67.037412  3.497
 24     1.293 53050.23342612 14.57  86.673672  67.034352  3.497
 25    11.591 53085.23345311 11.63  86.698835  67.082091  3.874
 25    14.252 53085.23345375 12.16  86.695375  67.079031  3.874
 25    14.458 53085.23345440 11.95  86.691915  67.075961  3.874
 25    14.130 53085.23345504 12.25  86.688455  67.072891  3.874
 25    12.244 53085.23345569 11.79  86.684995  67.069831  3.874
 25    14.446 53085.23345633 11.49  86.681535  67.066761  3.874
 25    14.343 53085.23345698 10.68  86.678075  67.063691  3.874
 25    14.108 53085.23345762 10.79  86.674625  67.060631  3.874
 25    13.908 53085.23345827 10.47  86.671167  67.057560  2.622
 25    13.924 53085.23345891  9.92  86.667717  67.054490  2.622
 25    13.413 53085.23345955 10.08  86.664257  67.051430  2.622
 26     1.169 53120.23342772 16.36  86.692927  67.057556  4.773
 26     1.458 53120.23342836 15.69  86.689476  67.054489  3.369
 26     1.564 53120.23342901 15.42  86.686016  67.051419  3.369
 26     1.394 53120.23342965 15.21  86.682556  67.048359  3.369
 26     1.552 53120.23343030 15.21  86.679106  67.045289  3.369
 26     1.611 53120.23343094 14.95  86.675646  67.042219  3.369
 26     1.461 53120.23343158 15.45  86.672196  67.039149  3.369
 27    16.865 53155.23347927 26.26  86.694122  67.065501 18.977
 27    15.851 53155.23347992 25.93  86.690672  67.062441 18.977
 27    15.903 53155.23348056 24.11  86.687207  67.059374 15.058
 27    15.621 53155.23348121 24.80  86.683757  67.056304 15.058
 27    14.572 53155.23348185 24.55  86.680297  67.053234 15.058
 27    14.693 53155.23348250 24.49  86.676837  67.050174 15.058
 27    14.559 53155.23348314 24.16  86.673387  67.047104 15.058
 27    14.612 53155.23348379 24.98  86.669927  67.044034 15.058
 28    16.549 53190.23347115 23.66  86.693112  67.057861 15.486
 28    16.374 53190.23347179 19.57  86.689662  67.054791 15.486
 28    18.268 53190.23347243 14.46  86.686202  67.051731 15.486
 28    17.365 53190.23347308 16.04  86.682752  67.048661 15.486
 28     4.629 53190.23347372 18.39  86.679292  67.045591 15.486
 28     5.675 53190.23347437 20.59  86.675842  67.042531 15.486
 28     5.629 53190.23347501 24.16  86.672392  67.039461 15.486
 29    16.204 53225.23347832 22.53  86.697570  67.069634 14.233
 29    15.505 53225.23347897 22.36  86.694110  67.066564 14.233
 29    15.514 53225.23347961 20.37  86.690650  67.063504 14.233
 29    16.072 53225.23348026 18.79  86.687190  67.060434 14.233
 29    15.961 53225.23348090 16.21  86.683740  67.057364 14.233
 29    15.967 53225.23348155 13.94  86.680280  67.054304 14.233
 29    15.353 53225.23348219 13.05  86.676828  67.051230 12.257
 29    12.037 53225.23348284 14.84  86.673368  67.048160 12.257
 29     6.888 53225.23348348 16.03  86.669918  67.045100 12.257
 30    17.752 53260.23345051 16.96  86.697876  67.082797  8.918
 30    17.588 53260.23345116 18.14  86.694416  67.079727  8.918
 30    15.449 53260.23345180 16.85  86.690956  67.076657  8.918
 30    17.472 53260.23345245 14.92  86.687496  67.073597  8.918
 30    17.421 53260.23345309 13.59  86.684036  67.070527  8.918
 30    16.038 53260.23345374 14.76  86.680576  67.067457  8.918
 30    16.261 53260.23345438 13.88  86.677116  67.064387  8.918
 30    15.641 53260.23345503 14.46  86.673666  67.061327  8.918
 30    15.466 53260.23345567 14.56  86.670206  67.058257  8.918
 30    15.627 53260.23345631 13.47  86.666756  67.055187  8.918
 30    16.673 53260.23345696 12.78  86.663302  67.052119 11.288
 31    15.470 53295.23348240 26.78  86.695598  67.065668 15.034
 31    15.270 53295.23348304 25.06  86.692138  67.062608 15.034
 31    14.632 53295.23348369 26.29  86.688678  67.059538 15.034
 31    13.261 53295.23348433 25.99  86.685218  67.056468 15.034
 31     2.231 53295.23348498 27.86  86.681768  67.053408 15.034
 31     2.120 53295.23348562 40.26  86.678308  67.050338 15.034
 31     2.064 53295.23348627 44.68  86.674858  67.047268 15.034
 31     2.055 53295.23348691 42.92  86.671398  67.044208 15.034
 31     2.106 53295.23348755 44.18  86.667948  67.041138 15.034
 32     1.406 53330.23345541 18.84  86.695144  67.065271  4.182
 32     1.625 53330.23345606 18.91  86.691684  67.062211  4.182
 32     1.637 53330.23345670 18.35  86.688224  67.059141  4.182
 32     1.911 53330.23345735 18.41  86.684774  67.056071  4.182
 32     2.205 53330.23345799 17.73  86.681314  67.053011  4.182
 32     2.238 53330.23345864 17.64  86.677864  67.049941  4.182
 32     2.102 53330.23345928 17.58  86.674404  67.046871  4.182
 32     2.167 53330.23345992 18.15  86.670954  67.043801  4.182
 35    14.783 53435.23341799 10.78  86.698966  67.075356  2.883
 35    14.656 53435.23341864 11.38  86.695516  67.072296  2.883
 35    14.813 53435.23341928 11.41  86.692056  67.069226  2.883
 35    14.866 53435.23341993 10.90  86.688596  67.066156  2.883
 35    14.639 53435.23342057 10.85  86.685136  67.063096  2.883
 35    14.438 53435.23342122 10.74  86.681686  67.060026  2.883
 35    14.261 53435.23342186 10.63  86.678226  67.056956  2.883
 35    12.536 53435.23342251 11.18  86.674766  67.053886  2.883
 35     1.254 53435.23342315 10.96  86.671316  67.050826  2.883
 35     4.112 53435.23342379 10.61  86.667866  67.047756  2.883
 36    15.105 53470.23346741 10.56  86.692470  67.056527  2.961
 36    14.622 53470.23346805 10.51  86.689010  67.053467  2.961
 36    13.755 53470.23346870 10.50  86.685560  67.050397  2.961
 36    12.766 53470.23346934 10.59  86.682100  67.047327  2.961
 36    10.797 53470.23346998 10.49  86.678650  67.044267  2.961
 36     5.733 53470.23347063 10.69  86.675190  67.041197  2.961
 36     6.367 53470.23347127 10.68  86.671740  67.038127  2.961
 38    16.757 53540.23350493 22.75  86.696849  67.069816 13.567
 38    17.019 53540.23350558 20.18  86.693389  67.066746 13.567
 38    16.906 53540.23350622 19.91  86.689929  67.063686 13.567
 38    16.824 53540.23350687 18.44  86.686469  67.060616 13.567
 38    16.877 53540.23350751 15.73  86.683019  67.057546 13.567
 38    16.579 53540.23350815 17.33  86.679559  67.054486 13.567
 38    15.143 53540.23350880 20.47  86.676099  67.051416 13.567
 38     6.037 53540.23350944 25.92  86.672649  67.048346 13.567
 38     6.327 53540.23351009 29.70  86.669199  67.045276 13.567
 39    17.800 53575.23349746 18.41  86.699200  67.078384  7.885
 39    18.060 53575.23349811 12.83  86.695740  67.075314  7.885
 39    16.425 53575.23349875 14.48  86.692280  67.072254  7.885
 39    16.329 53575.23349940 14.12  86.688820  67.069184  7.885
 39    15.643 53575.23350004 16.05  86.685360  67.066114  7.885
 39    15.631 53575.23350069 15.43  86.681900  67.063054  7.885
 39    15.714 53575.23350133 13.52  86.678440  67.059984  7.885
 39    15.573 53575.23350197 13.07  86.674990  67.056914  7.885
 39    15.345 53575.23350262 14.12  86.671530  67.053854  7.885
 39     1.955 53575.23350326 16.55  86.668080  67.050784  7.885
 39     2.061 53575.23350391 18.82  86.664630  67.047714  7.885
 40    14.779 53610.23344740 17.80  86.698064  67.083195  6.782
 40    17.664 53610.23344805 15.97  86.694604  67.080125  6.782
 40    17.497 53610.23344869 15.82  86.691144  67.077065  6.782
 40    15.914 53610.23344934 14.43  86.687684  67.073995  6.782
 40    16.147 53610.23344998 14.24  86.684234  67.070925  6.782
 40    15.402 53610.23345063 15.12  86.680774  67.067855  6.782
 40    15.246 53610.23345127 15.23  86.677314  67.064795  6.782
 40    15.516 53610.23345191 14.50  86.673864  67.061725  6.782
 40    15.200 53610.23345256 14.91  86.670404  67.058655  6.782
 40    15.299 53610.23345320 14.89  86.666954  67.055595  6.782
 40    15.045 53610.23345385 15.92  86.663494  67.052525  6.782
 41    17.965 53645.23345648 20.81  86.691968  67.051327 16.686
 41    18.534 53645.23345713 16.57  86.688508  67.048257 16.686
 41    18.449 53645.23345777 16.67  86.685048  67.045187 16.686
 41    17.208 53645.23345842 17.33  86.681598  67.042117 16.686
 41    16.410 53645.23345906 17.50  86.678138  67.039057 16.686
 41     5.650 53645.23345971 18.69  86.674688  67.035987 16.686
 42     1.639 53680.23346903 35.78  86.698298  67.076327 23.403
 42     1.782 53680.23346968 37.27  86.694838  67.073257 23.403
 42     1.731 53680.23347032 41.86  86.691378  67.070197 23.403
 42     1.772 53680.23347097 42.55  86.687918  67.067127 23.403
 42     1.577 53680.23347161 45.28  86.684458  67.064057 23.403
 42     1.623 53680.23347226 45.97  86.680998  67.060997 23.403
 42     1.643 53680.23347290 43.09  86.677548  67.057927 23.403
 42     1.620 53680.23347355 44.69  86.674088  67.054857 23.403
 42     1.730 53680.23347419 41.21  86.670628  67.051797 23.403
 42     1.649 53680.23347484 41.63  86.667178  67.048727 23.403
 43    -0.115 53715.23339727 17.13  86.698103  67.074848  3.049
 43     0.079 53715.23339792 16.45  86.694643  67.071778  3.049
 43     0.243 53715.23339856 16.02  86.691193  67.068708  3.049
 43     0.289 53715.23339921 15.51  86.687733  67.065638  3.049
 43     0.246 53715.23339985 15.85  86.684273  67.062578  3.049
 43     0.367 53715.23340049 15.34  86.680823  67.059508  3.049
 43     0.661 53715.23340114 14.97  86.677363  67.056438  3.049
 43     0.440 53715.23340178 15.30  86.673913  67.053378  3.049
 43     0.177 53715.23340243 14.97  86.670453  67.050308  3.049
 43     0.380 53715.23340307 14.71  86.667003  67.047238  3.049
 44    12.619 53750.23331890 12.13  86.695132  67.046370  3.278
 44    10.640 53750.23331955 12.08  86.691682  67.043300  3.278
 44     8.855 53750.23332019 12.46  86.688222  67.040240  3.278
 44     2.662 53750.23332084 12.06  86.684772  67.037170  3.278
 44     3.996 53750.23332148 12.02  86.681312  67.034100  3.278
 44     5.098 53750.23332213 12.17  86.677862  67.031040  3.278
 45    15.668 53785.23334604 11.57  86.694556  67.064828  2.915
 45    15.110 53785.23334668 11.69  86.691096  67.061768  2.915
 45    14.684 53785.23334732 10.75  86.687646  67.058698  2.915
 45    13.881 53785.23334797 11.06  86.684186  67.055628  2.915
 45    13.561 53785.23334861 10.91  86.680726  67.052568  2.915
 45    12.659 53785.23334926 11.30  86.677276  67.049498  2.915
 45    11.798 53785.23334990 11.01  86.673826  67.046428  2.915
 45     3.107 53785.23335055 11.09  86.670366  67.043358  2.915
 46    13.568 53820.23330128  9.97  86.699829  67.084247  2.463
 46    12.691 53820.23330192 10.38  86.696369  67.081177  2.463
 46    14.472 53820.23330257 10.29  86.692909  67.078107  2.463
 46    14.536 53820.23330321  9.89  86.689449  67.075037  2.463
 46    14.336 53820.23330386 10.01  86.685989  67.071977  2.463
 46    14.544 53820.23330450  9.88  86.682529  67.068907  2.463
 46    14.789 53820.23330515  9.02  86.679079  67.065837  2.463
 46    14.446 53820.23330579  9.11  86.675619  67.062777  2.463
 46    14.203 53820.23330644  9.04  86.672169  67.059707  2.463
 46    14.257 53820.23330708  9.72  86.668709  67.056637  2.463
 46    12.652 53820.23330773  9.51  86.665259  67.053567  2.463
 47    15.120 53855.23338963  9.95  86.693309  67.060843  3.164
 47    14.522 53855.23339028  9.75  86.689849  67.057773  3.164
 47    14.255 53855.23339092  9.40  86.686389  67.054703  3.164
 47    13.239 53855.23339157  9.37  86.682939  67.051643  3.164
 47    12.144 53855.23339221  9.08  86.679479  67.048573  3.164
 47     3.409 53855.23339286  9.78  86.676029  67.045503  3.164
 47     1.772 53855.23339350  9.64  86.672569  67.042433  3.164
 48    16.275 53890.23340056 46.25  86.694179  67.056401 27.411
 48    16.141 53890.23340120 35.44  86.690729  67.053341 27.411
 48    16.110 53890.23340185 29.99  86.687269  67.050271 27.411
 48    16.020 53890.23340249 26.32  86.683819  67.047201 27.411
 48    15.710 53890.23340314 26.03  86.680369  67.044131 27.411
 48    15.538 53890.23340378 26.16  86.676909  67.041071 27.411
 48    15.550 53890.23340443 26.38  86.673459  67.038001 27.411
 49    18.530 53925.23346129 16.93  86.701172  67.077245  8.897
 49    18.518 53925.23346194 18.11  86.697712  67.074175  8.897
 49    16.728 53925.23346258 19.66  86.694252  67.071115  8.897
 49    16.419 53925.23346323 17.97  86.690792  67.068045  8.897
 49    16.667 53925.23346387 15.72  86.687332  67.064975  8.897
 49    15.786 53925.23346452 19.11  86.683872  67.061915  8.897
 49    16.002 53925.23346516 15.03  86.680412  67.058845  8.897
 49    15.651 53925.23346581 14.43  86.676962  67.055775  8.897
 49    15.343 53925.23346645 14.14  86.673502  67.052705  8.897
 49    14.268 53925.23346710 15.89  86.670042  67.049645  8.897
 49     3.511 53925.23346774 19.58  86.666592  67.046575  8.897
 50    14.925 53960.23344931 18.94  86.698070  67.080840  9.480
 50    18.104 53960.23344996 14.56  86.694600  67.077770  9.480
 50    16.116 53960.23345060 13.45  86.691140  67.074700  9.480
 50    16.638 53960.23345124 13.00  86.687690  67.071640  9.480
 50    16.160 53960.23345189 11.89  86.684230  67.068570  9.480
 50    15.534 53960.23345253 12.73  86.680770  67.065500  9.480
 50    15.473 53960.23345318 12.93  86.677310  67.062440  9.480
 50    15.336 53960.23345382 13.11  86.673850  67.059370  9.480
 50    14.820 53960.23345447 13.90  86.670400  67.056300  9.480
 50     2.118 53960.23345511 16.81  86.666940  67.053240  9.480
 50     2.205 53960.23345576 20.69  86.663490  67.050170  9.480
 51    17.718 53995.23339132 29.84  86.699246  67.045992 12.680
 51    18.842 53995.23339196 20.11  86.695796  67.042922 12.680
 51    18.551 53995.23339261 13.05  86.692336  67.039862 12.680
 51    18.684 53995.23339325 13.19  86.688886  67.036792 12.680
 51     3.101 53995.23339390 14.72  86.685426  67.033722 12.680
 51     4.959 53995.23339454 15.50  86.681976  67.030662 12.680
 52     1.130 54030.23344675 41.34  86.692945  67.052136 26.798
 52     1.165 54030.23344740 42.23  86.689495  67.049076 26.798
 52     1.189 54030.23344804 44.92  86.686035  67.046006 26.798
 52     1.138 54030.23344869 48.64  86.682585  67.042936 26.798
 52     1.061 54030.23344933 46.58  86.679135  67.039866 26.798
 52     1.105 54030.23344998 47.37  86.675675  67.036806 26.798
 53    14.450 54065.23343821 15.32  86.694818  67.065736  3.345
 53    14.873 54065.23343885 14.83  86.691358  67.062666  3.345
 53    14.511 54065.23343950 14.33  86.687898  67.059606  3.345
 53    13.727 54065.23344014 14.28  86.684448  67.056536  3.345
 53    13.581 54065.23344079 13.86  86.680988  67.053466  3.345
 53     1.619 54065.23344143 14.07  86.677538  67.050406  3.345
 53     1.569 54065.23344208 14.06  86.674078  67.047336  3.345
 53     1.403 54065.23344272 14.40  86.670628  67.044266  3.345
 55    16.319 54135.23336589  7.46  86.692710  67.053525  3.036
 55    16.280 54135.23336653  6.64  86.689260  67.050465  3.036
 55    17.436 54135.23336718  6.84  86.685800  67.047395  3.036
 55    17.252 54135.23336782  6.74  86.682350  67.044325  3.036
 55    16.318 54135.23336847  6.54  86.678890  67.041255  3.036
 55    15.569 54135.23336911  6.56  86.675440  67.038195  3.036
 57    15.314 54205.23337015 24.89  86.694453  67.055385 16.956
 57     1.450 54205.23337079 27.74  86.690993  67.052315 16.956
 57     1.454 54205.23337144 26.38  86.687533  67.049245 16.956
 57     1.327 54205.23337208 22.19  86.684083  67.046185 16.956
 57     1.334 54205.23337273 19.85  86.680627  67.043115  4.446
 57     1.293 54205.23337337 18.80  86.677177  67.040045  4.446
 57     1.267 54205.23337402 18.52  86.673717  67.036985  4.446
 58    16.496 54240.23340249 32.23  86.693966  67.063011 26.858
 58    16.506 54240.23340313 33.52  86.690506  67.059941 26.858
 58    16.528 54240.23340378 33.96  86.687056  67.056871 26.858
 58    16.464 54240.23340442 32.99  86.683596  67.053801 26.858
 58    16.490 54240.23340507 33.55  86.680136  67.050741 26.858
 58    16.517 54240.23340571 30.97  86.676686  67.047671 26.858
 58    16.546 54240.23340636 30.00  86.673236  67.044601 26.858
 58    16.491 54240.23340700 28.36  86.669777  67.041534 32.215
 59    17.239 54275.23341849 22.51  86.693684  67.063825  9.191
 59    17.042 54275.23341913 20.78  86.690224  67.060755  9.191
 59    16.797 54275.23341978 21.22  86.686774  67.057685  9.191
 59    15.879 54275.23342042 22.91  86.683314  67.054615  9.191
 59     6.869 54275.23342106 24.53  86.679854  67.051555  9.191
 59     6.957 54275.23342171 27.19  86.676404  67.048485  9.191
 59     7.121 54275.23342235 28.52  86.672954  67.045415  9.191
 59     7.157 54275.23342300 31.15  86.669495  67.042348 18.663
 61     3.949 54345.23339272 34.78  86.698339  67.078441 22.322
 61     3.929 54345.23339337 43.65  86.694879  67.075381 22.322
 61     3.880 54345.23339401 46.79  86.691419  67.072311 22.322
 61     4.154 54345.23339466 45.60  86.687959  67.069241 22.322
 61     4.007 54345.23339530 44.55  86.684499  67.066181 22.322
 61     3.971 54345.23339595 43.67  86.681049  67.063111 22.322
 61     3.832 54345.23339659 45.39  86.677589  67.060041 22.322
 61     3.960 54345.23339724 44.18  86.674139  67.056971 22.322
 61     3.875 54345.23339788 42.99  86.670679  67.053911 22.322
 61     3.870 54345.23339853 43.27  86.667229  67.050841 22.322
 61     3.907 54345.23339917 43.55  86.663779  67.047771 22.322
 62    14.633 54380.23335771 28.35  86.692543  67.055575 17.353
 62    14.665 54380.23335835 22.83  86.689083  67.052505 17.353
 62    15.255 54380.23335900 20.95  86.685633  67.049445 17.353
 62    17.032 54380.23335964 17.85  86.682170  67.046375 10.293
 62    16.621 54380.23336029 15.76  86.678720  67.043305 10.293
 62    16.036 54380.23336093 17.16  86.675260  67.040245 10.293
 62     9.470 54380.23336158 19.65  86.671810  67.037175 10.293
 63     1.205 54415.23334244 23.09  86.697659  67.072184 14.112
 63     1.537 54415.23334308 22.29  86.694199  67.069114 14.112
 63     1.581 54415.23334373 22.24  86.690739  67.066044 14.112
 63     1.766 54415.23334437 22.21  86.687279  67.062984 14.112
 63     1.671 54415.23334502 23.04  86.683819  67.059914 14.112
 63     3.089 54415.23334566 24.30  86.680369  67.056844 14.112
 63     1.822 54415.23334631 24.85  86.676909  67.053774 14.112
 63     1.735 54415.23334695 25.44  86.673461  67.050710 21.577
 63     1.682 54415.23334760 25.78  86.670001  67.047640 21.577
 63     1.470 54415.23334824 26.85  86.666551  67.044580 21.577
 65    15.176 54485.23333979  9.64  86.692843  67.061004  2.702
 65    14.966 54485.23334044  9.49  86.689383  67.057944  2.702
 65    14.276 54485.23334108  8.82  86.685923  67.054874  2.702
 65    13.567 54485.23334173  8.96  86.682473  67.051804  2.702
 65    12.601 54485.23334237  8.88  86.679013  67.048744  2.702
 65    11.426 54485.23334302  9.32  86.675563  67.045674  2.702
 65    10.485 54485.23334366  9.33  86.672113  67.042604  2.702
 66    15.205 54520.23333886  9.16  86.694042  67.056254  2.611
 66    14.544 54520.23333951  9.52  86.690582  67.053184  2.611
 66    14.289 54520.23334015  9.05  86.687122  67.050114  2.611
 66    13.192 54520.23334080  9.39  86.683672  67.047054  2.611
 66    13.094 54520.23334144  9.78  86.680212  67.043984  2.611
 66    13.551 54520.23334209  9.81  86.676762  67.040914  2.611
 66    14.296 54520.23334273  9.98  86.673312  67.037844  2.611
 67    18.818 54555.23334787  8.56  86.699291  67.077227  2.905
 67    18.266 54555.23334851  8.37  86.695841  67.074167  2.905
 67    17.230 54555.23334916  8.51  86.692381  67.071097  2.905
 67    16.195 54555.23334980  8.63  86.688921  67.068027  2.905
 67    17.414 54555.23335044  8.15  86.685461  67.064967  2.905
 67    16.899 54555.23335109  8.09  86.682004  67.061895  2.112
 67    17.024 54555.23335173  7.97  86.678544  67.058825  2.112
 67    17.019 54555.23335238  8.17  86.675094  67.055765  2.112
 67    17.653 54555.23335302  8.03  86.671634  67.052695  2.112
 67    18.033 54555.23335367  8.11  86.668184  67.049625  2.112
 67    19.169 54555.23335431  8.19  86.664734  67.046555  2.112
 68    14.204 54590.23333386 10.84  86.693739  67.060515  3.081
 68    14.110 54590.23333450 10.69  86.690289  67.057445  3.081
 68    14.036 54590.23333515 10.55  86.686829  67.054385  3.081
 68    13.317 54590.23333579  9.89  86.683369  67.051315  3.081
 68    11.960 54590.23333644 10.08  86.679919  67.048245  3.081
 68     5.008 54590.23333708  9.60  86.676459  67.045185  3.081
 68     6.604 54590.23333773  9.83  86.673009  67.042115  3.081
 68     7.330 54590.23333837  9.73  86.669559  67.039045  3.081
 69    18.159 54625.23334881 22.30  86.697596  67.070113  7.394
 69    17.620 54625.23334946 22.08  86.694136  67.067053  7.394
 69    17.454 54625.23335010 21.11  86.690670  67.063985  5.725
 69    17.168 54625.23335074 21.05  86.687220  67.060915  5.725
 69    16.885 54625.23335139 20.63  86.683760  67.057855  5.725
 69    17.303 54625.23335203 19.27  86.680300  67.054785  5.725
 69    17.153 54625.23335268 18.30  86.676850  67.051715  5.725
 69    17.105 54625.23335332 17.98  86.673390  67.048645  5.725
 69    16.813 54625.23335397 18.37  86.669940  67.045585  5.725
 70    16.447 54660.23335780 22.17  86.695574  67.066568 11.638
 70    15.944 54660.23335845 21.29  86.692119  67.063502 15.609
 70    16.334 54660.23335909 18.96  86.688659  67.060432 15.609
 70    16.230 54660.23335974 17.91  86.685199  67.057362 15.609
 70    16.772 54660.23336038 14.20  86.681749  67.054302 15.609
 70    16.836 54660.23336103 13.18  86.678289  67.051232 15.609
 70    14.587 54660.23336167 15.35  86.674839  67.048162 15.609
 70     3.972 54660.23336232 19.04  86.671379  67.045102 15.609
 70     4.182 54660.23336296 21.20  86.667929  67.042032 15.609
 71     3.024 54695.23333492 49.48  86.698867  67.074212 22.734
 71     3.219 54695.23333556 49.38  86.695407  67.071152 22.734
 71     2.906 54695.23333621 49.31  86.691947  67.068082 22.734
 71     3.058 54695.23333685 49.12  86.688487  67.065012 22.734
 71     2.948 54695.23333750 48.98  86.685027  67.061952 22.734
 71     3.041 54695.23333814 48.76  86.681570  67.058879 27.272
 71     3.006 54695.23333879 49.93  86.678120  67.055809 27.272
 71     2.915 54695.23333943 49.98  86.674660  67.052749 27.272
 71     2.966 54695.23334008 50.18  86.671210  67.049679 27.272
 71     3.029 54695.23334072 49.40  86.667760  67.046609 27.272
 72    15.912 54730.23331479 24.58  86.692736  67.055751 17.606
 72    15.581 54730.23331544 17.28  86.689276  67.052691 17.606
 72    17.054 54730.23331608 18.39  86.685816  67.049621 17.606
 72     0.556 54730.23331673 19.10  86.682366  67.046551 17.606
 72     1.628 54730.23331737 19.49  86.678906  67.043491 17.606
 72     2.531 54730.23331802 18.50  86.675456  67.040421 17.606
 72     3.231 54730.23331866 18.42  86.672006  67.037351 17.606
 73    15.782 54765.23331526 17.06  86.694516  67.064941 11.616
 73    15.093 54765.23331590 18.90  86.691055  67.061876  9.220
 73    15.240 54765.23331655 16.43  86.687595  67.058806  9.220
 73    15.326 54765.23331719 14.34  86.684145  67.055736  9.220
 73    14.898 54765.23331784 14.73  86.680685  67.052676  9.220
 73    12.607 54765.23331848 15.12  86.677235  67.049606  9.220
 73     1.990 54765.23331913 15.62  86.673775  67.046536  9.220
 73     1.784 54765.23331977 16.47  86.670325  67.043466  9.220
 75    15.616 54835.23330598 12.79  86.695676  67.067368  4.305
 75    15.288 54835.23330662 12.27  86.692216  67.064308  4.305
 75    14.903 54835.23330726 12.39  86.688761  67.061239  2.226
 75    14.852 54835.23330791 11.98  86.685301  67.058169  2.226
 75    14.325 54835.23330855 11.81  86.681841  67.055099  2.226
 75    13.114 54835.23330920 12.25  86.678391  67.052039  2.226
 75    12.017 54835.23330984 12.17  86.674941  67.048969  2.226
 75     0.590 54835.23331049 12.06  86.671481  67.045899  2.226
 75     0.457 54835.23331113 11.58  86.668031  67.042839  2.226
 77     0.058 54905.23331264 11.72  86.697892  67.079475  3.187
 77     7.416 54905.23331329 11.68  86.694432  67.076415  3.187
 77    13.597 54905.23331393 12.06  86.690972  67.073345  3.187
 77    10.517 54905.23331458 11.73  86.687512  67.070275  3.187
 77    13.395 54905.23331522 11.22  86.684062  67.067215  3.187
 77    14.465 54905.23331587 11.18  86.680601  67.064145  2.532
 77    13.042 54905.23331651 11.08  86.677141  67.061075  2.532
 77    13.586 54905.23331716 10.74  86.673691  67.058005  2.532
 77    13.201 54905.23331780 11.01  86.670241  67.054945  2.532
 77    12.570 54905.23331844 10.85  86.666781  67.051875  2.532
 77    11.108 54905.23331909 10.51  86.663331  67.048805  2.532
 78    14.354 54940.23329743 10.55  86.692528  67.056648  2.721
 78    13.880 54940.23329807 10.49  86.689066  67.053578  2.450
 78    13.212 54940.23329872 10.16  86.685616  67.050508  2.450
 78    12.905 54940.23329936 10.55  86.682156  67.047448  2.450
 78     7.043 54940.23330001 10.64  86.678706  67.044378  2.450
 78     6.011 54940.23330065 10.84  86.675246  67.041308  2.450
 78     6.909 54940.23330130 10.70  86.671796  67.038238  2.450
 79     7.719 54975.23332570 41.33  86.695770  67.064415 42.862
 79     7.528 54975.23332635 36.63  86.692310  67.061345 42.862
 79     7.630 54975.23332699 35.15  86.688860  67.058275 42.862
 79     7.676 54975.23332764 37.85  86.685400  67.055215 42.862
 79     7.695 54975.23332828 40.55  86.681940  67.052145 42.862
 79     7.339 54975.23332893 28.37  86.678490  67.049075 42.862
 79     7.314 54975.23332957 28.65  86.675030  67.046005 42.862
 79     7.448 54975.23333021 33.06  86.671580  67.042945 42.862
 80    16.712 55010.23333637 23.07  86.696891  67.070772  8.331
 80    16.766 55010.23333702 20.62  86.693431  67.067702  8.331
 80    16.892 55010.23333766 19.17  86.689971  67.064642  8.331
 80    16.841 55010.23333831 17.67  86.686521  67.061573 17.374
 80    16.454 55010.23333895 16.42  86.683061  67.058503 17.374
 80    16.227 55010.23333960 16.82  86.679601  67.055433 17.374
 80     5.829 55010.23334024 20.33  86.676151  67.052373 17.374
 80     5.994 55010.23334089 25.46  86.672691  67.049303 17.374
 80     6.212 55010.23334153 29.90  86.669241  67.046233 17.374
 81    15.458 55045.23332866 22.00  86.693349  67.061978 12.046
 81    16.102 55045.23332931 20.00  86.689899  67.058908 12.046
 81    16.089 55045.23332995 16.73  86.686439  67.055838 12.046
 81    15.749 55045.23333060 13.70  86.682979  67.052778 12.046
 81    17.069 55045.23333124 13.77  86.679529  67.049708 12.046
 81     2.016 55045.23333189 14.99  86.676069  67.046638 12.046
 81     2.523 55045.23333253 16.34  86.672619  67.043578 12.046
 81     2.920 55045.23333318 18.81  86.669169  67.040508 12.046
 82    14.489 55080.23330083 19.48  86.697797  67.077125  9.103
 82    15.640 55080.23330148 15.24  86.694337  67.074055  9.103
 82    15.795 55080.23330212 16.19  86.690877  67.070995  9.103
 82    15.254 55080.23330277 16.95  86.687417  67.067925  9.103
 82    15.308 55080.23330341 14.47  86.683967  67.064855  9.103
 82    15.100 55080.23330406 16.00  86.680507  67.061795  9.103
 82    15.474 55080.23330470 13.04  86.677053  67.058721  8.082
 82    15.221 55080.23330535 12.23  86.673593  67.055651  8.082
 82    15.645 55080.23330599 10.78  86.670143  67.052591  8.082
 82    15.221 55080.23330663 10.99  86.666693  67.049521  8.082
 83    15.949 55115.23326146 26.24  86.694887  67.058922  9.498
 83    16.141 55115.23326210 22.90  86.691427  67.055852  9.498
 83    17.394 55115.23326275 18.36  86.687977  67.052792  9.498
 83    18.279 55115.23326339 13.77  86.684517  67.049722  9.498
 83    18.031 55115.23326404 12.28  86.681067  67.046652  9.498
 83    17.838 55115.23326468 11.90  86.677607  67.043592  9.498
 83    17.078 55115.23326533 12.38  86.674157  67.040522  9.498
 83    16.042 55115.23326597 13.03  86.670707  67.037452  9.498
 84    12.830 55150.23325915 22.58  86.696193  67.068520  4.214
 84    14.869 55150.23325980 21.98  86.692733  67.065460  4.214
 84    13.156 55150.23326044 21.96  86.689273  67.062393  3.986
 84    14.315 55150.23326109 22.07  86.685813  67.059323  3.986
 84    13.347 55150.23326173 22.06  86.682363  67.056253  3.986
 84    13.134 55150.23326238 21.95  86.678903  67.053193  3.986
 84     0.123 55150.23326302 22.34  86.675453  67.050123  3.986
 84     0.115 55150.23326367 22.48  86.671993  67.047053  3.986
 84    -0.015 55150.23326431 22.18  86.668543  67.043993  3.986
 85    15.010 55185.23324632 14.10  86.694055  67.055480  2.437
 85    15.278 55185.23324696 14.08  86.690595  67.052410  2.437
 85    14.515 55185.23324761 14.10  86.687135  67.049340  2.437
 85    13.575 55185.23324825 13.79  86.683685  67.046270  2.437
 85    12.632 55185.23324890 14.39  86.680225  67.043210  2.437
 85    11.939 55185.23324954 14.61  86.676775  67.040140  2.437
 85     1.542 55185.23325018 13.94  86.673325  67.037070  2.437
 86    14.643 55220.23325671 13.08  86.696709  67.070966  3.781
 86    15.146 55220.23325735 13.51  86.693249  67.067896  3.781
 86    15.037 55220.23325800 13.15  86.689789  67.064836  3.781
 86    14.777 55220.23325864 13.37  86.686340  67.061768  3.710
 86    14.094 55220.23325929 13.70  86.682880  67.058698  3.710
 86    13.770 55220.23325993 13.65  86.679420  67.055628  3.710
 86     1.449 55220.23326058 14.48  86.675970  67.052568  3.710
 86     1.388 55220.23326122 14.33  86.672510  67.049498  3.710
 86     1.544 55220.23326186 14.48  86.669060  67.046428  3.710
 87     0.878 55255.23324279 12.58  86.691525  67.054410  2.473
 87    13.172 55255.23324343 12.48  86.688065  67.051340  2.473
 87     1.533 55255.23324407 12.25  86.684615  67.048280  2.473
 87     1.609 55255.23324472 12.26  86.681155  67.045210  2.473
 87     1.368 55255.23324536 12.76  86.677705  67.042140  2.473
 87     0.871 55255.23324601 12.94  86.674255  67.039070  2.473
 88     1.380 55290.23324446 13.38  86.697733  67.078583  3.211
 88     1.185 55290.23324510 13.98  86.694273  67.075513  3.211
 88     1.101 55290.23324575 13.08  86.690813  67.072453  3.211
 88     0.937 55290.23324639 13.17  86.687353  67.069383  3.211
 88    12.004 55290.23324704 12.71  86.683893  67.066313  3.211
 88     1.360 55290.23324768 12.31  86.680443  67.063253  3.211
 88     1.569 55290.23324833 12.20  86.676981  67.060178  2.085
 88    13.139 55290.23324897 12.18  86.673531  67.057118  2.085
 88     1.194 55290.23324962 12.06  86.670071  67.054048  2.085
 88     1.119 55290.23325026 11.93  86.666621  67.050978  2.085
 89    13.434 55325.23322599 10.04  86.696663  67.067792  5.901
 89    13.562 55325.23322664  9.34  86.693203  67.064732  5.901
 89    13.930 55325.23322728  8.62  86.689738  67.061664  5.474
 89    13.777 55325.23322792  8.67  86.686288  67.058594  5.474
 89    13.959 55325.23322857  8.68  86.682828  67.055524  5.474
 89    13.272 55325.23322921  8.44  86.679368  67.052464  5.474
 89    12.702 55325.23322986  8.53  86.675918  67.049394  5.474
 89    10.315 55325.23323050  8.55  86.672458  67.046324  5.474
 89     3.109 55325.23323115  9.11  86.669008  67.043264  5.474
 90    18.016 55360.23322289 24.90  86.697916  67.071646  9.313
 90    16.903 55360.23322354 23.55  86.694456  67.068576  9.313
 90    16.977 55360.23322418 22.74  86.690996  67.065516  9.313
 90    16.953 55360.23322482 20.58  86.687542  67.062448  6.516
 90    16.842 55360.23322547 18.45  86.684082  67.059378  6.516
 90    17.081 55360.23322611 16.66  86.680622  67.056318  6.516
 90    16.991 55360.23322676 15.26  86.677172  67.053248  6.516
 90    17.182 55360.23322740 13.96  86.673722  67.050178  6.516
 90    16.843 55360.23322805 13.65  86.670262  67.047108  6.516
 90    16.453 55360.23322869 13.40  86.666812  67.044048  6.516
 91    16.309 55395.23323075 23.57  86.692800  67.057445 13.344
 91    16.424 55395.23323139 18.75  86.689340  67.054385 13.344
 91    18.039 55395.23323204 15.09  86.685890  67.051315 13.344
 91    17.769 55395.23323268 15.67  86.682430  67.048245 13.344
 91     5.130 55395.23323333 17.13  86.678970  67.045185 13.344
 91     5.453 55395.23323397 19.21  86.675520  67.042115 13.344
 91     5.392 55395.23323462 21.62  86.672070  67.039045 13.344
 92    16.435 55430.23323996 22.39  86.694373  67.062542 15.458
 92    16.067 55430.23324061 22.17  86.690919  67.059473 13.448
 92    16.214 55430.23324125 19.04  86.687459  67.056403 13.448
 92    17.820 55430.23324189 14.06  86.684009  67.053333 13.448
 92    17.541 55430.23324254 14.46  86.680549  67.050273 13.448
 92     2.134 55430.23324318 15.97  86.677099  67.047203 13.448
 92     2.324 55430.23324383 18.03  86.673639  67.044133 13.448
 92     2.520 55430.23324447 20.55  86.670189  67.041073 13.448
 93    14.304 55465.23319914 26.51  86.696044  67.077023 21.634
 93     0.598 55465.23319979 26.85  86.692584  67.073953 21.634
 93     2.450 55465.23320108 35.95  86.685674  67.067823 21.634
 93     2.436 55465.23320172 42.75  86.682214  67.064753 21.634
 93     3.151 55465.23320237 46.46  86.678754  67.061693 21.634
 93     2.630 55465.23320301 48.96  86.675299  67.058619 16.368
 93     2.591 55465.23320366 46.69  86.671849  67.055549 16.368
 93     2.487 55465.23320430 43.61  86.668399  67.052489 16.368
 93     2.392 55465.23320494 44.49  86.664939  67.049419 16.368
