-140796.731    50.000     0.00    0.00
-140421.736    50.000     0.00    0.00
-140046.826    50.000     0.00    0.00
-139672.001    50.000     0.00    0.00
-139297.261    50.000     0.00    0.00
-138922.605    50.000     0.00    0.00
-138548.035    50.000     0.00    0.00
-138173.549    50.000     0.00    0.00
-137799.148    50.000     0.00    0.00
-137424.831    50.000     0.00    0.00
-137050.598    50.000     0.00    0.00
-136676.451    50.000     0.00    0.00
-136302.387    50.000     0.00    0.00
-135928.408    50.000     0.00    0.00
-135554.513    50.000     0.00    0.00
-135180.702    50.000     0.00    0.00
-134806.976    50.000     0.00    0.00
-134433.334    50.000     0.00    0.00
-134059.775    50.000     0.00    0.00
-133686.301    50.000     0.00    0.00
-133312.911    50.000     0.00    0.00
-132939.604    50.000     0.00    0.00
-132566.381    50.000     0.00    0.00
-132193.242    50.000     0.00    0.00
-131820.187    50.000     0.00    0.00
-131447.216    50.000     0.00    0.00
-131074.328    50.000     0.00    0.00
-130701.523    50.000     0.00    0.00
-130328.803    50.000     0.00    0.00
-129956.165    50.000     0.00    0.00
-129583.611    50.000     0.00    0.00
-129211.140    50.000     0.00    0.00
-128838.753    50.000     0.00    0.00
-128466.449    50.000     0.00    0.00
-128094.228    50.000     0.00    0.00
-127722.090    50.000     0.00    0.00
-127350.035    50.000     0.00    0.00
-126978.063    50.000     0.00    0.00
-126606.174    50.000     0.00    0.00
-126234.368    50.000     0.00    0.00
-125862.644    50.000     0.00    0.00
-125491.004    50.000     0.00    0.00
-125119.446    50.000     0.00    0.00
-124747.971    50.000     0.00    0.00
-124376.579    50.000     0.00    0.00
-124005.269    50.000     0.00    0.00
-123634.041    50.000     0.00    0.00
-123262.896    50.000     0.00    0.00
-122891.834    50.000     0.00    0.00
-122520.853    50.000     0.00    0.00
-122149.956    50.000     0.00    0.00
-121779.140    50.000     0.00    0.00
-121408.406    50.000     0.00    0.00
-121037.755    50.000     0.00    0.00
-120667.186    50.000     0.00    0.00
-120296.698    50.000     0.00    0.00
-119926.293    50.000     0.00    0.00
-119555.969    50.000     0.00    0.00
-119185.728    50.000     0.00    0.00
-118815.568    50.000     0.00    0.00
-118445.490    50.000     0.00    0.00
-118075.494    50.000     0.00    0.00
-117705.579    50.000     0.00    0.00
-117335.746    50.000     0.00    0.00
-116965.994    50.000     0.00    0.00
-116596.324    50.000     0.00    0.00
-116226.736    50.000     0.00    0.00
-115857.228    50.000     0.00    0.00
-115487.803    50.000     0.00    0.00
-115118.458    50.000     0.00    0.00
-114749.194    50.000     0.00    0.00
-114380.012    50.000     0.00    0.00
-114010.911    50.000     0.00    0.00
-113641.891    50.000     0.00    0.00
-113272.952    50.000     0.00    0.00
-112904.094    50.000     0.00    0.00
-112535.316    50.000     0.00    0.00
-112166.620    50.000     0.00    0.00
-111798.004    50.000     0.00    0.00
-111429.469    50.000     0.00    0.00
-111061.015    50.000     0.00    0.00
-110692.642    50.000     0.00    0.00
-110324.349    50.000     0.00    0.00
-109956.136    50.000     0.00    0.00
-109588.004    50.000     0.00    0.00
-109219.953    50.000     0.00    0.00
-108851.981    50.000     0.00    0.00
-108484.091    50.000     0.00    0.00
-108116.280    50.000     0.00    0.00
-107748.550    50.000     0.00    0.00
-107380.900    50.000     0.00    0.00
-107013.329    50.000     0.00    0.00
-106645.839    50.000     0.00    0.00
-106278.429    50.000     0.00    0.00
-105911.099    50.000     0.00    0.00
-105543.849    50.000     0.00    0.00
-105176.679    50.000     0.00    0.00
-104809.589    50.000     0.00    0.00
-104442.578    50.000     0.00    0.00
-104075.647    50.000     0.00    0.00
-103708.795    50.000     0.00    0.00
-103342.024    50.000     0.00    0.00
-102975.332    50.000     0.00    0.00
-102608.719    50.000     0.00    0.00
-102242.186    50.000     0.00    0.00
-101875.732    50.000     0.00    0.00
-101509.357    50.000     0.00    0.00
-101143.062    50.000     0.00    0.00
-100776.846    50.000     0.00    0.00
-100410.709    50.000     0.00    0.00
-100044.651    50.000     0.00    0.00
 -99678.673    50.000     0.00    0.00
 -99312.773    50.000     0.00    0.00
 -98946.953    50.000     0.00    0.00
 -98581.211    50.000     0.00    0.00
 -98215.548    50.000     0.00    0.00
 -97849.964    50.000     0.00    0.00
 -97484.459    50.000     0.00    0.00
 -97119.033    50.000     0.00    0.00
 -96753.685    50.000     0.00    0.00
 -96388.416    50.000     0.00    0.00
 -96023.226    50.000     0.00    0.00
 -95658.114    50.000     0.00    0.00
 -95293.080    50.000     0.00    0.00
 -94916.756    50.000     0.00    0.00
 -94535.301    50.000     0.00    0.00
 -94153.933    50.000     0.00    0.00
 -93772.651    50.000     0.00    0.00
 -93391.457    50.000     0.00    0.00
 -93010.350    50.000     0.00    0.00
 -92629.330    50.000     0.00    0.00
 -92248.397    50.000     0.00    0.00
 -91867.550    50.000     0.00    0.00
 -91486.790    50.000     0.00    0.00
 -91106.117    50.000     0.00    0.00
 -90725.531    50.000     0.00    0.00
 -90345.031    50.000     0.00    0.00
 -89964.618    50.000     0.00    0.00
 -89584.291    50.000     0.00    0.00
 -89204.051    50.000     0.00    0.00
 -88823.896    50.000     0.00    0.00
 -88443.829    50.901     2.37    2.56
 -88063.847    53.032     5.61    4.45
 -87683.952    55.950     7.68    5.07
 -87304.143    58.832     7.59    3.89
 -86924.419    59.347     1.36    2.89
 -86544.782    59.577     0.61    3.17
 -86165.231    59.960     1.01    3.97
 -85785.766    59.417    -1.43    5.36
 -85406.386    57.650    -4.66    6.37
 -85027.093    54.794    -7.53    6.02
 -84647.885    52.061    -7.21    4.28
 -84268.763    50.588    -3.89    2.15
 -83889.726    50.020    -1.50    0.20
 -83510.775    50.000    -0.05    0.00
 -83131.909    50.000     0.00    0.00
 -82753.129    50.000     0.00    0.00
 -82374.434    50.000     0.00    0.00
 -81995.825    50.000     0.00    0.00
 -81617.300    50.000     0.00    0.00
 -81238.861    50.000     0.00    0.00
 -80860.507    50.000     0.00    0.00
 -80482.239    50.000     0.00    0.00
 -80104.055    50.000     0.00    0.00
 -79725.956    50.194     0.51    1.14
 -79347.942    51.122     2.46    2.83
 -78970.013    52.010     2.35    3.70
 -78592.169    52.500     1.30    4.09
 -78214.410    52.347    -0.41    3.97
 -77836.735    51.732    -1.63    3.54
 -77459.145    50.838    -2.37    2.58
 -77081.640    50.268    -1.51    1.33
 -76704.219    50.220    -0.13    1.23
 -76326.882    50.708     1.29    2.25
 -75949.630    50.667    -0.11    2.11
 -75572.463    51.522     2.27    3.14
 -75195.379    52.163     1.70    3.70
 -74818.380    53.116     2.53    4.14
 -74441.465    53.560     1.18    4.29
 -74064.635    52.957    -1.60    4.14
 -73687.888    51.960    -2.65    3.64
 -73311.225    50.989    -2.58    2.75
 -72934.647    50.300    -1.83    1.43
 -72558.152    50.542     0.64    2.27
 -72181.741    50.663     0.32    2.60
 -71805.414    50.667     0.01    2.68
 -71429.171    50.430    -0.63    1.75
 -71053.011    50.286    -0.38    1.44
 -70676.935    50.041    -0.65    0.40
 -70300.943    50.051     0.03    0.51
 -69925.034    50.152     0.27    1.06
 -69549.209    50.384     0.62    1.62
 -69173.467    50.358    -0.07    1.63
 -68797.808    50.202    -0.41    1.12
 -68422.233    50.010    -0.51    0.10
 -68046.741    50.000    -0.03    0.00
 -67671.332    50.000     0.00    0.00
 -67296.007    50.000     0.00    0.00
 -66920.764    50.000     0.00    0.00
 -66545.605    50.000     0.00    0.00
 -66170.528    50.000     0.00    0.00
 -65795.535    50.000     0.00    0.00
 -65420.624    50.000     0.00    0.00
 -65045.796    50.000     0.00    0.00
 -64671.051    51.072     2.86    2.88
 -64296.389    53.270     5.87    4.36
 -63921.809    55.312     5.45    4.53
 -63547.312    57.707     6.39    3.55
 -63172.898    59.162     3.89    2.11
 -62798.566    60.110     2.53    2.08
 -62424.316    60.866     2.02    2.92
 -62050.149    62.247     3.69    4.62
 -61676.064    63.812     4.18    5.65
 -61302.061    66.093     6.10    7.25
 -60928.141    68.424     6.24    8.98
 -60554.303    71.696     8.75   10.58
 -60180.547    73.650     5.23   10.46
 -59806.873    77.457    10.19   10.42
 -59433.281    81.449    10.68    9.98
 -59059.771    84.798     8.97    8.69
 -58686.343    88.408     9.67    6.44
 -58312.997    90.354     5.21    5.08
 -57939.733    91.980     4.36    4.35
 -57566.550    93.670     4.53    4.18
 -57193.449    96.937     8.76    6.12
 -56820.430   100.796    10.35    6.66
 -56447.492   104.857    10.89    6.28
 -56074.636   109.041    11.22    3.87
 -55701.862   110.292     3.36    4.23
 -55329.168   110.929     1.71    4.73
 -54956.557   110.130    -2.14    5.79
 -54584.026   106.434    -9.92    7.53
 -54211.577   101.441   -13.41    8.61
 -53839.209    95.310   -16.47    7.66
 -53466.922    89.989   -14.29    5.97
 -53094.717    86.531    -9.29    4.32
 -52722.592    84.380    -5.78    3.26
 -52350.548    82.806    -4.23    1.76
 -51978.586    82.980     0.47    1.85
 -51606.704    82.750    -0.62    2.01
 -51234.903    81.840    -2.45    2.44
 -50863.183    81.511    -0.89    2.33
 -50491.544    81.694     0.49    2.53
 -50119.985    82.652     2.58    3.01
 -49748.507    83.310     1.77    2.99
 -49377.110    82.779    -1.43    3.39
 -49005.793    80.440    -6.30    4.70
 -48634.557    78.115    -6.26    3.74
 -48263.401    76.062    -5.53    3.65
 -47892.326    74.880    -3.19    3.19
 -47521.331    74.684    -0.53    2.88
 -47150.416    73.929    -2.04    2.79
 -46779.581    74.619     1.86    2.99
 -46408.827    75.500     2.38    3.21
 -46038.152    76.430     2.51    3.18
 -45667.558    76.000    -1.16    2.93
 -45297.044    76.043     0.11    2.50
 -44926.610    74.909    -3.06    3.23
 -44556.256    73.726    -3.19    3.51
 -44185.981    74.010     0.77    3.72
 -43815.787    73.133    -2.37    4.18
 -43445.672    72.292    -2.27    3.82
 -43075.637    72.010    -0.76    4.08
 -42705.682    71.064    -2.56    3.77
 -42335.806    71.133     0.19    3.72
 -41966.010    71.163     0.08    3.93
 -41596.293    68.030    -8.47    5.40
 -41226.656    65.271    -7.47    5.81
 -40857.098    63.330    -5.25    4.70
 -40487.620    62.113    -3.29    2.88
 -40118.221    62.273     0.43    3.86
 -39748.901    62.443     0.46    3.73
 -39379.661    64.104     4.50    4.55
 -39010.499    66.646     6.89    4.49
 -38641.417    68.714     5.60    4.48
 -38272.414    69.820     3.00    3.65
 -37903.490    69.383    -1.18    3.92
 -37534.644    67.286    -5.69    4.72
 -37165.878    64.926    -6.40    4.99
 -36797.191    63.622    -3.54    4.38
 -36428.582    63.918     0.80    4.55
 -36060.052    63.884    -0.09    4.93
 -35691.601    63.444    -1.19    5.23
 -35323.229    63.652     0.56    5.14
 -34954.935    63.141    -1.39    5.44
 -34586.719    63.681     1.47    5.74
 -34218.583    65.150     3.99    6.04
 -33850.524    66.800     4.48    5.77
 -33482.545    66.711    -0.24    6.29
 -33114.643    67.765     2.86    5.70
 -32746.820    67.526    -0.65    5.44
 -32379.075    67.704     0.48    5.02
 -32011.408    67.924     0.60    3.50
 -31643.820    67.212    -1.94    2.91
 -31276.309    67.280     0.18    2.55
 -30908.877    66.697    -1.59    2.67
 -30541.523    66.469    -0.62    2.65
 -30174.246    66.768     0.82    3.48
 -29807.048    64.545    -6.05    4.70
 -29439.927    62.802    -4.75    5.05
 -29072.885    60.475    -6.34    6.07
 -28705.920    56.848    -9.88    5.05
 -28339.032    54.663    -5.95    5.64
 -27972.223    52.720    -5.30    5.25
 -27605.491    51.378    -3.66    6.11
 -27238.837    48.398    -8.13    8.69
 -26872.260    42.842   -15.16   10.92
 -26505.761    39.694    -8.59    9.29
 -26139.339    37.826    -5.10    8.26
 -25772.994    39.620     4.90    8.92
 -25406.727    42.596     8.12    8.43
 -25040.537    45.265     7.29    7.78
 -24674.424    47.979     7.41    4.89
 -24308.389    49.344     3.73    4.52
 -23942.431    48.102    -3.39    6.27
 -23576.550    47.758    -0.94    7.32
 -23210.745    47.770     0.03    6.28
 -22845.018    47.424    -0.95    4.66
 -22479.368    48.242     2.24    3.97
 -22113.795    48.074    -0.46    4.53
 -21748.298    47.949    -0.34    5.59
 -21382.879    46.602    -3.69    7.01
 -21017.536    43.892    -7.42    8.11
 -20652.270    40.567    -9.10    8.24
 -20280.973    37.076    -9.40    7.72
 -19899.684    36.212    -2.27    7.44
 -19518.481    36.380     0.44    8.32
 -19137.362    35.485    -2.35    9.13
 -18756.327    34.044    -3.78    9.02
 -18375.378    30.887    -8.29    6.75
 -17994.513    26.533   -11.43    7.32
 -17613.733    22.343   -11.00    8.14
 -17233.037    19.761    -6.78    7.95
 -16852.426    18.735    -2.70    8.20
 -16471.900    21.110     6.24    7.70
 -16091.458    22.536     3.75    7.32
 -15711.100    21.202    -3.51    7.94
 -15330.826    20.051    -3.03    8.39
 -14950.637    18.564    -3.91    8.71
 -14570.532    17.010    -4.09    8.32
 -14190.511    16.879    -0.34    7.58
 -13810.574    16.837    -0.11    8.02
 -13430.721    17.085     0.65    8.35
 -13050.953    13.856    -8.50    9.91
 -12671.268     9.851   -10.55   10.28
 -12291.667     5.612   -11.17    8.70
 -11912.149     1.648   -10.44    4.60
 -11532.716     1.469    -0.47    4.06
 -11153.366     3.638     5.72    6.00
 -10774.100     4.776     3.00    6.05
 -10394.917     6.022     3.29    6.03
 -10015.818     5.459    -1.48    5.76
  -9636.803     3.656    -4.76    5.00
  -9257.871     1.979    -4.42    4.06
  -8879.022     0.065    -5.05    0.53
  -8500.256     0.000    -0.17    0.00
  -8121.574     0.000     0.00    0.00
  -7742.975     0.000     0.00    0.00
  -7364.459     0.000     0.00    0.00
  -6986.027     0.000     0.00    0.00
  -6607.677     0.000     0.00    0.00
  -6229.410     0.000     0.00    0.00
  -5851.227     0.000     0.00    0.00
  -5473.126     0.000     0.00    0.00
  -5095.108     0.000     0.00    0.00
  -4717.173     0.000     0.00    0.00
  -4339.320     0.000     0.00    0.00
  -3961.550     0.000     0.00    0.00
  -3583.863     0.000     0.00    0.00
  -3206.258     0.000     0.00    0.00
  -2828.736     0.000     0.00    0.00
  -2451.297     0.000     0.00    0.00
  -2073.939     0.000     0.00    0.00
  -1696.664     0.000     0.00    0.00
  -1319.472     0.000     0.00    0.00
   -942.361     0.000     0.00    0.00
   -565.333     0.000     0.00    0.00
   -188.387     0.551     1.46    2.38
    188.477     1.979     3.79    4.53
    565.259     3.340     3.61    5.23
    941.959     4.863     4.04    5.74
   1318.577     7.031     5.76    5.94
   1695.113     8.844     4.81    5.40
   2071.567    10.323     3.93    4.57
   2447.939    12.968     7.03    4.98
   2824.230    16.082     8.27    7.40
   3200.439    19.354     8.70    8.81
   3576.567    22.663     8.80    7.86
   3952.613    23.155     1.31    7.56
   4328.577    24.106     2.53    7.00
   4704.460    24.711     1.61    6.11
   5080.262    23.375    -3.56    6.72
   5455.982    23.385     0.03    6.63
   5831.621    20.667    -7.24    6.14
   6207.179    18.423    -5.98    5.26
   6582.655    19.511     2.90    5.65
   6958.051    22.103     6.91    6.41
   7333.365    24.793     7.17    5.90
   7708.598    25.970     3.13    4.79
   8083.750    26.522     1.47    4.09
   8458.822    28.031     4.02    3.96
   8833.812    28.944     2.44    3.79
   9208.722    30.396     3.87    3.44
   9583.551    31.130     1.96    3.12
   9958.299    29.479    -4.41    4.19
  10332.966    28.490    -2.64    4.52
  10707.553    27.865    -1.67    4.18
  11082.059    28.118     0.68    3.97
  11456.485    29.500     3.69    2.92
  11830.830    30.337     2.24    2.55
  12205.095    31.396     2.83    3.10
  12579.279    32.547     3.08    3.05
  12953.383    34.011     3.91    3.14
  13327.407    34.823     2.17    3.35
  13701.351    34.548    -0.73    3.97
  14075.214    34.557     0.02    4.41
  14448.997    34.354    -0.54    4.34
  14822.701    35.719     3.65    4.59
  15196.324    37.418     4.55    4.58
  15569.867    39.083     4.46    3.94
  15943.330    39.933     2.27    3.42
  16316.714    39.598    -0.90    3.41
  16690.018    38.516    -2.90    3.62
  17063.241    36.802    -4.59    3.63
  17436.386    34.234    -6.88    3.66
  17809.450    32.433    -4.83    3.08
  18182.435    32.118    -0.84    2.72
  18555.341    32.400     0.76    2.77
  18928.166    33.705     3.50    3.17
  19300.913    36.347     7.09    3.63
  19673.580    37.667     3.54    4.02
  20046.168    37.905     0.64    3.96
  20418.676    37.464    -1.18    4.10
  20791.105    34.804    -7.14    4.46
  21163.455    31.812    -8.03    4.20
  21535.726    30.185    -4.37    3.88
  21907.917    28.827    -3.65    2.71
  22280.030    29.089     0.71    2.19
  22652.063    28.863    -0.61    2.47
  23024.018    27.955    -2.44    2.44
  23395.893    27.825    -0.35    2.52
  23767.690    27.935     0.30    2.58
  24139.408    27.427    -1.37    3.07
  24511.048    26.691    -1.98    3.14
  24882.608    24.632    -5.54    4.09
  25254.090    23.021    -4.33    3.36
  25625.493    22.937    -0.23    2.90
  25996.818    22.368    -1.53    3.09
  26368.064    21.436    -2.51    3.77
  26739.232    19.531    -5.13    3.97
  27110.321    17.818    -4.62    3.43
  27481.332    18.447     1.69    3.87
  27852.265    19.944     4.04    4.30
  28223.119    21.474     4.13    4.35
  28593.895    23.938     6.64    4.94
  28964.593    26.274     6.30    5.74
  29335.213    29.579     8.92    6.14
  29705.755    32.543     8.00    4.19
  30076.218    34.396     5.00    3.16
  30446.604    34.213    -0.49    3.91
  30816.912    34.583     1.00    4.77
  31187.142    36.109     4.12    5.38
  31557.294    37.656     4.18    5.60
  31927.369    39.477     4.92    4.92
  32297.365    39.777     0.81    3.91
  32667.284    38.099    -4.54    4.75
  33037.125    35.240    -7.73    6.48
  33406.889    33.333    -5.16    6.29
  33776.575    29.833    -9.47    6.24
  34146.184    27.149    -7.26    6.39
  34515.715    22.432   -12.77    7.11
  34885.169    19.146    -8.89    5.67
  35254.546    17.865    -3.47    3.95
  35623.845    18.825     2.60    4.55
  35993.067    19.778     2.58    4.88
  36362.212    19.372    -1.10    5.26
  36731.279    17.545    -4.95    5.46
  37100.270    15.515    -5.50    4.53
  37469.183    13.935    -4.28    3.01
  37838.020    12.875    -2.88    2.03
  38206.779    13.385     1.38    2.10
  38575.462    13.915     1.44    2.65
  38944.067    15.094     3.20    3.85
  39312.596    17.187     5.68    4.47
  39681.048    18.670     4.03    4.81
  40049.424    20.424     4.76    4.25
  40417.722    21.583     3.15    5.68
  40785.945    22.789     3.27    6.75
  41154.090    25.208     6.57    8.62
  41522.159    25.747     1.46    9.20
  41890.151    25.990     0.66    9.65
  42258.068    24.617    -3.73    9.60
  42625.907    22.935    -4.57    8.44
  42993.670    21.010    -5.23    7.40
  43361.357    20.011    -2.72    5.84
  43728.968    18.798    -3.30    4.77
  44096.503    17.787    -2.75    3.15
  44463.961    16.854    -2.54    2.82
  44831.343    15.766    -2.96    2.66
  45198.650    16.443     1.84    4.80
  45565.880    19.937     9.51    9.37
  45933.034    27.266    19.96   14.00
  46300.112    38.147    29.64   17.96
  46667.115    50.117    32.61   17.95
  47034.041    59.837    26.49   12.73
  47400.892    66.122    17.13    9.96
  47767.667    68.863     7.47    8.66
  48134.367    69.301     1.19    8.41
  48500.991    68.277    -2.79    8.15
  48867.539    66.323    -5.33    8.91
  49234.011    61.596   -12.90   11.43
  49600.408    56.516   -13.86   13.62
  49966.730    52.888    -9.90   13.76
  50332.976    50.596    -6.26   13.37
  50699.147    49.540    -2.88   12.43
  51065.243    51.438     5.18   12.13
  51431.263    52.258     2.24   12.69
  51797.208    54.821     7.00   13.49
  52163.078    56.915     5.72   12.90
  52528.873    58.000     2.97   13.47
  52894.592    58.674     1.84   13.71
  53260.237    57.833    -2.30   13.57
  53625.806    57.167    -1.82   12.19
  53991.301    58.266     3.01   11.01
  54357.966    60.032     4.82    9.69
  54739.089    62.804     7.27    9.55
  55120.129    65.284     6.51    9.05
  55501.086    67.087     4.73    7.65
  55881.961    67.802     1.88    6.59
  56262.753    66.868    -2.45    6.31
  56643.463    63.383    -9.15    7.94
  57024.090    57.303   -15.97    9.58
  57404.635    52.250   -13.28    8.86
  57785.098    48.692    -9.35    8.19
  58165.478    45.876    -7.40    8.41
  58545.776    44.167    -4.50    9.14
  58925.992    43.531    -1.67    8.95
  59306.126    43.580     0.13    7.72
  59686.178    44.883     3.43    6.07
  60066.148    48.116     8.51    3.86
  60446.036    49.489     3.61    3.20
  60825.842    50.455     2.54    2.34
  61205.566    50.771     0.83    2.36
  61585.208    49.656    -2.94    3.27
  61964.768    47.235    -6.38    5.04
  62344.247    45.870    -3.60    5.00
  62723.644    47.292     3.75    5.87
  63102.960    50.144     7.52    5.65
  63482.194    53.521     8.90    3.44
  63861.347    55.632     5.57    2.73
  64240.418    56.277     1.70    2.25
  64619.407    57.159     2.33    1.83
  64998.316    57.340     0.48    2.19
  65377.143    56.483    -2.26    3.13
  65755.889    56.000    -1.28    4.57
  66134.553    56.744     1.97    6.23
  66513.137    60.916    11.02    8.41
  66891.639    64.456     9.35    7.02
  67270.061    66.302     4.88    5.98
  67648.401    66.157    -0.38    5.57
  68026.661    64.638    -4.02    4.34
  68404.840    64.195    -1.17    3.69
  68782.937    63.415    -2.06    2.95
  69160.954    62.989    -1.13    2.49
  69538.891    63.479     1.30    2.90
  69916.747    63.989     1.35    3.65
  70294.522    65.771     4.72    4.23
  70672.216    68.167     6.34    5.46
  71049.830    72.629    11.82    8.00
  71427.364    77.200    12.11    8.51
  71804.817    80.917     9.85    7.97
  72182.190    82.921     5.31    6.72
  72559.482    81.021    -5.04    7.19
  72936.694    79.391    -4.32    7.20
  73313.826    78.628    -2.02    6.43
  73690.878    77.826    -2.13    6.21
  74067.850    78.086     0.69    5.68
  74444.741    76.648    -3.82    4.68
  74821.553    76.809     0.43    2.94
  75198.285    77.711     2.40    3.25
  75574.936    78.701     2.63    3.19
  75951.508    78.846     0.39    3.30
  76328.000    79.573     1.93    3.15
  76704.413    81.544     5.24    4.28
  77080.745    83.021     3.92    5.03
  77456.998    82.629    -1.04    5.97
  77833.172    79.468    -8.40    7.00
  78209.265    75.549   -10.42    5.20
  78585.280    73.573    -5.26    4.61
  78961.215    72.978    -1.58    5.24
  79337.070    73.777     2.12    6.15
  79712.846    73.912     0.36    6.27
  80088.543    73.532    -1.01    5.35
  80464.160    72.957    -1.53    5.01
  80839.698    71.526    -3.81    4.41
  81215.158    69.165    -6.29    5.22
  81590.538    67.579    -4.22    5.02
  81965.839    65.968    -4.29    5.45
  82341.060    64.404    -4.17    4.92
  82716.203    63.181    -3.26    4.37
  83091.267    62.245    -2.50    4.36
  83466.253    62.596     0.94    5.63
  83841.159    62.663     0.18    8.09
  84215.987    63.505     2.25   10.32
  84590.735    63.750     0.65   11.51
  84965.406    62.779    -2.59   10.49
  85339.997    62.753    -0.07    9.20
  85714.510    65.457     7.22   10.65
  86088.945    70.648    13.86   11.97
  86463.301    74.052     9.09   11.99
  86837.578    77.462     9.11   10.98
  87211.777    81.383    10.48   10.58
  87585.898    85.402    10.74   10.94
  87959.941    92.149    18.04    9.46
  88333.905    97.427    14.11    6.94
  88707.791    98.918     3.99    5.55
  89081.599    98.778    -0.37    4.74
  89455.329    97.729    -2.81    4.29
  89828.981    97.281    -1.20    4.20
  90202.555    98.106     2.21    5.24
  90576.051    97.549    -1.49    5.86
  90949.469    95.194    -6.31    8.55
  91322.810    93.452    -4.67    8.58
  91696.072    90.957    -6.68    6.09
  92069.257    91.054     0.26    5.29
  92442.364    91.021    -0.09    5.00
  92815.393    90.720    -0.81    5.14
  93188.345    90.380    -0.91    4.63
  93561.219    90.585     0.55    4.91
  93934.016    89.617    -2.60    4.83
  94306.735    87.957    -4.45    5.21
  94679.377    85.720    -6.00    4.73
  95051.941    83.277    -6.56    4.60
  95424.428    80.451    -7.59    4.06
  95796.838    78.330    -5.69    3.86
  96169.171    76.149    -5.86    2.81
  96541.426    75.516    -1.70    2.64
  96913.605    75.193    -0.87    2.64
  97285.706    76.372     3.17    3.44
  97657.730    77.596     3.29    4.08
  98029.678    79.785     5.89    6.16
  98401.548    81.022     3.33    6.69
  98773.341    79.404    -4.35    8.72
  99145.058    74.011   -14.51   13.28
  99516.698    67.168   -18.41   13.25
  99888.261    62.065   -13.73   10.91
 100259.747    60.798    -3.41    9.65
 100631.157    62.391     4.29    9.28
 101002.490    65.624     8.70    7.64
 101373.746    67.570     5.24    6.17
 101744.926    69.077     4.06    4.78
 102116.030    67.915    -3.13    4.96
 102487.057    65.318    -7.00    6.35
 102858.007    61.011   -11.61    7.41
 103228.882    57.091   -10.57    8.09
 103599.680    54.126    -7.99    8.92
 103970.402    51.933    -5.91   10.70
 104341.047    45.366   -17.72   16.54
 104711.617    37.380   -21.55   18.08
 105082.110    29.033   -22.53   14.90
 105452.528    24.745   -11.58   11.96
 105822.869    26.348     4.33   11.98
 106193.135    33.628    19.66   12.96
 106563.324    42.148    23.01    8.67
 106933.438    44.670     6.81    5.94
 107303.476    45.844     3.17    4.55
 107673.438    47.011     3.15    5.07
 108043.324    49.191     5.89    5.93
 108413.135    53.022    10.36    5.45
 108782.870    56.644     9.80    4.20
 109152.529    60.521    10.49    6.70
 109522.113    64.456    10.64    7.96
 109891.622    69.277    13.05    8.01
 110261.055    74.634    14.50    7.14
 110630.412    79.844    14.10    8.84
 110999.695    84.645    13.00   11.05
 111368.901    89.596    13.41   10.88
 111738.033    92.670     8.33   10.67
 112107.090    94.297     4.41   10.53
 112476.071    94.624     0.89    9.36
 112844.977    93.852    -2.09    8.61
 113213.808    93.645    -0.56    7.14
 113582.564    94.966     3.58    6.25
 113951.245    97.074     5.72    5.55
 114319.851    99.593     6.83    4.68
 114688.382   102.054     6.68    3.31
 115056.838   103.430     3.74    3.52
 115425.220   103.689     0.70    3.47
 115793.527   102.904    -2.13    3.47
 116161.759   101.813    -2.96    2.45
 116529.916   102.344     1.44    3.00
 116897.999   103.798     3.95    3.79
 117266.007   103.777    -0.06    3.56
 117633.940   104.250     1.29    3.60
 118001.799   104.351     0.27    3.57
 118369.584   103.144    -3.28    3.16
 118737.294   101.391    -4.77    4.44
 119104.930    97.817    -9.72    5.38
 119472.491    93.396   -12.03    5.04
 119839.979    89.796    -9.80    4.53
 120207.392    87.114    -7.30    3.34
 120574.731    85.389    -4.69    3.75
 120941.995    82.205    -8.67    4.48
 121309.186    78.453   -10.22    5.39
 121676.302    74.955    -9.53    4.81
 122043.345    72.355    -7.08    3.30
 122410.314    71.098    -3.43    2.65
 122777.208    70.871    -0.62    2.36
 123144.029    69.409    -3.99    3.20
 123510.776    69.097    -0.85    4.75
 123877.449    70.871     4.84    7.46
 124244.049    75.622    12.96   10.04
 124610.574    83.755    22.19   12.66
 124977.027    93.773    27.33   10.89
 125343.405   100.516    18.40    8.76
 125709.710   105.124    12.58    4.69
 126075.941   105.215     0.25    4.69
 126442.099   103.602    -4.40    5.03
 126808.184   101.978    -4.44    4.50
 127174.195   102.902     2.52    5.11
 127540.133   104.692     4.89    5.28
 127905.997   108.787    11.19    7.66
 128271.788   114.333    15.16    8.44
 128637.506   117.914     9.79    7.85
 129003.151   119.865     5.34    6.01
 129380.838   118.258    -4.25    6.48
 129761.715   115.398    -7.51    6.33
 130142.512   112.660    -7.19    5.30
 130523.228   110.977    -4.42    4.08
 130903.864   111.160     0.48    3.03
 131284.420   111.860     1.84    3.36
 131664.896   113.129     3.33    3.43
 132045.291   114.506     3.62    2.80
 132425.606   114.606     0.26    3.96
 132805.841   113.011    -4.19    5.70
 133185.996   111.656    -3.57    6.50
 133566.071   109.125    -6.66    5.89
 133946.066   106.223    -7.64    4.68
 134325.981   103.682    -6.69    4.25
 134705.816   102.398    -3.38    3.57
 135085.571   100.344    -5.41    3.01
 135465.247    98.634    -4.50    3.31
 135844.842    96.433    -5.80    3.90
 136224.359    94.516    -5.05    3.33
 136603.795    92.111    -6.34    4.20
 136983.152    89.649    -6.49    4.33
 137362.429    86.879    -7.30    4.74
 137741.627    84.207    -7.05    4.50
 138120.746    82.826    -3.64    5.10
 138499.785    81.630    -3.15    5.28
 138878.745    81.935     0.80    6.05
 139257.625    82.076     0.37    6.12
 139636.426    83.065     2.61    6.18
 140015.149    83.511     1.18    6.21
 140393.792    83.151    -0.95    5.97
 140772.355    81.593    -4.11    5.17
 141150.840    79.398    -5.80    5.26
 141529.246    76.300    -8.19    6.13
 141907.573    70.656   -14.92    7.39
 142285.821    65.573   -13.44    7.20
 142663.990    61.817    -9.93    6.10
 143042.081    58.978    -7.51    5.25
 143420.092    56.882    -5.54    5.57
 143798.025    55.977    -2.39    5.81
 144175.880    52.957    -7.99    5.65
 144553.655    50.466    -6.59    4.55
 144931.352    48.935    -4.05    3.57
 145308.971    48.216    -1.91    3.34
 145686.511    47.613    -1.60    2.89
 146063.973    47.080    -1.41    2.68
 146441.357    46.892    -0.50    3.55
 146818.662    47.125     0.62    4.43
 147195.889    47.989     2.29    4.73
 147573.037    49.239     3.31    4.06
 147950.108    52.462     8.55    5.18
 148327.100    55.034     6.82    5.84
 148704.015    57.473     6.47    4.87
 149080.851    58.966     3.96    3.64
 149457.609    59.624     1.75    2.66
 149834.290    58.795    -2.20    3.68
 150210.892    56.527    -6.02    6.69
 150587.417    53.091    -9.12    7.29
 150963.864    49.149   -10.47    5.22
 151340.233    45.000   -11.02    5.24
 151716.525    39.787   -13.85    8.22
 152092.739    34.867   -13.08    7.92
 152468.875    31.312    -9.45    4.12
 152844.934    30.433    -2.34    2.84
 153220.915    29.839    -1.58    3.26
 153596.819    29.744    -0.25    3.85
 153972.645    30.290     1.45    4.12
 154348.394    32.822     6.74    4.98
 154724.066    38.088    14.02    7.01
 155099.660    44.478    17.01    8.99
 155475.178    51.264    18.07    8.62
 155850.618    54.576     8.82    8.82
 156225.981    53.868    -1.89   11.37
 156601.267    50.207    -9.76   12.39
 156976.476    44.934   -14.05   11.46
 157351.608    41.391    -9.44    9.35
 157726.663    37.817    -9.53    6.50
 158101.641    36.935    -2.35    7.56
 158476.542    37.374     1.17    9.80
 158851.366    37.620     0.66   11.13
 159226.114    37.121    -1.33    9.98
 159600.785    36.228    -2.38    9.73
 159975.380    34.989    -3.31    8.24
 160349.898    35.293     0.81    8.01
 160724.339    33.889    -3.75    8.67
 161098.704    33.685    -0.55    9.41
 161472.992    34.539     2.28   11.42
 161847.204    38.312    10.08   14.70
 162221.339    46.068    20.73   16.16
 162595.398    56.312    27.38   15.48
 162969.381    65.552    24.70   11.47
 163343.288    70.323    12.76   11.22
 163717.118    74.663    11.61    9.41
 164090.873    77.516     7.63    9.28
 164464.551    80.070     6.83    8.95
 164838.153    82.424     6.30    8.81
 165211.679    83.930     4.03    7.98
 165585.129    85.424     4.00    6.92
 165958.504    85.573     0.40    6.62
 166331.802    83.323    -6.03    8.05
 166705.025    80.044    -8.78    8.84
 167078.172    75.478   -12.24    8.67
 167451.243    71.429   -10.85    6.75
 167824.238    69.582    -4.95    5.87
 168197.158    64.806   -12.81    8.80
 168570.002    57.289   -20.16   11.73
 168942.771    50.473   -18.28   11.53
 169315.464    45.244   -14.03   10.72
 169688.082    41.859    -9.09   13.79
 170060.624    38.033   -10.27   15.84
 170433.091    39.398     3.66   15.87
 170805.483    42.693     8.85   17.65
 171177.799    50.527    21.04   20.88
 171550.040    62.716    32.74   16.66
 171922.206    70.120    19.89    8.54
 172294.297    73.092     7.99    5.37
 172666.313    71.722    -3.68    5.87
 173038.254    66.442   -14.19    8.88
 173410.119    57.652   -23.63   13.19
 173781.910    46.093   -31.09   14.14
 174153.626    40.783   -14.28   13.43
 174525.267    44.247     9.32   17.97
 174896.833    55.109    29.23   20.24
 175268.324    67.402    33.09   12.75
 175639.741    73.533    16.50    5.88
 176011.083    74.427     2.41    6.26
 176382.350    76.065     4.41    5.60
 176753.543    76.102     0.10    4.41
 177124.661    71.011   -13.72    9.49
 177495.704    65.656   -14.43   12.30
 177866.674    60.544   -13.78   10.38
 178237.568    60.209    -0.90    9.53
 178608.389    65.920    15.40    9.57
 178979.135    72.110    16.69    8.14
 179349.806    78.432    17.05    8.18
 179720.404    84.000    15.02    8.22
 180090.927    90.747    18.21    9.11
 180461.376    95.956    14.06    8.44
 180831.751    98.791     7.65    7.01
 181202.052    97.714    -2.91    8.37
 181572.279    90.965   -18.23   12.04
 181942.432    84.589   -17.22   12.30
 182312.511    79.779   -13.00   12.54
 182682.516    77.696    -5.63   12.08
 183052.448    77.182    -1.39   11.36
 183422.305    76.956    -0.61    9.52
 183792.089    75.000    -5.29    8.17
 184161.799    74.220    -2.11    7.27
 184531.435    75.242     2.76    7.75
 184900.998    78.711     9.39    9.07
 185270.487    84.011    14.34    8.04
 185639.903    88.955    13.38    4.39
 186009.245    89.837     2.39    4.69
 186378.513    89.447    -1.06    5.57
 186747.708    90.593     3.10    5.26
 187116.830    91.553     2.60    5.67
 187485.879    93.272     4.66    5.14
 187854.854    95.209     5.25    4.94
 188223.756    97.011     4.88    6.04
 188592.585    97.580     1.54    6.20
 188961.341    98.871     3.50    6.19
 189330.023    99.989     3.03    5.37
 189698.633   100.226     0.64    3.86
 190067.169   100.378     0.41    3.97
 190435.633    99.462    -2.49    5.00
 190804.023    98.363    -2.98    5.34
 191172.341    97.326    -2.81    5.26
 191540.586    95.185    -5.81    6.28
 191908.758    89.337   -15.88   13.37
 192276.857    78.418   -29.66   19.28
 192644.883    68.264   -27.58   18.67
 193012.837    58.989   -25.20   14.57
 193380.719    53.448   -15.06   12.36
 193748.527    51.322    -5.78   10.15
 194116.263    52.034     1.93   10.63
 194483.927    53.637     4.36   11.43
 194851.518    57.089     9.39   11.45
 195219.037    59.989     7.89    9.74
 195586.483    63.054     8.34   10.42
 195953.857    69.575    17.75   11.14
 196321.159    76.565    19.03   10.73
 196688.388    83.174    17.99    7.03
 197055.545    87.000    10.42    5.94
 197422.630    89.640     7.19    6.44
 197789.643    92.167     6.88    5.58
 198156.584    93.506     3.65    5.43
 198523.453    94.637     3.08    6.34
 198890.250    96.978     6.38    8.08
 199256.975   100.744    10.27    8.55
 199623.628   106.033    14.42    7.69
 199990.209   110.414    11.95    5.67
 200356.718   111.022     1.66    5.25
 200723.155   112.058     2.83    4.97
 201089.521   112.750     1.89    5.17
 201455.815   112.854     0.28    4.66
 201822.037   114.242     3.79    4.00
 202188.188   113.044    -3.27    4.29
 202554.267   112.211    -2.27    4.03
 202920.275   111.495    -1.96    3.85
 203286.211   110.540    -2.61    3.73
 203652.076   110.681     0.39    3.44
 204025.425   110.775     0.25    3.48
 204406.141   110.484    -0.77    3.67
 204786.779   109.611    -2.29    4.81
 205167.338   106.911    -7.09    6.11
 205547.818   102.409   -11.83    6.32
 205928.221    98.811    -9.46    5.48
 206308.545    97.308    -3.95    4.29
 206688.792    97.089    -0.58    4.10
 207068.960    96.422    -1.75    4.56
 207449.050    95.761    -1.74    4.35
 207829.062    95.044    -1.89    3.40
 208208.997    95.545     1.32    3.40
 208588.853    95.352    -0.51    3.40
 208968.632    94.700    -1.72    4.17
 209348.333    92.407    -6.04    5.13
 209727.956    89.756    -6.98    4.92
 210107.501    87.275    -6.54    6.04
 210486.969    85.056    -5.85    6.31
 210866.359    83.747    -3.45    5.94
 211245.672    82.814    -2.46    5.63
 211624.907    85.791     7.85    6.85
 212004.065    88.536     7.24    6.88
 212383.145    90.769     5.89    6.45
 212762.148    90.459    -0.82    7.34
 213141.074    87.685    -7.32    7.98
 213519.922    84.512    -8.38    8.09
 213898.693    81.674    -7.49    6.89
 214277.387    79.845    -4.83    6.10
 214656.004    81.135     3.41    7.76
 215034.544    84.176     8.03   10.22
 215413.006    92.111    20.96   12.60
 215791.392   100.184    21.33   10.55
 216169.701   103.242     8.08    9.12
 216547.933   105.545     6.09    9.04
 216926.088   104.967    -1.53    8.81
 217304.166   104.989     0.06    7.28
 217682.168   104.944    -0.12    6.53
 218060.093   101.644    -8.73    9.87
 218437.941    96.711   -13.05   13.11
 218815.712    89.478   -19.14   15.54
 219193.407    82.778   -17.74   13.93
 219571.026    78.023   -12.59    9.29
 219948.568    78.169     0.39    8.17
 220326.033    81.540     8.93    9.40
 220703.423    84.011     6.55    9.11
 221080.735    85.227     3.22    9.01
 221457.972    85.716     1.30    8.87
 221835.132    87.568     4.91    8.54
 222212.216    90.000     6.45    6.69
 222589.224    94.000    10.61    3.90
 222966.156    95.456     3.86    3.84
 223343.012    96.511     2.80    3.75
 223719.792    98.079     4.16    2.50
 224096.496    98.767     1.83    1.97
 224473.123    98.711    -0.15    2.26
 224849.675    98.367    -0.91    2.35
 225226.152    97.367    -2.66    2.39
 225602.552    96.922    -1.18    2.73
 225978.877    97.124     0.54    2.93
 226355.125    97.284     0.43    2.91
 226731.299    96.807    -1.27    3.67
 227107.396    93.281    -9.37    5.96
 227483.418    89.422   -10.26    8.28
 227859.365    86.578    -7.56    8.86
 228235.236    84.600    -5.26    9.85
 228611.032    82.600    -5.32   10.79
 228986.752    80.629    -5.24   11.45
 229362.397    75.693   -13.14   11.29
 229737.967    70.773   -13.10    8.59
 230113.461    70.800     0.07    9.05
 230488.880    75.767    13.23   12.35
 230864.224    83.022    19.33   11.76
 231239.493    89.011    15.96    9.27
 231614.687    92.833    10.19    8.27
 231989.806    95.371     6.76    8.26
 232364.850    98.500     8.34    6.54
 232739.818    99.178     1.81    4.94
 233114.712    99.534     0.95    3.41
 233489.532    98.270    -3.37    3.25
 233864.276    97.523    -1.99    3.01
 234238.946    97.023    -1.33    2.88
 234613.540    97.506     1.29    3.66
 234988.061    98.427     2.46    4.36
 235362.506    97.375    -2.81    5.43
 235736.877    94.315    -8.17    6.02
 236111.174    91.176    -8.38    4.51
 236485.396    89.589    -4.24    3.46
 236859.543    90.264     1.80    3.51
 237233.616    90.000    -0.70    4.32
 237607.615    88.539    -3.90    4.62
 237981.539    86.722    -4.86    4.81
 238355.390    84.128    -6.94    2.81
 238729.165    83.122    -2.69    2.92
 239102.867    81.814    -3.50    2.69
 239476.495    83.517     4.56    4.25
 239850.048    84.424     2.43    4.64
 240223.528    84.955     1.42    4.07
 240596.933    85.535     1.55    3.01
 240970.265    84.835    -1.87    2.99
 241343.522    85.250     1.11    3.29
 241716.706    83.868    -3.70    4.43
 242089.816    81.326    -6.81    5.89
 242462.852    77.413   -10.49    6.63
 242835.814    73.512   -10.46    4.75
 243208.702    71.978    -4.11    4.10
 243581.517    72.143     0.44    3.45
 243954.259    73.273     3.03    3.45
 244326.926    74.446     3.15    2.50
 244699.521    74.921     1.28    1.97
 245072.041    74.298    -1.67    1.81
 245444.488    74.045    -0.68    2.47
 245816.862    74.690     1.73    3.95
 246189.163    74.800     0.30    4.01
 246561.390    75.182     1.03    3.74
 246933.544    74.856    -0.88    2.36
 247305.624    75.165     0.83    1.90
 247677.632    75.233     0.18    2.03
 248049.566    75.466     0.63    1.93
 248421.427    75.562     0.26    1.95
 248793.216    76.227     1.79    2.51
 249164.931    76.744     1.39    2.73
 249536.573    77.189     1.20    2.54
 249908.142    77.067    -0.33    2.67
 250279.638    76.438    -1.69    3.09
 250651.062    75.655    -2.11    3.36
 251022.413    75.122    -1.43    4.27
 251393.691    75.395     0.74    5.55
 251764.896    75.416     0.05    5.22
 252136.028    75.798     1.03    3.85
 252507.088    75.494    -0.82    4.65
 252878.075    74.000    -4.03    6.72
 253248.990    74.989     2.67    8.04
 253619.832    77.560     6.93    8.62
 253990.602    78.522     2.59    7.39
 254361.300    73.612   -13.24   13.60
 254731.924    64.374   -24.92   15.53
 255102.477    55.605   -23.66   11.59
 255472.957    54.622    -2.65    8.80
 255843.366    59.299    12.62   10.75
 256213.701    67.315    21.64   14.03
 256583.965    76.023    23.51   14.36
 256954.157    87.584    31.22   10.43
 257324.276    94.273    18.07    7.34
 257694.324    98.977    12.71    4.70
 258064.299   101.213     6.04    3.30
 258434.202   101.506     0.79    4.06
 258804.034   101.652     0.39    4.25
 259173.794   103.184     4.14    4.41
 259543.481   104.708     4.12    4.22
 259913.097   105.600     2.41    3.46
 260282.642   104.769    -2.25    4.04
 260652.114   103.071    -4.59    3.47
 261021.515   103.565     1.34    3.74
 261390.844   104.298     1.98    3.98
 261760.102   104.944     1.75    3.85
 262129.288   104.453    -1.33    4.32
 262498.403   104.966     1.39    4.55
 262867.446   106.128     3.15    4.78
 263236.418   107.921     4.86    4.24
 263605.318   109.739     4.93    3.87
 263974.147   111.944     5.98    3.40
 264342.905   114.264     6.29    3.60
 264711.591   115.172     2.46    3.64
 265080.206   116.101     2.52    4.53
 265448.751   115.966    -0.37    5.80
 265817.223   113.404    -6.95    8.19
 266185.625   109.271   -11.22   10.03
 266553.956   104.692   -12.43    9.40
 266922.216   100.357   -11.77    7.94
 267290.405    97.604    -7.47    9.74
 267658.522    96.524    -2.93    9.90
 268026.569    95.539    -2.67   10.55
 268394.546    95.349    -0.52   11.76
 268762.451    93.966    -3.76   12.00
 269130.285    91.540    -6.59   12.41
 269498.049    87.529   -10.91   11.46
 269865.742    83.944    -9.75   10.33
 270233.365    79.253   -12.76    7.47
 270600.917    76.898    -6.41    5.22
 270968.398    77.140     0.66    6.82
 271335.809    79.023     5.12    8.83
 271703.149    81.506     6.76   10.15
 272070.419    83.865     6.42    8.74
 272437.619    85.571     4.65    6.29
 272804.748    83.133    -6.64    7.29
 273171.806    79.460   -10.01    8.98
 273538.795    76.267    -8.70    8.00
 273905.713    76.310     0.12    7.67
 274272.561    79.659     9.13   10.00
 274639.339    84.180    12.32   11.05
 275006.047    89.931    15.68   10.26
 275372.685    95.000    13.82    8.44
 275739.252    98.500     9.55    7.55
 276105.750   101.705     8.74    6.21
 276472.177   105.390    10.06    5.64
 276838.535   108.330     8.02    4.17
 277204.823   110.793     6.72    3.81
 277571.041   112.114     3.61    3.64
 277937.189   112.407     0.80    3.46
 278303.268   111.567    -2.29    4.37
 278672.622   110.218    -3.65    4.99
 279053.179   109.273    -2.48    6.11
 279433.660   109.465     0.51    7.50
 279814.065   108.966    -1.31    8.65
 280194.393   105.714    -8.55    9.83
 280574.646   101.977    -9.83    9.37
 280954.822    99.768    -5.81    6.69
 281334.922   101.477     4.50    7.16
 281714.947   105.262     9.96    6.87
 282094.895   107.297     5.35    6.16
 282474.767   108.321     2.70    5.81
 282854.564   109.784     3.85    4.82
 283234.285   111.500     4.52    4.15
 283613.929   113.284     4.70    3.66
 283993.499   115.302     5.32    4.87
 284372.992   117.091     4.71    5.01
 284752.410   119.299     5.82    4.42
 285131.752   121.614     6.10    4.00
 285511.019   122.529     2.41    4.05
 285890.210   123.483     2.52    4.45
 286269.326   123.953     1.24    5.30
 286648.366   124.261     0.81    5.36
 287027.331   125.202     2.48    5.31
 287406.220   126.425     3.23    4.45
 287785.035   129.146     7.18    5.48
 288163.774   131.874     7.20    5.42
 288542.438   135.068     8.43    4.63
 288921.026   137.093     5.35    4.05
 289299.540   137.326     0.61    4.37
 289677.978   135.405    -5.08    5.87
 290056.342   131.886    -9.30    6.75
 290434.630   129.143    -7.25    4.91
 290812.844   127.626    -4.01    3.40
 291190.982   127.181    -1.18    3.19
 291569.046   127.640     1.22    2.65
 291947.035   128.805     3.08    3.55
 292324.950   131.591     7.37    4.36
 292702.789   133.268     4.44    3.44
 293080.554   132.678    -1.56    3.39
 293458.244   131.024    -4.38    3.15
 293835.860   129.978    -2.77    2.63
 294213.401   129.536    -1.17    2.94
 294590.868   129.111    -1.12    3.04
 294968.260   127.871    -3.29    2.46
 295345.578   127.136    -1.95    2.46
 295722.821   127.824     1.82    3.70
 296099.990   128.523     1.85    4.38
 296477.085   129.302     2.07    4.98
 296854.105   128.433    -2.30    5.18
 297231.052   126.547    -5.00    5.03
 297607.924   123.556    -7.93    4.54
 297984.722   120.318    -8.59    3.68
 298361.446   118.284    -5.40    3.75
 298738.096   114.862    -9.08    3.89
 299114.672   111.920    -7.81    4.31
 299491.174   108.698    -8.56    4.89
 299867.603   107.345    -3.59    4.05
 300243.957   106.864    -1.28    4.50
 300620.238   106.921     0.15    4.91
 300996.444   106.588    -0.89    4.68
 301372.578   104.404    -5.80    5.08
 301748.637   100.818    -9.53    6.40
 302124.623    97.306    -9.34    6.49
 302500.535    93.352   -10.51    4.84
 302876.374    91.163    -5.82    4.15
 303252.139    89.227    -5.15    4.63
 303627.831    87.727    -3.99    4.23
 304003.449    85.812    -5.10    4.31
 304378.994    84.477    -3.55    4.38
 304754.466    83.455    -2.72    4.73
 305129.864    82.195    -3.35    4.68
 305505.189    81.591    -1.61    4.27
 305880.441    82.046     1.21    3.74
 306255.620    82.182     0.36    3.88
 306630.725    82.932     2.00    4.86
 307005.758    84.872     5.17    5.65
 307380.717    86.287     3.77    5.81
 307755.604    88.839     6.81    6.34
 308130.417    91.540     7.20    6.59
 308505.158    92.730     3.18    5.89
 308879.826    92.931     0.54    5.98
 309254.421    91.284    -4.40    7.53
 309628.943    89.489    -4.79    7.63
 310003.393    87.012    -6.61    6.95
 310377.769    84.318    -7.19    6.60
 310752.073    80.356   -10.58    7.51
 311126.305    76.402   -10.56    7.45
 311500.464    71.023   -14.37    6.92
 311874.550    66.224   -12.83    5.56
 312248.564    64.207    -5.39    5.95
 312622.506    63.247    -2.57    6.61
 312996.375    64.736     3.98    7.55
 313370.172    65.292     1.49    7.13
 313743.896    63.895    -3.74    7.13
