# NaN NaN NaN ;Mean Elev.(m), Avg Gradient(m/km), RMS Gradient(m/km) - SRTM1     
#    0.518  -3.571   9.740 ;Mean Elev.(m), Avg Gradient(m/km), RMS Gradient(m/km) - ASTER GDEM
#    0.000  -4.019  11.394 ;Mean Elev.(m), Avg Gradient(m/km), RMS Gradient(m/km) - GMTED2010 
  8    -0.258 52489.25455102 22.14  83.619260  70.680199 12.573
  8     2.107 52489.25455166 11.91  83.614550  70.677239 12.573
  8     1.266 52489.25455231 12.03  83.609850  70.674269 12.573
  8     1.492 52489.25455295 12.29  83.605150  70.671309 12.573
  8     0.438 52489.25455360 13.72  83.600440  70.668349 12.573
  8     0.193 52489.25455424 14.86  83.595740  70.665379 12.573
  8     0.455 52489.25455489 14.49  83.591050  70.662419 12.573
  8     0.726 52489.25455553 15.13  83.586350  70.659449 12.573
  8     0.700 52489.25455618 17.15  83.581650  70.656489 12.573
  8     1.654 52489.25455682 18.03  83.576960  70.653519 12.573
  9     3.705 52524.25452623 21.08  83.615346  70.686900 15.225
  9     3.697 52524.25452688 15.36  83.610646  70.683940 15.225
  9     3.198 52524.25452752 12.88  83.605936  70.680980 15.225
  9     2.569 52524.25452817 10.51  83.601236  70.678010 15.225
  9     1.187 52524.25452881 11.11  83.596536  70.675050 15.225
  9     0.443 52524.25452946 11.61  83.591836  70.672080 15.225
  9     0.193 52524.25453010 12.27  83.587128  70.669117 15.343
  9    -0.165 52524.25453075 14.36  83.582428  70.666147 15.343
  9    -0.970 52524.25453139 17.42  83.577738  70.663187 15.343
  9     0.262 52524.25453204 15.48  83.573038  70.660217 15.343
  9     0.619 52524.25453268 18.16  83.568348  70.657257 15.343
  9     1.792 52524.25453333 19.21  83.563648  70.654297 15.343
 11    64.385 52594.25457921  1.10  83.620421  70.685695  2.390
 11    67.387 52594.25457985  0.72  83.615711  70.682735  2.390
 11    54.667 52594.25458050  1.46  83.611008  70.679769  4.418
 11    50.891 52594.25458114  1.48  83.606298  70.676809  4.418
 11    42.357 52594.25458179  2.23  83.601598  70.673839  4.418
 11    41.103 52594.25458243  1.21  83.596898  70.670879  4.418
 11    39.472 52594.25458308  0.87  83.592188  70.667919  4.418
 11    37.542 52594.25458372  1.12  83.587488  70.664949  4.418
 11    28.846 52594.25458437  5.00  83.582798  70.661989  4.418
 11    26.209 52594.25458501  5.53  83.578098  70.659019  4.418
 11    24.516 52594.25458566  5.11  83.573398  70.656059  4.418
 11    23.526 52594.25458630  4.06  83.568708  70.653089  4.418
 13     0.077 52664.25454740 15.37  83.577266  70.655179  2.937
 13     1.212 52664.25454805 15.46  83.572576  70.652209  2.937
 14    27.225 52699.25452258  2.89  83.593005  70.646861  2.598
 14     0.197 52699.25452323  9.59  83.588315  70.643901  2.598
 14    -0.415 52699.25452387 11.96  83.583625  70.640931  2.598
 15    -0.142 52734.25454483 11.48  83.606944  70.671187  3.156
 15     0.741 52734.25454547 11.40  83.602244  70.668217  3.156
 15     2.467 52734.25454612 10.02  83.597544  70.665257  3.156
 15     2.107 52734.25454676  9.98  83.592844  70.662297  3.156
 15     2.326 52734.25454741 10.13  83.588154  70.659327  3.156
 15     2.153 52734.25454805 10.36  83.583449  70.656362  1.767
 15     1.729 52734.25454870 11.11  83.578759  70.653402  1.767
 15     2.216 52734.25454934 10.83  83.574069  70.650432  1.767
 16    33.389 52769.25453760 12.77  83.615601  70.690457  5.537
 16    33.000 52769.25453825  8.93  83.610891  70.687497  5.537
 16    33.674 52769.25453889  7.23  83.606181  70.684537  5.537
 16    32.805 52769.25453954  5.24  83.601481  70.681567  5.537
 16    28.444 52769.25454018  8.13  83.596771  70.678607  5.537
 16    -0.190 52769.25454083 11.42  83.592071  70.675637  5.537
 16    -1.140 52769.25454147 10.98  83.587371  70.672677  5.537
 16    -0.190 52769.25454211 11.60  83.582671  70.669707  5.537
 16     0.573 52769.25454276 11.60  83.577971  70.666747  5.537
 16     1.439 52769.25454340 11.08  83.573281  70.663778  4.496
 16     0.013 52769.25454405 11.71  83.568581  70.660818  4.496
 16     2.148 52769.25454469 11.74  83.563891  70.657848  4.496
 16     1.599 52769.25454534 12.70  83.559191  70.654888  4.496
 17    72.582 52804.25456837  5.02  83.629406  70.673971  3.312
 17    72.433 52804.25456901  4.91  83.624696  70.671001  3.312
 17    70.931 52804.25456966  4.43  83.619996  70.668041  3.312
 17    68.663 52804.25457030  5.81  83.615286  70.665071  3.312
 17    68.563 52804.25457095  4.77  83.610586  70.662111  3.312
 17    66.949 52804.25457159  5.10  83.605886  70.659151  3.312
 17    66.383 52804.25457224  4.38  83.601186  70.656181  3.312
 17    63.910 52804.25457288  4.04  83.596486  70.653221  3.312
 17    53.527 52804.25457353  3.73  83.591786  70.650251  3.312
 17    59.878 52804.25457417  2.55  83.587096  70.647291  3.312
 17    60.417 52804.25457482  1.54  83.582396  70.644321  3.312
 18     1.607 52839.25463118 11.45  83.622065  70.672732 10.352
 18     0.660 52839.25463183 11.49  83.617365  70.669772 10.352
 18     0.120 52839.25463247 10.74  83.612655  70.666802 10.352
 18    -0.491 52839.25463312 11.92  83.607955  70.663842 10.352
 18    -0.602 52839.25463376 13.00  83.603255  70.660882 10.352
 18    -1.521 52839.25463441 15.37  83.598555  70.657912 10.352
 18    -0.705 52839.25463505 15.20  83.593855  70.654952 10.352
 18    -1.364 52839.25463570 18.13  83.589165  70.651982 10.352
 18    -2.217 52839.25463634 21.46  83.584465  70.649022 10.352
 18    -1.805 52839.25463699 20.67  83.579775  70.646052 10.352
 19     1.867 52874.25467025 17.84  83.620498  70.675814  8.672
 19     1.387 52874.25467089 14.69  83.615798  70.672844  8.672
 19     1.126 52874.25467154 12.90  83.611088  70.669884  8.672
 19     0.364 52874.25467218 13.16  83.606388  70.666924  8.672
 19     0.370 52874.25467283 13.35  83.601688  70.663954  8.672
 19    -0.045 52874.25467347 13.73  83.596988  70.660994  8.672
 19     0.115 52874.25467412 14.63  83.592288  70.658024  8.672
 19     0.916 52874.25467476 15.00  83.587588  70.655064  8.672
 19     1.279 52874.25467541 15.64  83.582898  70.652094  8.672
 21     0.228 52944.25458658 33.91  83.602883  70.651346  7.265
 21     0.127 52944.25458723 33.19  83.598193  70.648386  7.265
 21     0.415 52944.25458787 32.36  83.593493  70.645416  7.265
 21     0.696 52944.25458852 30.70  83.588803  70.642456  7.265
 21     0.837 52944.25458916 30.19  83.584103  70.639486  7.265
 22    45.874 52979.25463550  3.03  83.624422  70.675274  5.897
 22     0.238 52979.25463873 20.62  83.600912  70.660454  5.897
 22     0.139 52979.25463937 20.75  83.596212  70.657484  5.897
 22     0.138 52979.25464001 20.44  83.591511  70.654526  2.494
 22     0.173 52979.25464066 19.73  83.586821  70.651556  2.494
 22     0.449 52979.25464130 18.90  83.582121  70.648596  2.494
 22     0.549 52979.25464195 18.76  83.577431  70.645626  2.494
 23    44.071 53014.25463169  2.04  83.619701  70.686678  4.310
 23     3.518 53014.25463233  7.81  83.614991  70.683718  4.310
 23    -0.346 53014.25463491 14.86  83.596181  70.671858  4.310
 23    -0.751 53014.25463556 14.30  83.591474  70.668899  1.980
 23    -0.779 53014.25463620 13.93  83.586774  70.665929  1.980
 23    -0.495 53014.25463685 13.86  83.582074  70.662969  1.980
 23    -0.518 53014.25463749 13.80  83.577384  70.659999  1.980
 23    -0.193 53014.25463814 13.93  83.572684  70.657039  1.980
 23    -0.209 53014.25463878 13.52  83.567994  70.654069  1.980
 24    -0.768 53049.25460942 13.18  83.598568  70.656863  4.406
 24    -1.007 53049.25461007 13.44  83.593868  70.653893  4.406
 24    -0.723 53049.25461071 13.09  83.589178  70.650933  4.406
 24    -0.625 53049.25461136 12.81  83.584478  70.647963  4.406
 24    -0.492 53049.25461200 12.52  83.579788  70.645003  4.406
 25    24.410 53084.25464020  4.38  83.611021  70.683945  2.747
 25     2.708 53084.25464085  5.53  83.606311  70.680985  2.747
 25    -0.785 53084.25464214 12.53  83.596907  70.675062  2.694
 25    -1.057 53084.25464278 12.88  83.592207  70.672092  2.694
 25    -0.632 53084.25464343 11.52  83.587507  70.669132  2.694
 25    -1.054 53084.25464407 11.49  83.582807  70.666162  2.694
 25    -0.996 53084.25464472 11.00  83.578107  70.663202  2.694
 25    -0.907 53084.25464536 11.23  83.573407  70.660232  2.694
 25    -0.950 53084.25464601 11.32  83.568707  70.657272  2.694
 25    -0.722 53084.25464665 11.25  83.564017  70.654302  2.694
 26    39.438 53119.25461148  3.30  83.621771  70.675747  2.129
 26    -0.742 53119.25461406 11.24  83.602952  70.663891  3.618
 26    -1.759 53119.25461470 12.43  83.598252  70.660931  3.618
 26    -1.481 53119.25461535 10.98  83.593552  70.657961  3.618
 26    -1.017 53119.25461599 10.24  83.588852  70.655001  3.618
 26    -0.718 53119.25461664 10.24  83.584162  70.652031  3.618
 26    -1.117 53119.25461728 10.25  83.579462  70.649071  3.618
 26    -0.879 53119.25461793 10.20  83.574772  70.646101  3.618
 27    68.996 53154.25466251  0.32  83.619012  70.679649  2.052
 27    62.750 53154.25466315  0.44  83.614309  70.676682  2.983
 27    69.674 53154.25466380  0.11  83.609599  70.673722  2.983
 28     0.329 53189.25465579 13.69  83.597348  70.660459 15.384
 28     0.211 53189.25465643 13.30  83.592648  70.657489 15.384
 28     1.584 53189.25465708 13.00  83.587948  70.654529 15.384
 28     2.068 53189.25465772 13.47  83.583258  70.651559 15.384
 28     3.151 53189.25465837 14.10  83.578558  70.648599 15.384
 28     3.925 53189.25465901 14.98  83.573868  70.645629 15.384
 29     2.543 53224.25466534 14.93  83.617314  70.681115  9.994
 29     2.557 53224.25466599 11.20  83.612614  70.678145  9.994
 29     2.217 53224.25466663 10.29  83.607904  70.675185  9.994
 29     1.562 53224.25466727 10.38  83.603204  70.672215  9.994
 29     1.607 53224.25466792  9.34  83.598508  70.669258 16.604
 29     1.277 53224.25466856 10.12  83.593808  70.666288 16.604
 29     1.039 53224.25466921 10.15  83.589108  70.663328 16.604
 29     0.917 53224.25466985 11.06  83.584408  70.660358 16.604
 29     1.305 53224.25467050 11.88  83.579708  70.657398 16.604
 29     1.926 53224.25467114 12.72  83.575018  70.654428 16.604
 30     4.409 53259.25463936 13.38  83.612495  70.688014  8.367
 30     4.036 53259.25464000 12.95  83.607795  70.685054  8.367
 30     3.318 53259.25464065 10.84  83.603085  70.682084  8.367
 30     2.610 53259.25464129 11.23  83.598385  70.679124  8.367
 30     1.016 53259.25464194 11.42  83.593675  70.676164  8.367
 30     0.417 53259.25464258 11.94  83.588975  70.673194  8.367
 30    -0.125 53259.25464323 14.08  83.584280  70.670232 15.165
 30    -0.103 53259.25464387 14.09  83.579580  70.667262 15.165
 30     0.079 53259.25464452 14.40  83.574880  70.664302 15.165
 30     0.107 53259.25464516 15.53  83.570180  70.661342 15.165
 30     0.819 53259.25464581 16.06  83.565490  70.658372 15.165
 30     1.398 53259.25464645 16.51  83.560800  70.655412 15.165
 32    45.189 53329.25463905  0.31  83.618953  70.679564  2.774
 32    43.469 53329.25463970  0.92  83.614246  70.676595  4.854
 32    42.254 53329.25464034  0.88  83.609546  70.673635  4.854
 32    44.501 53329.25464099  0.04  83.604846  70.670675  4.854
 32    33.262 53329.25464163  5.05  83.600146  70.667705  4.854
 32    -0.403 53329.25464421 21.81  83.581356  70.655845  4.854
 32    -0.327 53329.25464486 20.84  83.576656  70.652885  4.854
 32    -0.339 53329.25464550 20.05  83.571966  70.649915  4.854
 34    29.685 53399.25461678  2.87  83.606410  70.666509  3.655
 34    -1.083 53399.25461871 14.87  83.592310  70.657619  3.655
 34    -0.969 53399.25461936 14.64  83.587620  70.654649  3.655
 34    -0.723 53399.25462000 13.22  83.582920  70.651689  3.655
 34    -0.765 53399.25462065 12.57  83.578230  70.648719  3.655
 34    -0.513 53399.25462129 12.61  83.573530  70.645759  3.655
 35    -1.221 53434.25460795 13.33  83.587400  70.665592  3.392
 35    -1.009 53434.25460859 13.99  83.582700  70.662622  3.392
 35    -1.279 53434.25460923 12.96  83.578010  70.659662  3.392
 35    -0.870 53434.25460988 12.16  83.573310  70.656692  3.392
 35    -0.852 53434.25461052 12.08  83.568620  70.653732  3.392
 36    -0.666 53469.25465326 11.46  83.583217  70.649403  2.769
 36    -0.890 53469.25465391 12.45  83.578517  70.646443  2.769
 37    69.684 53504.25468981  1.32  83.620613  70.684070  1.885
 37    71.402 53504.25469045  0.95  83.615903  70.681110  1.885
 37    69.127 53504.25469110  0.96  83.611197  70.678141  2.699
 37    68.481 53504.25469174  0.80  83.606497  70.675181  2.699
 37    68.272 53504.25469238  0.93  83.601797  70.672211  2.699
 37    66.360 53504.25469303  0.69  83.597087  70.669251  2.699
 37    65.148 53504.25469367  0.79  83.592387  70.666291  2.699
 37    64.002 53504.25469432  0.20  83.587687  70.663321  2.699
 38    45.793 53539.25468851  3.44  83.618086  70.680953  3.487
 38    51.145 53539.25468916  0.54  83.613376  70.677984 11.049
 38    42.864 53539.25468980  1.99  83.608676  70.675024 11.049
 38    41.178 53539.25469045  2.88  83.603966  70.672054 11.049
 38    44.283 53539.25469109  0.60  83.599266  70.669094 11.049
 38    34.695 53539.25469174  2.24  83.594566  70.666134 11.049
 38    35.390 53539.25469238  2.35  83.589866  70.663164 11.049
 38    30.725 53539.25469303  3.71  83.585166  70.660204 11.049
 38     1.347 53539.25469431 18.53  83.575776  70.654274 11.049
 38     2.837 53539.25469496 18.31  83.571086  70.651304 11.049
 39     0.668 53574.25468509 22.57  83.618269  70.686418  5.462
 39     0.869 53574.25468573 19.33  83.613569  70.683448  5.462
 39     0.539 53574.25468637 17.99  83.608859  70.680488  5.462
 39     0.095 53574.25468702 18.84  83.604155  70.677517 12.177
 39    -0.126 53574.25468766 19.48  83.599455  70.674557 12.177
 39    -0.311 53574.25468831 20.30  83.594745  70.671587 12.177
 39    -0.092 53574.25468895 20.97  83.590045  70.668627 12.177
 39    -0.253 53574.25468960 21.93  83.585345  70.665667 12.177
 39    -0.331 53574.25469024 23.18  83.580645  70.662697 12.177
 39    -0.314 53574.25469089 24.42  83.575955  70.659737 12.177
 39    -0.147 53574.25469153 25.32  83.571255  70.656767 12.177
 39     0.122 53574.25469218 27.67  83.566565  70.653807 12.177
 40     5.149 53609.25463493 12.03  83.612651  70.688643  7.396
 40     5.202 53609.25463558  9.24  83.607941  70.685683  7.396
 40     4.309 53609.25463622 10.15  83.603241  70.682713  7.396
 40     2.932 53609.25463687  9.68  83.598533  70.679756 14.027
 40     1.133 53609.25463751 11.96  83.593833  70.676786 14.027
 40     0.205 53609.25463816 12.91  83.589133  70.673826 14.027
 40    -1.189 53609.25463880 16.32  83.584433  70.670856 14.027
 40    -0.011 53609.25463945 13.06  83.579733  70.667896 14.027
 40     0.440 53609.25464009 13.27  83.575033  70.664926 14.027
 40     0.119 53609.25464074 15.46  83.570333  70.661966 14.027
 40    -1.125 53609.25464138 19.64  83.565643  70.658996 14.027
 40     1.681 53609.25464203 16.43  83.560953  70.656036 14.027
 41     1.697 53644.25464008 11.86  83.622021  70.671282  8.183
 41     1.295 53644.25464072 11.54  83.617311  70.668312  8.183
 41     1.003 53644.25464137 10.91  83.612611  70.665352  8.183
 41     0.422 53644.25464201 10.74  83.607911  70.662382  8.183
 41     0.398 53644.25464266 11.17  83.603211  70.659422  8.183
 41     0.078 53644.25464330 11.69  83.598511  70.656462  8.183
 42    37.077 53679.25465588  7.04  83.617114  70.683896  3.761
 42    37.240 53679.25465653  7.33  83.612404  70.680936  3.761
 42    30.708 53679.25465717  7.65  83.607694  70.677976  3.761
 42     0.227 53679.25465975 33.46  83.588888  70.666115  6.666
 42     0.438 53679.25466039 33.92  83.584188  70.663155  6.666
 42     0.785 53679.25466104 32.61  83.579488  70.660185  6.666
 42     0.711 53679.25466168 31.63  83.574798  70.657225  6.666
 42     1.092 53679.25466233 30.45  83.570098  70.654255  6.666
 43    44.351 53714.25458375  1.31  83.618442  70.685927  2.751
 43    48.038 53714.25458440  0.79  83.613742  70.682967  2.751
 43    46.596 53714.25458504  0.69  83.609032  70.680007  2.751
 43    44.860 53714.25458569  0.43  83.604332  70.677041  3.415
 43    40.568 53714.25458633  0.46  83.599632  70.674071  3.415
 43    41.295 53714.25458698  0.64  83.594922  70.671111  3.415
 43    37.322 53714.25458762  0.07  83.590232  70.668141  3.415
 43    34.394 53714.25458827  0.13  83.585532  70.665181  3.415
 43    -0.042 53714.25458956 19.95  83.576132  70.659251  3.415
 43     0.738 53714.25459020 20.76  83.571442  70.656281  3.415
 43     1.001 53714.25459084 19.81  83.566752  70.653321  3.415
 44    -0.308 53749.25450647 14.91  83.592035  70.645772  2.949
 44    -0.758 53749.25450712 16.13  83.587335  70.642812  2.949
 44    -0.350 53749.25450776 16.12  83.582645  70.639842  2.949
 45    -0.002 53784.25453573 13.86  83.580499  70.655368  3.095
 45    -0.436 53784.25453637 15.62  83.575809  70.652408  3.095
 45    -0.028 53784.25453702 14.73  83.571119  70.649438  3.095
 46    40.732 53819.25449270  0.01  83.593528  70.676841  2.845
 46    -1.073 53819.25449528 12.36  83.574738  70.664981  2.845
 46    -1.261 53819.25449593 13.03  83.570038  70.662021  2.845
 46    -0.810 53819.25449657 12.78  83.565348  70.659051  2.845
 46    -0.395 53819.25449722 12.44  83.560658  70.656081  2.845
 47    32.788 53854.25457539  0.98  83.598039  70.662258  2.952
 47    -0.548 53854.25457668 10.61  83.588639  70.656328  2.952
 47    -0.814 53854.25457732 12.03  83.583949  70.653358  2.952
 47    -0.626 53854.25457797 11.90  83.579249  70.650398  2.952
 47    -0.485 53854.25457861 11.30  83.574559  70.647428  2.952
 48     0.408 53889.25458087 26.88  83.624830  70.676646 16.874
 48     1.783 53889.25458151 20.72  83.620130  70.673686 16.874
 48     1.509 53889.25458216 19.88  83.615420  70.670716 16.874
 48     0.942 53889.25458280 18.96  83.610720  70.667756 16.874
 48     0.148 53889.25458345 19.13  83.606020  70.664796 16.874
 48    -0.255 53889.25458409 20.71  83.601320  70.661826 16.874
 49     3.695 53924.25464691 17.76  83.617383  70.682439  9.173
 49     2.542 53924.25464756 15.43  83.612673  70.679479  9.173
 49     2.389 53924.25464820 14.08  83.607967  70.676511 18.373
 49     1.908 53924.25464885 11.37  83.603267  70.673551 18.373
 49     1.256 53924.25464949 11.41  83.598567  70.670581 18.373
 49     0.442 53924.25465014 11.61  83.593857  70.667621 18.373
 49     0.440 53924.25465078 11.59  83.589157  70.664661 18.373
 49     0.962 53924.25465142 12.36  83.584457  70.661691 18.373
 49     1.021 53924.25465207 13.27  83.579757  70.658731 18.373
 49     1.286 53924.25465271 15.46  83.575067  70.655761 18.373
 50     3.308 53959.25463659 16.63  83.617376  70.688176  7.041
 50     2.773 53959.25463724 17.34  83.612676  70.685206  7.041
 50     0.816 53959.25463788 13.66  83.607966  70.682246  7.041
 50     0.327 53959.25463853 13.78  83.603256  70.679286  7.041
 50    -0.108 53959.25463917 14.51  83.598552  70.676322 12.482
 50    -0.227 53959.25463982 15.11  83.593852  70.673352 12.482
 50    -0.434 53959.25464046 15.76  83.589152  70.670392 12.482
 50    -1.494 53959.25464111 18.09  83.584452  70.667422 12.482
 50    -1.455 53959.25464175 19.01  83.579752  70.664462 12.482
 50    -1.298 53959.25464240 20.12  83.575052  70.661492 12.482
 50    -0.287 53959.25464304 21.73  83.570362  70.658532 12.482
 50    -0.083 53959.25464369 25.79  83.565662  70.655562 12.482
 51     1.923 53994.25456993 13.78  83.642779  70.674569 17.438
 51     0.898 53994.25457057 12.46  83.638067  70.671611 13.566
 51     0.561 53994.25457122 13.19  83.633357  70.668641 13.566
 51     0.194 53994.25457186 14.35  83.628657  70.665681 13.566
 51    -0.440 53994.25457251 15.06  83.623957  70.662721 13.566
 51    -0.912 53994.25457315 16.56  83.619247  70.659751 13.566
 51    -1.434 53994.25457379 17.61  83.614547  70.656791 13.566
 51    -2.365 53994.25457444 20.64  83.609847  70.653821 13.566
 51    -1.424 53994.25457508 20.86  83.605147  70.650861 13.566
 51    -1.095 53994.25457573 22.24  83.600447  70.647901 13.566
 51    -0.505 53994.25457637 23.79  83.595757  70.644931 13.566
 51    -0.373 53994.25457702 27.24  83.591057  70.641971 13.566
 51     0.405 53994.25457766 28.26  83.586367  70.639001 13.566
 51     0.081 53994.25457831 32.61  83.581677  70.636041 13.566
 52     0.026 54029.25463346 35.69  83.595689  70.654473  9.916
 52     0.140 54029.25463410 34.56  83.590999  70.651503  9.916
 52     0.569 54029.25463474 32.54  83.586299  70.648543  9.916
 52     0.561 54029.25463539 31.56  83.581609  70.645573  9.916
 52     0.369 54029.25463603 31.06  83.576909  70.642613  9.916
 53     0.241 54064.25462435 22.83  83.604039  70.670374  3.488
 53    -0.001 54064.25462499 23.88  83.599339  70.667414  3.488
 53     0.205 54064.25462564 22.24  83.594639  70.664444  3.488
 53     0.181 54064.25462628 21.89  83.589949  70.661484  3.488
 53    -0.003 54064.25462692 22.27  83.585249  70.658514  3.488
 53    -0.079 54064.25462757 21.83  83.580549  70.655554  3.488
 53     0.035 54064.25462821 22.11  83.575859  70.652584  3.488
 53    -0.131 54064.25462886 22.25  83.571169  70.649624  3.488
 54    43.817 54099.25458728  1.50  83.617525  70.687976  2.465
 54    41.913 54099.25458793  1.65  83.612815  70.685006  2.465
 54    41.640 54099.25458857  1.07  83.608115  70.682046  2.465
 54    41.098 54099.25458922  1.09  83.603405  70.679076  2.465
 54    39.312 54099.25458986  1.21  83.598704  70.676119  3.262
 54    33.669 54099.25459051  2.51  83.594004  70.673149  3.262
 54    36.297 54099.25459115  0.92  83.589304  70.670189  3.262
 54    33.899 54099.25459180  0.87  83.584604  70.667219  3.262
 54    -0.908 54099.25459373 18.81  83.570514  70.658329  3.262
 54    -0.556 54099.25459437 18.43  83.565824  70.655359  3.262
 55    -1.425 54134.25455334 15.62  83.582426  70.646661  3.159
 55    -1.770 54134.25455398 15.82  83.577726  70.643701  3.159
 57     1.143 54204.25455701  5.39  83.585342  70.649431  2.194
 57     1.259 54204.25455766  5.62  83.580642  70.646461  2.194
 57     1.354 54204.25455830  5.73  83.575952  70.643501  2.194
 59     2.675 54274.25460215 42.69  83.620672  70.680643 10.376
 59     2.885 54274.25460279 42.72  83.615962  70.677673 10.376
 59     3.029 54274.25460344 42.92  83.611262  70.674713 10.376
 59     3.205 54274.25460408 42.99  83.606562  70.671753 10.376
 59     2.799 54274.25460473 42.72  83.601852  70.668783 10.376
 60     2.231 54309.25460412 21.21  83.621613  70.679158 13.164
 60     3.737 54309.25460476 13.53  83.616913  70.676198 13.164
 60     1.133 54309.25460541 14.46  83.612203  70.673228 13.164
 60     0.312 54309.25460605 15.52  83.607503  70.670268 13.164
 60    -0.236 54309.25460670 16.14  83.602803  70.667308 13.164
 60    -1.644 54309.25460734 18.13  83.598103  70.664338 13.164
 60    -1.283 54309.25460798 18.77  83.593403  70.661378 13.164
 60    -0.917 54309.25460863 20.40  83.588703  70.658408 13.164
 60    -0.376 54309.25460927 20.39  83.584003  70.655448 13.164
 61     3.785 54344.25458005 22.29  83.616254  70.686386 12.686
 61     2.594 54344.25458069 23.31  83.611544  70.683426 12.686
 61     2.693 54344.25458134 19.23  83.606844  70.680456 12.686
 61     1.989 54344.25458198 18.04  83.602134  70.677496 12.686
 61     0.602 54344.25458263 17.59  83.597434  70.674536 12.686
 61     0.127 54344.25458327 17.50  83.592734  70.671566 12.686
 61    -0.521 54344.25458392 19.01  83.588034  70.668606 12.686
 61    -0.935 54344.25458456 19.31  83.583334  70.665636 12.686
 61    -0.514 54344.25458521 20.26  83.578634  70.662676 12.686
 61    -0.421 54344.25458585 22.63  83.573944  70.659706 12.686
 61     0.282 54344.25458650 23.58  83.569244  70.656746 12.686
 62     1.886 54379.25454047 22.66  83.623611  70.675941 12.053
 62     0.794 54379.25454241 14.80  83.609501  70.667051 12.053
 62     1.180 54379.25454305 12.53  83.604801  70.664091 12.053
 62    -0.371 54379.25454370 15.99  83.600101  70.661121 12.053
 62     1.234 54379.25454434 12.80  83.595401  70.658161 12.053
 62     1.032 54379.25454499 13.23  83.590701  70.655191 12.053
 62     1.231 54379.25454563 14.91  83.586011  70.652231 12.053
 62     1.724 54379.25454628 15.88  83.581311  70.649271 12.053
 62     1.701 54379.25454692 19.10  83.576621  70.646301 12.053
 63    44.468 54414.25452916  0.19  83.616188  70.680847  4.500
 63    43.271 54414.25452980  0.08  83.611478  70.677877  4.500
 63    -0.750 54414.25453238 25.51  83.592678  70.666027  4.500
 63    -0.465 54414.25453303 24.14  83.587978  70.663057  4.500
 63    -0.400 54414.25453367 23.41  83.583278  70.660097  4.500
 63    -0.554 54414.25453432 22.26  83.578578  70.657127  4.500
 63    -0.148 54414.25453496 21.55  83.573888  70.654167  4.500
 63    -0.390 54414.25453560 21.64  83.569198  70.651197  4.500
 64     0.208 54449.25451380 15.36  83.581282  70.646223  2.970
 64    -0.321 54449.25451444 17.78  83.576592  70.643263  2.970
 65    39.241 54484.25452347  1.92  83.622650  70.679629  1.923
 65    -0.619 54484.25452605 15.34  83.603832  70.667772  3.706
 65    -0.783 54484.25452669 13.98  83.599132  70.664812  3.706
 65    -0.879 54484.25452734 13.76  83.594432  70.661842  3.706
 65    -0.475 54484.25452798 13.30  83.589732  70.658882  3.706
 65    -0.364 54484.25452863 13.42  83.585042  70.655912  3.706
 65    -0.409 54484.25452927 13.10  83.580342  70.652952  3.706
 65    -0.117 54484.25452991 12.98  83.575652  70.649982  3.706
 66    -1.321 54519.25452493 14.44  83.597815  70.658185  3.812
 66    -1.337 54519.25452557 14.23  83.593115  70.655215  3.812
 66    -1.161 54519.25452622 13.34  83.588415  70.652255  3.812
 66    -1.160 54519.25452686 13.25  83.583725  70.649285  3.812
 66    -1.502 54519.25452751 13.07  83.579025  70.646325  3.812
 67    27.642 54554.25453563  4.33  83.607064  70.679237  3.454
 67    -1.534 54554.25453820 14.00  83.588254  70.667387  3.454
 67    -1.239 54554.25453885 12.21  83.583564  70.664417  3.454
 67    -1.367 54554.25453949 12.00  83.578864  70.661457  3.454
 67    -0.795 54554.25454014 11.72  83.574164  70.658487  3.454
 67    -1.202 54554.25454078 11.88  83.569474  70.655527  3.454
 67    -0.928 54554.25454143 11.77  83.564784  70.652557  3.454
 68    -0.426 54589.25452115 10.48  83.588595  70.656612  3.116
 68    -0.444 54589.25452179 10.91  83.583905  70.653642  3.116
 68    -0.940 54589.25452244 10.67  83.579205  70.650682  3.116
 68    -0.043 54589.25452308 10.12  83.574515  70.647712  3.116
 69     4.213 54624.25453924 23.47  83.576001  70.654310  9.699
 69     4.371 54624.25453988 30.25  83.571301  70.651350  9.699
 70     2.978 54659.25454209 19.47  83.620150  70.680808  5.833
 70     3.328 54659.25454273 15.11  83.615440  70.677848  5.833
 70     2.822 54659.25454338 12.42  83.610730  70.674888  5.833
 70     2.058 54659.25454402 12.17  83.606030  70.671918  5.833
 70     1.474 54659.25454467 11.32  83.601330  70.668958  5.833
 70     0.636 54659.25454531 11.54  83.596630  70.665988  5.833
 70     0.813 54659.25454596 11.68  83.591930  70.663028  5.833
 70     0.894 54659.25454660 11.89  83.587230  70.660068  5.833
 70     0.958 54659.25454724 12.27  83.582530  70.657098  5.833
 71    -0.359 54694.25452193 28.31  83.617285  70.682822  9.361
 71     0.953 54694.25452257 15.18  83.612585  70.679862  9.361
 71     0.388 54694.25452322 14.58  83.607875  70.676902  9.361
 71    -0.240 54694.25452386 14.96  83.603179  70.673937 12.850
 71    -0.674 54694.25452451 16.12  83.598469  70.670967 12.850
 71    -0.635 54694.25452515 16.86  83.593769  70.668007 12.850
 71    -1.423 54694.25452580 18.16  83.589069  70.665037 12.850
 71    -1.158 54694.25452644 18.88  83.584379  70.662077 12.850
 71    -0.737 54694.25452709 19.58  83.579679  70.659107 12.850
 71    -0.419 54694.25452773 21.71  83.574979  70.656147 12.850
 71     0.007 54694.25452838 25.62  83.570289  70.653177 12.850
 72     1.265 54729.25449703 15.97  83.624696  70.676145 11.058
 72     1.067 54729.25449768 10.71  83.619986  70.673175 11.058
 72     1.244 54729.25449832 10.36  83.615286  70.670215 11.058
 72     1.156 54729.25449897 10.08  83.610576  70.667245 11.058
 72     0.614 54729.25449961 10.79  83.605876  70.664285 11.058
 72     0.736 54729.25450026 11.42  83.601176  70.661325 11.058
 72     0.696 54729.25450090 12.34  83.596476  70.658355 11.058
 72     0.466 54729.25450154 13.30  83.591776  70.655395 11.058
 73    39.716 54764.25450016  8.90  83.622013  70.681511  3.216
 73     0.175 54764.25450339 27.54  83.598496  70.666696  9.891
 73     0.832 54764.25450403 27.70  83.593796  70.663726  9.891
 73     2.395 54764.25450468 28.19  83.589096  70.660766  9.891
 73     2.139 54764.25450532 36.20  83.584406  70.657796  9.891
 73     2.154 54764.25450597 34.29  83.579706  70.654836  9.891
 73     2.232 54764.25450661 31.06  83.575016  70.651866  9.891
 73     2.263 54764.25450726 29.47  83.570316  70.648906  9.891
 74    42.120 54799.25449248  0.43  83.614614  70.667152  5.928
 74    -0.617 54799.25449571 21.75  83.591114  70.652332  5.928
 74    -0.773 54799.25449635 20.84  83.586414  70.649362  5.928
 74    -0.864 54799.25449700 19.40  83.581724  70.646402  5.928
 74    -1.092 54799.25449764 19.45  83.577034  70.643432  5.928
 75    43.370 54834.25449222  0.00  83.610102  70.675292  4.403
 75    -1.009 54834.25449544 16.45  83.586592  70.660472  4.403
 75    -0.916 54834.25449608 15.74  83.581902  70.657502  4.403
 75    -0.851 54834.25449673 15.47  83.577202  70.654542  4.403
 75    -0.882 54834.25449737 14.84  83.572512  70.651572  4.403
 76    -0.301 54869.25449314 12.51  83.587193  70.649246  2.994
 76    -1.290 54869.25449379 14.46  83.582493  70.646286  2.994
 76    -0.814 54869.25449443 14.29  83.577803  70.643316  2.994
 77    25.462 54904.25450260  4.58  83.592909  70.672429  3.255
 77    -1.076 54904.25450389 13.28  83.583509  70.666499  3.255
 77    -1.502 54904.25450454 14.13  83.578809  70.663539  3.255
 77    -1.424 54904.25450518 13.15  83.574119  70.660569  3.255
 77    -1.178 54904.25450583 12.57  83.569419  70.657609  3.255
 77    -1.123 54904.25450647 12.32  83.564729  70.654639  3.255
 78     0.250 54939.25448371 12.08  83.585037  70.652286  2.811
 78     0.136 54939.25448436 12.45  83.580347  70.649316  2.811
 78     0.563 54939.25448500 12.07  83.575647  70.646356  2.811
 79     1.055 54974.25451411  9.11  83.582944  70.654580  2.660
 79     0.597 54974.25451476 10.69  83.578244  70.651620  2.660
 79     0.642 54974.25451540 10.67  83.573554  70.648650  2.660
 80     0.303 55009.25452210 27.54  83.617546  70.681928  8.675
 80     3.283 55009.25452275 16.67  83.612837  70.678960 16.929
 80     3.167 55009.25452339 14.18  83.608137  70.676000 16.929
 80     2.800 55009.25452404 12.86  83.603427  70.673030 16.929
 80     2.784 55009.25452468 11.74  83.598727  70.670070 16.929
 80     2.090 55009.25452533 12.54  83.594027  70.667110 16.929
 80     1.996 55009.25452597 12.48  83.589327  70.664140 16.929
 80     1.797 55009.25452662 12.96  83.584627  70.661180 16.929
 80     1.884 55009.25452726 13.49  83.579937  70.658210 16.929
 80     2.532 55009.25452791 14.22  83.575237  70.655250 16.929
 80     3.580 55009.25452855 14.42  83.570547  70.652280 16.929
 81     0.174 55044.25451447 13.01  83.606082  70.669870 10.456
 81     0.168 55044.25451511 12.93  83.601382  70.666910 10.456
 81     0.302 55044.25451575 13.18  83.596682  70.663940 10.456
 81    -0.060 55044.25451640 13.26  83.591982  70.660980 10.456
 81     0.296 55044.25451704 13.78  83.587282  70.658010 10.456
 81     0.339 55044.25451769 14.62  83.582582  70.655050 10.456
 81     0.537 55044.25451833 15.10  83.577892  70.652080 10.456
 81     1.556 55044.25451898 15.09  83.573192  70.649120 10.456
 82     4.898 55079.25448815 15.13  83.615698  70.684867 10.762
 82     4.249 55079.25448879 12.46  83.610998  70.681907 10.762
 82     3.509 55079.25448944 11.81  83.606288  70.678937 10.762
 82     1.626 55079.25449008 12.06  83.601589  70.675981 11.683
 82     0.901 55079.25449073 12.97  83.596889  70.673011 11.683
 82    -0.672 55079.25449137 15.28  83.592179  70.670051 11.683
 82    -0.627 55079.25449202 15.46  83.587479  70.667081 11.683
 82    -0.873 55079.25449266 16.29  83.582789  70.664121 11.683
 82    -0.559 55079.25449331 16.22  83.578089  70.661151 11.683
 82    -0.284 55079.25449395 17.31  83.573389  70.658191 11.683
 82     0.477 55079.25449460 17.58  83.568699  70.655221 11.683
 82     0.840 55079.25449524 17.70  83.564009  70.652261 11.683
 83    62.255 55114.25444544  2.41  83.621320  70.675639  8.163
 83    61.619 55114.25444608  1.94  83.616610  70.672679  8.163
 83    54.811 55114.25444672  2.29  83.611910  70.669709  8.163
 83    44.535 55114.25444737  2.76  83.607200  70.666749  8.163
 83    46.278 55114.25444801  2.08  83.602500  70.663789  8.163
 83    37.650 55114.25444866  3.70  83.597800  70.660819  8.163
 83    39.974 55114.25444930  1.58  83.593110  70.657859  8.163
 83    43.144 55114.25444995  0.84  83.588410  70.654889  8.163
 83    34.100 55114.25445059  2.00  83.583710  70.651929  8.163
 83    32.102 55114.25445124  2.18  83.579020  70.648959  8.163
 83    19.280 55114.25445188  9.22  83.574320  70.645999  8.163
 84    39.162 55149.25444443  5.96  83.621284  70.682343  5.267
 84    38.266 55149.25444508  7.07  83.616582  70.679377  8.874
 84    -0.736 55149.25444959 26.16  83.583672  70.658627  8.874
 84    -0.571 55149.25445023 25.06  83.578972  70.655667  8.874
 84    -0.517 55149.25445088 24.33  83.574282  70.652697  8.874
 84    -0.567 55149.25445152 23.06  83.569582  70.649737  8.874
 85    43.702 55184.25442885  3.76  83.622040  70.672472  4.769
 85    43.111 55184.25442949  2.82  83.617330  70.669502  4.769
 85    42.361 55184.25443014  1.84  83.612630  70.666542  4.769
 85    40.742 55184.25443078  0.72  83.607930  70.663582  4.769
 85    38.112 55184.25443143  1.23  83.603230  70.660612  4.769
 85    -0.444 55184.25443336 19.07  83.589130  70.651722  4.769
 85    -0.306 55184.25443401 19.11  83.584440  70.648752  4.769
 85     0.132 55184.25443465 17.63  83.579740  70.645792  4.769
 86    38.551 55219.25444242  1.63  83.616898  70.681926  2.997
 86    -0.045 55219.25444629 18.58  83.588682  70.664138  7.110
 86     0.267 55219.25444694 19.41  83.583982  70.661178  7.110
 86     0.791 55219.25444758 19.36  83.579292  70.658208  7.110
 86     1.114 55219.25444822 22.08  83.574592  70.655248  7.110
 86     1.257 55219.25444887 21.19  83.569902  70.652278  7.110
 87     0.128 55254.25442977 14.86  83.586164  70.650922  3.825
 87     0.742 55254.25443041 14.19  83.581464  70.647962  3.825
 87     1.219 55254.25443106 13.68  83.576774  70.644992  3.825
 88    41.822 55289.25443248  0.24  83.606959  70.681211  2.274
 88    -0.327 55289.25443506 13.71  83.588155  70.669345  3.851
 88    -0.456 55289.25443571 13.92  83.583455  70.666385  3.851
 88    -0.555 55289.25443635 14.26  83.578755  70.663415  3.851
 88    -0.471 55289.25443700 13.69  83.574065  70.660455  3.851
 88     0.156 55289.25443764 12.88  83.569365  70.657485  3.851
 88     0.237 55289.25443828 12.54  83.564675  70.654525  3.851
 89     0.294 55324.25441595 11.55  83.579137  70.655200  3.125
 89     0.308 55324.25441660 11.63  83.574447  70.652230  3.125
 89     0.361 55324.25441724 11.26  83.569747  70.649270  3.125
 90    45.061 55359.25440837  4.39  83.619447  70.682382  3.635
 90    44.949 55359.25440901  3.29  83.614741  70.679414 10.487
 90    42.869 55359.25440965  3.04  83.610041  70.676454 10.487
 90    41.802 55359.25441030  4.14  83.605341  70.673484 10.487
 90    35.946 55359.25441094  4.38  83.600631  70.670524 10.487
 90    34.543 55359.25441159  5.39  83.595931  70.667564 10.487
 90    34.270 55359.25441223  2.97  83.591231  70.664594 10.487
 90    32.296 55359.25441288  4.02  83.586531  70.661634 10.487
 90    31.742 55359.25441352  2.09  83.581841  70.658664 10.487
 90     3.004 55359.25441481 19.83  83.572451  70.652734 10.487
 91     2.559 55394.25441379 15.33  83.619793  70.674895 11.952
 91     2.001 55394.25441443 13.16  83.615083  70.671935 11.952
 91     0.952 55394.25441507 13.13  83.610383  70.668965 11.952
 91     0.435 55394.25441572 14.22  83.605673  70.666005 11.952
 91    -0.433 55394.25441636 14.57  83.600973  70.663035 11.952
 91    -0.752 55394.25441701 16.02  83.596273  70.660075 11.952
 91    -0.458 55394.25441765 16.66  83.591583  70.657115 11.952
 91     0.429 55394.25441894 21.00  83.582183  70.651185 11.952
 92     3.135 55429.25442444 19.31  83.621712  70.679439 14.847
 92     1.950 55429.25442509 15.12  83.617003  70.676470 13.578
 92     1.704 55429.25442573 10.71  83.612303  70.673510 13.578
 92     1.068 55429.25442638 10.64  83.607593  70.670540 13.578
 92     0.967 55429.25442702 10.72  83.602893  70.667580 13.578
 92     0.918 55429.25442767 11.09  83.598193  70.664620 13.578
 92     0.285 55429.25442831 12.56  83.593493  70.661650 13.578
 92     0.543 55429.25442895 12.72  83.588793  70.658690 13.578
 92     0.775 55429.25442960 13.86  83.584103  70.655720 13.578
 92     1.376 55429.25443024 14.72  83.579403  70.652760 13.578
 92     2.175 55429.25443089 15.88  83.574713  70.649790 13.578
 93     4.711 55464.25438583 20.43  83.618986  70.688335  3.355
 93     4.487 55464.25438647 21.33  83.614286  70.685365  3.355
 93     0.879 55464.25438712 21.29  83.609576  70.682405  3.355
 93     0.296 55464.25438776 21.41  83.604876  70.679435  3.355
 93    -0.074 55464.25438841 21.92  83.600167  70.676478  7.205
 93    -0.393 55464.25438905 22.44  83.595467  70.673508  7.205
 93    -0.500 55464.25438970 23.07  83.590767  70.670548  7.205
 93    -0.385 55464.25439034 23.46  83.586067  70.667578  7.205
 93    -0.399 55464.25439099 24.14  83.581367  70.664618  7.205
 93    -0.441 55464.25439163 24.76  83.576677  70.661648  7.205
 93    -0.235 55464.25439228 26.05  83.571977  70.658688  7.205
 93    -0.052 55464.25439292 28.29  83.567287  70.655718  7.205
 93    -0.046 55464.25439356 33.62  83.562597  70.652758  7.205
