# NaN NaN NaN ;Mean Elev.(m), Avg Gradient(m/km), RMS Gradient(m/km) - SRTM1     
#   28.039  -7.323  50.821 ;Mean Elev.(m), Avg Gradient(m/km), RMS Gradient(m/km) - ASTER GDEM
#   51.018  -8.658  47.469 ;Mean Elev.(m), Avg Gradient(m/km), RMS Gradient(m/km) - GMTED2010 
  7  90.577818  60.048732    59.553    58.995  5 52469.20689104  8.393
  8  90.576816  60.050399    55.573    55.736  5 52504.20687714  7.553
 10  90.578891  60.048379    56.998    56.692  5 52574.20690408 14.013
 11  90.578490  60.049366    54.755    54.727  5 52609.20686336 15.981
 12  90.582596  60.043625    54.776    54.871  5 52644.20685699 10.892
 13  90.579977  60.047689    58.550    58.680  5 52679.20683571  8.453
 17  90.583624  60.038985    61.417    59.543  3 52819.20692413 10.603
 21  90.589862  60.039214    48.809    48.780  5 52959.20692695 40.039
 22  90.583548  60.044891    56.834    57.047  5 52994.20695654 12.342
 23  90.576108  60.050992    59.594    59.618  6 53029.20691956  6.824
 24  90.585422  60.042269    57.667    57.883  5 53064.20692863  8.657
 25  90.572178  60.055458    61.186    60.889  5 53099.20693825  9.379
 29  90.579592  60.047377    57.396    57.391  6 53239.20696703  8.699
 30  90.589652  60.036129    51.935    52.023  6 53274.20693176 23.216
 31  90.579891  60.048110    51.329    51.699  6 53309.20698348 40.293
 32  90.577690  60.049254    52.227    52.252  5 53344.20694968 37.891
 33  90.591165  60.036565    56.228    56.239  5 53379.20689765 12.659
 34  90.583001  60.044202    60.434    60.329  6 53414.20692711  8.061
 35  90.589938  60.037577    57.456    57.646  5 53449.20691899  8.505
 39  90.580041  60.047426    59.452    59.397  6 53589.20696936 10.736
 41  90.583492  60.045879   117.292   113.610  4 53659.20697271  8.229
 43  90.575270  60.051806    58.828    58.965  6 53729.20687242 12.012
 45  90.577571  60.048898    58.322    58.360  5 53799.20684263  8.152
 46  90.587776  60.037894    57.511    57.294  5 53834.20684177 10.378
 49  90.575463  60.052777    54.868    54.765  5 53939.20697043 39.006
 50  90.574798  60.053853    56.093    56.301  5 53974.20693066  8.798
 52  90.586900  60.040994    51.832    52.002  6 54044.20694584 32.055
 53  90.578948  60.052494   109.305   109.349  4 54079.20693753  4.702
 57  90.582640  60.043801    57.365    57.385  5 54219.20689408 32.376
 63  90.578117  60.049629    51.535    51.464  5 54429.20682391 31.729
 64  90.584463  60.042961    56.629    56.764  6 54464.20683878 13.177
 65  90.579181  60.049241    58.109    58.181  5 54499.20683445  8.249
 66  90.581776  60.044518    57.925    57.853  6 54534.20685280 10.822
 68  90.581018  60.044961    56.087    56.198  6 54604.20684712 38.857
 69  90.578211  60.047491    51.458    51.757  5 54639.20685731 20.869
 71  90.576814  60.049634    52.106    51.993  6 54709.20681712 25.516
 73  90.579597  60.047963    50.738    50.051  5 54779.20680082 40.136
 75  90.577251  60.048845    65.012    65.384  6 54849.20679969  7.546
 76  90.581083  60.044767    59.154    59.137  6 54884.20682387  7.588
 78  90.581762  60.044954    59.725    59.662  5 54954.20681823 18.400
 81  90.579925  60.047718    54.838    55.213  5 55059.20682817 20.118
 82  90.573795  60.053173    51.157    51.185  6 55094.20678077 22.106
 83  90.581577  60.046173    52.093    52.275  5 55129.20677000 21.171
 84  90.578683  60.048540    56.136    55.877  5 55164.20674325 29.685
 85  90.582467  60.044790    58.102    57.952  5 55199.20676160  6.206
 87  90.583584  60.049631    57.336    56.855  3 55269.20675540  5.938
 88  90.574284  60.051066    64.518    65.877  5 55304.20672807  4.856
 89  90.580543  60.046979    58.645    58.793  5 55339.20672823 19.758
 90  90.579646  60.048423    53.650    53.004  5 55374.20671965 33.986
 92  90.579246  60.047042    60.325    60.637  5 55444.20673699 11.588
