-107186.235    61.862     0.00    5.29
-106819.974    63.886     5.53    6.74
-106453.803    66.720     7.74    8.84
-106087.723    68.708     5.43    7.82
-105721.734    72.059     9.16    8.16
-105355.836    73.878     4.97    8.75
-104990.029    74.233     0.97    8.93
-104624.313    76.608     6.49    7.55
-104258.687    80.080     9.49    7.74
-103893.151    85.559    14.99   10.45
-103527.706    91.161    15.33    9.95
-103162.351    96.018    13.29    7.68
-102797.087    99.237     8.82    5.34
-102431.913    99.836     1.64    4.57
-102066.829    97.237    -7.12    6.86
-101701.835    93.008   -11.59    9.62
-101336.932    89.918    -8.47    8.82
-100972.118    90.359     1.21    8.37
-100607.394    94.967    12.63   11.64
-100242.760   101.807    18.76    9.77
 -99878.216   108.051    17.13    6.83
 -99513.762   110.402     6.45    5.25
 -99149.397   109.590    -2.23    7.09
 -98785.122   107.218    -6.51    8.36
 -98420.936   105.658    -4.28    8.04
 -98056.840   105.588    -0.19    7.78
 -97692.833   104.817    -2.12    8.57
 -97328.916   103.427    -3.82    8.44
 -96965.087   102.229    -3.29    8.94
 -96601.348    96.381   -16.08   12.07
 -96237.699    91.964   -12.15   12.21
 -95857.586    88.297    -9.65   10.91
 -95475.054    85.759    -6.63   11.54
 -95092.622    86.126     0.96   12.86
 -94710.292    87.539     3.70   12.47
 -94328.063    91.754    11.03   12.07
 -93945.936    96.492    12.40    9.67
 -93563.910    97.930     3.77    8.78
 -93181.984    95.078    -7.47    9.22
 -92800.160    92.372    -7.09    8.21
 -92418.437    88.925    -9.03    8.02
 -92036.814    85.336    -9.40    7.87
 -91655.292    81.227   -10.77    7.05
 -91273.871    78.829    -6.29    4.87
 -90892.550    77.157    -4.39    4.75
 -90511.330    75.034    -5.57    6.35
 -90130.211    70.615   -11.60    7.48
 -89749.191    68.025    -6.80    7.09
 -89368.272    67.198    -2.17    6.92
 -88987.453    66.144    -2.77    5.76
 -88606.735    66.188     0.11    5.75
 -88226.116    67.101     2.40    6.05
 -87845.597    68.626     4.01    6.47
 -87465.178    68.873     0.65    7.44
 -87084.859    67.128    -4.59    7.93
 -86704.640    65.102    -5.33    7.03
 -86324.520    62.533    -6.76    4.80
 -85944.500    63.183     1.71    4.30
 -85564.579    62.849    -0.88    5.26
 -85184.758    60.073    -7.31    6.45
 -84805.036    60.008    -0.17    6.34
 -84425.413    60.150     0.37    6.79
 -84045.890    61.026     2.31    5.63
 -83666.466    62.397     3.61    3.22
 -83287.140    62.287    -0.29    3.16
 -82907.914    61.390    -2.37    4.04
 -82528.786    59.291    -5.54    4.83
 -82149.758    56.941    -6.20    4.72
 -81770.828    55.982    -2.53    4.37
 -81391.996    57.109     2.98    5.86
 -81013.263    58.838     4.56    6.29
 -80634.629    60.729     5.00    6.29
 -80256.093    61.769     2.75    5.72
 -79877.656    64.357     6.84    3.86
 -79499.316    65.508     3.04    3.97
 -79121.075    65.661     0.40    4.48
 -78742.932    66.263     1.59    4.25
 -78364.887    66.302     0.10    3.80
 -77986.940    67.043     1.96    3.60
 -77609.091    68.831     4.73    4.38
 -77231.340    71.557     7.22    4.52
 -76853.686    73.703     5.69    3.59
 -76476.130    74.582     2.33    2.45
 -76098.672    75.653     2.84    3.21
 -75721.311    77.053     3.71    4.03
 -75344.048    78.145     2.90    3.71
 -74966.882    78.052    -0.25    3.50
 -74589.813    76.763    -3.42    3.51
 -74212.842    75.958    -2.14    3.06
 -73835.967    75.755    -0.54    2.98
 -73459.190    76.769     2.69    3.56
 -73082.509    78.070     3.45    3.56
 -72705.926    80.237     5.76    4.55
 -72329.439    83.207     7.89    4.50
 -71953.049    85.149     5.16    3.31
 -71576.756    85.632     1.28    2.92
 -71200.560    85.652     0.05    3.77
 -70824.460    84.726    -2.46    3.79
 -70448.456    85.940     3.23    4.99
 -70072.549    89.915    10.57    7.29
 -69696.738    95.229    14.14   10.29
 -69321.023   102.817    20.20   12.16
 -68945.405   111.441    22.96   13.66
 -68569.883   119.191    20.64   15.13
 -68194.456   124.807    14.96   14.50
 -67819.126   128.575    10.04   12.66
 -67443.892   130.784     5.89   10.52
 -67068.753   134.940    11.08    8.77
 -66693.710   137.027     5.56    6.91
 -66318.763   136.347    -1.81    6.58
 -65943.911   132.545   -10.15    8.29
 -65569.155   125.712   -18.23    8.79
 -65194.494   120.351   -14.31    7.29
 -64819.929   115.602   -12.68    6.58
 -64445.459   112.359    -8.66    6.63
 -64071.084   109.602    -7.36    5.27
 -63696.804   106.923    -7.16    5.55
 -63322.620   103.713    -8.58    6.25
 -62948.530   101.405    -6.17    4.81
 -62574.535   101.521     0.31    4.54
 -62200.635   103.061     4.12    5.40
 -61826.830   105.043     5.30    5.14
 -61453.120   104.495    -1.47    6.72
 -61079.505   100.491   -10.72    8.29
 -60705.984    95.752   -12.69    7.66
 -60332.557    91.783   -10.63    3.36
 -59959.225    91.824     0.11    3.91
 -59585.987    93.255     3.83    4.01
 -59212.844    93.214    -0.11    5.46
 -58839.794    94.591     3.69    6.69
 -58466.839    95.130     1.45    6.95
 -58093.978    97.000     5.01    6.03
 -57721.211   100.000     8.05    5.65
 -57348.538   102.144     5.75    5.58
 -56975.959   103.684     4.13    4.96
 -56603.474   105.552     5.01    3.79
 -56231.082   106.051     1.34    3.15
 -55858.784   106.929     2.36    3.15
 -55486.580   109.932     8.07    4.75
 -55114.469   112.982     8.20    6.05
 -54742.451   116.345     9.04    5.73
 -54370.527   119.474     8.41    5.55
 -53998.697   121.699     5.98    6.66
 -53626.959   124.085     6.42    5.88
 -53255.315   123.864    -0.60    5.33
 -52883.763   120.881    -8.03    6.91
 -52512.305   115.781   -13.73    7.76
 -52140.940   108.301   -20.14    7.98
 -51769.668   102.368   -15.98    7.99
 -51398.488    98.211   -11.20    5.37
 -51027.401    98.190    -0.06    5.15
 -50656.407    98.957     2.07    5.62
 -50285.506   100.302     3.63    4.35
 -49914.697   101.043     2.00    3.38
 -49543.980   102.826     4.81    5.53
 -49173.356   107.427    12.42    7.55
 -48802.824   112.296    13.14    6.88
 -48432.385   115.374     8.31    5.74
 -48062.037   114.658    -1.93    6.95
 -47691.782   112.145    -6.79    7.26
 -47321.619   109.479    -7.20    5.69
 -46951.548   108.939    -1.46    4.61
 -46581.569   110.372     3.87    5.30
 -46211.682   113.479     8.40    6.95
 -45841.886   117.853    11.83    6.69
 -45472.182   122.496    12.56    5.80
 -45102.570   125.783     8.89    5.28
 -44733.049   129.560    10.22    4.67
 -44363.620   132.829     8.85    5.00
 -43994.283   135.073     6.08    4.52
 -43625.036   137.600     6.84    3.26
 -43255.882   139.293     4.59    2.88
 -42886.818   140.504     3.28    3.03
 -42517.845   141.786     3.47    3.27
 -42148.964   140.703    -2.94    4.48
 -41780.174   135.852   -13.15    7.93
 -41411.474   130.817   -13.66    8.49
 -41042.866   124.670   -16.68    7.18
 -40674.348   119.035   -15.29    8.72
 -40305.921   112.541   -17.63   10.49
 -39937.585   106.078   -17.55    8.83
 -39569.340   101.086   -13.55    6.93
 -39201.185    98.309    -7.54    7.12
 -38833.120    96.224    -5.66    7.24
 -38465.146    92.133   -11.12    7.52
 -38097.263    82.781   -25.42   12.20
 -37729.470    70.593   -33.14   17.41
 -37361.767    58.427   -33.09   16.33
 -36994.154    49.188   -25.13   10.98
 -36626.631    42.974   -16.91    6.90
 -36259.198    40.115    -7.78    5.71
 -35891.856    41.291     3.20    7.72
 -35524.603    47.431    16.72   13.19
 -35157.440    58.217    29.38   14.93
 -34790.367    68.553    28.16   12.07
 -34423.383    76.670    22.12    8.11
 -34056.489    80.966    11.71    5.73
 -33689.685    83.607     7.20    3.66
 -33322.970    84.617     2.75    2.38
 -32956.345    84.754     0.37    1.78
 -32589.809    85.294     1.47    2.76
 -32223.363    86.650     3.70    3.18
 -31857.005    87.991     3.66    2.59
 -31490.737    90.860     7.83    3.77
 -31124.558    92.543     4.60    4.22
 -30758.468    94.367     4.98    3.44
 -30392.468    94.130    -0.65    3.94
 -30026.556    92.772    -3.71    5.31
 -29660.732    90.468    -6.30    5.69
 -29294.998    88.492    -5.41    5.71
 -28929.353    87.354    -3.11    4.76
 -28563.796    87.442     0.24    5.37
 -28198.327    86.905    -1.47    6.48
 -27832.948    86.545    -0.98    7.54
 -27467.656    87.319     2.12    8.32
 -27102.454    88.086     2.10    7.54
 -26737.339    89.673     4.34    6.07
 -26372.313    90.696     2.80    5.39
 -26007.375    91.180     1.33    6.09
 -25642.525    91.261     0.22    7.56
 -25277.763    89.435    -5.01    8.57
 -24913.090    87.505    -5.29    8.42
 -24548.504    85.270    -6.13    8.05
 -24184.006    82.456    -7.72    9.09
 -23819.596    78.123   -11.89   11.92
 -23455.274    73.130   -13.70   11.12
 -23091.040    70.144    -8.20    9.77
 -22726.893    71.465     3.63   10.54
 -22362.834    75.565    11.26   10.42
 -21998.862    80.101    12.46    9.76
 -21634.978    85.209    14.04    9.22
 -21261.708    86.965     4.70    7.69
 -20879.337    84.096    -7.50    9.83
 -20497.065    75.605   -22.21   13.33
 -20114.891    66.518   -23.78   10.89
 -19732.817    62.130   -11.48    6.37
 -19350.842    63.107     2.56    8.07
 -18968.965    68.243    13.45   12.86
 -18587.187    74.267    15.78   14.62
 -18205.508    79.061    12.56   13.07
 -17823.927    81.855     7.32   10.61
 -17442.445    81.600    -0.67    7.99
 -17061.061    80.784    -2.14    5.75
 -16679.776    80.035    -1.96    4.25
 -16298.589    77.938    -5.50    5.72
 -15917.500    73.360   -12.01    8.40
 -15536.509    67.435   -15.55   10.44
 -15155.617    56.717   -28.14   13.32
 -14774.822    47.191   -25.02   12.97
 -14394.125    37.121   -26.45   10.23
 -14013.526    29.914   -18.94   10.51
 -13633.025    26.109   -10.00   12.25
 -13252.622    22.009   -10.78   12.29
 -12872.316    21.586    -1.11   10.74
 -12492.107    23.913     6.12   10.71
 -12111.996    30.027    16.08   12.86
 -11731.983    41.558    30.34   11.79
 -11352.067    46.748    13.66   10.09
 -10972.248    46.796     0.13    9.81
 -10592.526    43.202    -9.47   10.97
 -10212.901    37.857   -14.08   10.45
  -9833.373    34.339    -9.27   10.10
  -9453.943    32.881    -3.84    8.97
  -9074.609    32.870    -0.03    6.66
  -8695.372    34.273     3.70    6.11
  -8316.231    37.325     8.05    5.43
  -7937.187    39.113     4.72    3.81
  -7558.240    39.345     0.61    3.30
  -7179.390    38.670    -1.78    3.11
  -6800.635    37.414    -3.31    3.37
  -6421.977    35.233    -5.76    5.02
  -6043.416    32.692    -6.71    5.66
  -5664.950    29.957    -7.23    4.70
  -5286.581    26.955    -7.93    4.31
  -4908.308    25.409    -4.09    4.21
  -4530.131    24.143    -3.35    5.34
  -4152.050    22.504    -4.33    7.29
  -3774.064    21.348    -3.06    8.86
  -3396.175    17.387   -10.48   10.65
  -3018.381    11.684   -15.10   10.34
  -2640.682     6.296   -14.27    8.52
  -2263.080     1.895   -11.66    4.03
  -1885.572     0.297    -4.23    0.84
  -1508.161     0.035    -0.69    0.23
  -1130.844     0.000    -0.09    0.00
   -753.623     0.000     0.00    0.00
   -376.497     0.000     0.00    0.00
      0.534     0.000     0.00    0.00
    377.470     0.000     0.00    0.00
    754.311     0.000     0.00    0.00
   1131.056     0.000     0.00    0.00
   1507.707     0.000     0.00    0.00
   1884.264     0.000     0.00    0.00
   2260.725     0.000     0.00    0.00
   2637.092     0.009     0.02    0.10
   3013.365     0.565     1.48    1.28
   3389.542     1.202     1.69    1.53
   3765.626     1.553     0.93    1.44
   4141.615     1.791     0.63    1.36
   4517.510     1.579    -0.56    1.21
   4893.310     1.228    -0.93    1.08
   5269.017     1.286     0.15    1.13
   5644.629     1.530     0.65    1.27
   6020.148     1.660     0.35    1.34
   6395.572     1.339    -0.86    1.44
   6770.903     0.872    -1.25    1.38
   7146.139     0.351    -1.39    0.95
   7521.282     0.036    -0.84    0.27
   7896.332     0.000    -0.10    0.00
   8271.288     0.000     0.00    0.00
   8646.150     0.000     0.00    0.00
   9020.919     0.000     0.00    0.00
   9395.594     0.000     0.00    0.00
   9770.176     0.000     0.00    0.00
  10144.665     0.000     0.00    0.00
  10519.061     0.000     0.00    0.00
  10893.364     0.000     0.00    0.00
  11267.573     0.000     0.00    0.00
  11641.690     0.000     0.00    0.00
  12015.714     0.000     0.00    0.00
  12389.645     0.000     0.00    0.00
  12763.483     0.000     0.00    0.00
  13137.229     0.000     0.00    0.00
  13510.881     0.000     0.00    0.00
  13884.442     0.000     0.00    0.00
  14257.910     0.000     0.00    0.00
  14631.285     0.000     0.00    0.00
  15004.568     0.000     0.00    0.00
  15377.759     0.063     0.17    0.31
  15750.857     0.500     1.17    1.01
  16123.864     0.929     1.15    1.24
  16496.778     1.321     1.05    1.35
  16869.601     1.600     0.75    1.38
  17242.331     1.426    -0.47    1.40
  17614.970     1.044    -1.03    1.33
  17987.516     0.549    -1.33    1.06
  18359.971     0.198    -0.94    0.64
  18732.335     0.009    -0.51    0.09
  19104.606     0.000    -0.02    0.00
  19476.787     0.000     0.00    0.00
  19848.875     0.000     0.00    0.00
  20220.873     0.000     0.00    0.00
  20592.779     0.000     0.00    0.00
  20964.593     0.000     0.00    0.00
  21336.317     0.000     0.00    0.00
  21707.949     0.000     0.00    0.00
  22079.490     0.000     0.00    0.00
  22450.941     0.000     0.00    0.00
  22822.300     0.000     0.00    0.00
  23193.569     0.053     0.14    0.29
  23564.746     0.415     0.98    0.97
  23935.833     1.395     2.64    1.66
  24306.829     2.090     1.87    1.71
  24677.735     2.761     1.81    1.58
  25048.550     2.726    -0.10    1.63
  25419.275     2.410    -0.85    1.65
  25789.909     2.375    -0.09    1.55
  26160.453     2.193    -0.49    1.46
  26530.907     1.964    -0.62    1.37
  26901.270     1.750    -0.58    1.33
  27271.543     1.155    -1.61    0.64
  27641.726     1.107    -0.13    0.61
  28011.820     1.000    -0.29    0.00
  28381.823     1.018     0.05    0.19
  28751.736     1.295     0.75    0.94
  29121.560     1.500     0.56    1.22
  29491.293     1.708     0.56    1.33
  29860.937     1.886     0.48    1.41
  30230.492     1.619    -0.72    1.05
  30599.957     1.875     0.69    1.35
  30969.332     1.946     0.19    1.42
  31338.618     2.257     0.84    1.65
  31707.814     2.010    -0.67    1.55
  32076.922     1.920    -0.24    1.39
  32445.940     2.234     0.85    1.55
  32814.869     2.541     0.83    1.50
  33183.708     2.868     0.89    1.42
  33552.459     2.648    -0.60    1.54
  33921.121     2.442    -0.56    1.79
  34289.694     2.622     0.49    1.87
  34658.177     3.027     1.10    1.88
  35026.573     3.535     1.38    1.51
  35394.879     3.571     0.10    1.18
  35763.097     3.496    -0.21    1.20
  36131.226     3.099    -1.08    1.24
  36499.267     2.580    -1.41    1.26
  36867.219     2.175    -1.10    1.45
  37235.082     1.452    -1.97    1.45
  37602.858     0.673    -2.12    0.93
  37970.545     0.261    -1.12    0.60
  38338.144     0.000    -0.71    0.00
  38705.655     0.000     0.00    0.00
  39073.077     0.000     0.00    0.00
  39440.412     0.000     0.00    0.00
  39807.659     0.000     0.00    0.00
  40174.817     0.000     0.00    0.00
  40541.888     0.000     0.00    0.00
  40908.871     0.000     0.00    0.00
  41275.767     0.000     0.00    0.00
  41642.575     0.000     0.00    0.00
  42009.295     0.000     0.00    0.00
  42375.927     0.072     0.20    0.48
  42742.473     1.298     3.34    2.92
  43108.930     2.195     2.45    3.47
  43475.301     2.829     1.73    3.36
  43841.584     3.209     1.04    3.08
  44207.780     2.732    -1.30    2.32
  44573.889     2.462    -0.74    1.19
  44939.910     2.850     1.06    1.05
  45305.845     2.991     0.39    1.41
  45671.693     3.874     2.41    2.37
  46037.454     5.292     3.88    3.43
  46403.128     6.423     3.09    3.72
  46768.715     8.456     5.56    3.84
  47134.215    10.688     6.10    4.05
  47499.629    10.881     0.53    4.15
  47864.956     8.805    -5.68    5.25
  48230.197     6.657    -5.88    5.81
  48595.351     3.768    -7.91    4.36
  48960.419     1.912    -5.08    2.64
  49325.400     0.895    -2.79    1.90
  49690.295     0.124    -2.11    0.67
  50055.104     0.000    -0.34    0.00
  50419.827     0.000     0.00    0.00
  50784.463     0.000     0.00    0.00
  51149.014     0.019     0.05    0.14
  51513.478     0.250     0.63    1.08
  51877.857     0.330     0.22    1.25
  52242.150     0.164    -0.46    0.82
  52606.357     0.000    -0.45    0.00
  52970.478     0.000     0.00    0.00
  53337.389     0.009     0.02    0.09
  53719.594     0.009     0.00    0.10
  54101.702     0.000    -0.02    0.00
  54483.713     0.000     0.00    0.00
  54865.628     0.000     0.00    0.00
  55247.446     0.071     0.19    0.40
  55629.167     0.094     0.06    0.56
  56010.792     0.054    -0.11    0.42
  56392.321     0.509     1.19    1.44
  56773.754     1.381     2.28    1.99
  57155.090     2.190     2.12    1.92
  57536.331     2.768     1.51    1.51
  57917.475     2.644    -0.32    1.03
  58298.523     3.625     2.57    2.06
  58679.476     4.306     1.79    2.21
  59060.332     4.509     0.53    2.29
  59441.093     4.027    -1.26    2.54
  59821.759     3.604    -1.11    2.35
  60202.328     3.613     0.02    2.21
  60582.803     3.736     0.33    2.39
  60963.181     3.607    -0.34    2.54
  61343.464     3.145    -1.21    2.54
  61723.652     3.018    -0.34    2.62
  62103.745     2.822    -0.51    2.28
  62483.743     3.116     0.77    2.31
  62863.645     3.740     1.64    2.18
  63243.453     4.116     0.99    1.93
  63623.165     3.619    -1.31    2.54
  64002.783     2.214    -3.70    2.68
  64382.305     0.991    -3.22    2.01
  64761.733     0.090    -2.37    0.56
  65141.067     0.000    -0.24    0.00
  65520.306     0.000     0.00    0.00
  65899.450     0.000     0.00    0.00
  66278.499     0.000     0.00    0.00
  66657.455     0.000     0.00    0.00
  67036.316     0.000     0.00    0.00
  67415.082     0.000     0.00    0.00
  67793.755     0.000     0.00    0.00
  68172.333     0.000     0.00    0.00
  68550.818     0.047     0.12    0.25
  68929.208     1.306     3.33    2.26
  69307.504     2.282     2.58    2.45
  69685.707     3.045     2.02    2.12
  70063.816     3.309     0.70    1.73
  70441.831     2.881    -1.13    1.54
  70819.752     2.667    -0.57    1.20
  71197.580     3.448     2.07    2.40
  71575.314     4.811     3.61    4.09
  71952.955     5.721     2.41    4.44
  72330.503     5.991     0.72    4.07
  72707.957     6.394     1.07    3.14
  73085.318     6.571     0.47    2.30
  73462.586     6.236    -0.89    2.36
  73839.761     4.927    -3.47    3.06
  74216.843     3.911    -2.70    2.68
  74593.831     4.495     1.55    3.67
  74970.727     7.044     6.76    5.46
  75347.530    11.337    11.39    5.64
  75724.241    11.845     1.35    5.52
  76100.858    10.387    -3.87    5.51
  76477.383     8.446    -5.15    4.11
  76853.816     6.798    -4.38    2.21
  77230.156     6.209    -1.57    2.01
  77606.403     5.679    -1.41    2.24
  77982.559     4.275    -3.73    1.65
  78358.621     4.387     0.30    1.62
  78734.592     4.683     0.79    1.66
  79110.471     4.559    -0.33    1.63
  79486.257     4.349    -0.56    1.83
  79861.952     4.036    -0.83    1.88
  80237.554     3.500    -1.43    1.93
  80613.065     3.872     0.99    2.10
  80988.484     4.339     1.25    2.28
  81363.811     4.481     0.38    2.31
  81739.046     4.360    -0.32    2.03
  82114.190     4.519     0.42    1.88
  82489.242     4.848     0.88    2.08
  82864.203     4.547    -0.80    2.18
  83239.072     5.856     3.49    3.38
  83613.850     7.127     3.39    3.91
  83988.537     8.273     3.06    3.80
  84363.132     9.404     3.02    2.67
  84737.637     9.352    -0.14    2.17
  85112.050     8.300    -2.81    1.15
  85486.372     8.096    -0.54    0.93
  85860.603     8.688     1.58    1.52
  86234.744     9.364     1.81    1.92
  86608.793     9.936     1.53    1.94
  86982.752    10.073     0.37    1.88
  87356.620     9.593    -1.29    1.61
  87730.398     9.369    -0.60    1.31
  88104.085     8.922    -1.20    0.97
  88477.681     8.845    -0.21    1.11
  88851.187     8.604    -0.65    1.17
  89224.603     8.491    -0.30    1.25
  89597.928     8.523     0.09    1.47
  89971.163     8.275    -0.66    1.39
  90344.308     8.245    -0.08    1.36
  90717.363     7.981    -0.71    1.18
  91090.328     7.712    -0.72    1.08
  91463.202     7.447    -0.71    1.13
  91835.987     7.182    -0.71    1.10
  92208.682     7.183     0.00    1.10
  92581.287     7.364     0.48    1.14
  92953.803     7.514     0.40    1.11
  93326.229     7.811     0.80    1.00
  93698.565     7.872     0.16    0.92
  94070.812     7.845    -0.07    0.97
  94442.969     7.836    -0.02    0.99
  94815.037     7.972     0.37    1.21
  95187.015     8.257     0.77    1.20
  95558.905     8.351     0.25    1.08
  95930.705     9.443     2.94    2.07
  96302.415     9.812     0.99    2.20
  96674.037     9.885     0.19    2.25
  97045.570    10.802     2.47    3.43
  97417.014    12.101     3.50    4.86
  97788.369    14.083     5.34    4.40
  98159.635    14.523     1.18    3.99
  98530.812    13.571    -2.56    4.12
  98901.901    13.445    -0.34    4.19
  99272.901    14.686     3.34    4.18
  99643.812    16.874     5.90    3.53
 100014.635    17.349     1.28    3.04
 100385.370    16.602    -2.01    3.42
 100756.016    16.818     0.58    4.10
 101126.573    17.817     2.70    4.59
 101497.043    19.609     4.84    4.44
 101867.424    22.453     7.68    3.90
 102237.717    23.869     3.82    4.56
 102607.922    23.491    -1.02    5.97
 102978.039    22.509    -2.65    6.60
 103348.068    22.245    -0.71    6.07
 103718.009    22.548     0.82    5.81
 104087.863    23.459     2.46    5.08
 104457.628    24.139     1.84    4.52
 104827.306    26.294     5.83    6.03
 105196.897    30.712    11.95    9.14
 105566.399    38.600    21.35   10.38
 105935.814    45.118    17.64    8.33
 106305.142    49.352    11.46    6.10
 106674.382    50.056     1.91    4.19
 107043.535    49.679    -1.02    3.66
 107412.601    50.463     2.12    3.85
 107781.579    50.764     0.81    3.93
 108150.471    51.154     1.06    4.64
 108519.275    50.716    -1.19    5.67
 108887.992    52.426     4.64    5.78
 109256.622    54.835     6.53    6.46
 109625.166    59.536    12.76    8.41
 109993.622    66.845    19.83   10.65
 110361.992    75.734    24.13   12.09
 110730.275    83.887    22.14    9.70
 111098.471    90.308    17.44    7.45
 111466.581    94.243    10.69    6.57
 111834.604    98.010    10.23    6.99
 112202.541   100.349     6.36    7.45
 112570.391   103.279     7.97    6.44
 112938.155   104.927     4.48    5.45
 113305.833   103.546    -3.76    5.91
 113673.424    99.991    -9.67    7.18
 114040.929    94.627   -14.59    8.23
 114408.348    88.702   -16.13    9.22
 114775.681    82.109   -17.95   10.51
 115142.929    75.907   -16.89   11.13
 115510.090    69.880   -16.41   10.43
 115877.165    63.782   -16.61    9.28
 116244.154    58.398   -14.67    8.93
 116611.058    52.771   -15.34    8.61
 116977.876    47.701   -13.82    6.52
 117344.608    44.491    -8.75    5.27
 117711.255    42.082    -6.57    5.33
 118077.816    41.631    -1.23    5.43
 118444.292    42.936     3.56    6.03
 118810.682    44.708     4.84    6.06
 119176.987    48.136     9.36    6.94
 119543.207    51.618     9.51    7.83
 119909.341    55.587    10.84    7.18
 120275.391    56.890     3.56    6.32
 120641.355    57.210     0.87    5.72
 121007.234    56.321    -2.43    5.32
 121373.028    56.685     1.00    5.16
 121738.738    58.853     5.93    5.93
 122104.362    62.596    10.24    5.14
 122469.902    63.914     3.61    4.69
 122835.357    60.676    -8.86    7.78
 123200.727    54.741   -16.24    9.80
 123566.012    46.067   -23.74    9.49
 123931.213    39.773   -17.23    8.05
 124296.330    35.449   -11.84    5.86
 124661.361    34.339    -3.04    6.92
 125026.309    35.300     2.63   10.05
 125391.172    37.726     6.65   12.86
 125755.951    37.800     0.20   12.80
 126120.646    39.538     4.76   11.30
 126485.256    42.710     8.70    9.78
 126849.783    46.817    11.26    9.58
 127214.225    53.324    17.85    6.29
 127578.584    56.927     9.89    4.50
 127942.858    59.019     5.74    5.19
 128321.593    62.813    10.02    5.83
 128703.532    64.785     5.16    4.67
 129085.378    61.299    -9.13    8.82
 129467.129    55.176   -16.04   11.45
 129848.786    49.701   -14.34    8.80
 130230.349    49.463    -0.62    7.95
 130611.818    55.274    15.23    9.21
 130993.193    59.541    11.19    6.77
 131374.474    60.121     1.52    6.63
 131755.661    54.542   -14.64   10.07
 132136.755    47.048   -19.66    8.68
 132517.755    42.602   -11.67    6.04
 132898.661    41.817    -2.06    5.04
 133279.473    45.202     8.89    5.97
 133660.193    49.788    12.05    6.34
 134040.818    55.734    15.62    6.35
 134421.351    59.865    10.86    4.55
 134801.790    63.422     9.35    4.16
 135182.135    67.229    10.01    6.08
 135562.388    72.248    13.20    6.99
 135942.548    76.302    10.66    5.45
 136322.614    79.159     7.52    3.25
 136702.588    78.824    -0.88    3.13
 137082.469    76.130    -7.09    5.25
 137462.257    71.972   -10.95    7.56
 137841.952    66.720   -13.83    6.11
 138221.554    62.972    -9.87    4.68
 138601.064    61.625    -3.55    4.00
 138980.481    63.128     3.96    4.74
 139359.806    65.230     5.54    5.23
 139739.039    69.229    10.55    6.01
 140118.179    74.297    13.37    8.66
 140497.227    79.972    14.97   10.71
 140876.182    87.133    18.89   10.67
 141255.046    92.748    14.82    9.49
 141633.817    97.981    13.82   10.47
 142012.496   103.028    13.33   11.17
 142391.084   108.336    14.02   12.04
 142769.579   114.217    15.54   10.00
 143147.983   117.000     7.35    6.98
 143526.295   115.111    -4.99    7.82
 143904.515   109.574   -14.64   11.20
 144282.643   100.217   -24.74   12.47
 144660.680    91.722   -22.47   10.96
 145038.626    84.165   -19.99    7.94
 145416.480    81.545    -6.93    6.01
 145794.243    82.155     1.61    5.94
 146171.914    87.046    12.95    7.20
 146549.495    91.962    13.02    5.84
 146926.984    95.862    10.33    3.30
 147304.382    96.819     2.53    2.69
 147681.689    95.729    -2.89    3.54
 148058.905    93.991    -4.61    3.77
 148436.030    91.562    -6.44    3.41
 148813.064    89.954    -4.27    3.62
 149190.007    86.854    -8.22    4.76
 149566.860    82.486   -11.59    5.65
 149943.622    79.857    -6.98    4.30
 150320.294    78.434    -3.78    3.17
 150696.875    79.071     1.69    2.94
 151073.365    80.303     3.27    2.87
 151449.765    80.112    -0.51    3.36
 151826.075    80.832     1.91    3.35
 152202.295    81.972     3.03    3.21
 152578.424    83.708     4.61    3.38
 152954.463    85.477     4.70    3.45
 153330.413    86.806     3.54    3.85
 153706.272    87.798     2.64    5.03
 154082.041    86.949    -2.26    5.96
 154457.720    85.704    -3.31    5.99
 154833.310    83.950    -4.67    6.45
 155208.810    81.514    -6.49    6.34
 155584.220    79.000    -6.70    5.61
 155959.540    77.726    -3.39    3.78
 156334.771    77.907     0.48    3.25
 156709.913    79.619     4.56    3.70
 157084.965    81.389     4.72    3.41
 157459.927    83.748     6.29    4.71
 157834.801    86.945     8.53    5.98
 158209.585    91.650    12.55    6.41
 158584.280    96.844    13.86    7.33
 158958.885   100.612    10.06    6.14
 159333.402   103.120     6.70    6.34
 159707.830   105.632     6.71    6.88
 160082.169   107.187     4.15    6.50
 160456.419   109.343     5.76    5.09
 160830.580   110.144     2.14    3.82
 161204.652   109.459    -1.83    3.85
 161578.636   108.723    -1.97    4.29
 161952.531   105.954    -7.40    5.11
 162326.338   102.680    -8.76    5.28
 162700.056    98.215   -11.95    6.60
 163073.685    92.991   -13.98    6.78
 163447.227    87.421   -14.91    6.00
 163820.679    82.374   -13.51    6.22
 164194.044    76.096   -16.81    7.73
 164567.321    70.528   -14.92    7.43
 164940.509    65.307   -13.99    6.12
 165313.609    61.165   -11.10    4.39
 165686.622    58.903    -6.06    4.26
 166059.546    56.766    -5.73    3.15
 166432.383    56.830     0.17    3.80
 166805.132    58.170     3.59    4.72
 167177.792    59.822     4.43    4.98
 167550.366    61.641     4.88    5.17
 167922.851    62.231     1.59    4.54
 168295.250    61.410    -2.21    4.75
 168667.560    59.290    -5.69    5.76
 169039.783    57.456    -4.93    5.77
 169411.919    56.142    -3.53    5.06
 169783.967    56.311     0.46    4.78
 170155.929    56.548     0.64    3.62
 170527.803    56.954     1.09    2.69
 170899.589    57.214     0.70    2.64
 171271.289    55.787    -3.84    3.46
 171642.902    54.767    -2.74    3.93
 172014.428    53.509    -3.38    4.00
 172385.866    52.509    -2.69    3.26
 172757.218    51.642    -2.34    3.26
 173128.484    50.463    -3.17    3.35
 173499.662    48.693    -4.77    3.78
 173870.754    46.019    -7.21    3.99
 174241.759    44.867    -3.10    3.40
 174612.678    45.202     0.90    3.33
 174983.510    45.142    -0.16    3.25
 175354.256    46.009     2.34    2.96
 175724.915    46.449     1.18    2.79
 176095.489    45.178    -3.43    2.46
 176465.976    45.349     0.46    2.24
 176836.376    46.306     2.58    3.17
 177206.691    48.266     5.29    4.47
 177576.919    51.642     9.12    4.85
 177947.062    55.717    11.01    5.73
 178317.119    58.925     8.67    7.07
 178687.089    63.583    12.59    7.25
 179056.974    67.561    10.75    8.26
 179426.773    68.735     3.17    7.72
 179796.487    66.613    -5.74    7.99
 180166.115    63.971    -7.15    7.29
 180535.657    61.302    -7.22    5.61
 180905.113    59.283    -5.46    5.56
 181274.485    57.466    -4.92    4.81
 181643.770    57.028    -1.19    4.16
 182012.971    56.663    -0.99    4.44
 182382.086    55.217    -3.92    5.89
 182751.116    53.340    -5.09    5.83
 183120.060    51.752    -4.30    4.29
 183488.920    52.443     1.87    4.44
 183857.695    55.288     7.71    4.93
 184226.384    58.463     8.61    4.70
 184594.989    60.288     4.95    4.68
 184963.508    62.651     6.41    5.12
 185331.943    65.905     8.83    5.97
 185700.293    68.019     5.74    5.72
 186068.559    69.642     4.41    4.28
 186436.739    69.980     0.92    4.11
 186804.836    68.972    -2.74    4.63
 187172.847    66.816    -5.86    4.81
 187540.774    65.255    -4.24    4.16
 187908.617    65.113    -0.38    3.94
 188276.375    66.058     2.57    4.15
 188644.049    67.523     3.99    3.27
 189011.639    67.551     0.08    3.28
 189379.145    65.725    -4.97    3.72
 189746.566    62.563    -8.60    4.34
 190113.903    59.731    -7.71    4.73
 190481.157    56.731    -8.17    5.23
 190848.326    52.857   -10.55    5.09
 191215.412    50.009    -7.76    4.43
 191582.413    47.990    -5.50    4.00
 191949.331    46.679    -3.57    3.60
 192316.165    46.781     0.28    3.38
 192682.916    47.165     1.05    2.93
 193049.582    48.430     3.45    3.21
 193416.166    49.347     2.50    3.07
 193782.665    50.698     3.69    3.53
 194149.082    52.067     3.74    4.26
 194515.414    53.260     3.25    4.65
 194881.664    54.302     2.85    4.64
 195247.830    55.327     2.80    4.45
 195613.913    53.689    -4.47    4.92
 195979.913    50.175    -9.60    7.30
 196345.830    45.538   -12.67    7.80
 196711.663    42.547    -8.17    5.52
 197077.414    41.545    -2.74    4.08
 197443.082    43.019     4.03    3.89
 197808.667    44.157     3.11    2.85
 198174.169    43.434    -1.98    2.43
 198539.588    42.224    -3.31    2.22
 198904.924    41.039    -3.24    1.43
 199270.178    40.104    -2.56    1.32
 199635.349    40.000    -0.28    1.47
 200000.438    40.717     1.96    2.07
 200365.444    41.764     2.87    2.65
 200730.368    43.311     4.24    2.26
 201095.209    44.113     2.20    2.08
 201459.968    44.594     1.32    2.15
 201824.645    44.575    -0.05    1.95
 202189.239    44.558    -0.05    1.60
 202553.752    44.219    -0.93    1.45
 202926.561    44.154    -0.17    1.21
 203308.330    44.641     1.28    1.54
 203690.006    46.305     4.36    2.47
 204071.591    47.980     4.39    2.40
 204453.084    47.830    -0.39    2.87
 204834.485    46.030    -4.72    4.55
 205215.795    42.190   -10.07    5.22
 205597.012    38.286   -10.24    3.46
 205978.138    37.048    -3.25    2.10
 206359.173    37.480     1.13    2.37
 206740.116    39.286     4.74    2.75
 207120.968    39.980     1.82    2.63
 207501.729    38.991    -2.60    3.22
 207882.398    38.030    -2.52    2.94
 208262.976    37.321    -1.86    1.81
 208643.463    38.713     3.66    2.21
 209023.859    40.283     4.13    2.21
 209404.164    42.515     5.87    3.59
 209784.378    47.657    13.52    6.87
 210164.502    51.894    11.15    6.86
 210544.534    55.676     9.95    4.05
 210924.476    56.781     2.91    2.14
 211304.327    55.717    -2.80    2.23
 211684.087    54.581    -2.99    2.00
 212063.757    53.990    -1.56    1.72
 212443.337    53.472    -1.37    1.76
 212822.826    52.471    -2.64    2.32
 213202.224    50.849    -4.27    2.51
 213581.533    49.369    -3.90    1.93
 213960.751    48.490    -2.32    1.49
 214339.879    48.110    -1.00    2.35
 214718.917    47.491    -1.63    3.04
 215097.865    46.240    -3.30    3.62
 215476.722    43.528    -7.16    3.58
 215855.490    41.000    -6.67    3.61
 216234.169    38.434    -6.78    3.46
 216612.757    36.949    -3.92    2.88
 216991.256    36.000    -2.51    3.02
 217369.665    34.663    -3.53    3.92
 217747.984    32.952    -4.52    4.18
 218126.214    31.269    -4.45    3.74
 218504.354    29.543    -4.56    3.12
 218882.405    28.442    -2.91    2.50
 219260.367    27.010    -3.79    2.50
 219638.240    25.365    -4.35    2.50
 220016.023    24.000    -3.61    2.11
 220393.717    23.162    -2.22    1.51
 220771.322    22.621    -1.43    1.27
 221148.838    22.774     0.40    1.69
 221526.265    23.646     2.31    2.56
 221903.603    25.737     5.54    3.52
 222280.852    28.293     6.77    2.79
 222658.012    30.351     5.46    2.19
 223035.084    31.746     3.70    1.18
