# NaN NaN NaN ;Mean Elev.(m), Avg Gradient(m/km), RMS Gradient(m/km) - SRTM1     
#  -18.997  -2.976  11.453 ;Mean Elev.(m), Avg Gradient(m/km), RMS Gradient(m/km) - ASTER GDEM
#   13.203  -1.167  10.254 ;Mean Elev.(m), Avg Gradient(m/km), RMS Gradient(m/km) - GMTED2010 
  7  87.564753  64.383375    16.487    17.515  4 52465.22395665 16.982
  8  87.559933  64.386995    13.537    13.792  5 52500.22395145 19.604
  9  87.571744  64.376239    12.684    12.690  4 52535.22394042 26.803
 10  87.566367  64.382385    11.234    11.201  4 52570.22397098 31.333
 11  87.558623  64.386449    12.160    12.030  4 52605.22394595 17.482
 12  87.568775  64.379923    13.563    13.513  4 52640.22393297 15.818
 13  87.560323  64.386052    13.535    13.598  4 52675.22392508 11.464
 14  87.567269  64.379601    13.235    12.612  5 52710.22394609 10.637
 15  87.555881  64.389108    15.163    15.285  4 52745.22397308  9.746
 16  87.570183  64.377083    23.110    23.111  5 52780.22391140 36.163
 17  87.570191  64.379407    18.034    19.010  5 52815.22399348 18.283
 19  87.561159  64.385241    10.604    10.654  4 52885.22407992 25.405
 21  87.572636  64.374710    11.869    11.917  5 52955.22400146 26.280
 22  87.568731  64.378008    14.730    14.859  5 52990.22401377  9.591
 23  87.564436  64.383651    15.309    15.241  4 53025.22398708  8.651
 24  87.570596  64.377839    14.203    13.568  5 53060.22399127  8.905
 25  87.553223  64.390336    28.618    30.401  5 53095.22402351  6.420
 26  87.571050  64.376207    13.225    13.165  5 53130.22399766 11.416
 28  87.563995  64.382114    16.762    17.715  4 53200.22406905 18.090
 29  87.564226  64.381836    12.490    12.505  4 53235.22403893 16.278
 31  87.567545  64.387180    11.650    11.650  2 53305.22406318 27.899
 34  87.567602  64.380912    13.807    13.778  5 53410.22400697 15.902
 35  87.555313  64.390767    13.761    13.833  5 53445.22398832 11.333
 36  87.563693  64.382729    26.433    27.768  4 53480.22407101  4.400
 37  87.564422  64.385094    24.038    24.008  4 53515.22407634 49.345
 38  87.558828  64.387903    27.143    28.051  5 53550.22409547 13.761
 39  87.562291  64.385497    12.632    12.829  5 53585.22405608 15.417
 40  87.551165  64.391795    11.059    10.303  5 53620.22401236 22.179
 42  87.561796  64.387461    13.312    13.228  4 53690.22403420 25.816
 43  87.556811  64.389830    16.519    16.524  5 53725.22395808  8.930
 44  87.572184  64.372405    15.522    15.559  6 53760.22390623 10.560
 45  87.561251  64.384607    15.536    15.729  4 53795.22392158  9.359
 46  87.572324  64.373789    15.382    15.582  6 53830.22390222  9.800
 47  87.565789  64.380894    13.618    13.896  5 53865.22397815 20.688
 48  87.564373  64.382683    29.253    31.803  4 53900.22400459 21.632
 49  87.560119  64.390510    12.470    12.470  2 53935.22404533 41.688
 50  87.557146  64.388049    13.236    12.980  5 53970.22401467 19.905
 52  87.572312  64.381738    11.705    11.839  3 54040.22402271 36.867
 53  87.561826  64.384863    14.806    14.891  4 54075.22401700 10.344
 54  87.553045  64.390929    15.608    15.879  4 54110.22395963 10.055
 55  87.567432  64.379979    23.705    19.761  5 54145.22395668  7.798
 56  87.555960  64.389349    27.752    29.229  5 54180.22394555  7.814
 57  87.567039  64.381856    14.639    14.652  4 54215.22396432 24.904
 58  87.565753  64.383581    26.720    26.649  4 54250.22399110 27.083
 59  87.565512  64.386473    13.906    13.985  3 54285.22399763 43.068
 60  87.564103  64.383707    12.082    12.062  5 54320.22399540 19.190
 61  87.558638  64.389126    12.200    12.270  4 54355.22395669 18.826
 62  87.564671  64.382268    12.045    12.036  4 54390.22393615 23.082
 64  87.571024  64.381579    12.561    12.608  4 54460.22391218 18.373
 65  87.560976  64.385559    13.294    13.278  4 54495.22391301 11.570
 66  87.567649  64.379783    13.244    13.237  5 54530.22392554 12.305
 67  87.557683  64.389866    21.644    21.403  4 54565.22391857  8.486
 68  87.564030  64.381960    17.393    17.480  3 54600.22392054 40.033
 69  87.563604  64.384937    31.807    31.994  4 54635.22393243 17.225
 70  87.561998  64.385771    18.713    18.779  5 54670.22393660 13.390
 71  87.563243  64.390176    11.451    11.451  2 54705.22389810 22.450
 72  87.568004  64.381543    21.656    18.619  4 54740.22390044 13.045
 73  87.557321  64.381215    11.219    11.219  2 54775.22388132 37.631
 74  87.569905  64.379231    12.869    12.884  4 54810.22389430 16.459
 75  87.560974  64.386583    13.849    13.688  4 54845.22387905  9.157
 76  87.565647  64.382540    15.268    15.344  5 54880.22389717  9.364
 77  87.556027  64.388841    15.517    15.073  4 54915.22388253  8.226
 79  87.563509  64.383539    28.033    28.776  5 54985.22391455 26.327
 80  87.563234  64.383464    17.828    18.037  4 55020.22390916 18.072
 81  87.562068  64.384662    12.180    12.237  5 55055.22390547 21.262
 82  87.556618  64.387816    15.253    15.712  4 55090.22386435 16.648
 84  87.559992  64.386808    13.787    13.806  4 55160.22382569 16.242
 85  87.569521  64.380074    14.927    14.972  5 55195.22383454 13.042
 86  87.557910  64.388475    16.507    16.832  4 55230.22382816  9.963
 87  87.565260  64.382160    15.290    15.041  5 55265.22382953  8.277
 88  87.558212  64.387805    26.888    27.090  5 55300.22381025  8.355
 89  87.562626  64.385961    19.407    19.390  4 55335.22380528 29.891
 90  87.562363  64.383769    28.909    31.828  4 55370.22379651 20.248
 92  87.562270  64.385647    22.535    22.407  4 55440.22381464 15.318
 93  87.557559  64.388644    12.113    12.176  4 55475.22375907 20.576
