# NaN NaN NaN ;Mean Elev.(m), Avg Gradient(m/km), RMS Gradient(m/km) - SRTM1     
#   52.614  -4.614  14.352 ;Mean Elev.(m), Avg Gradient(m/km), RMS Gradient(m/km) - ASTER GDEM
#   74.877  -4.787  14.707 ;Mean Elev.(m), Avg Gradient(m/km), RMS Gradient(m/km) - GMTED2010 
  7    75.405 52456.62042495 30.17  92.761415  58.127675  6.020
  7    75.393 52456.62042559 27.53  92.759415  58.130865  6.020
  7    75.603 52456.62042624 27.94  92.757425  58.134045  6.020
  7    75.958 52456.62042688 27.40  92.755435  58.137235  6.020
 10    75.226 52561.62042588 19.62  92.758430  58.126765  6.458
 10    75.190 52561.62042652 15.51  92.756430  58.129945  6.458
 10    75.050 52561.62042717 16.60  92.754440  58.133135  6.458
 10    75.719 52561.62042781 11.66  92.752450  58.136325  6.458
 15    76.333 52736.62041175 48.93  92.768035  58.129558  9.213
 15    75.688 52736.62041239 49.62  92.766045  58.132748  9.213
 15    75.740 52736.62041304 27.64  92.764055  58.135938  9.213
 15    75.327 52736.62041368 25.71  92.762065  58.139118  9.213
 17    75.394 52806.62043484 49.03  92.753687  58.123924  8.648
 17    75.746 52806.62043548 40.05  92.751687  58.127114  8.648
 17    75.336 52806.62043613 31.21  92.749697  58.130294  8.648
 17    75.551 52806.62043677 34.83  92.747697  58.133484  8.648
 18    75.293 52841.62049440 48.11  92.757402  58.125408 13.659
 18    75.260 52841.62049505 28.63  92.755412  58.128598 13.659
 18    75.300 52841.62049569 24.80  92.753422  58.131782  6.798
 18    75.600 52841.62049634 35.04  92.751432  58.134972  6.798
 19    75.693 52876.62053333 25.32  92.758185  58.126821 11.023
 19    75.456 52876.62053398 25.31  92.756185  58.130011 11.023
 19    75.751 52876.62053462 24.24  92.754200  58.133195  4.340
 20    75.392 52911.62049466 21.92  92.775818  58.129260 11.890
 20    75.086 52911.62049530 19.37  92.773828  58.132450 11.890
 20    74.962 52911.62049595 21.45  92.771838  58.135640 11.890
 20    75.378 52911.62049659 27.00  92.769848  58.138820 11.890
 21    74.578 52946.62044780 46.83  92.757181  58.125653 20.254
 21    74.624 52946.62044844 51.35  92.755181  58.128843 20.254
 21    74.729 52946.62044909 45.58  92.753191  58.132023 20.254
 21    74.559 52946.62044973 40.88  92.751191  58.135213 20.254
 23    79.450 53016.62048386 29.55  92.767144  58.127662  5.600
 23    77.993 53016.62048450 26.21  92.765154  58.130852  5.600
 23    79.060 53016.62048515 18.48  92.763164  58.134032  5.600
 23    79.451 53016.62048579 16.05  92.761174  58.137222  5.600
 26    78.339 53121.62046861 14.84  92.756138  58.126237  4.119
 26    90.926 53121.62046926 14.97  92.754148  58.129417  4.119
 28    76.552 53191.62051585 27.30  92.767488  58.128212  7.945
 28    76.404 53191.62051650 25.38  92.765498  58.131392  7.945
 28    76.388 53191.62051714 27.76  92.763508  58.134582  7.945
 28    76.639 53191.62051779 29.61  92.761518  58.137772  7.945
 29    77.051 53226.62051884 24.28  92.769252  58.126888 14.088
 29    75.523 53226.62051948 24.99  92.767262  58.130068 14.088
 29    75.577 53226.62052013 24.76  92.765272  58.133258 14.088
 29    75.607 53226.62052077 28.84  92.763282  58.136448 14.088
 29    75.937 53226.62052142 34.18  92.761282  58.139628 14.088
 30    76.335 53261.62049308 19.71  92.767028  58.129454 14.400
 30    76.778 53261.62049373 13.83  92.765038  58.132644 14.400
 30    77.611 53261.62049437 14.11  92.763048  58.135824 14.400
 30    78.171 53261.62049502 16.07  92.761058  58.139014 14.400
 31    75.361 53296.62052685 18.49  92.749922  58.125634 13.686
 31    91.735 53296.62052750 16.14  92.747922  58.128819  5.972
 33    81.635 53366.62044581 22.75  92.772316  58.130910 10.820
 33    81.569 53366.62044645 24.82  92.770316  58.134100 10.820
 33    81.683 53366.62044710 22.13  92.768333  58.137287  3.618
 33    81.469 53366.62044774 20.57  92.766333  58.140477  3.618
 34    80.100 53401.62047264 18.70  92.759026  58.126587  4.941
 34    80.019 53401.62047328 17.99  92.757026  58.129777  4.941
 34    80.122 53401.62047393 17.29  92.755041  58.132961  3.579
 34    79.750 53401.62047457 16.47  92.753041  58.136151  3.579
 35    80.874 53436.62046229 11.87  92.769609  58.129750  2.841
 35    80.440 53436.62046293 11.96  92.767609  58.132940  2.841
 35    80.568 53436.62046358 11.83  92.765623  58.136127  2.503
 35    80.357 53436.62046422 11.27  92.763633  58.139317  2.503
 36   110.792 53471.62051280  3.15  92.754948  58.125908  4.522
 36   103.946 53471.62051345  9.64  92.752958  58.129098  4.522
 36    93.099 53471.62051409 14.56  92.750968  58.132278  4.522
 38    76.493 53541.62055118 18.91  92.759833  58.128389  9.555
 38    76.592 53541.62055182 18.78  92.757843  58.131579  9.555
 38    77.019 53541.62055246 16.11  92.755843  58.134759  9.555
 39    76.054 53576.62054001 32.22  92.765444  58.128438 10.043
 39    76.075 53576.62054065 32.82  92.763454  58.131618 10.043
 39    76.205 53576.62054130 32.20  92.761464  58.134808 10.043
 39    76.478 53576.62054194 40.37  92.759471  58.137995  7.074
 40    76.605 53611.62049204 34.69  92.768501  58.129911  7.397
 40    76.260 53611.62049269 34.04  92.766511  58.133091  7.397
 40    75.885 53611.62049333 37.61  92.764513  58.136280  6.968
 40    76.042 53611.62049398 44.33  92.762523  58.139470  6.968
 41    75.619 53646.62049617 39.62  92.756493  58.126998 14.159
 41    75.505 53646.62049682 28.58  92.754503  58.130188 14.159
 41    75.315 53646.62049746 26.11  92.752508  58.133371  4.814
 42    75.055 53681.62051268 41.46  92.758342  58.129932 11.522
 42    74.907 53681.62051333 46.00  92.756352  58.133122 11.522
 42    74.846 53681.62051397 46.57  92.754357  58.136307  7.566
 44    81.673 53751.62035844 18.33  92.759125  58.127795  6.731
 44    81.754 53751.62035908 18.14  92.757135  58.130985  6.731
 44    81.648 53751.62035973 17.45  92.755135  58.134167  4.347
 45    79.915 53786.62038859 19.27  92.768561  58.128952  4.237
 45    79.881 53786.62038924 20.15  92.766571  58.132142  4.237
 45    80.026 53786.62038988 18.44  92.764578  58.135327  3.644
 45    79.957 53786.62039053 17.55  92.762588  58.138517  3.644
 47    76.665 53856.62043309 48.23  92.756416  58.124060 20.950
 47    76.633 53856.62043374 48.76  92.754426  58.127240 20.950
 47    76.246 53856.62043438 47.08  92.752426  58.130430 20.950
 47    76.293 53856.62043502 31.36  92.750436  58.133620 20.950
 48    77.173 53891.62044700 47.88  92.761816  58.133357 14.411
 48    77.375 53891.62044765 47.28  92.759826  58.136547 14.411
 49    76.574 53926.62050698 24.34  92.753745  58.122645 12.122
 49    76.345 53926.62050762 18.27  92.751755  58.125835 12.122
 50    76.028 53961.62049296 28.33  92.761443  58.127123 10.163
 50    75.885 53961.62049361 26.31  92.759453  58.130313 10.163
 50    75.849 53961.62049425 26.67  92.757463  58.133503 10.163
 50    76.145 53961.62049490 25.32  92.755473  58.136683 10.163
 51    76.207 53996.62043450 42.38  92.751908  58.124323 11.507
 51    75.732 53996.62043515 29.31  92.749918  58.127513 11.507
 51    76.010 53996.62043579 34.90  92.747918  58.130703 11.507
 52    75.515 54031.62048759 50.60  92.759520  58.127318 18.022
 52    75.512 54031.62048824 50.99  92.757530  58.130508 18.022
 52    75.588 54031.62048888 43.01  92.755530  58.133688 18.022
 52    75.412 54031.62048953 37.27  92.753540  58.136878 18.022
 53    75.123 54066.62048123 47.32  92.767244  58.128294 13.956
 53    75.410 54066.62048188 44.31  92.765254  58.131484 13.956
 53    75.125 54066.62048252 47.17  92.763264  58.134664 13.956
 53    75.312 54066.62048317 45.21  92.761264  58.137854 13.956
 55    80.198 54136.62040879 22.66  92.756938  58.126837  6.114
 55    81.306 54136.62040944 17.42  92.754938  58.130027  6.114
 56    81.771 54171.62041931 10.98  92.768016  58.127485  3.347
 56    81.570 54171.62041995 11.11  92.766026  58.130665  3.347
 56    81.858 54171.62042060 10.40  92.764036  58.133855  3.347
 56    81.367 54171.62042124 10.57  92.762046  58.137035  3.347
 59    77.532 54276.62046127 23.41  92.763521  58.126181 12.400
 59    77.484 54276.62046192 20.26  92.761531  58.129371 12.400
 59    77.150 54276.62046256 18.69  92.759534  58.132558  8.461
 59    80.202 54276.62046321 16.63  92.757544  58.135748  8.461
 61    75.829 54346.62043568 33.10  92.771699  58.128015 10.869
 61    75.502 54346.62043633 32.54  92.769709  58.131195 10.869
 61    75.547 54346.62043697 33.81  92.767709  58.134385 10.869
 61    75.584 54346.62043762 43.36  92.765724  58.137573  9.232
 62    75.392 54381.62039926 28.36  92.758306  58.127251 10.458
 62    75.463 54381.62039990 29.02  92.756306  58.130441 10.458
 62    75.650 54381.62040055 30.79  92.754316  58.133621 10.458
 63    74.932 54416.62038462 49.47  92.767049  58.127680 17.416
 63    73.055 54416.62038527 52.86  92.765059  58.130870 17.416
 63    74.988 54416.62038591 47.87  92.763069  58.134060 17.416
 63    75.005 54416.62038656 45.88  92.761079  58.137240 17.416
 64    75.064 54451.62036761 42.51  92.756837  58.124229 11.576
 64    74.369 54451.62036825 49.35  92.754847  58.127419 11.576
 64    74.679 54451.62036890 44.54  92.752857  58.130599 11.576
 64    74.596 54451.62036954 39.39  92.750867  58.133789 11.576
 65    79.632 54486.62038121 13.07  92.765211  58.127271  3.928
 65    79.505 54486.62038186 12.84  92.763221  58.130461  3.928
 65    79.673 54486.62038250 12.14  92.761231  58.133651  3.928
 65    79.854 54486.62038315 15.90  92.759231  58.136831  3.928
 66    79.416 54521.62038094 10.82  92.761264  58.125326  3.182
 66    79.347 54521.62038159 10.13  92.759274  58.128516  3.182
 66    79.283 54521.62038223 10.61  92.757284  58.131706  3.182
 66    79.425 54521.62038288 10.04  92.755294  58.134886  3.182
 68    78.596 54591.62037800 38.20  92.759128  58.129225 12.963
 68    78.613 54591.62037864 34.75  92.757138  58.132415 12.963
 68    79.314 54591.62037929 31.04  92.755148  58.135605 12.963
 70    77.613 54661.62040105 40.89  92.760026  58.126813 12.941
 70    76.428 54661.62040169 34.63  92.758036  58.130003 12.941
 70    77.004 54661.62040234 34.86  92.756037  58.133189  7.758
 70    77.243 54661.62040298 36.99  92.754047  58.136379  7.758
 71    77.011 54696.62037728 28.99  92.769919  58.127001 18.167
 71    75.166 54696.62037792 17.29  92.767929  58.130191 18.167
 71    75.070 54696.62037857 21.37  92.765939  58.133371 18.167
 71    75.571 54696.62037921 22.06  92.763950  58.136559 11.288
 71    75.540 54696.62037986 33.30  92.761960  58.139749 11.288
 72    77.385 54731.62035720 40.48  92.757717  58.126654 12.702
 72    75.505 54731.62035785 40.28  92.755727  58.129834 12.702
 72    75.518 54731.62035849 43.16  92.753727  58.133024 12.702
 73    76.038 54766.62035653 38.15  92.762785  58.129074 13.767
 73    76.367 54766.62035718 40.62  92.760795  58.132264 13.767
 73    76.779 54766.62035782 44.28  92.758797  58.135447 10.240
 74    76.646 54801.62035039 28.03  92.757272  58.123813  7.502
 74    75.793 54801.62035103 33.37  92.755282  58.127003  7.502
 74    76.261 54801.62035168 36.32  92.753292  58.130183  7.502
 76    81.261 54871.62034913 14.15  92.757561  58.126106  3.347
 76    81.844 54871.62034977 13.61  92.755571  58.129296  3.347
 76    81.530 54871.62035042 13.05  92.753581  58.132486  3.347
 76    81.049 54871.62035106 12.52  92.751581  58.135666  3.347
 77    80.153 54906.62035614 16.36  92.769243  58.127051  5.873
 77    79.840 54906.62035678 20.39  92.767253  58.130241  5.873
 77    79.894 54906.62035743 17.00  92.765257  58.133428  3.825
 77    79.823 54906.62035807 18.98  92.763267  58.136618  3.825
 77    80.434 54906.62035872 15.88  92.761277  58.139798  3.825
 78    77.152 54941.62034182 52.43  92.757895  58.125676 14.161
 78    77.203 54941.62034247 51.10  92.755895  58.128866 14.161
 78    76.894 54941.62034311 44.93  92.753905  58.132046 14.161
 78    76.706 54941.62034375 31.70  92.751915  58.135236 14.161
 79   102.960 54976.62037040  9.10  92.760895  58.127726 10.928
 79    92.557 54976.62037105 11.69  92.758905  58.130906 10.928
 79    81.863 54976.62037169 19.34  92.756915  58.134096 10.928
 79    88.373 54976.62037234 19.63  92.754925  58.137286 10.928
 80    76.588 55011.62037941 29.94  92.763457  58.128534  7.766
 80    76.316 55011.62038005 31.22  92.761469  58.131721  4.151
 80    76.259 55011.62038069 31.24  92.759479  58.134911  4.151
 80    76.656 55011.62038134 29.09  92.757479  58.138091  4.151
 81    76.644 55046.62037123 34.51  92.761648  58.128308  7.690
 81    76.186 55046.62037188 29.20  92.759658  58.131498  7.690
 81    76.461 55046.62037252 36.29  92.757658  58.134678  7.690
 82    76.328 55081.62034376 48.78  92.770770  58.128504 12.149
 82    76.789 55081.62034441 45.52  92.768770  58.131694 12.149
 82    76.823 55081.62034505 42.65  92.766780  58.134874 12.149
 82    76.471 55081.62034570 47.12  92.764793  58.138064  7.491
 83    75.767 55116.62030247 23.76  92.760184  58.125073 16.039
 83    75.557 55116.62030311 17.29  92.758187  58.128257 15.010
 83    75.957 55116.62030376 16.02  92.756197  58.131447 15.010
 83    77.524 55116.62030440 15.64  92.754207  58.134627 15.010
 84    74.787 55151.62030142 41.25  92.762671  58.128997 10.239
 84    75.531 55151.62030207 46.86  92.760682  58.132182  8.401
 84    75.279 55151.62030271 47.12  92.758692  58.135372  8.401
 85    82.546 55186.62028879 18.26  92.757426  58.124763  6.147
 85    82.520 55186.62028943 17.16  92.755426  58.127943  6.147
 86    81.663 55221.62029965 11.84  92.764345  58.127943  3.053
 86    81.956 55221.62030030 11.42  92.762359  58.131129  2.512
 86    81.509 55221.62030094 11.15  92.760369  58.134319  2.512
 86    81.143 55221.62030159 10.54  92.758369  58.137499  2.512
 87    80.239 55256.62028471 11.49  92.761307  58.125805  3.096
 87    80.249 55256.62028536 10.94  92.759317  58.128985  3.096
 87    80.059 55256.62028600 10.73  92.757327  58.132175  3.096
 87    80.361 55256.62028665 10.36  92.755337  58.135365  3.096
 88    80.367 55291.62028818 15.50  92.769504  58.128229  3.043
 88    80.208 55291.62028883 14.95  92.767514  58.131419  3.043
 88    80.118 55291.62028947 14.00  92.765514  58.134607  2.719
 88    80.019 55291.62029012 13.64  92.763524  58.137797  2.719
 89    80.828 55326.62027001 30.80  92.760414  58.127144 14.793
 89    81.124 55326.62027066 42.53  92.758414  58.130334 14.793
 89    80.780 55326.62027130 47.94  92.756424  58.133514 14.793
 90    77.867 55361.62026631 31.95  92.765578  58.127885 13.054
 90    77.512 55361.62026695 30.17  92.763594  58.131072  7.820
 90    77.584 55361.62026760 31.02  92.761594  58.134262  7.820
 90    77.855 55361.62026824 31.93  92.759604  58.137442  7.820
 91    76.172 55396.62027320 17.81  92.757725  58.126873  8.159
 91    91.659 55396.62027384 13.03  92.755735  58.130053  8.159
 92    75.794 55431.62028177 22.16  92.763451  58.128663 18.445
 92    75.974 55431.62028241 14.92  92.761457  58.131850  4.394
 92    75.774 55431.62028306 15.84  92.759467  58.135040  4.394
 92    76.451 55431.62028370 17.51  92.757477  58.138220  4.394
 93    75.870 55466.62024192 33.60  92.772428  58.130753 15.829
 93    75.849 55466.62024256 27.39  92.770438  58.133943 15.829
 93    75.810 55466.62024321 29.52  92.768438  58.137123 15.829
 93    75.928 55466.62024385 38.52  92.766452  58.140311  6.892
