# NaN NaN NaN ;Mean Elev.(m), Avg Gradient(m/km), RMS Gradient(m/km) - SRTM1     
#   24.969 -10.477  17.421 ;Mean Elev.(m), Avg Gradient(m/km), RMS Gradient(m/km) - ASTER GDEM
#   36.685  -8.554  19.532 ;Mean Elev.(m), Avg Gradient(m/km), RMS Gradient(m/km) - GMTED2010 
  6    38.910 52437.21071559 32.82  89.735478  60.889507 13.043
  6    38.911 52437.21071623 32.38  89.733168  60.886347 13.043
  6    38.815 52437.21071688 32.08  89.730868  60.883187 13.043
  6    38.881 52437.21071752 31.46  89.728568  60.880027 13.043
  6    38.938 52437.21071817 31.96  89.726258  60.876867 13.043
  7    45.790 52472.21071649 15.64  89.737973  60.890800 19.890
  7    45.627 52472.21071713 12.99  89.735673  60.887640 19.890
  7    38.958 52472.21071778 16.20  89.733363  60.884480 19.890
  7    39.040 52472.21071842 16.32  89.731063  60.881320 19.890
  7    39.689 52472.21071906 18.12  89.728763  60.878150 19.890
  7    39.650 52472.21071971 20.12  89.726463  60.874990 19.890
  8    37.954 52507.21069163 17.43  89.738271  60.890448  8.824
  8    30.661 52507.21069227 19.32  89.735961  60.887288  8.824
  8    25.697 52507.21069292 19.14  89.733661  60.884128  8.824
  8    24.722 52507.21069356 20.81  89.731361  60.880958  8.824
  8    25.204 52507.21069421 22.23  89.729061  60.877798  8.824
  8    25.082 52507.21069485 24.59  89.726761  60.874638  8.824
  9    58.989 52542.21067770  0.27  89.744883  60.869370  6.486
  9    57.317 52542.21067834  0.91  89.742583  60.866210  6.486
  9    51.150 52542.21067898  6.70  89.740273  60.863040  6.486
 10    36.906 52577.21072437 39.21  89.739682  60.888854 13.518
 10    37.094 52577.21072502 43.20  89.737372  60.885694 13.518
 10    36.917 52577.21072566 34.31  89.735069  60.882538 14.917
 10    36.849 52577.21072631 31.81  89.732769  60.879378 14.917
 10    37.045 52577.21072695 34.43  89.730469  60.876218 14.917
 10    37.207 52577.21072760 43.10  89.728169  60.873058 14.917
 11    37.842 52612.21068735 18.37  89.736961  60.892895  7.511
 11    38.053 52612.21068800 18.65  89.734651  60.889735  7.511
 11    38.122 52612.21068864 25.04  89.732351  60.886575  7.511
 11    38.141 52612.21068929 20.15  89.730051  60.883415  7.511
 11    37.796 52612.21068993 16.44  89.727751  60.880255  7.511
 11    39.383 52612.21069058 16.35  89.725441  60.877085  7.511
 12    39.441 52647.21067321 25.41  89.744626  60.885636  4.899
 12    42.547 52647.21067386 15.64  89.742326  60.882476  4.899
 12    42.286 52647.21067450 13.93  89.740016  60.879316  4.899
 12    41.680 52647.21067515 13.80  89.737716  60.876156  4.899
 12    41.327 52647.21067579 12.70  89.735416  60.872996  4.899
 12    40.381 52647.21067644 13.56  89.733116  60.869826  4.899
 12    40.035 52647.21067708 12.85  89.730806  60.866666  4.899
 13    42.006 52682.21064389 17.55  89.742512  60.885335  2.921
 13    42.430 52682.21064453 13.47  89.740217  60.882176  4.158
 13    42.426 52682.21064518 13.09  89.737907  60.879016  4.158
 13    41.587 52682.21064582 14.09  89.735607  60.875856  4.158
 13    38.891 52682.21064647 16.85  89.733307  60.872696  4.158
 13    40.068 52682.21064711 14.95  89.731007  60.869536  4.158
 14    43.508 52717.21070256  9.92  89.742191  60.887014  4.572
 14    42.134 52717.21070320 11.88  89.739881  60.883854  4.572
 14    42.044 52717.21070385 11.93  89.737581  60.880694  4.572
 14    41.586 52717.21070449 12.79  89.735281  60.877534  4.572
 14    40.935 52717.21070514 15.59  89.732971  60.874374  4.572
 14    39.826 52717.21070578 17.21  89.730671  60.871214  4.572
 14    39.524 52717.21070643 14.53  89.728371  60.868054  4.572
 15    38.639 52752.21072628 14.86  89.728407  60.897205  8.564
 15    38.020 52752.21072692 16.66  89.726107  60.894045  8.564
 15    37.943 52752.21072757 17.06  89.723807  60.890885  8.564
 15    38.028 52752.21072821 17.73  89.721497  60.887725  8.564
 15    38.337 52752.21072886 17.87  89.719197  60.884565  8.564
 17    46.532 52822.21074619 14.06  89.745500  60.881170 10.699
 17    44.649 52822.21074684 11.06  89.743190  60.878010 10.699
 17    43.154 52822.21074748 12.10  89.740890  60.874850 10.699
 17    41.062 52822.21074813 12.14  89.738590  60.871690 10.699
 17    41.434 52822.21074877 13.31  89.736280  60.868530 10.699
 17    43.892 52822.21074942 14.94  89.733980  60.865360 10.699
 18    40.019 52857.21079337 31.37  89.744930  60.880742 20.200
 18    40.340 52857.21079402 30.82  89.742620  60.877582 20.200
 18    39.686 52857.21079466 34.40  89.740320  60.874422 20.200
 18    39.732 52857.21079531 36.60  89.738020  60.871262 20.200
 18    39.508 52857.21079595 35.66  89.735720  60.868102 20.200
 18    39.702 52857.21079659 36.55  89.733420  60.864932 20.200
 19    39.706 52892.21082433 40.38  89.738287  60.888404 18.771
 19    40.645 52892.21082498 38.92  89.735977  60.885244 18.771
 19    40.535 52892.21082562 40.81  89.733677  60.882084 18.771
 19    40.799 52892.21082627 41.17  89.731377  60.878924 18.771
 19    41.163 52892.21082691 41.21  89.729077  60.875764 18.771
 19    39.979 52892.21082756 39.88  89.726767  60.872594 18.771
 20    36.964 52927.21077536 29.54  89.731527  60.894063 18.951
 20    36.795 52927.21077600 27.33  89.729227  60.890903 18.951
 20    36.754 52927.21077665 28.65  89.726927  60.887743 18.951
 20    36.834 52927.21077729 28.52  89.724627  60.884583 18.951
 20    36.821 52927.21077794 33.68  89.722317  60.881423 18.951
 21    38.958 52962.21074768 23.06  89.751392  60.877881 13.150
 21    39.243 52962.21074832 25.97  89.749082  60.874711 13.150
 21    39.428 52962.21074896 26.98  89.746782  60.871551 13.150
 21    39.412 52962.21074961 29.50  89.744482  60.868391 13.150
 21    39.681 52962.21075025 29.87  89.742182  60.865231 13.150
 21    39.753 52962.21075090 30.27  89.739872  60.862071 13.150
 21    39.884 52962.21075154 28.10  89.737572  60.858911 13.150
 22    38.965 52997.21078805 17.50  89.739628  60.888578 24.221
 22    39.629 52997.21078870 19.59  89.737318  60.885418 24.221
 22    40.072 52997.21078934 21.72  89.735018  60.882258 24.221
 22    40.249 52997.21078999 26.00  89.732718  60.879098 24.221
 22    40.372 52997.21079063 30.25  89.730408  60.875938 24.221
 22    40.561 52997.21079128 31.38  89.728108  60.872778 24.221
 23    39.090 53032.21074559 10.54  89.733081  60.893494  3.731
 23    38.825 53032.21074623 11.43  89.730781  60.890324  3.731
 23    39.118 53032.21074688 10.64  89.728471  60.887164  3.731
 23    39.659 53032.21074752 11.44  89.726171  60.884004  3.731
 23    40.720 53032.21074817 10.67  89.723873  60.880843 13.740
 23    40.329 53032.21074881 19.68  89.721573  60.877683 13.740
 24    43.290 53067.21075744 10.62  89.744698  60.884581  4.732
 24    43.069 53067.21075808 11.32  89.742388  60.881421  4.732
 24    42.595 53067.21075873 11.32  89.740088  60.878261  4.732
 24    46.555 53067.21075937 11.10  89.737788  60.875101  4.732
 24    48.132 53067.21076002 10.95  89.735478  60.871941  4.732
 24    50.310 53067.21076066  9.34  89.733178  60.868781  4.732
 24    51.594 53067.21076131  9.03  89.730878  60.865621  4.732
 25    47.112 53102.21074943  2.59  89.732196  60.896737  2.886
 25    48.386 53102.21075007  2.44  89.729896  60.893577  2.886
 25    49.193 53102.21075071  3.02  89.727596  60.890417  2.886
 25    50.290 53102.21075136  3.48  89.725296  60.887257  2.886
 25    51.421 53102.21075200  3.94  89.722986  60.884097  2.886
 25    52.441 53102.21075265  3.79  89.720691  60.880934  2.817
 26    40.400 53137.21076024 26.24  89.746758  60.882869 26.378
 26    40.594 53137.21076089 26.28  89.744458  60.879709 26.378
 26    40.615 53137.21076153 26.35  89.742158  60.876549 26.378
 26    40.490 53137.21076218 23.72  89.739848  60.873389 26.378
 26    40.572 53137.21076282 25.59  89.737548  60.870229 26.378
 26    40.792 53137.21076347 28.27  89.735248  60.867069 26.378
 26    40.973 53137.21076411 28.69  89.732948  60.863909 26.378
 27    59.250 53172.21080985  0.39  89.732690  60.874583  7.382
 27    59.881 53172.21081049  0.86  89.730390  60.871413  7.382
 28    41.335 53207.21082155 17.60  89.738724  60.888896 14.469
 28    40.551 53207.21082220 14.54  89.736424  60.885736 14.469
 28    40.178 53207.21082284 15.16  89.734114  60.882576 14.469
 28    41.041 53207.21082349 15.34  89.731814  60.879406 14.469
 28    41.891 53207.21082413 17.96  89.729514  60.876246 14.469
 28    41.574 53207.21082478 22.00  89.727204  60.873086 14.469
 29    38.466 53242.21078920 20.65  89.739250  60.888941 13.992
 29    39.323 53242.21078985 20.03  89.736950  60.885781 13.992
 29    40.128 53242.21079049 20.55  89.734650  60.882621 13.992
 29    39.693 53242.21079114 22.88  89.732340  60.879461 13.992
 29    40.235 53242.21079178 22.65  89.730040  60.876291 13.992
 29    40.678 53242.21079243 22.51  89.727740  60.873131 13.992
 30    59.594 53277.21076413  6.30  89.746790  60.876773  4.993
 30    59.036 53277.21076477  8.38  89.744490  60.873613  4.993
 30    39.061 53277.21076606 29.71  89.739880  60.867283  4.993
 30    39.124 53277.21076671 31.94  89.737580  60.864123  4.993
 30    40.215 53277.21076735 32.93  89.735270  60.860963  4.993
 31    37.373 53312.21079823 50.11  89.740351  60.887529 13.956
 31    37.397 53312.21079887 51.81  89.738052  60.884374 20.212
 31    37.477 53312.21079952 51.54  89.735742  60.881214 20.212
 31    37.519 53312.21080016 52.89  89.733442  60.878054 20.212
 31    37.480 53312.21080081 51.33  89.731142  60.874894 20.212
 31    37.467 53312.21080145 50.32  89.728842  60.871724 20.212
 32    39.096 53347.21076422 22.18  89.738564  60.886902  6.484
 32    39.115 53347.21076487 31.34  89.736261  60.883745 13.990
 32    39.084 53347.21076551 24.61  89.733961  60.880585 13.990
 32    38.925 53347.21076616 26.20  89.731651  60.877425 13.990
 32    39.110 53347.21076680 26.38  89.729351  60.874265 13.990
 32    39.366 53347.21076745 31.22  89.727051  60.871105 13.990
 33    43.064 53382.21072831 13.48  89.747815  60.878633  4.001
 33    40.046 53382.21072895 14.81  89.745515  60.875473  4.001
 33    41.212 53382.21072960 13.95  89.743205  60.872313  4.001
 33    41.041 53382.21073024 13.32  89.740905  60.869153  4.001
 33    40.825 53382.21073089 14.02  89.738605  60.865993  4.001
 33    40.660 53382.21073153 12.96  89.736305  60.862833  4.001
 34    42.977 53417.21074337 13.35  89.744108  60.883257  3.075
 34    42.684 53417.21074401 13.36  89.741808  60.880097  3.075
 34    42.039 53417.21074466 13.55  89.739508  60.876937  3.075
 34    41.151 53417.21074530 13.69  89.737198  60.873777  3.075
 34    40.345 53417.21074594 12.43  89.734898  60.870617  3.075
 34    40.188 53417.21074659 11.73  89.732598  60.867457  3.075
 34    40.411 53417.21074723 11.81  89.730298  60.864287  3.075
 35    44.626 53452.21074392 10.10  89.751989  60.879135  5.441
 35    44.053 53452.21074457 10.43  89.749689  60.875975  5.441
 35    43.400 53452.21074521  9.90  89.747379  60.872815  5.441
 35    43.126 53452.21074586  9.69  89.745079  60.869655  5.441
 35    42.382 53452.21074650 10.43  89.742779  60.866495  5.441
 35    42.088 53452.21074715 10.36  89.740469  60.863335  5.441
 35    41.733 53452.21074779 10.49  89.738169  60.860175  5.441
 36    39.768 53487.21082720 21.87  89.738653  60.891550 12.827
 36    39.892 53487.21082784 19.82  89.736343  60.888390 12.827
 36    39.408 53487.21082849 19.59  89.734043  60.885230 12.827
 36    39.364 53487.21082913 19.85  89.731733  60.882060 12.827
 36    39.595 53487.21082978 20.49  89.729433  60.878900 12.827
 36    39.753 53487.21083042 28.51  89.727133  60.875740 12.827
 38    38.124 53557.21084362 30.83  89.734476  60.890908 16.940
 38    37.778 53557.21084427 40.24  89.732176  60.887748 16.940
 38    38.094 53557.21084491 46.71  89.729866  60.884588 16.940
 38    38.216 53557.21084556 48.85  89.727566  60.881428 16.940
 38    38.200 53557.21084620 45.62  89.725266  60.878268 16.940
 39    42.726 53592.21078129 14.71  89.739516  60.886151 11.799
 39    44.442 53592.21078194 15.44  89.737216  60.882991 11.799
 39    37.373 53592.21078258 17.20  89.734914  60.879830 16.102
 39    37.705 53592.21078323 19.42  89.732614  60.876670 16.102
 39    37.536 53592.21078387 23.11  89.730314  60.873510 16.102
 39    37.822 53592.21078451 27.05  89.728014  60.870350 16.102
 40    46.905 53627.21077188 14.82  89.745548  60.882946  9.801
 40    46.682 53627.21077252 14.82  89.743238  60.879786  9.801
 40    44.996 53627.21077317 13.16  89.740938  60.876626  9.801
 40    39.507 53627.21077381 13.96  89.738628  60.873466  9.801
 40    41.332 53627.21077446 13.10  89.736328  60.870306  9.801
 40    43.189 53627.21077510 13.74  89.734018  60.867146  9.801
 40    42.118 53627.21077575 14.22  89.731718  60.863986  9.801
 41    44.183 53662.21079641 16.13  89.742161  60.888224 12.555
 41    45.646 53662.21079705 15.92  89.739861  60.885064 12.555
 41    39.544 53662.21079770 18.24  89.737551  60.881904 12.555
 41    40.899 53662.21079834 18.49  89.735251  60.878734 12.555
 41    40.251 53662.21079899 20.00  89.732951  60.875574 12.555
 41    40.607 53662.21079963 19.97  89.730641  60.872414 12.555
 41    40.197 53662.21080028 22.01  89.728341  60.869254 12.555
 42    36.816 53697.21076220 45.00  89.737210  60.889905  9.749
 42    36.754 53697.21076285 49.93  89.734900  60.886745  9.749
 42    36.828 53697.21076349 53.23  89.732603  60.883587 17.905
 42    36.937 53697.21076414 52.54  89.730293  60.880427 17.905
 42    36.922 53697.21076478 51.08  89.727993  60.877267 17.905
 42    36.906 53697.21076543 49.30  89.725693  60.874107 17.905
 43    39.680 53732.21068440 19.65  89.736735  60.892130  7.392
 43    39.401 53732.21068505 20.21  89.734425  60.888970  7.392
 43    39.259 53732.21068569 21.04  89.732125  60.885810  7.392
 43    39.571 53732.21068634 20.36  89.729825  60.882649  8.935
 43    39.700 53732.21068698 20.82  89.727525  60.879489  8.935
 43    39.956 53732.21068763 22.92  89.725225  60.876329  8.935
 44    42.163 53767.21066156 16.89  89.746206  60.879873  4.479
 44    41.471 53767.21066220 16.59  89.743906  60.876713  4.479
 44    39.748 53767.21066285 16.88  89.741606  60.873553  4.479
 44    39.948 53767.21066349 16.47  89.739296  60.870393  4.479
 44    40.117 53767.21066413 16.50  89.736996  60.867233  4.479
 44    39.995 53767.21066478 16.23  89.734696  60.864073  4.479
 45    41.580 53802.21066054 14.70  89.737161  60.888122  3.365
 45    41.009 53802.21066119 15.54  89.734861  60.884962  3.365
 45    40.568 53802.21066183 15.24  89.732551  60.881802  3.365
 45    39.751 53802.21066248 14.65  89.730251  60.878642  3.365
 45    40.015 53802.21066312 14.91  89.727951  60.875482  3.365
 45    40.124 53802.21066376 14.66  89.725651  60.872312  3.365
 46    43.029 53837.21067237 14.12  89.747712  60.880934  3.059
 46    39.310 53837.21067301 15.22  89.745405  60.877780  3.839
 46    39.676 53837.21067366 14.53  89.743105  60.874620  3.839
 46    39.794 53837.21067430 14.06  89.740795  60.871460  3.839
 46    40.335 53837.21067495 13.73  89.738495  60.868300  3.839
 46    39.647 53837.21067559 14.54  89.736195  60.865130  3.839
 46    40.189 53837.21067624 13.02  89.733895  60.861970  3.839
 47   107.380 53872.21072463  0.85  89.743025  60.886093 11.853
 47    68.987 53872.21072527 16.73  89.740725  60.882933 11.853
 47    69.605 53872.21072592 17.39  89.738415  60.879773 11.853
 47    68.810 53872.21072656 19.62  89.736115  60.876613 11.853
 47    69.328 53872.21072721 19.95  89.733815  60.873443 11.853
 47    47.465 53872.21072850 41.00  89.729205  60.867123 11.853
 48    37.893 53907.21076462 19.55  89.740222  60.887771 15.129
 48    42.185 53907.21076526 16.98  89.737912  60.884601 15.129
 48    41.948 53907.21076591 16.57  89.735612  60.881441 15.129
 48    38.388 53907.21076655 17.51  89.733312  60.878281 15.129
 48    38.236 53907.21076720 20.55  89.731002  60.875121 15.129
 48    38.286 53907.21076784 26.65  89.728702  60.871961 15.129
 49    41.554 53942.21079113 16.60  89.734213  60.891928 11.429
 49    42.036 53942.21079178 11.66  89.731913  60.888768 11.429
 49    40.235 53942.21079242 12.64  89.729603  60.885598 11.429
 49    39.716 53942.21079307 14.03  89.727303  60.882438 11.429
 49    39.814 53942.21079371 16.59  89.725003  60.879278 11.429
 50    40.951 53977.21074459 20.35  89.734145  60.893713 19.274
 50    38.417 53977.21074524 17.00  89.731845  60.890553 19.274
 50    38.266 53977.21074588 15.60  89.729545  60.887393 19.274
 50    38.978 53977.21074653 15.04  89.727235  60.884233 19.274
 50    38.356 53977.21074717 15.33  89.724935  60.881073 19.274
 50    38.621 53977.21074782 21.34  89.722635  60.877903 19.274
 51    45.590 54012.21075234 14.64  89.749563  60.878392  8.404
 51    44.671 54012.21075299 12.89  89.747253  60.875232  8.404
 51    41.835 54012.21075363 13.44  89.744956  60.872077 14.185
 51    42.412 54012.21075428 13.63  89.742646  60.868917 14.185
 51    40.824 54012.21075492 15.35  89.740346  60.865757 14.185
 51    42.402 54012.21075557 13.46  89.738046  60.862597 14.185
 51    41.706 54012.21075621 16.84  89.735736  60.859437 14.185
 52    37.710 54047.21076348 34.44  89.746006  60.882262 12.909
 52    37.664 54047.21076412 36.01  89.743706  60.879102 12.909
 52    37.678 54047.21076477 36.59  89.741406  60.875942 12.909
 52    37.655 54047.21076541 34.26  89.739106  60.872772 12.909
 52    37.736 54047.21076606 34.58  89.736806  60.869612 12.909
 52    37.876 54047.21076670 37.92  89.734494  60.866454 10.655
 52    37.912 54047.21076735 38.95  89.732194  60.863294 10.655
 54    43.492 54117.21068584 18.27  89.733351  60.895516  8.896
 54    43.430 54117.21068648 17.46  89.731041  60.892356  8.896
 54    43.105 54117.21068713 15.18  89.728741  60.889196  8.896
 54    43.018 54117.21068777 14.26  89.726441  60.886036  8.896
 54    43.177 54117.21068842 14.77  89.724141  60.882876  8.896
 54    43.245 54117.21068906 15.94  89.721841  60.879706  8.896
 55    43.626 54152.21070725  9.49  89.740961  60.888449  3.331
 55    43.456 54152.21070790 10.83  89.738651  60.885289  3.331
 55    45.120 54152.21070854 10.55  89.736351  60.882129  3.331
 55    46.116 54152.21070919 10.23  89.734051  60.878969  3.331
 55    49.019 54152.21070983  9.59  89.731751  60.875799  3.331
 55    50.075 54152.21071048  9.37  89.729441  60.872639  3.331
 57    47.611 54222.21071725 42.78  89.743431  60.886130 20.992
 57    47.654 54222.21071789 44.32  89.741121  60.882970 20.992
 57    47.633 54222.21071853 45.16  89.738821  60.879810 20.992
 57    47.529 54222.21071918 44.69  89.736511  60.876640 20.992
 57    47.458 54222.21071982 43.94  89.734211  60.873480 20.992
 57    47.518 54222.21072047 42.50  89.731911  60.870320 20.992
 57    47.573 54222.21072111 40.05  89.729609  60.867160 23.069
 59    38.501 54292.21074194 34.17  89.742081  60.886650 10.731
 59    37.756 54292.21074258 34.34  89.739771  60.883490 10.731
 59    37.608 54292.21074323 35.45  89.737471  60.880330 10.731
 59    37.705 54292.21074387 36.42  89.735171  60.877170 10.731
 59    37.585 54292.21074452 37.70  89.732871  60.874000 10.731
 59    37.785 54292.21074516 37.99  89.730571  60.870840 10.731
 59    38.128 54292.21074581 36.73  89.728260  60.867681 18.482
 60    38.590 54327.21074015  5.91  89.732875  60.877962 16.799
 60    40.703 54327.21074080 10.45  89.730575  60.874802 16.799
 60    41.138 54327.21074144 18.69  89.728275  60.871642 16.799
 62    36.728 54397.21067865 24.09  89.742794  60.884100 13.243
 62    36.173 54397.21067930 25.42  89.740494  60.880930 13.243
 62    42.251 54397.21067994 24.06  89.738184  60.877770 13.243
 62    36.800 54397.21068059 26.00  89.735890  60.874613 17.058
 62    36.909 54397.21068123 27.57  89.733580  60.871453 17.058
 62    37.430 54397.21068188 27.20  89.731280  60.868293 17.058
 63    37.677 54432.21063754 22.27  89.736277  60.890375  5.904
 63    38.065 54432.21063818 22.09  89.733967  60.887205  5.904
 63    38.088 54432.21063883 22.59  89.731667  60.884045  5.904
 63    38.430 54432.21063947 21.42  89.729367  60.880885  5.904
 63    38.454 54432.21064012 22.47  89.727067  60.877725  5.904
 63    38.594 54432.21064076 20.86  89.724761  60.874563  8.045
 64    43.360 54467.21066017 17.69  89.746166  60.883228  5.057
 64    43.070 54467.21066082 18.64  89.743856  60.880058  5.057
 64    42.547 54467.21066146 19.19  89.741556  60.876898  5.057
 64    39.553 54467.21066211 17.92  89.739255  60.873742  5.716
 64    39.595 54467.21066275 17.89  89.736955  60.870582  5.716
 64    39.541 54467.21066339 19.68  89.734645  60.867422  5.716
 64    39.739 54467.21066404 17.90  89.732345  60.864262  5.716
 65    41.355 54502.21065203  8.17  89.738828  60.891221  2.600
 65    39.858 54502.21065268  9.13  89.736520  60.888064  4.815
 65    41.937 54502.21065332 10.37  89.734220  60.884904  4.815
 65    41.674 54502.21065397  9.79  89.731920  60.881744  4.815
 65    41.325 54502.21065461  9.92  89.729610  60.878584  4.815
 65    40.390 54502.21065526 12.71  89.727310  60.875424  4.815
 66    39.507 54537.21067517 11.64  89.740925  60.886400  5.272
 66    42.705 54537.21067581 12.20  89.738625  60.883230  5.272
 66    39.599 54537.21067646 12.71  89.736325  60.880070  5.272
 66    42.092 54537.21067710 11.78  89.734015  60.876910  5.272
 66    39.810 54537.21067775 14.58  89.731715  60.873750  5.272
 66    40.615 54537.21067839 13.00  89.729415  60.870590  5.272
 67    44.862 54572.21065341  7.57  89.736203  60.892260  3.396
 67    46.071 54572.21065405  6.69  89.733903  60.889100  3.396
 68    45.288 54607.21066856 17.39  89.740869  60.886184 13.477
 68    44.955 54607.21066921 17.78  89.738559  60.883024 13.477
 68    43.297 54607.21066985 17.01  89.736259  60.879854 13.477
 68    43.853 54607.21067050 17.76  89.733959  60.876694 13.477
 68    44.101 54607.21067114 19.65  89.731649  60.873534 13.477
 68    43.681 54607.21067179 22.45  89.729349  60.870374 13.477
 69    39.118 54642.21067689 33.51  89.739996  60.890173 13.429
 69    38.728 54642.21067754 31.32  89.737686  60.887013 13.429
 69    38.844 54642.21067818 29.97  89.735386  60.883853 13.429
 69    39.342 54642.21067883 29.79  89.733086  60.880683 13.429
 69    40.677 54642.21067947 28.65  89.730776  60.877523 13.429
 69    41.562 54642.21068011 30.56  89.728476  60.874363 13.429
 70    38.674 54677.21067897 26.97  89.740482  60.888749  6.478
 70    38.699 54677.21067961 27.00  89.738182  60.885589  6.478
 70    38.880 54677.21068026 27.61  89.735872  60.882429  6.478
 71    39.435 54712.21063277 34.00  89.735533  60.891635  9.937
 71    39.784 54712.21063342 33.06  89.733236  60.888474 13.751
 71    40.125 54712.21063406 33.54  89.730926  60.885314 13.751
 71    41.198 54712.21063471 36.45  89.728626  60.882154 13.751
 71    40.445 54712.21063535 37.83  89.726326  60.878994 13.751
 71    40.791 54712.21063600 41.35  89.724026  60.875834 13.751
 73    37.129 54782.21061971 37.66  89.738964  60.887799 22.714
 73    37.139 54782.21062036 44.19  89.736664  60.884639 22.714
 73    37.135 54782.21062100 46.10  89.734364  60.881479 22.714
 73    37.347 54782.21062165 50.44  89.732054  60.878309 22.714
 73    37.346 54782.21062229 49.51  89.729754  60.875149 22.714
 73    37.321 54782.21062294 47.90  89.727454  60.871989 22.714
 74    40.129 54817.21064125 18.20  89.742271  60.883488  5.403
 74    42.579 54817.21064189 17.73  89.739971  60.880328  5.403
 74    40.433 54817.21064254 18.07  89.737671  60.877168  5.403
 74    40.764 54817.21064318 16.54  89.735371  60.874008  5.403
 74    40.886 54817.21064382 16.47  89.733061  60.870848  5.403
 74    41.051 54817.21064447 15.62  89.730761  60.867688  5.403
 75    42.010 54852.21061663  9.43  89.739320  60.890628  3.714
 75    42.381 54852.21061728 10.65  89.737010  60.887468  3.714
 75    42.018 54852.21061792 11.69  89.734710  60.884308  3.714
 75    41.717 54852.21061857 11.88  89.732410  60.881148  3.714
 75    41.732 54852.21061921 11.13  89.730110  60.877988  3.714
 75    41.747 54852.21061986 12.27  89.727800  60.874818  3.714
 76    42.838 54887.21064528  9.52  89.740060  60.886491  3.008
 76    42.703 54887.21064593 10.00  89.737760  60.883331  3.008
 76    42.504 54887.21064657 10.19  89.735460  60.880171  3.008
 76    42.234 54887.21064722  9.40  89.733150  60.877011  3.008
 76    41.894 54887.21064786  9.16  89.730850  60.873851  3.008
 76    41.863 54887.21064850  9.22  89.728550  60.870691  3.008
 77    42.558 54922.21061664  4.21  89.731652  60.895057  2.082
 77    47.594 54922.21061729  4.29  89.729352  60.891897  2.082
 77    46.507 54922.21061793  4.18  89.727052  60.888737  2.082
 77    47.635 54922.21061857  5.14  89.724752  60.885577  2.082
 77    49.666 54922.21061922  5.09  89.722442  60.882417  2.082
 77    50.346 54922.21061986  4.73  89.720142  60.879257  2.082
 78    47.470 54957.21064169 31.87  89.741735  60.883827 22.951
 78    47.287 54957.21064233 26.60  89.739425  60.880657 22.951
 78    46.916 54957.21064297 24.77  89.737125  60.877497 22.951
 78    46.864 54957.21064362 24.08  89.734825  60.874337 22.951
 78    47.299 54957.21064426 24.95  89.732515  60.871177 22.951
 78    47.462 54957.21064491 28.21  89.730215  60.868017 22.951
 79    72.595 54992.21066477  9.87  89.736348  60.884646  6.930
 79    72.429 54992.21066542 10.32  89.734048  60.881476  6.930
 79    72.685 54992.21066606  7.47  89.731748  60.878316  6.930
 79    60.992 54992.21066735 18.74  89.727138  60.871996  6.930
 82    40.692 55097.21059468 20.88  89.732136  60.894787 11.111
 82    39.612 55097.21059533 15.38  89.729839  60.891627 14.349
 82    40.366 55097.21059597 14.60  89.727529  60.888467 14.349
 82    40.413 55097.21059661 16.11  89.725229  60.885307 14.349
 82    41.111 55097.21059726 16.56  89.722929  60.882147 14.349
 82    41.092 55097.21059790 21.62  89.720629  60.878987 14.349
 84    40.631 55167.21055786 14.40  89.738471  60.888849  3.677
 84    42.042 55167.21055850 14.22  89.736171  60.885689  3.677
 84    40.585 55167.21055915 15.57  89.733871  60.882529  3.677
 84    41.347 55167.21055979 14.74  89.731571  60.879369  3.677
 84    41.022 55167.21056044 14.20  89.729261  60.876199  3.677
 84    41.025 55167.21056108 13.96  89.726961  60.873039  3.677
 85    40.847 55202.21058298 11.68  89.743205  60.887402  3.325
 85    40.728 55202.21058363 12.53  89.740895  60.884242  3.325
 85    41.014 55202.21058427 12.78  89.738595  60.881082  3.325
 85    41.238 55202.21058492 11.95  89.736295  60.877922  3.325
 85    41.222 55202.21058556 11.32  89.733985  60.874762  3.325
 85    41.366 55202.21058621 10.61  89.731685  60.871602  3.325
 85    41.369 55202.21058685 11.07  89.729385  60.868442  3.325
 86    40.970 55237.21056453 10.48  89.736043  60.892045  3.034
 86    40.659 55237.21056518 11.96  89.733743  60.888885  3.034
 86    40.974 55237.21056582 11.32  89.731443  60.885725  3.034
 86    41.191 55237.21056647 11.31  89.729143  60.882565  3.034
 86    41.184 55237.21056711 10.82  89.726833  60.879395  3.034
 86    41.264 55237.21056775 10.52  89.724533  60.876235  3.034
 87    41.188 55272.21057700  9.60  89.740814  60.889128  3.104
 87    40.998 55272.21057764 10.58  89.738504  60.885958  3.104
 87    41.086 55272.21057829  9.92  89.736204  60.882798  3.104
 87    40.855 55272.21057893 10.10  89.733904  60.879638  3.104
 87    40.867 55272.21057957  9.36  89.731594  60.876478  3.104
 87    40.990 55272.21058022  9.34  89.729294  60.873318  3.104
 87    40.991 55272.21058086  9.20  89.726994  60.870158  3.104
 88    46.410 55307.21054598 13.79  89.735510  60.893994  6.213
 88    47.852 55307.21054663  8.56  89.733210  60.890834  6.213
 88    48.908 55307.21054727  8.03  89.730910  60.887674  6.213
 88    49.398 55307.21054791  8.38  89.728610  60.884514  6.213
 88    49.693 55307.21054856  7.87  89.726300  60.881354  6.213
 88    49.715 55307.21054920 10.27  89.724000  60.878194  6.213
 90    41.200 55377.21054066 27.30  89.737548  60.888330 10.464
 90    40.997 55377.21054131 26.77  89.735248  60.885170 10.464
 90    41.433 55377.21054195 27.98  89.732948  60.882000 10.464
 90    41.468 55377.21054260 29.09  89.730638  60.878840 10.464
 90    41.468 55377.21054324 29.73  89.728338  60.875680 10.464
 90    41.266 55377.21054389 29.91  89.726038  60.872520 10.464
 91    45.812 55412.21056482 11.66  89.742556  60.883611  5.940
 91    45.403 55412.21056546 11.40  89.740256  60.880451  5.940
 92   136.316 55447.21055486 14.23  89.740458  60.889542 17.478
 92   135.482 55447.21055550  9.17  89.738148  60.886382 17.478
 92   134.920 55447.21055615  2.63  89.735848  60.883222 17.478
 92    40.212 55447.21055808 15.37  89.728938  60.873732 17.478
 92    40.492 55447.21055873 22.90  89.726638  60.870572 17.478
