-125524.630    50.968     0.00   13.23
-125146.706    56.253    13.98   10.64
-124768.691    59.011     7.30    9.79
-124390.584    59.225     0.57   14.17
-124012.385    57.491    -4.59   17.43
-123634.094    53.944    -9.38   17.46
-123255.711    51.835    -5.57   14.95
-122877.236    51.607    -0.60   11.67
-122498.668    48.972    -6.96    9.02
-122120.009    46.933    -5.39    8.70
-121741.257    45.500    -3.78    9.12
-121362.413    44.375    -2.97   11.06
-120983.476    43.523    -2.25   11.87
-120604.447    43.152    -0.98   11.88
-120225.325    41.954    -3.16    9.76
-119846.111    41.953    -0.00    7.48
-119466.803    42.333     1.00    5.68
-119087.403    42.439     0.28    5.15
-118707.911    43.852     3.72    5.21
-118328.325    45.794     5.12    6.84
-117948.646    49.607    10.04    8.42
-117568.875    52.009     6.32    8.54
-117189.010    54.095     5.49    7.64
-116809.052    53.919    -0.46    5.92
-116429.001    53.808    -0.29    4.08
-116048.856    53.138    -1.76    4.05
-115668.618    51.154    -5.22    6.29
-115288.286    46.345   -12.64    9.27
-114907.862    38.125   -21.61   11.81
-114527.343    28.417   -25.51   11.15
-114146.731    20.877   -19.81    7.22
-113766.025    15.881   -13.12    4.89
-113385.225    12.617    -8.57    4.86
-113004.332    10.128    -6.53    4.71
-112623.344     7.722    -6.32    3.44
-112242.262     5.333    -6.27    2.72
-111861.087     3.916    -3.72    2.93
-111479.817     2.407    -3.96    2.40
-111098.453     1.243    -3.05    1.01
-110716.995     1.000    -0.64    0.00
-110335.442     1.000     0.00    0.00
-109953.795     1.000     0.00    0.00
-109572.054     1.009     0.02    0.10
-109190.218     1.571     1.47    1.73
-108808.287     3.345     4.64    3.10
-108441.291     5.433     5.69    3.16
-108077.086     7.183     4.81    1.92
-107712.796     7.694     1.40    1.14
-107348.422     6.241    -3.99    2.85
-106983.964     4.564    -4.60    3.32
-106619.422     2.792    -4.86    2.86
-106254.795     1.355    -3.94    1.28
-105890.084     2.505     3.15    4.89
-105525.288    15.217    34.85   23.67
-105160.408    34.193    52.00   31.51
-104795.443    52.124    49.13   26.30
-104430.394    60.910    24.07   13.28
-104065.259    59.509    -3.84    9.51
-103700.040    53.047   -17.69    8.08
-103334.736    47.755   -14.49   10.26
-102969.347    44.509    -8.88   11.45
-102603.873    42.706    -4.93   12.45
-102238.314    40.642    -5.65   11.52
-101872.670    39.010    -4.46    8.94
-101506.941    40.827     4.97    7.90
-101141.127    44.419     9.82    9.25
-100775.227    48.454    11.03    9.21
-100409.242    51.519     8.37    8.06
-100043.172    54.811     8.99    8.85
 -99677.016    57.227     6.60   10.21
 -99310.774    62.248    13.71   11.56
 -98944.447    70.100    21.43   12.34
 -98578.035    76.518    17.52    9.64
 -98211.536    81.664    14.04    5.68
 -97844.952    83.900     6.10    4.59
 -97478.282    85.410     4.12    5.08
 -97111.527    88.157     7.49    5.80
 -96744.685    91.682     9.61    6.04
 -96377.757    93.704     5.51    6.28
 -96010.744    93.836     0.36    6.68
 -95643.644    93.243    -1.62    5.79
 -95276.458    94.360     3.04    4.74
 -94909.185    96.055     4.61    4.97
 -94541.827    97.148     2.98    4.76
 -94174.382    97.836     1.87    5.63
 -93806.851    97.048    -2.14    8.06
 -93439.233    94.730    -6.31    9.14
 -93071.528    92.565    -5.89    8.66
 -92703.737    90.757    -4.92    5.89
 -92335.860    91.418     1.80    5.44
 -91967.895    96.330    13.35    8.24
 -91599.844   100.664    11.77    7.89
 -91231.706   104.075     9.27    6.16
 -90863.482   105.800     4.69    5.87
 -90495.170   105.673    -0.35    5.98
 -90126.771   104.048    -4.41    5.91
 -89758.285   102.773    -3.46    5.55
 -89389.712   103.075     0.82    6.25
 -89021.052   106.380     8.96    7.04
 -88652.304   110.000     9.82    6.46
 -88283.469   112.417     6.55    4.66
 -87914.547   110.927    -4.04    5.53
 -87545.537   108.260    -7.23    5.65
 -87176.440   106.582    -4.55    4.90
 -86807.255   105.759    -2.23    3.78
 -86437.983   105.780     0.06    4.48
 -86068.622   105.373    -1.10    6.08
 -85699.174   104.573    -2.17    7.25
 -85329.639   103.910    -1.79    7.80
 -84960.015   103.857    -0.14    8.54
 -84590.303   104.139     0.76    9.25
 -84220.504   104.440     0.82    9.84
 -83850.616   105.037     1.61   10.74
 -83480.640   106.000     2.60   10.32
 -83110.576   106.288     0.78    8.97
 -82740.424   103.270    -8.15    9.02
 -82370.183    96.550   -18.15   11.38
 -81999.854    85.259   -30.49   14.53
 -81629.437    76.255   -24.31   13.59
 -81258.931    70.619   -15.21    9.67
 -80888.336    72.099     3.99    8.73
 -80517.653    77.623    14.90    9.88
 -80146.881    86.009    22.62   10.07
 -79776.020    92.700    18.04    8.17
 -79405.071    96.954    11.47    5.80
 -79034.032    97.351     1.07    5.28
 -78662.905    93.356   -10.77    7.50
 -78291.688    87.336   -16.21   10.55
 -77920.383    83.500   -10.33   10.85
 -77548.988    83.073    -1.15   11.18
 -77177.505    86.109     8.17   11.31
 -76805.931    91.664    14.95    8.44
 -76434.269    93.893     6.00    6.47
 -76062.517    94.885     2.67    5.74
 -75690.676    92.423    -6.62    6.94
 -75318.745    88.092   -11.65    7.46
 -74946.724    83.138   -13.32    7.16
 -74574.614    78.898   -11.39    5.99
 -74202.414    74.259   -12.46    5.02
 -73830.125    70.091   -11.20    5.19
 -73457.745    66.000   -10.99    4.83
 -73085.276    63.882    -5.69    3.66
 -72712.717    62.963    -2.47    3.03
 -72340.067    61.982    -2.63    4.20
 -71967.328    59.872    -5.66    6.79
 -71594.498    54.421   -14.62    8.51
 -71221.578    48.964   -14.63    7.39
 -70848.568    43.913   -13.54    4.89
 -70475.467    40.856    -8.19    3.50
 -70102.276    39.402    -3.90    2.94
 -69728.995    38.982    -1.12    2.85
 -69355.622    39.009     0.07    2.93
 -68982.160    38.389    -1.66    3.83
 -68608.606    34.946    -9.22    6.69
 -68234.962    29.654   -14.16    8.75
 -67861.227    25.793   -10.33    8.25
 -67487.401    23.407    -6.38    8.09
 -67113.484    23.375    -0.09    8.33
 -66739.476    24.578     3.22    8.52
 -66365.377    26.624     5.47    6.16
 -65991.187    26.919     0.79    3.59
 -65616.906    25.302    -4.32    4.65
 -65242.533    20.591   -12.58    7.71
 -64868.069    14.144   -17.22    9.15
 -64493.513     8.884   -14.04    8.25
 -64118.867     5.218    -9.78    5.36
 -63744.128     4.345    -2.33    3.71
 -63369.298     5.642     3.46    4.62
 -62994.376     7.890     5.99    4.65
 -62619.363    10.018     5.67    4.07
 -62244.257    12.404     6.36    3.19
 -61869.060    13.964     4.16    2.07
 -61493.771    14.262     0.79    1.68
 -61118.390    13.946    -0.84    2.07
 -60742.916    14.110     0.44    2.21
 -60367.351    14.757     1.72    2.34
 -59991.693    14.919     0.43    2.28
 -59615.943    14.358    -1.49    2.25
 -59240.101    13.821    -1.43    1.80
 -58864.166    13.442    -1.01    1.46
 -58488.139    14.297     2.27    2.61
 -58112.019    15.833     4.08    3.38
 -57735.806    16.083     0.66    3.20
 -57359.501    15.679    -1.07    3.10
 -56983.103    15.400    -0.74    2.98
 -56606.613    14.404    -2.65    2.58
 -56230.029    13.355    -2.78    2.23
 -55853.353    13.054    -0.80    2.26
 -55476.583    13.075     0.06    2.32
 -55099.720    14.283     3.20    2.89
 -54722.764    15.620     3.55    2.04
 -54345.715    15.509    -0.30    2.05
 -53968.573    14.682    -2.19    2.54
 -53591.337    13.455    -3.25    2.41
 -53214.008    12.645    -2.14    1.92
 -52836.585    11.936    -1.88    1.44
 -52459.069    11.277    -1.75    1.45
 -52081.459    10.702    -1.52    1.48
 -51703.755    10.116    -1.55    1.94
 -51325.957     7.885    -5.91    3.20
 -50948.066     5.607    -6.03    3.45
 -50570.081     3.874    -4.59    2.81
 -50192.001     2.624    -3.31    1.10
 -49813.828     2.673     0.13    1.02
 -49435.561     2.491    -0.48    1.01
 -49057.199     2.561     0.19    1.06
 -48678.743     2.881     0.84    1.18
 -48300.193     2.929     0.13    1.29
 -47921.548     2.741    -0.50    1.36
 -47542.809     2.759     0.05    1.30
 -47163.975     2.702    -0.15    1.20
 -46785.047     2.618    -0.22    1.23
 -46406.024     2.688     0.18    1.18
 -46026.906     2.884     0.52    1.15
 -45647.693     2.730    -0.41    1.17
 -45268.386     2.928     0.52    1.15
 -44888.983     2.920    -0.02    1.07
 -44509.486     2.991     0.19    0.96
 -44129.893     2.679    -0.82    1.12
 -43750.205     2.179    -1.32    1.03
 -43370.422     1.814    -0.96    1.00
 -42990.544     1.686    -0.34    1.01
 -42610.570     1.717     0.08    1.02
 -42230.501     1.764     0.12    0.99
 -41850.336     2.009     0.64    1.12
 -41470.075     2.164     0.41    1.09
 -41089.719     2.385     0.58    0.93
 -40709.267     2.564     0.47    0.96
 -40328.720     2.518    -0.12    1.15
 -39948.076     2.263    -0.67    1.17
 -39567.336     1.800    -1.22    1.06
 -39186.501     1.723    -0.20    1.02
 -38805.569     1.793     0.18    1.31
 -38424.541     1.866     0.19    1.44
 -38043.417     1.750    -0.30    1.16
 -37662.197     1.607    -0.37    0.91
 -37280.880     1.848     0.63    1.16
 -36899.466     2.248     1.05    1.41
 -36517.956     2.845     1.57    1.62
 -36136.350     3.536     1.81    1.50
 -35754.647     3.618     0.22    1.51
 -35372.847     3.491    -0.33    1.62
 -34990.950     3.270    -0.58    1.65
 -34608.956     3.099    -0.45    1.54
 -34226.866     3.143     0.11    1.27
 -33852.619     3.101    -0.11    1.13
 -33488.660     2.920    -0.50    1.09
 -33124.615     2.780    -0.38    1.12
 -32760.484     2.712    -0.19    1.23
 -32396.266     2.777     0.18    1.21
 -32031.963     3.048     0.74    1.20
 -31667.574     3.310     0.72    1.04
 -31303.098     3.261    -0.13    1.08
 -30938.536     3.243    -0.05    1.03
 -30573.888     3.204    -0.11    1.11
 -30209.154     3.371     0.46    1.11
 -29844.333     3.307    -0.18    1.05
 -29479.425     3.125    -0.50    1.24
 -29114.431     2.752    -1.02    1.37
 -28749.350     2.381    -1.02    1.45
 -28384.183     2.324    -0.15    1.52
 -28018.929     2.673     0.95    1.39
 -27653.588     2.772     0.27    1.23
 -27288.160     2.981     0.57    1.26
 -26922.645     3.035     0.15    1.35
 -26557.043     2.784    -0.69    1.51
 -26191.354     3.171     1.06    2.36
 -25825.578     3.421     0.68    2.96
 -25459.715     4.269     2.32    3.26
 -25093.764     5.451     3.23    3.27
 -24727.727     6.098     1.77    2.83
 -24361.601     6.153     0.15    2.42
 -23995.389     5.637    -1.41    2.49
 -23629.089     5.629    -0.02    2.58
 -23262.701     4.858    -2.10    3.01
 -22896.226     3.750    -3.02    2.88
 -22529.663     2.569    -3.22    2.31
 -22163.012     1.866    -1.92    1.79
 -21796.273     1.255    -1.67    1.56
 -21429.447     0.652    -1.64    1.26
 -21062.533     0.225    -1.16    0.82
 -20695.530     0.018    -0.56    0.13
 -20328.440     0.000    -0.05    0.00
 -19961.261     0.000     0.00    0.00
 -19593.994     0.036     0.10    0.23
 -19226.639     0.107     0.19    0.41
 -18859.196     0.321     0.58    0.89
 -18491.664     0.518     0.54    1.11
 -18124.044     0.624     0.29    1.28
 -17756.335     0.464    -0.43    1.14
 -17388.538     0.292    -0.47    0.90
 -17020.652     0.093    -0.54    0.47
 -16652.678     0.018    -0.21    0.13
 -16284.614     0.000    -0.05    0.00
 -15916.462     0.000     0.00    0.00
 -15548.221     0.000     0.00    0.00
 -15179.891     0.000     0.00    0.00
 -14811.472     0.000     0.00    0.00
 -14442.964     0.000     0.00    0.00
 -14074.366     0.000     0.00    0.00
 -13705.680     0.000     0.00    0.00
 -13336.904     0.000     0.00    0.00
 -12968.039     0.061     0.17    0.33
 -12599.084     0.117     0.15    0.46
 -12230.040     0.080    -0.10    0.38
 -11860.907     0.009    -0.19    0.09
 -11491.683     0.000    -0.02    0.00
 -11122.370     0.000     0.00    0.00
 -10752.968     0.000     0.00    0.00
 -10383.476     0.000     0.00    0.00
 -10013.893     0.000     0.00    0.00
  -9644.221     0.000     0.00    0.00
  -9274.459     0.000     0.00    0.00
  -8904.607     0.000     0.00    0.00
  -8534.664     0.000     0.00    0.00
  -8164.632     0.000     0.00    0.00
  -7794.509     0.098     0.27    0.44
  -7424.296     0.219     0.33    0.69
  -7053.992     0.219    -0.00    0.69
  -6683.598     0.123    -0.26    0.53
  -6313.114     0.027    -0.26    0.16
  -5942.539     0.000    -0.07    0.00
  -5571.873     0.000     0.00    0.00
  -5201.117     0.000     0.00    0.00
  -4830.270     0.000     0.00    0.00
  -4459.331     0.000     0.00    0.00
  -4088.302     0.000     0.00    0.00
  -3717.183     0.000     0.00    0.00
  -3345.972     0.000     0.00    0.00
  -2974.669     0.000     0.00    0.00
  -2603.276     0.000     0.00    0.00
  -2231.792     0.000     0.00    0.00
  -1860.216     0.000     0.00    0.00
  -1488.548     0.000     0.00    0.00
  -1116.790     0.000     0.00    0.00
   -744.939     0.000     0.00    0.00
   -372.998     0.000     0.00    0.00
     -0.964     0.000     0.00    0.00
    371.161     0.000     0.00    0.00
    743.378     0.000     0.00    0.00
   1115.687     0.000     0.00    0.00
   1488.088     0.000     0.00    0.00
   1860.580     0.000     0.00    0.00
   2233.165     0.000     0.00    0.00
   2605.842     0.000     0.00    0.00
   2978.611     0.000     0.00    0.00
   3351.472     0.132     0.35    0.57
   3724.426     0.275     0.39    0.78
   4097.472     0.219    -0.15    0.68
   4470.611     0.092    -0.34    0.35
   4843.842     0.000    -0.25    0.00
   5217.165     0.000     0.00    0.00
   5590.582     0.000     0.00    0.00
   5964.091     0.000     0.00    0.00
   6337.693     0.000     0.00    0.00
   6711.388     0.026     0.07    0.21
   7085.175     0.682     1.75    1.48
   7459.056     2.474     4.79    3.07
   7833.030     4.513     5.45    3.40
   8207.097     6.478     5.25    2.53
   8581.257     7.322     2.26    1.74
   8955.510     7.202    -0.32    1.22
   9329.857     6.956    -0.66    0.99
   9704.297     6.938    -0.05    0.95
  10078.831     7.114     0.47    1.02
  10453.458     7.061    -0.14    1.13
  10828.179     5.531    -4.08    2.91
  11202.994     5.000    -1.42    3.28
  11577.902     5.683     1.82    4.07
  11952.905     7.395     4.57    4.25
  12328.001     9.310     5.11    2.79
  12703.191     9.982     1.79    1.89
  13078.475     9.772    -0.56    1.95
  13453.854     8.864    -2.42    2.30
  13829.326     7.270    -4.25    2.49
  14204.893     5.352    -5.11    2.60
  14580.554     4.228    -2.99    2.61
  14956.310     3.387    -2.24    2.57
  15332.160     3.211    -0.47    2.61
  15708.104     3.158    -0.14    2.62
  16084.143     2.860    -0.79    2.49
  16460.277     2.461    -1.06    2.31
  16836.506     2.486     0.07    2.61
  17212.829     2.861     1.00    2.52
  17589.248     2.826    -0.09    2.16
  17965.761     2.278    -1.45    2.00
  18342.370     1.540    -1.96    1.76
  18719.073     0.804    -1.95    1.27
  19095.872     0.948     0.38    1.47
  19472.766     1.405     1.21    1.59
  19849.755     1.957     1.46    1.44
  20226.840     2.490     1.41    1.10
  20604.020     2.696     0.54    1.08
  20981.296     2.637    -0.16    1.34
  21358.667     2.461    -0.47    1.57
  21736.134     2.202    -0.69    1.65
  22113.697     1.956    -0.65    1.82
  22491.355     1.635    -0.85    1.99
  22869.110     1.333    -0.80    2.00
  23246.960     0.713    -1.64    1.58
  23624.907     0.248    -1.23    0.86
  24002.950     0.000    -0.66    0.00
  24381.088     0.000     0.00    0.00
  24759.324     0.000     0.00    0.00
  25137.655     0.000     0.00    0.00
  25516.083     0.000     0.00    0.00
  25894.607     0.000     0.00    0.00
  26273.228     0.000     0.00    0.00
  26651.946     0.000     0.00    0.00
  27030.760     0.000     0.00    0.00
  27409.671     0.052     0.14    0.26
  27788.679     0.186     0.35    0.63
  28167.784     0.478     0.77    1.09
  28546.986     0.632     0.40    1.15
  28926.285     0.770     0.36    1.17
  29305.681     1.207     1.15    1.73
  29685.174     1.402     0.51    1.83
  30064.765     1.483     0.21    1.79
  30444.453     1.532     0.13    1.76
  30824.238     1.440    -0.24    1.38
  31204.121     1.625     0.49    1.45
  31584.101     1.897     0.71    1.48
  31964.180     1.982     0.23    1.40
  32344.356     2.752     2.02    2.07
  32724.629     3.759     2.65    3.06
  33105.001     4.411     1.71    3.07
  33485.471     4.325    -0.23    3.06
  33866.038     3.486    -2.20    3.12
  34246.704     1.992    -3.93    1.87
  34627.468     1.358    -1.66    1.15
  35008.330     1.233    -0.33    1.23
  35389.291     1.230    -0.01    1.29
  35770.350     1.322     0.24    1.31
  36151.507     1.566     0.64    1.27
  36532.763     1.896     0.86    1.31
  36914.118     1.940     0.12    1.24
  37295.571     1.823    -0.31    1.20
  37677.123     1.704    -0.31    1.05
  38058.774     2.164     1.20    1.85
  38440.524     3.130     2.53    2.98
  38822.373     4.444     3.44    3.33
  39204.322     4.466     0.06    2.90
  39586.369     4.389    -0.20    3.47
  39968.515     4.217    -0.45    3.47
  40350.761     4.168    -0.13    3.43
  40732.822     4.103    -0.17    3.36
  41096.536     4.069    -0.09    3.20
  41460.337     4.127     0.16    3.34
  41824.226     5.009     2.42    3.69
  42188.203     5.254     0.68    3.78
  42552.267     5.531     0.76    3.82
  42916.419     5.748     0.60    3.71
  43280.659     5.690    -0.16    3.52
  43644.988     5.591    -0.27    3.29
  44009.404     4.548    -2.86    3.57
  44373.908     3.120    -3.92    3.40
  44738.501     1.330    -4.91    2.38
  45103.181     0.190    -3.13    0.79
  45467.950     0.000    -0.52    0.00
  45832.808     0.000     0.00    0.00
  46197.753     0.000     0.00    0.00
  46562.788     0.009     0.02    0.09
  46927.911     0.043     0.09    0.30
  47293.122     0.045     0.01    0.31
  47658.422     0.000    -0.12    0.00
  48023.811     0.000     0.00    0.00
  48389.289     0.000     0.00    0.00
  48754.856     0.000     0.00    0.00
  49120.511     0.000     0.00    0.00
  49486.256     0.000     0.00    0.00
  49852.090     0.000     0.00    0.00
  50218.012     0.000     0.00    0.00
  50584.024     0.000     0.00    0.00
  50950.126     0.000     0.00    0.00
  51316.316     0.000     0.00    0.00
  51682.596     0.000     0.00    0.00
  52048.966     0.000     0.00    0.00
  52415.425     0.000     0.00    0.00
  52781.974     0.000     0.00    0.00
  53148.612     0.000     0.00    0.00
  53515.340     0.000     0.00    0.00
  53882.158     0.000     0.00    0.00
  54249.065     0.000     0.00    0.00
  54616.063     0.000     0.00    0.00
  54983.151     0.000     0.00    0.00
  55350.328     0.000     0.00    0.00
  55717.596     0.000     0.00    0.00
  56084.954     0.000     0.00    0.00
  56452.403     0.000     0.00    0.00
  56819.941     0.000     0.00    0.00
  57187.570     0.000     0.00    0.00
  57555.290     0.000     0.00    0.00
  57923.100     0.000     0.00    0.00
  58291.000     0.000     0.00    0.00
  58658.991     0.000     0.00    0.00
  59027.073     0.000     0.00    0.00
  59395.246     0.000     0.00    0.00
  59763.510     0.000     0.00    0.00
  60131.864     0.000     0.00    0.00
  60500.310     0.000     0.00    0.00
  60868.846     0.000     0.00    0.00
  61237.474     0.000     0.00    0.00
  61606.193     0.000     0.00    0.00
  61975.003     0.000     0.00    0.00
  62343.905     0.000     0.00    0.00
  62712.898     0.000     0.00    0.00
  63081.982     0.000     0.00    0.00
  63451.158     0.000     0.00    0.00
  63820.426     0.000     0.00    0.00
  64189.785     0.000     0.00    0.00
  64559.236     0.000     0.00    0.00
  64928.778     0.000     0.00    0.00
  65298.413     0.000     0.00    0.00
  65668.140     0.000     0.00    0.00
  66037.958     0.000     0.00    0.00
  66407.869     0.000     0.00    0.00
  66777.872     0.000     0.00    0.00
  67147.967     0.000     0.00    0.00
  67518.154     0.000     0.00    0.00
  67888.434     0.000     0.00    0.00
  68258.806     0.000     0.00    0.00
  68629.271     0.000     0.00    0.00
  68999.828     0.000     0.00    0.00
  69370.478     0.000     0.00    0.00
  69741.220     0.000     0.00    0.00
  70112.055     0.000     0.00    0.00
  70482.984     0.000     0.00    0.00
  70854.005     0.000     0.00    0.00
  71225.119     0.000     0.00    0.00
  71596.326     0.000     0.00    0.00
  71967.626     0.000     0.00    0.00
  72339.019     0.000     0.00    0.00
  72710.506     0.000     0.00    0.00
  73082.086     0.000     0.00    0.00
  73453.759     0.000     0.00    0.00
  73825.526     0.000     0.00    0.00
  74197.386     0.000     0.00    0.00
  74569.340     0.000     0.00    0.00
  74941.388     0.000     0.00    0.00
  75313.529     0.000     0.00    0.00
  75685.765     0.000     0.00    0.00
  76058.094     0.000     0.00    0.00
  76430.517     0.000     0.00    0.00
  76803.034     0.000     0.00    0.00
  77175.645     0.000     0.00    0.00
  77548.351     0.000     0.00    0.00
  77921.150     0.000     0.00    0.00
  78294.044     0.000     0.00    0.00
  78667.033     0.000     0.00    0.00
  79040.115     0.000     0.00    0.00
  79413.293     0.000     0.00    0.00
  79786.565     0.000     0.00    0.00
  80159.931     0.000     0.00    0.00
  80533.393     0.000     0.00    0.00
  80906.949     0.000     0.00    0.00
  81280.600     0.000     0.00    0.00
  81654.346     0.000     0.00    0.00
  82028.187     0.000     0.00    0.00
  82402.123     0.000     0.00    0.00
  82776.155     0.000     0.00    0.00
  83150.281     0.000     0.00    0.00
  83524.503     0.000     0.00    0.00
  83898.821     0.000     0.00    0.00
  84273.234     0.000     0.00    0.00
  84647.742     0.000     0.00    0.00
  85022.346     0.000     0.00    0.00
  85397.046     1.478     3.95    4.23
  85771.841     6.068    12.25    7.97
  86146.732    10.924    12.95    8.13
  86521.719    15.862    13.17    5.48
  86896.803    18.202     6.24    2.48
  87271.982    18.591     1.04    2.19
  87647.257    18.415    -0.47    2.58
  88022.629    18.088    -0.87    2.80
  88398.096    17.052    -2.76    2.78
  88773.661    18.305     3.34    4.34
  89149.321    20.631     6.19    6.58
  89525.078    24.297     9.76    7.50
  89900.932    27.133     7.55    6.72
  90276.882    28.128     2.65    5.47
  90652.929    27.778    -0.93    4.62
  91029.073    25.810    -5.23    3.70
  91405.314    25.630    -0.48    3.22
  91781.651    26.836     3.21    4.02
  92158.086    26.958     0.32    6.18
  92534.617    27.246     0.76    8.49
  92911.246    30.220     7.90   10.31
  93287.972    32.769     6.77    9.82
  93664.796    35.044     6.04    7.64
  94041.717    37.042     5.30    5.05
  94418.735    36.918    -0.33    5.53
  94795.851    35.185    -4.60    5.17
  95173.064    34.612    -1.52    5.57
  95550.375    33.630    -2.60    7.01
  95927.784    32.085    -4.09    8.22
  96305.291    30.388    -4.50    9.30
  96682.895    27.197    -8.45    9.05
  97060.598    25.212    -5.25    8.16
  97438.399    25.314     0.27    7.64
  97816.297    29.692    11.59   10.58
  98194.295    37.328    20.20   11.52
  98572.390    44.197    18.17   10.04
  98950.584    47.517     8.78    8.93
  99328.876    47.814     0.78    9.27
  99707.266    45.912    -5.02    8.93
 100085.756    47.067     3.05    8.32
 100464.344    51.130    10.73   11.32
 100843.030    57.678    17.29   11.03
 101221.816    61.744    10.73    8.75
 101600.700    61.607    -0.36   10.35
 101979.684    60.769    -2.21    9.61
 102358.766    62.966     5.80   10.37
 102737.948    68.252    13.94   10.46
 103117.229    76.000    20.43   10.38
 103496.609    83.445    19.63   11.76
 103876.088    92.122    22.87   12.73
 104255.667   101.342    24.29   12.31
 104635.346   107.824    17.07   13.35
 105015.124   112.127    11.33   11.66
 105395.002   111.263    -2.28   10.93
 105774.979   107.207   -10.67   10.63
 106155.056   100.182   -18.49   11.41
 106535.234    91.850   -21.92    8.64
 106915.511    85.188   -17.52   10.05
 107295.888    78.678   -17.12   11.75
 107676.366    71.393   -19.15    9.28
 108056.943    67.992    -8.94    7.45
 108437.621    65.026    -7.79    7.83
 108818.400    60.370   -12.23    8.51
 109199.279    54.864   -14.46    6.86
 109580.258    52.429    -6.39    6.63
 109961.338    53.460     2.71   10.33
 110342.519    62.000    22.40   16.61
 110723.800    70.521    22.35   16.54
 111105.183    80.322    25.70   14.81
 111486.666    86.890    17.22   15.55
 111868.250    93.267    16.71   17.18
 112249.936    98.802    14.50   13.90
 112631.722    99.982     3.09   10.04
 113013.610    92.636   -19.24   12.88
 113395.599    82.912   -25.46   14.06
 113777.690    72.681   -26.78   11.05
 114159.882    66.267   -16.78    9.06
 114542.176    60.314   -15.57    6.60
 114924.571    56.907    -8.91    5.54
 115307.068    52.348   -11.92    5.45
 115678.370    47.570   -12.87    7.82
 116041.930    41.384   -17.02   10.28
 116405.579    33.331   -22.15   10.45
 116769.318    27.542   -15.92    7.77
 117133.146    25.904    -4.50    7.72
 117497.063    32.125    17.10   12.01
 117861.071    38.150    16.55   10.07
 118225.168    42.265    11.30    5.56
 118589.354    41.425    -2.31    5.12
 118953.631    38.664    -7.58    5.98
 119317.997    33.252   -14.85    8.22
 119682.453    27.949   -14.55    8.16
 120046.999    24.451    -9.60    5.70
 120411.635    26.915     6.76    8.09
 120776.362    30.847    10.78   10.25
 121141.178    37.289    17.66    9.82
 121506.085    41.636    11.91    8.66
 121871.082    42.492     2.34    7.99
 122236.169    41.558    -2.56    6.88
 122601.347    39.583    -5.41    5.76
 122966.615    39.403    -0.49    5.14
 123331.974    39.629     0.62    5.03
 123697.424    39.450    -0.49    4.58
 124062.964    39.646     0.54    3.60
 124428.595    39.317    -0.90    3.82
 124794.317    38.550    -2.10    3.66
 125160.130    37.974    -1.58    4.61
 125526.034    37.050    -2.53    5.55
 125892.029    35.286    -4.82    5.59
 126258.115    33.219    -5.65    6.34
 126624.292    28.860   -11.91    7.35
 126990.561    23.966   -13.36    8.28
 127356.921    19.530   -12.11    7.65
 127723.372    19.639     0.30    7.35
 128089.915    23.973    11.82   11.71
 128456.549    31.568    20.72   13.65
 128823.275    38.132    17.90   11.20
 129190.092    43.368    14.28    7.23
 129557.002    40.966    -6.55   10.47
 129924.003    36.403   -12.43   11.99
 130291.096    30.530   -16.00   12.02
 130658.281    27.231    -8.98   11.46
 131025.558    24.588    -7.20    9.77
 131392.927    24.305    -0.77    9.10
 131760.388    25.566     3.43    7.94
 132127.941    26.272     1.92    4.31
 132495.587    27.117     2.30    6.90
 132863.325    27.847     1.99    8.69
 133231.156    27.949     0.28    9.03
 133599.079    26.058    -5.14    8.87
 133967.094    21.443   -12.54    8.04
 134335.202    17.579   -10.50    6.94
 134703.403    16.051    -4.15    5.88
 135071.697    16.500     1.22    5.93
 135440.084    18.443     5.27    4.80
 135808.563    19.427     2.67    3.77
 136177.136    19.529     0.28    3.92
 136545.801    19.383    -0.40    3.79
 136914.560    18.474    -2.47    4.32
 137283.412    15.615    -7.75    7.66
 137652.357    13.085    -6.86    8.23
 138021.396     9.719    -9.12    7.72
 138390.528     7.711    -5.44    7.44
 138759.754     6.256    -3.94    7.21
 139129.073     3.874    -6.45    6.39
 139498.485     1.883    -5.39    4.38
 139867.992     0.517    -3.70    2.08
 140237.592     0.050    -1.26    0.34
 140607.286     0.000    -0.14    0.00
 140977.074     0.000     0.00    0.00
 141346.956     0.000     0.00    0.00
 141716.932     0.000     0.00    0.00
 142087.002     0.000     0.00    0.00
 142457.167     0.000     0.00    0.00
 142827.425     0.000     0.00    0.00
 143197.778     0.000     0.00    0.00
 143568.226     0.000     0.00    0.00
 143938.768     0.000     0.00    0.00
 144309.404     0.000     0.00    0.00
 144680.135     0.000     0.00    0.00
 145050.961     0.000     0.00    0.00
 145421.882     0.000     0.00    0.00
 145792.897     0.000     0.00    0.00
 146164.008     0.000     0.00    0.00
 146535.213     0.000     0.00    0.00
 146906.514     0.000     0.00    0.00
 147277.909     0.000     0.00    0.00
 147649.400     0.000     0.00    0.00
 148020.986     0.000     0.00    0.00
 148392.668     0.000     0.00    0.00
 148764.445     0.000     0.00    0.00
 149136.318     0.000     0.00    0.00
 149508.286     0.000     0.00    0.00
 149880.349     0.000     0.00    0.00
 150252.509     0.000     0.00    0.00
 150624.764     0.000     0.00    0.00
 150997.116     0.000     0.00    0.00
 151369.563     0.000     0.00    0.00
 151742.106     0.000     0.00    0.00
 152114.745     0.000     0.00    0.00
 152487.481     0.000     0.00    0.00
 152860.313     0.000     0.00    0.00
 153233.241     0.000     0.00    0.00
 153606.265     0.000     0.00    0.00
 153979.386     0.000     0.00    0.00
 154352.604     0.000     0.00    0.00
 154725.918     0.000     0.00    0.00
 155099.329     0.000     0.00    0.00
 155472.837     0.000     0.00    0.00
 155846.441     0.000     0.00    0.00
 156220.143     0.000     0.00    0.00
 156593.941     0.000     0.00    0.00
 156967.837     0.000     0.00    0.00
 157341.829     0.000     0.00    0.00
 157715.919     0.000     0.00    0.00
 158090.107     0.000     0.00    0.00
 158464.391     0.000     0.00    0.00
 158838.773     0.000     0.00    0.00
 159213.253     0.000     0.00    0.00
 159587.830     0.000     0.00    0.00
 159962.505     0.000     0.00    0.00
 160337.278     0.000     0.00    0.00
 160712.149     0.000     0.00    0.00
 161087.117     0.000     0.00    0.00
 161462.184     0.000     0.00    0.00
 161837.348     0.000     0.00    0.00
 162212.611     0.000     0.00    0.00
 162587.972     0.000     0.00    0.00
 162963.431     0.000     0.00    0.00
 163338.989     0.000     0.00    0.00
 163714.645     0.000     0.00    0.00
 164090.399     0.000     0.00    0.00
 164466.252     0.000     0.00    0.00
 164842.204     0.000     0.00    0.00
 165218.255     0.000     0.00    0.00
 165594.405     0.000     0.00    0.00
 165970.653     0.000     0.00    0.00
 166347.000     0.000     0.00    0.00
 166723.447     0.000     0.00    0.00
 167099.993     0.000     0.00    0.00
 167476.638     0.000     0.00    0.00
 167853.382     0.000     0.00    0.00
 168230.225     0.000     0.00    0.00
 168607.169     0.000     0.00    0.00
 168984.211     0.000     0.00    0.00
 169361.353     0.000     0.00    0.00
 169738.595     0.000     0.00    0.00
 170115.937     0.000     0.00    0.00
 170493.379     0.000     0.00    0.00
 170870.920     0.000     0.00    0.00
 171248.562     0.000     0.00    0.00
 171626.304     0.000     0.00    0.00
 172004.146     0.000     0.00    0.00
 172382.088     0.000     0.00    0.00
 172760.130     0.000     0.00    0.00
 173138.273     0.000     0.00    0.00
 173516.516     0.000     0.00    0.00
 173894.860     0.000     0.00    0.00
 174273.305     0.000     0.00    0.00
 174651.850     0.000     0.00    0.00
 175030.496     0.000     0.00    0.00
 175409.244     0.000     0.00    0.00
 175788.092     0.000     0.00    0.00
 176167.041     0.000     0.00    0.00
 176546.091     0.000     0.00    0.00
 176925.242     0.000     0.00    0.00
