-153260.430    84.577     0.00    7.33
-152891.282    87.040     6.67    8.78
-152522.225    90.788    10.16    8.78
-152153.259    95.117    11.73   10.28
-151784.384   101.270    16.68   10.75
-151415.600   107.345    16.47    9.50
-151046.906   111.692    11.79    5.69
-150678.304   112.560     2.35    4.03
-150309.792   111.212    -3.66    4.71
-149941.372   109.071    -5.81    3.53
-149573.041   107.694    -3.74    4.03
-149204.802   105.412    -6.20    6.01
-148836.652   103.247    -5.88    7.46
-148468.594   100.711    -6.89    6.28
-148100.625   101.303     1.61    5.52
-147732.747   104.599     8.96    6.25
-147364.959   107.290     7.32    5.80
-146997.262   108.573     3.49    5.24
-146629.654   107.629    -2.57    6.49
-146262.137   104.255    -9.18    7.64
-145894.709   100.942    -9.02    6.69
-145527.371    98.934    -5.47    5.65
-145160.124    97.858    -2.93    4.92
-144792.966    98.142     0.77    4.76
-144425.897    99.554     3.85    5.52
-144058.918   100.452     2.45    7.92
-143692.029    99.577    -2.39   12.13
-143325.230    94.960   -12.59   16.60
-142958.519    84.261   -29.18   20.48
-142591.899    73.718   -28.76   18.05
-142225.367    63.916   -26.74    9.62
-141858.925    61.375    -6.94    4.74
-141492.572    62.549     3.20    5.48
-141126.308    65.203     7.25    6.65
-140760.133    67.655     6.70    6.84
-140394.047    68.438     2.14    6.76
-140028.050    67.556    -2.41    6.58
-139662.142    67.842     0.78    5.45
-139296.323    67.812    -0.08    4.61
-138930.592    67.264    -1.50    5.41
-138564.950    67.090    -0.48    5.94
-138199.397    66.573    -1.41    6.29
-137833.932    67.450     2.40    7.06
-137468.556    69.621     5.94    7.56
-137103.268    73.116     9.57    7.54
-136738.068    76.974    10.56    6.87
-136372.957    77.238     0.72    7.75
-136007.934    77.899     1.81    8.65
-135642.999    78.026     0.35    8.99
-135278.152    77.264    -2.09    7.93
-134913.393    77.459     0.53    6.77
-134548.722    79.520     5.65    7.01
-134184.139    79.056    -1.27    7.71
-133819.644    77.757    -3.56    9.30
-133455.237    76.960    -2.19    9.65
-133090.917    77.116     0.43    9.18
-132726.685    77.463     0.95    8.57
-132362.541    79.969     6.88    6.04
-131998.484    82.327     6.48    6.89
-131634.514    83.763     3.94    7.77
-131270.632    87.246     9.57    6.66
-130890.398    90.499     8.56    4.71
-130508.044    90.504     0.01    4.78
-130125.788    90.658     0.40    4.43
-129743.632    91.412     1.97    3.69
-129361.574    92.599     3.11    4.25
-128979.615    95.073     6.48    4.80
-128597.755    97.327     5.90    4.32
-128215.994   101.745    11.57    6.68
-127834.331   105.325     9.38    7.08
-127452.766   108.780     9.06    6.18
-127071.300   110.777     5.24    4.99
-126689.933   108.576    -5.77    5.12
-126308.663   105.280    -8.64    6.05
-125927.492   101.463   -10.02    5.79
-125546.419    95.271   -16.25    7.77
-125165.444    90.908   -11.45    7.48
-124784.566    88.012    -7.60    8.66
-124403.787    88.267     0.67   10.66
-124023.106    92.249    10.46   13.31
-123642.522    98.090    15.35   15.20
-123262.036   103.488    14.19   14.99
-122881.647   105.504     5.30   13.97
-122501.356   103.716    -4.70   14.12
-122121.163   101.582    -5.61   14.20
-121741.067    99.608    -5.19   12.70
-121361.068   101.780     5.72   12.17
-120981.166   107.999    16.37   13.41
-120601.362   116.257    21.74   15.02
-120221.654   123.037    17.86   14.83
-119842.044   126.364     8.77   14.91
-119462.530   124.177    -5.76   16.48
-119083.114   117.603   -17.33   16.03
-118703.794   112.890   -12.43   14.22
-118324.570   110.214    -7.06   11.37
-117945.444   107.403    -7.42   11.41
-117566.414   100.246   -18.89   13.33
-117187.480    86.459   -36.39   19.30
-116808.643    70.376   -42.46   20.30
-116429.902    55.276   -39.87   17.90
-116051.258    47.143   -21.48   13.55
-115672.710    43.992    -8.33   11.04
-115294.257    43.511    -1.27    7.62
-114915.901    40.802    -7.16    7.29
-114537.641    37.725    -8.13    6.01
-114159.477    34.656    -8.12    5.47
-113781.408    31.855    -7.41    4.80
-113403.436    30.349    -3.99    4.62
-113025.559    28.019    -6.17    2.84
-112647.777    28.713     1.84    3.38
-112270.092    30.488     4.70    4.47
-111892.501    31.232     1.97    4.52
-111515.006    32.264     2.74    4.20
-111137.607    32.499     0.62    4.63
-110760.302    31.966    -1.41    6.10
-110383.093    29.678    -6.07    8.49
-110005.979    27.984    -4.49    9.43
-109628.960    27.064    -2.44    9.18
-109252.036    30.871    10.10    9.87
-108875.207    37.072    16.46   10.09
-108498.473    39.809     7.27    8.77
-108121.833    37.766    -5.43   11.63
-107745.288    34.488    -8.70   12.24
-107368.838    33.536    -2.53   11.38
-106992.482    33.713     0.47   11.25
-106616.221    36.400     7.14    8.96
-106240.054    37.769     3.64    7.48
-105863.982    37.851     0.22    6.92
-105488.004    38.279     1.14    6.47
-105112.120    38.342     0.17    8.29
-104736.330    42.762    11.76   11.47
-104360.634    51.757    23.94   14.86
-103985.032    59.639    20.99   12.75
-103609.524    65.072    14.47    6.46
-103234.110    65.502     1.15    6.05
-102858.790    61.842    -9.75    7.22
-102483.563    53.353   -22.62   13.59
-102108.430    44.117   -24.62   15.97
-101733.391    35.590   -22.74   12.30
-101358.445    29.925   -15.11    6.37
-100983.593    31.206     3.42    4.46
-100608.833    33.045     4.91    3.59
-100234.168    33.484     1.17    3.45
 -99859.595    34.073     1.57    3.17
 -99485.116    33.960    -0.30    2.95
 -99110.729    34.603     1.72    3.58
 -98736.436    35.781     3.15    3.78
 -98362.236    36.046     0.71    4.16
 -97988.128    35.524    -1.40    4.22
 -97614.113    35.267    -0.69    3.28
 -97240.191    33.447    -4.87    3.50
 -96866.362    31.070    -6.36    5.06
 -96492.626    29.533    -4.11    6.00
 -96118.981    28.242    -3.45    6.37
 -95745.430    30.063     4.88    6.58
 -95371.970    31.904     4.93    6.11
 -94998.604    33.192     3.45    4.51
 -94625.329    31.608    -4.24    5.84
 -94252.146    29.851    -4.71    5.97
 -93879.056    28.028    -4.89    4.82
 -93506.058    26.536    -4.00    5.42
 -93133.151    26.261    -0.74    6.39
 -92760.337    26.956     1.86    6.49
 -92387.615    28.703     4.69    6.23
 -92014.984    28.934     0.62    5.67
 -91642.445    29.542     1.63    4.12
 -91269.998    29.833     0.78    3.72
 -90897.642    29.418    -1.12    3.52
 -90525.378    30.829     3.79    3.40
 -90153.205    32.435     4.32    3.05
 -89781.123    33.378     2.53    2.84
 -89409.133    34.590     3.26    2.97
 -89037.235    34.842     0.68    3.13
 -88665.427    34.559    -0.76    3.12
 -88293.710    34.555    -0.01    2.65
 -87922.085    34.690     0.36    2.84
 -87550.551    35.397     1.90    3.60
 -87179.107    36.460     2.86    3.71
 -86807.754    37.329     2.34    3.04
 -86436.493    37.269    -0.16    3.11
 -86065.321    37.567     0.81    3.39
 -85694.241    38.586     2.74    3.31
 -85323.251    40.136     4.18    2.49
 -84952.352    40.665     1.43    1.58
 -84581.543    39.851    -2.20    2.17
 -84210.824    37.763    -5.63    2.79
 -83840.196    36.456    -3.53    2.66
 -83469.658    35.821    -1.71    2.23
 -83099.210    36.822     2.70    2.56
 -82728.853    38.482     4.48    1.95
 -82358.585    38.533     0.14    1.99
 -81988.408    37.447    -2.93    2.63
 -81618.320    36.008    -3.89    2.36
 -81248.322    35.143    -2.34    1.61
 -80878.414    35.186     0.11    1.41
 -80508.596    35.869     1.85    1.55
 -80138.868    35.621    -0.67    2.37
 -79769.229    35.198    -1.14    3.02
 -79399.680    34.506    -1.87    3.51
 -79030.220    33.686    -2.22    3.70
 -78660.849    33.099    -1.59    3.26
 -78291.568    32.757    -0.93    2.56
 -77922.376    32.349    -1.10    1.83
 -77553.274    31.940    -1.11    1.80
 -77184.260    31.311    -1.71    1.80
 -76815.336    31.126    -0.50    1.55
 -76446.501    31.179     0.15    1.74
 -76077.755    30.903    -0.75    2.14
 -75709.097    31.099     0.53    2.22
 -75340.529    31.224     0.34    2.37
 -74972.049    32.019     2.16    2.46
 -74603.658    33.144     3.05    2.19
 -74235.355    33.947     2.18    1.80
 -73867.142    34.242     0.80    1.53
 -73499.016    34.561     0.87    1.29
 -73130.979    34.232    -0.90    1.05
 -72763.031    34.226    -0.01    0.99
 -72395.171    34.304     0.21    1.63
 -72027.399    34.465     0.44    2.42
 -71659.715    34.788     0.88    3.03
 -71292.120    35.278     1.33    3.35
 -70924.612    35.668     1.06    3.59
 -70557.193    36.180     1.39    3.25
 -70189.861    36.179    -0.00    3.07
 -69822.618    35.918    -0.71    2.78
 -69455.462    35.661    -0.70    2.75
 -69088.394    34.842    -2.23    2.34
 -68721.414    33.920    -2.51    2.36
 -68354.521    34.278     0.97    2.61
 -67987.716    34.651     1.02    2.57
 -67620.999    35.295     1.76    2.04
 -67254.368    35.408     0.31    1.81
 -66887.826    35.000    -1.11    1.98
 -66521.370    34.420    -1.58    2.07
 -66155.002    33.825    -1.62    1.95
 -65788.721    33.303    -1.43    1.63
 -65422.528    33.644     0.93    1.95
 -65056.421    35.872     6.08    4.35
 -64690.401    39.278     9.31    6.22
 -64324.469    43.571    11.73    7.24
 -63958.623    46.435     7.83    6.64
 -63592.864    46.297    -0.38    7.36
 -63227.192    43.293    -8.21    7.80
 -62861.606    41.342    -5.34    6.33
 -62496.107    40.556    -2.15    4.61
 -62130.695    43.481     8.00    4.36
 -61765.369    45.699     6.07    2.82
 -61400.130    46.219     1.42    2.70
 -61034.977    46.795     1.58    3.83
 -60669.910    49.562     7.58    6.58
 -60304.930    53.721    11.39    7.95
 -59940.036    57.408    10.11    7.04
 -59575.228    60.280     7.87    5.30
 -59210.507    59.533    -2.05    4.98
 -58845.871    57.006    -6.93    5.76
 -58481.321    52.126   -13.39    7.43
 -58116.857    47.778   -11.93    7.62
 -57752.479    42.821   -13.60    5.63
 -57388.187    40.349    -6.79    4.59
 -57023.981    40.189    -0.44    4.14
 -56659.860    40.314     0.34    3.63
 -56286.246    41.474     3.11    3.67
 -55904.057    40.889    -1.53    4.43
 -55521.965    38.338    -6.68    5.67
 -55139.969    37.176    -3.04    5.43
 -54758.070    36.559    -1.61    4.53
 -54376.267    37.156     1.56    4.43
 -53994.560    38.831     4.39    5.27
 -53612.950    38.925     0.25    5.62
 -53231.436    39.054     0.34    6.15
 -52850.018    39.292     0.62    6.23
 -52468.697    39.405     0.30    5.47
 -52087.471    38.892    -1.35    5.09
 -51706.341    39.372     1.26    5.11
 -51325.307    39.313    -0.15    5.09
 -50944.369    40.063     1.97    5.47
 -50563.526    42.117     5.39    4.41
 -50182.779    43.407     3.39    4.88
 -49802.128    45.751     6.16    6.13
 -49421.572    49.147     8.92    6.39
 -49041.112    53.545    11.56    7.24
 -48660.747    56.728     8.37    7.27
 -48280.477    58.903     5.72    7.23
 -47900.303    61.393     6.55    6.30
 -47520.224    62.947     4.09    4.80
 -47140.239    62.760    -0.49    5.09
 -46760.350    62.481    -0.73    4.99
 -46380.556    60.874    -4.23    4.71
 -46000.857    59.099    -4.67    4.83
 -45621.252    57.090    -5.29    4.73
 -45241.742    55.182    -5.03    3.99
 -44862.327    55.540     0.94    4.50
 -44483.006    57.234     4.46    6.00
 -44103.780    59.626     6.31    5.93
 -43724.649    61.889     5.97    4.98
 -43345.611    61.703    -0.49    5.47
 -42966.668    58.338    -8.88    8.06
 -42587.820    53.867   -11.80    9.89
 -42209.065    48.872   -13.19   10.92
 -41830.405    45.246    -9.58   10.22
 -41451.838    41.524    -9.83    8.84
 -41073.366    37.145   -11.57    7.41
 -40694.987    34.297    -7.53    6.28
 -40316.703    33.070    -3.24    6.23
 -39938.512    31.010    -5.45    6.79
 -39560.415    29.272    -4.60    6.77
 -39182.411    28.563    -1.88    6.15
 -38804.501    29.893     3.52    7.22
 -38426.684    35.760    15.53    8.99
 -38048.961    40.438    12.39    7.44
 -37671.331    40.833     1.04    8.63
 -37293.795    38.062    -7.34   11.12
 -36916.351    33.255   -12.74   10.64
 -36539.001    29.331   -10.40    9.17
 -36161.744    27.541    -4.74    8.58
 -35784.580    25.742    -4.77    7.88
 -35407.509    24.656    -2.88    6.64
 -35030.530    26.153     3.97    6.61
 -34653.645    28.923     7.35    7.85
 -34276.852    33.915    13.25   10.18
 -33900.152    40.308    16.97    9.23
 -33523.545    46.199    15.64    7.21
 -33147.030    50.847    12.34    4.48
 -32770.607    53.250     6.38    2.62
 -32394.277    53.308     0.15    2.20
 -32018.039    52.637    -1.78    2.99
 -31641.894    52.144    -1.31    2.89
 -31265.840    51.405    -1.97    2.68
 -30889.879    50.016    -3.69    3.54
 -30514.010    48.417    -4.25    4.33
 -30138.233    46.026    -6.36    4.02
 -29762.548    44.081    -5.18    2.93
 -29386.954    42.986    -2.92    2.81
 -29011.453    42.000    -2.63    2.80
 -28636.043    41.206    -2.12    2.96
 -28260.725    39.883    -3.53    3.97
 -27885.498    38.923    -2.56    4.48
 -27510.363    37.581    -3.58    4.82
 -27135.320    34.681    -7.73    6.22
 -26760.367    33.062    -4.32    5.59
 -26385.507    33.517     1.21    5.38
 -26010.737    36.541     8.07    7.15
 -25636.059    43.526    18.64    8.65
 -25261.471    49.070    14.80    6.86
 -24886.975    51.216     5.73    4.64
 -24512.570    49.525    -4.52    7.10
 -24138.256    47.008    -6.72    7.26
 -23764.032    45.188    -4.86    5.94
 -23389.900    43.099    -5.58    5.95
 -23015.858    43.617     1.39    5.98
 -22641.907    44.186     1.52    6.38
 -22268.046    48.369    11.19    9.48
 -21894.276    52.090     9.95    9.75
 -21520.597    53.062     2.60   12.28
 -21147.008    50.769    -6.14   15.65
 -20773.509    44.347   -17.19   18.25
 -20400.101    39.243   -13.67   18.12
 -20026.782    33.724   -14.78   16.77
 -19653.554    28.465   -14.09   14.45
 -19280.416    22.004   -17.32    8.86
 -18907.368    18.835    -8.49    2.38
 -18534.410    19.266     1.15    3.11
 -18161.542    22.867     9.66    8.26
 -17788.764    27.981    13.72   11.76
 -17416.075    30.356     6.37   12.26
 -17043.476    28.881    -3.96   12.22
 -16670.967    23.832   -13.55    9.61
 -16298.548    19.435   -11.81    3.22
 -15926.218    18.695    -1.99    1.93
 -15553.977    19.053     0.96    2.80
 -15181.826    19.681     1.69    4.39
 -14809.764    19.882     0.54    5.19
 -14437.791    22.279     6.44    8.75
 -14065.908    26.070    10.19   11.23
 -13694.113    29.567     9.41   11.40
 -13322.408    33.191     9.75   10.12
 -12950.792    34.729     4.14    8.77
 -12579.264    33.658    -2.88    7.35
 -12207.826    33.599    -0.16    6.63
 -11836.476    33.654     0.15    6.72
 -11465.215    33.747     0.25    6.77
 -11094.043    33.381    -0.99    6.87
 -10722.959    32.395    -2.66    6.87
 -10351.964    31.856    -1.45    6.09
  -9981.058    31.390    -1.26    6.03
  -9610.240    29.439    -5.26    5.97
  -9239.510    27.686    -4.73    5.87
  -8868.869    25.903    -4.81    5.28
  -8498.315    24.486    -3.82    4.07
  -8127.850    24.308    -0.48    3.91
  -7757.473    24.052    -0.69    4.86
  -7387.185    25.090     2.80    6.93
  -7016.984    24.637    -1.22    7.13
  -6646.871    25.730     2.95    7.25
  -6276.846    26.650     2.49    7.37
  -5906.909    25.192    -3.94    5.57
  -5537.059    25.608     1.12    5.48
  -5167.298    25.429    -0.48    3.98
  -4797.623    25.226    -0.55    3.48
  -4428.037    24.956    -0.73    3.74
  -4058.538    24.208    -2.02    4.10
  -3689.126    23.356    -2.31    4.18
  -3319.802    22.627    -1.97    3.83
  -2950.565    22.581    -0.12    3.59
  -2581.415    22.455    -0.34    3.56
  -2212.353    21.405    -2.84    3.37
  -1843.378    19.775    -4.42    3.47
  -1474.489    15.043   -12.83    8.58
  -1105.688    10.377   -12.65   10.26
   -736.974     4.609   -15.64    9.21
   -368.346     0.535   -11.05    6.00
      0.194    -1.825    -6.40    0.57
    368.648    -1.901    -0.21    0.00
    737.015    -1.901     0.00    0.00
   1105.296    -0.429     4.00    4.60
   1473.490     3.787    11.45    8.89
   1841.597     8.897    13.88    9.82
   2209.618    13.635    12.88    8.32
   2577.552    17.454    10.38    4.90
   2945.400    18.460     2.73    2.04
   3313.162    19.017     1.51    2.19
   3680.838    18.946    -0.19    2.13
   4048.427    20.198     3.41    4.01
   4415.931    23.016     7.67    6.26
   4783.348    26.842    10.41    8.85
   5150.679    31.016    11.36    9.95
   5517.925    39.918    24.24   11.94
   5885.084    48.763    24.09   16.48
   6252.158    55.807    19.19   17.79
   6619.146    62.784    19.01   15.93
   6986.049    66.991    11.47   13.16
   7352.865    70.495     9.55    7.29
   7719.596    71.072     1.57    4.65
   8086.242    69.637    -3.91    5.12
   8452.802    65.867   -10.28    6.04
   8819.277    63.445    -6.61    6.42
   9185.667    61.445    -5.46    6.60
   9551.971    58.686    -7.53    6.57
   9918.190    57.416    -3.47    6.63
  10284.324    54.448    -8.11    6.45
  10650.372    52.126    -6.34    6.48
  11016.336    51.052    -2.94    6.65
  11382.215    51.659     1.66    6.09
  11748.009    53.926     6.20    6.03
  12113.718    55.760     5.01    4.83
  12479.342    54.516    -3.40    5.46
  12844.882    51.420    -8.47    5.69
  13210.336    48.539    -7.88    4.80
  13575.706    46.070    -6.76    3.79
  13940.992    45.490    -1.59    3.47
  14306.193    46.301     2.22    3.80
  14671.310    46.024    -0.76    4.75
  15036.342    44.408    -4.43    6.60
  15401.290    41.839    -7.04    7.18
  15766.154    37.800   -11.07    6.45
  16130.933    34.435    -9.22    5.16
  16495.628    32.618    -4.98    5.91
  16860.240    31.833    -2.15    7.53
  17224.767    30.662    -3.21    8.12
  17589.210    28.558    -5.77    7.42
  17953.569    25.942    -7.18    6.91
  18321.032    22.062   -10.56    6.01
  18703.053    18.636    -8.97    5.43
  19084.979    16.410    -5.83    5.67
  19466.811    14.305    -5.51    5.14
  19848.549    13.436    -2.28    5.15
  20230.194    12.420    -2.66    4.53
  20611.744    12.676     0.67    5.00
  20993.200    12.617    -0.15    6.01
  21374.562    12.351    -0.70    6.43
  21755.830    10.879    -3.86    6.20
  22137.005     9.283    -4.19    5.37
  22518.086     8.672    -1.61    5.28
  22899.073     8.213    -1.20    5.22
  23279.967     7.877    -0.88    4.84
  23660.768     8.473     1.57    5.80
  24041.475    10.538     5.43    6.94
  24422.088    10.183    -0.93    6.71
  24802.609     9.247    -2.46    6.07
  25183.036     9.379     0.35    5.65
  25563.370    10.794     3.72    6.37
  25943.611    13.961     8.33    7.59
  26323.759    17.766    10.01    6.48
  26703.814    17.117    -1.71    6.94
  27083.776    15.575    -4.06    7.24
  27463.646    14.484    -2.87    6.76
  27843.423    13.349    -2.99    7.18
  28223.107    12.626    -1.90    6.87
  28602.698    13.234     1.60    6.71
  28982.197    15.636     6.33    7.95
  29361.604    18.426     7.35    8.39
  29740.918    22.323    10.27    6.70
  30120.139    22.571     0.65    5.88
  30499.269    18.227   -11.46    8.11
  30878.306    13.585   -12.25    9.05
  31257.251    10.520    -8.09    7.30
  31636.105    12.367     4.88    8.94
  32014.866    19.185    18.00   10.35
  32393.535    24.521    14.09    8.07
  32772.112    27.599     8.13    4.49
  33150.598    27.998     1.05    3.79
  33528.991    27.009    -2.61    3.86
  33907.294    25.510    -3.96    4.79
  34285.504    23.301    -5.84    5.43
  34663.623    21.099    -5.82    4.56
  35041.651    19.526    -4.16    3.32
  35419.587    18.617    -2.40    2.44
  35797.432    17.903    -1.89    2.76
  36175.185    16.267    -4.33    3.16
  36552.847    14.501    -4.68    4.06
  36930.419    10.576   -10.40    6.41
  37307.899     6.725   -10.20    6.54
  37685.288     2.532   -11.11    3.76
  38062.586     1.172    -3.60    2.50
  38439.793     2.874     4.51    4.32
  38816.910     4.015     3.02    4.06
  39193.935     4.836     2.18    3.75
  39570.870     3.590    -3.31    4.42
  39947.715     2.254    -3.54    3.90
  40324.469     2.516     0.69    5.09
  40701.132     3.807     3.43    6.12
  41077.705     6.632     7.50    7.46
  41454.187     9.435     7.45    8.61
  41830.579    13.253    10.14    8.66
  42206.881    15.830     6.85    7.73
  42583.093    19.481     9.70    4.68
  42959.215    22.484     7.98    3.45
  43335.247    23.772     3.43    4.07
  43711.188    24.136     0.97    4.02
  44087.040    24.589     1.21    3.72
  44462.802    25.127     1.43    3.21
  44838.474    25.637     1.36    2.66
  45214.056    25.286    -0.93    2.74
  45589.549    25.267    -0.05    2.93
  45964.952    25.637     0.99    2.91
  46340.266    25.744     0.28    2.81
  46715.490    25.416    -0.87    2.49
  47090.624    25.173    -0.65    2.26
  47465.670    25.283     0.29    2.25
  47840.626    25.566     0.75    2.00
  48215.493    26.004     1.17    1.69
  48590.270    25.645    -0.96    1.99
  48964.959    24.967    -1.81    2.17
  49339.558    25.297     0.88    2.63
  49714.069    26.414     2.98    2.92
  50088.491    27.373     2.56    2.58
  50462.824    27.576     0.54    2.32
  50837.068    27.061    -1.38    2.31
  51211.223    25.538    -4.07    3.11
  51585.289    23.740    -4.81    3.95
  51959.268    22.238    -4.02    4.07
  52333.157    20.373    -4.99    4.24
  52706.958    19.410    -2.57    4.60
  53080.671    21.342     5.17    5.57
  53454.295    23.920     6.90    5.59
  53827.831    24.959     2.78    4.35
  54201.279    22.936    -5.42    5.81
  54574.638    19.146   -10.15    6.37
  54947.910    16.899    -6.02    6.00
  55321.093    17.968     2.86    6.29
  55694.189    20.231     6.07    5.70
  56067.196    20.325     0.25    5.71
  56440.116    18.716    -4.32    7.28
  56812.948    15.734    -8.00    7.96
  57185.692    14.482    -3.36    8.34
  57558.349    16.376     5.08    8.68
  57930.918    19.062     7.21    9.13
  58303.399    22.301     8.70    7.79
  58675.793    25.542     8.70    5.78
  59048.100    27.006     3.93    5.73
  59420.319    28.849     4.95    5.24
  59792.450    28.763    -0.23    4.39
  60164.495    26.759    -5.39    5.63
  60536.452    22.457   -11.57    6.77
  60908.323    17.687   -12.83    6.57
  61280.106    14.222    -9.32    6.58
  61651.802    13.670    -1.48    7.69
  62023.411    13.061    -1.64    7.69
  62394.933    11.910    -3.10    7.63
  62766.369    11.827    -0.22    7.75
  63137.718    12.034     0.56    7.59
  63508.980    15.568     9.52    8.30
  63880.155    19.599    10.86    6.15
  64251.244    21.908     6.22    4.09
  64622.246    23.174     3.41    2.97
  64993.162    22.977    -0.53    3.93
  65363.992    22.985     0.02    5.59
  65734.735    23.636     1.76    5.82
  66105.392    24.956     3.56    5.29
  66475.962    26.191     3.33    3.74
  66846.447    25.956    -0.63    3.16
  67216.845    26.258     0.81    2.71
  67587.157    27.295     2.80    3.14
  67957.384    29.014     4.64    3.23
  68327.524    30.090     2.91    4.24
  68697.579    30.181     0.25    5.82
  69067.547    28.305    -5.07    7.37
  69437.430    26.484    -4.92    8.29
  69807.228    26.146    -0.91    8.38
  70176.939    25.731    -1.12    6.37
  70546.565    29.788    10.98    4.54
  70916.106    31.585     4.86    4.26
  71285.561    31.479    -0.29    4.61
  71654.931    31.763     0.77    4.30
  72024.215    31.944     0.49    4.12
  72393.414    31.959     0.04    3.99
  72762.528    31.323    -1.72    4.36
  73131.557    31.926     1.63    4.85
  73500.501    32.825     2.44    4.52
  73869.359    33.387     1.52    3.86
  74238.133    33.957     1.55    4.02
  74606.821    33.899    -0.16    4.14
  74975.425    34.194     0.80    4.23
  75343.944    34.286     0.25    3.78
  75712.379    35.827     4.18    2.82
  76080.728    36.967     3.09    3.58
  76448.993    38.634     4.53    4.57
  76817.173    40.023     3.77    4.38
  77185.269    41.590     4.25    4.43
  77553.281    43.728     5.81    4.25
  77921.208    44.491     2.08    3.36
  78289.050    44.497     0.01    2.99
  78656.808    44.737     0.65    2.77
  79024.482    44.495    -0.66    2.78
  79392.072    45.566     2.91    3.29
  79759.578    46.420     2.32    2.90
  80127.000    46.381    -0.11    3.42
  80494.338    45.688    -1.89    3.79
  80861.591    46.119     1.18    4.70
  81228.761    48.222     5.73    4.72
  81595.847    50.547     6.33    3.50
  81962.850    50.613     0.18    5.33
  82329.768    48.508    -5.74    7.74
  82696.603    46.505    -5.46    9.10
  83063.354    45.725    -2.13    9.07
  83430.022    46.753     2.80    8.85
  83796.606    48.474     4.69    7.98
  84163.107    50.261     4.88    6.29
  84529.524    51.487     3.35    4.82
  84895.859    53.316     4.99    5.45
  85262.109    55.989     7.30    6.07
  85628.277    59.052     8.36    5.45
  85994.361    60.731     4.59    4.52
  86360.363    59.234    -4.09    5.87
  86726.281    55.729    -9.58    7.06
  87092.117    51.395   -11.85    9.03
  87457.869    48.356    -8.31   10.02
  87823.538    47.166    -3.25   10.55
  88189.125    47.032    -0.37    9.68
  88554.629    47.061     0.08    7.63
  88920.050    49.150     5.72    4.15
  89285.389    50.270     3.07    4.53
  89650.645    51.128     2.35    5.79
  90015.818    52.282     3.16    5.85
  90380.909    53.033     2.06    5.30
  90745.918    54.452     3.89    4.77
  91110.844    55.534     2.97    4.24
  91475.688    57.217     4.61    4.10
  91840.450    58.205     2.71    3.41
  92205.129    57.556    -1.78    3.81
  92569.726    58.779     3.35    6.27
  92934.241    61.740     8.13    8.76
  93313.307    64.517     7.33    8.42
  93695.064    66.908     6.26    6.03
  94076.729    67.405     1.30    4.70
  94458.303    66.308    -2.87    3.80
  94839.784    67.099     2.07    4.28
  95221.174    68.750     4.33    4.98
  95602.472    71.386     6.91    5.53
  95983.679    73.599     5.80    5.75
  96364.794    76.383     7.31    4.90
  96745.818    78.003     4.25    3.40
  97126.750    77.554    -1.18    4.43
  97507.592    73.320   -11.12    7.82
  97888.342    69.305   -10.55    8.65
  98269.000    66.464    -7.46    7.25
  98649.568    64.651    -4.76    4.99
  99030.045    64.985     0.88    4.14
  99410.431    65.556     1.50    3.32
  99790.725    66.032     1.25    3.60
 100170.929    67.599     4.12    4.88
 100551.043    69.526     5.07    5.83
 100931.065    71.495     5.18    6.41
 101310.997    73.487     5.24    5.99
 101690.838    72.788    -1.84    6.14
 102070.589    69.779    -7.92    9.69
 102450.250    65.734   -10.65   11.79
 102829.820    58.772   -18.34   11.71
 103209.299    54.901   -10.20   10.03
 103588.689    54.829    -0.19   10.37
 103967.988    63.099    21.80   15.21
 104347.197    72.589    25.02   11.45
 104726.316    72.813     0.59   11.01
 105105.345    66.412   -16.89   14.57
 105484.284    54.886   -30.41   15.74
 105863.133    44.475   -27.48   11.96
 106241.892    36.308   -21.56   12.13
 106620.562    29.749   -17.32   11.52
 106999.142    22.651   -18.75   11.80
 107377.632    18.137   -11.93   11.62
 107756.033    14.322   -10.08    9.22
 108134.344    12.743    -4.17    8.31
 108512.566    11.885    -2.27    7.97
 108890.698    11.842    -0.12    6.75
 109268.741    11.808    -0.09    5.94
 109646.695    10.737    -2.83    6.11
 110024.560    10.931     0.51    5.89
 110402.335     9.147    -4.72    4.42
 110780.022     7.426    -4.56    3.16
 111157.619     6.556    -2.30    2.88
 111535.128     5.854    -1.86    2.11
 111912.547     5.994     0.37    1.38
 112289.878     6.324     0.88    1.39
 112667.120     6.330     0.01    1.35
 113044.273     6.238    -0.24    1.39
 113421.338     5.749    -1.29    1.27
 113798.314     5.772     0.06    1.30
 114175.202     7.594     4.83    4.19
 114552.001    10.461     7.61    5.74
 114928.712    14.157     9.81    5.75
 115305.334    16.251     5.56    5.17
 115681.869    17.287     2.75    6.21
 116058.315    18.442     3.07    6.95
 116434.672    22.028     9.53    8.20
 116810.942    26.071    10.75    8.33
 117187.124    29.893    10.16    7.38
 117563.218    34.042    11.03    6.78
 117939.224    36.856     7.48    7.28
 118315.142    40.251     9.03    9.47
 118690.972    43.148     7.71   10.83
 119066.714    46.280     8.34   10.72
 119442.369    47.318     2.76   11.21
 119817.937    49.313     5.31   11.49
 120193.416    49.750     1.16   13.50
 120568.809    49.851     0.27   16.29
 120944.114    51.541     4.50   17.91
 121319.331    51.192    -0.93   16.74
 121694.461    49.622    -4.18   14.53
 122069.504    51.725     5.61   13.61
 122444.460    57.493    15.38   17.72
 122819.329    66.030    22.77   17.56
 123194.111    74.251    21.93   16.13
 123568.805    74.177    -0.20   17.77
 123943.413    65.705   -22.61   21.14
 124317.934    53.647   -32.19   23.57
 124692.368    35.634   -48.10   23.29
 125066.715    21.397   -38.03   15.81
 125440.976    15.965   -14.51    9.20
 125815.150    21.769    15.51   14.10
 126189.237    31.170    25.13   13.76
 126563.238    37.975    18.19    9.57
 126937.152    41.960    10.66    6.99
 127310.980    42.811     2.27    6.28
 127684.722    45.677     7.67    6.44
 128058.377    49.788    11.00    6.74
 128431.946    51.788     5.35    7.63
 128805.429    57.289    14.73    8.24
 129178.826    63.080    15.51    9.06
 129552.137    68.150    13.58    7.11
 129925.362    68.507     0.96    7.14
 130298.501    63.201   -14.22   11.44
 130671.554    51.223   -32.11   15.83
 131044.521    39.429   -31.62   14.44
 131417.403    30.918   -22.82    9.77
 131790.198    28.148    -7.43    6.32
 132162.909    33.963    15.60   12.96
 132535.533    45.697    31.49   18.59
 132908.072    63.209    47.00   21.66
 133280.526    80.080    45.29   19.90
 133652.894    94.752    39.40   12.89
 134025.177   103.801    24.30    8.82
 134397.374   107.446     9.79    6.56
 134769.487   105.185    -6.08    8.13
 135141.514   101.944    -8.71    7.94
 135513.456   101.458    -1.31    8.46
 135885.313   103.707     6.05   10.16
 136257.085   108.772    13.62   10.61
 136628.772   112.804    10.85   13.69
 137000.374   116.813    10.79   17.77
 137371.891   120.801    10.73   21.28
 137743.324   124.247     9.28   21.80
 138114.672   128.474    11.38   20.39
 138485.935   132.041     9.61   18.05
 138857.114   135.060     8.13   15.24
 139228.208   135.177     0.31   14.46
 139599.217   133.279    -5.11   14.29
 139970.142   127.934   -14.41   14.96
 140340.983   120.681   -19.56   15.40
 140711.740   110.356   -27.84   14.47
 141082.412    99.785   -28.52   12.59
 141453.000    89.672   -27.29   11.88
 141823.504    78.215   -30.92   15.58
 142193.924    62.739   -41.78   22.07
 142564.259    48.455   -38.57   22.50
 142934.511    37.130   -30.58   15.53
 143304.679    35.002    -5.75   10.84
 143674.763    36.604     4.33   10.27
 144044.763    37.223     1.67    8.27
 144414.680    34.010    -8.68    8.17
 144784.512    32.012    -5.40    5.99
 145154.262    32.324     0.85    5.38
 145523.927    32.503     0.48    6.52
 145893.509    33.032     1.43    8.54
 146263.008    31.272    -4.76    9.34
 146632.423    26.766   -12.20    8.89
 147001.755    24.235    -6.85    6.58
 147371.003    24.817     1.58    6.27
 147740.169    28.187     9.13    8.96
 148109.251    32.619    12.01    8.05
 148478.250    31.166    -3.94    9.46
 148847.166    27.313   -10.44   11.44
 149215.998    21.788   -14.98    8.29
 149584.748    20.851    -2.54    6.38
 149953.415    23.714     7.76    6.46
 150322.000    26.805     8.38    4.05
 150690.501    26.889     0.23    3.54
 151058.919    25.012    -5.10    3.62
 151427.255    21.905    -8.43    5.08
 151795.509    17.691   -11.44    6.51
 152163.679    13.822   -10.51    6.12
 152531.768    10.330    -9.49    3.14
 152899.773     9.001    -3.61    2.04
 153267.697     9.356     0.97    2.34
 153635.538    11.148     4.87    3.63
 154003.296    15.536    11.93    7.80
 154370.973    20.589    13.74    8.76
 154738.567    24.901    11.73    7.69
 155106.079    30.262    14.59    5.48
 155473.509    32.638     6.47    4.89
 155840.857    34.989     6.40    4.53
 156208.123    36.885     5.16    2.66
 156575.307    37.245     0.98    2.96
 156942.409    36.404    -2.29    3.96
 157309.429    36.000    -1.10    3.53
 157676.368    37.023     2.79    4.10
 158043.225    36.332    -1.88    4.90
 158410.000    33.329    -8.19    8.08
 158776.694    28.342   -13.60    9.67
 159143.306    24.667   -10.02    7.90
 159509.837    22.243    -6.61    4.73
 159876.286    22.344     0.28    3.47
 160242.654    22.945     1.64    2.69
 160608.940    24.570     4.44    4.79
 160975.145    27.501     8.00    5.66
 161341.269    29.523     5.52    5.70
 161707.312    31.419     5.18    6.38
 162073.274    33.397     5.41    7.94
 162439.155    36.648     8.88    8.97
 162804.954    43.069    17.55    9.34
 163170.673    47.080    10.96    9.32
 163536.311    46.807    -0.75   13.11
 163901.868    42.109   -12.85   17.68
 164267.344    34.028   -22.11   18.26
 164632.739    31.344    -7.35   15.30
 164998.054    36.839    15.04   18.66
 165363.288    51.099    39.04   21.50
 165728.442    63.895    35.04   15.00
 166093.515    69.849    16.31   10.04
 166458.507    70.697     2.32    7.35
 166823.420    68.187    -6.88    4.90
 167188.251    65.915    -6.23    3.87
 167553.003    64.680    -3.38    3.53
 167926.333    62.946    -4.64    4.38
 168307.921    59.994    -7.73    4.85
 168689.420    59.131    -2.26    4.10
 169070.829    61.166     5.34    5.41
 169452.149    64.334     8.31    5.21
 169833.379    65.681     3.54    3.52
 170214.521    64.395    -3.38    4.27
 170595.573    61.740    -6.97    4.51
 170976.536    59.443    -6.03    2.69
 171357.409    58.480    -2.53    2.81
 171738.194    57.630    -2.23    3.21
 172118.890    55.837    -4.71    4.94
 172499.496    54.017    -4.78    5.57
 172880.014    52.214    -4.74    6.24
 173260.444    52.573     0.94    8.88
 173640.784    53.295     1.90    9.78
 174021.036    54.672     3.62    9.40
 174401.199    56.526     4.88    7.07
 174781.273    56.782     0.67    4.48
 175161.259    57.050     0.70    7.02
 175541.157    55.978    -2.82   10.56
 175920.966    54.658    -3.47   12.01
 176300.687    53.998    -1.74   11.22
 176680.320    51.157    -7.48   10.74
 177059.864    46.426   -12.46   11.83
 177439.320    39.206   -19.02   14.62
 177818.689    29.257   -26.22   16.53
 178197.969    20.658   -22.67   14.77
 178577.161    15.485   -13.64   10.72
 178956.266    14.911    -1.51    8.91
 179335.282    17.817     7.67   11.72
 179714.211    21.129     8.74   13.28
 180093.052    21.619     1.29   12.28
 180471.806    19.379    -5.91   10.29
 180850.472    15.687    -9.75    7.17
 181229.050    12.979    -7.15    3.57
 181607.541    12.481    -1.31    2.87
 181985.944    13.629     3.03    1.96
 182364.260    14.924     3.42    3.64
 182742.489    17.588     7.04    6.02
 183120.631    20.293     7.15    7.58
 183498.685    22.885     6.85    9.40
 183876.652    23.832     2.51   11.18
 184254.533    24.542     1.88   12.58
 184632.326    21.808    -7.24   11.57
 185010.032    18.089    -9.85    9.54
 185387.652    17.580    -1.35    6.43
 185765.184    20.479     7.68    7.96
 186142.630    26.687    16.45    9.73
 186519.989    33.307    17.54    7.99
 186897.262    38.842    14.67    5.39
 187274.448    41.687     7.54    3.13
 187651.547    42.158     1.25    2.57
 188028.560    41.686    -1.25    3.29
 188405.486    40.549    -3.01    4.28
 188782.327    38.991    -4.13    4.81
 189159.080    36.129    -7.60    6.66
 189535.748    30.677   -14.47    8.93
 189912.330    26.513   -11.06    8.65
 190288.825    25.525    -2.62    7.35
 190665.234    27.901     6.31    9.68
 191041.558    33.963    16.11   10.29
 191417.795    41.153    19.11    5.42
 191793.946    42.905     4.66    4.53
 192170.012    41.988    -2.44    5.34
 192545.992    41.119    -2.31    4.80
 192921.886    40.190    -2.47    2.90
 193297.695    38.481    -4.55    3.84
 193673.418    36.885    -4.25    4.67
 194049.055    33.934    -7.85    4.92
 194424.607    30.953    -7.94    4.77
 194800.073    28.085    -7.64    5.15
 195175.455    27.888    -0.52    4.93
