-197255.764   145.550     0.00   24.05
-196881.265   145.528    -0.06   21.88
-196506.831   147.757     5.96   19.93
-196132.463   157.559    26.19   15.42
-195758.161   168.003    27.91    9.44
-195383.924   174.133    16.38    9.65
-195009.752   184.414    27.48   15.61
-194635.646   199.384    40.02   21.33
-194261.605   214.427    40.22   20.03
-193887.630   223.121    23.25   13.45
-193513.720   222.887    -0.63   14.37
-193139.875   211.621   -30.14   23.00
-192766.096   195.761   -42.44   24.42
-192392.381   188.921   -18.30   21.64
-192018.732   187.070    -4.95   19.98
-191645.148   192.386    14.23   21.64
-191271.630   197.534    13.78   18.43
-190898.176   198.659     3.01   15.60
-190524.788   201.634     7.97   13.30
-190151.464   205.836    11.26   14.75
-189778.206   215.146    24.95   17.60
-189405.012   224.263    24.43   16.99
-189031.884   234.084    26.32   14.95
-188658.820   239.609    14.81   13.50
-188285.821   242.057     6.57   11.09
-187912.887   241.330    -1.95    9.49
-187540.018   241.634     0.81    8.01
-187167.213   242.967     3.58    8.24
-186794.474   246.164     8.58    6.50
-186421.799   246.814     1.74    5.71
-186049.188   242.371   -11.92   10.89
-185676.643   238.431   -10.58   11.71
-185304.161   235.984    -6.57   10.70
-184931.745   237.411     3.83   10.79
-184559.393   241.522    11.04   10.53
-184187.105   245.557    10.84    9.96
-183814.882   250.171    12.40    8.72
-183442.723   252.471     6.18    6.56
-183070.629   253.159     1.85    5.78
-182698.599   253.559     1.08    6.34
-182326.633   255.121     4.20    7.19
-181954.732   257.839     7.31    7.29
-181582.895   258.121     0.76    8.65
-181211.122   253.343   -12.85   14.93
-180839.414   245.671   -20.64   18.86
-180467.769   233.634   -32.39   19.75
-180096.189   220.921   -34.22   18.63
-179724.672   218.032    -7.78   17.36
-179353.220   221.371     8.99   16.45
-178981.832   225.874    12.13   17.16
-178610.508   231.534    15.24   15.01
-178239.247   237.735    16.71   13.36
-177868.051   245.559    21.08    9.96
-177496.918   250.980    14.61   12.77
-177125.850   255.096    11.09   11.66
-176754.845   257.761     7.18    9.67
-176383.904   258.584     2.22    8.64
-176013.027   265.305    18.13   18.29
-175642.213   268.084     7.49   20.74
-175271.463   265.544    -6.85   25.02
-174900.777   253.396   -32.78   30.69
-174530.155   233.520   -53.64   23.81
-174159.596   216.209   -46.72   19.45
-173789.100   202.934   -35.84   19.31
-173418.668   188.292   -39.53   18.31
-173048.300   177.404   -29.40   15.32
-172677.995   167.884   -25.71   15.88
-172307.753   162.773   -13.80   16.78
-171937.575   151.934   -29.29   21.43
-171567.461   145.621   -17.06   22.43
-171197.409   139.843   -15.62   18.38
-170827.421   141.942     5.67   17.00
-170457.496   164.495    60.97   30.80
-170087.634   186.166    58.60   35.45
-169717.836   209.296    62.56   29.27
-169348.101   228.633    52.31   17.32
-168978.429   240.684    32.60   14.83
-168608.820   245.039    11.79   13.37
-168239.274   243.174    -5.05   17.16
-167869.791   228.698   -39.18   27.38
-167500.371   202.874   -69.91   29.46
-167131.014   180.979   -59.29   22.77
-166761.720   164.431   -44.81   14.93
-166392.488   151.090   -36.14   19.56
-166023.320   136.121   -40.55   20.64
-165654.215   125.271   -29.40   19.75
-165285.172   115.852   -25.53   18.02
-164916.192   116.746     2.42   17.35
-164547.275   118.672     5.22   17.15
-164178.421   120.709     5.52   17.60
-163809.629   122.154     3.92   17.31
-163440.900   120.196    -5.31   17.33
-163072.233   120.017    -0.49   16.67
-162703.630   119.796    -0.60   13.54
-162335.088   122.401     7.07   10.36
-161966.609   123.263     2.34    9.65
-161598.193   122.514    -2.03   10.33
-161229.839   119.521    -8.13   13.30
-160861.548   116.825    -7.32   15.58
-160493.319   114.485    -6.35   16.25
-160125.152   116.267     4.84   16.57
-159757.047   122.695    17.47   17.76
-159389.005   126.487    10.30   16.77
-159021.026   125.321    -3.17   16.57
-158653.108   115.569   -26.51   18.32
-158285.252   101.856   -37.28   18.76
-157917.459    89.762   -32.88   16.63
-157549.728    72.646   -46.55   21.71
-157182.059    60.531   -32.96   22.47
-156814.452    50.309   -27.81   20.23
-156446.907    43.109   -19.59   15.14
-156079.424    39.115   -10.87   13.74
-155712.003    42.026     7.92   14.01
-155344.644    47.189    14.05   15.49
-154977.347    52.246    13.77   15.46
-154610.112    54.153     5.19   12.56
-154242.926    50.621    -9.62   13.16
-153862.929    45.173   -14.34   12.04
-153482.999    40.378   -12.62   11.32
-153103.135    36.115   -11.22   11.09
-152723.339    28.697   -19.53   12.31
-152343.609    18.473   -26.93   15.47
-151963.945     9.744   -22.99   16.17
-151584.349     0.521   -24.30   13.10
-151204.819    -0.270    -2.08   16.65
-150825.355     9.809    26.56   28.70
-150445.958    30.520    54.60   35.52
-150066.628    53.959    61.80   35.98
-149687.364    76.762    60.13   28.22
-149308.166    90.063    35.08   24.66
-148929.035    96.280    16.40   22.62
-148549.970    98.096     4.79   22.27
-148170.972    98.153     0.15   19.15
-147792.039   105.406    19.14   17.06
-147413.173   118.584    34.79   18.40
-147034.374   131.541    34.21   17.73
-146655.640   146.559    39.66   18.63
-146276.973   160.176    35.96   17.18
-145898.371   174.843    38.74   18.56
-145519.836   189.900    39.78   14.53
-145141.367   197.621    20.40    9.62
-144762.964   196.216    -3.71   13.22
-144384.626   185.173   -29.19   23.51
-144006.355   164.345   -55.07   29.51
-143628.150   154.237   -26.73   25.66
-143250.010   153.775    -1.22   24.11
-142871.937   163.495    25.71   25.47
-142493.929   179.634    42.70   16.62
-142115.987   186.462    18.07   12.61
-141738.110   186.796     0.88    9.38
-141360.300   181.014   -15.31   13.84
-140982.555   162.109   -50.05   27.44
-140604.875   136.730   -67.20   37.24
-140227.261   114.482   -58.92   33.32
-139849.713   100.006   -38.35   16.08
-139472.230   101.216     3.21   12.69
-139094.813   109.713    22.51    9.35
-138717.461   115.121    14.33    8.79
-138340.175   119.339    11.18    8.03
-137962.954   123.646    11.42    8.71
-137585.798   128.234    12.16    9.30
-137208.708   134.609    16.91   10.81
-136831.683   145.090    27.80   14.10
-136454.723   156.492    30.25   17.36
-136077.829   174.471    47.71   24.01
-135701.000   193.793    51.28   23.53
-135324.235   212.234    48.95   19.59
-134947.536   225.022    33.95   14.66
-134570.902   225.219     0.52   13.44
-134194.333   218.514   -17.81   18.40
-133817.829   206.510   -31.89   18.38
-133441.390   196.209   -27.37   14.82
-133065.016   185.584   -28.23   14.73
-132688.707   175.227   -27.52   17.56
-132312.463   164.571   -28.33   17.02
-131936.284   152.583   -31.87   14.18
-131560.169   143.362   -24.52   14.62
-131184.119   137.006   -16.90   15.28
-130808.134   132.319   -12.47   15.37
-130432.214   131.352    -2.57   18.42
-130056.358   129.634    -4.57   21.84
-129680.567   127.084    -6.79   23.07
-129304.840   126.824    -0.69   23.47
-128929.179   123.533    -8.76   23.24
-128553.581   119.280   -11.32   26.39
-128178.048   110.721   -22.79   28.35
-127802.580   107.089    -9.68   25.32
-127427.176   110.522     9.15   27.16
-127051.837   118.649    21.65   31.61
-126676.562   139.375    55.23   29.19
-126301.351   156.311    45.14   20.80
-125926.204   168.771    33.22   14.79
-125551.122   176.933    21.76   10.27
-125176.104   177.659     1.94    9.00
-124801.150   175.398    -6.03   12.16
-124426.261   175.444     0.12   17.62
-124051.435   178.001     6.82   20.09
-123676.674   186.545    22.80   16.71
-123301.977   193.583    18.78   10.65
-122927.343   186.368   -19.26   21.07
-122552.774   159.907   -70.65   43.04
-122178.269   130.109   -79.58   46.33
-121803.828   106.339   -63.49   34.95
-121429.450   106.946     1.62   39.29
-121055.137   121.284    38.31   45.75
-120680.887   140.153    50.42   41.70
-120306.701   155.057    39.84   35.02
-119932.579   162.401    19.63   30.71
-119558.521   172.659    27.43   24.90
-119184.526   179.401    18.03   22.31
-118810.595   181.735     6.24   24.72
-118436.728   181.545    -0.51   29.62
-118062.924   180.533    -2.71   29.31
-117689.184   177.609    -7.82   27.46
-117315.507   174.196    -9.13   24.86
-116941.894   170.924    -8.76   22.00
-116568.345   169.796    -3.02   18.24
-116194.859   170.849     2.82   16.44
-115821.436   174.852    10.72   14.44
-115448.077   184.169    24.96   11.98
-115074.781   192.871    23.31   14.94
-114701.548   203.501    28.48   15.84
-114328.379   215.646    32.55   16.52
-113955.273   227.252    31.11   16.78
-113582.230   232.534    14.16   16.13
-113209.250   232.176    -0.96   15.82
-112836.333   225.790   -17.13   18.20
-112463.480   223.852    -5.20   20.13
-112090.690   224.305     1.22   18.42
-111717.962   224.109    -0.53   19.85
-111345.298   217.259   -18.38   24.24
-110972.697   203.715   -36.35   22.39
-110600.159   189.685   -37.67   29.34
-110227.683   183.661   -16.17   30.14
-109855.271   181.275    -6.41   25.57
-109482.921   181.775     1.34   24.23
-109110.634   183.365     4.27   23.05
-108738.410   183.422     0.15   20.07
-108366.249   181.909    -4.07   19.52
-107994.151   182.793     2.38   21.10
-107622.115   184.942     5.78   23.15
-107250.142   190.362    14.57   23.30
-106878.231   195.621    14.14   22.19
-106506.384   205.963    27.81   17.24
-106134.598   214.544    23.08   12.78
-105762.876   222.977    22.69    9.42
-105391.215   227.509    12.19    6.06
-105019.618   227.095    -1.11    6.31
-104648.083   222.557   -12.22    8.21
-104276.610   217.533   -13.53    9.06
-103905.199   213.090   -11.96    9.80
-103533.851   208.710   -11.80   10.99
-103162.565   204.544   -11.22    9.68
-102791.342   202.024    -6.79    8.79
-102420.181   202.180     0.42   10.98
-102049.082   204.911     7.36   12.71
-101678.045   205.284     1.00   13.60
-101307.070   202.178    -8.37   15.56
-100936.158   193.355   -23.79   18.03
-100565.307   184.134   -24.87   19.58
-100194.519   186.083     5.26   19.18
 -99823.793   190.011    10.60   19.29
 -99453.128   196.845    18.44   15.43
 -99082.526   204.109    19.60    6.50
 -98711.986   206.972     7.73    7.43
 -98341.507   210.355     9.13   10.48
 -97971.091   213.723     9.09   15.23
 -97600.736   218.809    13.73   17.13
 -97230.443   224.019    14.07   19.24
 -96860.212   227.832    10.30   20.52
 -96490.043   234.859    18.98   17.65
 -96119.935   244.332    25.60   12.88
 -95749.889   249.388    13.66   13.90
 -95379.905   257.839    22.84   16.48
 -95009.982   270.159    33.30   17.79
 -94640.121   285.996    42.82   25.19
 -94270.322   301.724    42.53   29.30
 -93900.584   312.842    30.07   24.64
 -93530.907   308.968   -10.48   30.18
 -93161.292   287.385   -58.40   49.96
 -92791.739   263.378   -64.97   49.70
 -92422.247   236.258   -73.40   33.88
 -92052.816   224.191   -32.67   19.21
 -91683.447   228.790    12.45   16.59
 -91314.139   233.310    12.24   10.49
 -90944.892   232.713    -1.62    7.93
 -90575.707   233.862     3.11    7.94
 -90206.582   236.531     7.23   13.12
 -89837.519   242.229    15.44   21.82
 -89468.517   256.249    38.00   31.97
 -89099.577   274.057    48.27   36.07
 -88730.697   295.827    59.02   38.49
 -88361.878   309.468    36.99   30.06
 -87993.121   303.069   -17.35   39.13
 -87624.424   280.469   -61.30   46.76
 -87255.789   252.742   -75.22   35.76
 -86887.214   237.021   -42.66   23.84
 -86518.701   233.262   -10.20   23.38
 -86150.248   229.121   -11.24   23.54
 -85781.856   225.541    -9.72   20.75
 -85413.525   223.907    -4.44   18.34
 -85045.255   224.041     0.36   16.79
 -84677.045   238.711    39.84   25.74
 -84308.896   255.906    46.71   30.54
 -83940.808   270.509    39.67   26.50
 -83572.781   281.067    28.69   19.84
 -83204.814   279.634    -3.90   20.78
 -82836.908   274.757   -13.26   19.65
 -82469.062   262.803   -32.50   29.96
 -82101.277   243.582   -52.27   36.58
 -81733.553   217.674   -70.46   40.63
 -81365.889   186.244   -85.49   47.42
 -80998.286   167.446   -51.14   53.01
 -80630.743   155.889   -31.45   58.41
 -80263.260   152.684    -8.72   59.34
 -79895.838   144.352   -22.68   54.87
 -79528.476   129.750   -39.75   48.35
 -79151.499   130.022     0.72   41.01
 -78771.703   144.388    37.83   47.61
 -78391.971   179.338    92.05   61.11
 -78012.305   229.773   132.85   67.75
 -77632.703   267.035    98.17   51.77
 -77253.167   279.271    32.24   38.51
 -76873.695   271.056   -21.65   34.59
 -76494.288   247.362   -62.45   33.59
 -76114.946   224.724   -59.68   27.34
 -75735.669   209.788   -39.38   20.96
 -75356.456   197.762   -31.71   16.89
 -74977.308   188.245   -25.10   15.78
 -74598.225   183.468   -12.60   12.03
 -74219.206   183.129    -0.89   12.19
 -73840.252   184.971     4.86   12.19
 -73461.363   194.831    26.02   14.98
 -73082.538   209.710    39.28   25.77
 -72703.778   222.003    32.46   22.33
 -72325.082   230.938    23.59   15.30
 -71946.450   234.466     9.32   14.35
 -71567.883   233.275    -3.14   15.32
 -71189.381   233.686     1.08   17.49
 -70810.942   234.398     1.88   16.20
 -70432.568   234.128    -0.71   13.12
 -70054.259   232.929    -3.17    9.49
 -69676.013   229.571    -8.88   10.48
 -69297.832   218.406   -29.52   20.74
 -68919.715   205.056   -35.31   22.70
 -68541.662   195.734   -24.66   17.49
 -68163.673   197.258     4.03   17.27
 -67785.748   210.022    33.78   15.25
 -67407.888   220.852    28.66   13.87
 -67030.091   229.885    23.91   11.74
 -66652.358   235.173    14.00    9.73
 -66274.689   238.315     8.32    6.79
 -65897.084   239.411     2.90    5.13
 -65519.544   239.557     0.39    4.81
 -65142.066   239.414    -0.38    4.27
 -64764.653   242.435     8.01    5.34
 -64387.303   247.714    13.99    7.02
 -64010.018   251.349     9.64    6.86
 -63632.796   252.946     4.24    5.02
 -63255.637   250.934    -5.34    5.50
 -62878.542   249.678    -3.33    5.83
 -62501.511   248.684    -2.64    6.13
 -62124.544   247.275    -3.74    8.18
 -61747.640   243.801    -9.22   12.18
 -61370.799   237.102   -17.78   15.24
 -60994.022   232.045   -13.42   17.61
 -60617.309   230.250    -4.76   19.18
 -60240.659   233.258     7.99   19.49
 -59864.072   237.297    10.73   19.50
 -59487.549   242.809    14.64   18.77
 -59111.089   247.052    11.27   17.28
 -58734.692   250.275     8.56   16.14
 -58358.359   250.173    -0.27   16.70
 -57982.088   249.635    -1.43   20.35
 -57605.881   246.154    -9.25   24.54
 -57229.737   241.359   -12.75   24.71
 -56853.657   235.806   -14.77   21.00
 -56477.639   227.163   -22.99   15.72
 -56101.685   217.457   -25.82   16.26
 -55725.793   206.730   -28.54   16.68
 -55349.965   196.696   -26.70   20.12
 -54974.199   183.235   -35.82   22.55
 -54598.496   172.327   -29.04   23.06
 -54222.857   158.842   -35.90   25.44
 -53847.280   147.154   -31.12   28.78
 -53471.766   131.659   -41.26   36.23
 -53096.315   117.827   -36.84   35.95
 -52720.926   111.037   -18.09   32.22
 -52345.601   107.280   -10.01   32.27
 -51970.338   111.558    11.40   35.65
 -51595.138   110.885    -1.79   35.43
 -51220.000   108.102    -7.42   29.19
 -50844.925   104.609    -9.31   26.63
 -50469.913    97.030   -20.21   26.55
 -50094.963    95.474    -4.15   26.79
 -49720.076   100.700    13.94   28.34
 -49345.251   117.914    45.93   34.88
 -48970.489   142.727    66.21   33.95
 -48595.789   165.609    61.07   22.05
 -48221.151   176.583    29.30   16.86
 -47846.576   182.595    16.05   16.93
 -47472.064   187.734    13.72   14.95
 -47097.613   188.649     2.45   12.37
 -46723.225   180.391   -22.06   19.45
 -46348.899   163.832   -44.24   24.35
 -45974.635   151.648   -32.56   19.76
 -45600.434   145.503   -16.42   13.81
 -45226.294   148.306     7.49   12.51
 -44852.217   158.687    27.75   14.79
 -44478.202   168.803    27.05   18.90
 -44104.249   181.302    33.42   18.12
 -43730.358   190.556    24.75   15.85
 -43356.529   196.427    15.71   12.51
 -42982.761   197.056     1.68   10.79
 -42609.056   192.790   -11.41   11.36
 -42235.413   187.868   -13.17   12.58
 -41861.831   185.435    -6.51   13.53
 -41488.312   186.714     3.42   14.67
 -41114.854   190.095     9.06   14.39
 -40741.458   192.946     7.64   14.33
 -40368.124   197.166    11.30   15.33
 -39994.851   201.345    11.20   15.34
 -39621.640   205.384    10.82   16.81
 -39248.491   210.081    12.59   15.61
 -38875.403   212.950     7.69   14.48
 -38502.377   216.419     9.30   11.90
 -38129.413   219.767     8.97    9.91
 -37756.510   223.766    10.72   10.72
 -37383.669   223.674    -0.25   14.82
 -37010.889   220.102    -9.58   19.33
 -36638.170   210.011   -27.07   24.65
 -36265.513   196.676   -35.78   24.53
 -35892.917   187.934   -23.46   22.32
 -35520.383   184.028   -10.49   19.39
 -35147.910   183.723    -0.82   18.15
 -34775.498   185.755     5.46   15.27
 -34403.147   188.045     6.15    9.46
 -34030.858   184.832    -8.63    7.52
 -33658.630   180.262   -12.28   10.52
 -33286.463   174.977   -14.20   14.56
 -32914.357   172.214    -7.43   16.90
 -32542.312   168.898    -8.91   18.51
 -32170.328   163.388   -14.81   17.48
 -31798.406   162.742    -1.74   15.03
 -31426.544   165.946     8.62   14.01
 -31054.743   172.569    17.81   14.54
 -30683.004   179.569    18.83   15.63
 -30311.325   184.700    13.80   13.19
 -29939.707   186.121     3.83   10.56
 -29568.150   183.946    -5.85   10.00
 -29196.653   178.920   -13.53   11.42
 -28825.218   171.596   -19.72   14.10
 -28453.843   159.609   -32.28   21.15
 -28082.529   137.998   -58.20   31.57
 -27711.276   124.569   -36.17   30.02
 -27340.083   117.174   -19.92   22.57
 -26968.951   118.568     3.76   20.38
 -26597.880   132.739    38.19   20.82
 -26226.869   144.148    30.75   15.02
 -25855.919   155.323    30.13   14.44
 -25485.029   165.569    27.63   14.81
 -25114.200   174.938    25.26   11.16
 -24743.431   178.822    10.48    7.06
 -24372.723   176.714    -5.69    8.94
 -24002.075   172.395   -11.65    9.85
 -23631.488   170.570    -4.93   10.88
 -23260.960   168.422    -5.80   12.06
 -22890.494   167.064    -3.66   10.92
 -22520.087   167.825     2.05    9.25
 -22149.741   173.001    13.98   12.51
 -21779.455   179.955    18.78   11.26
 -21409.229   184.570    12.47    7.54
 -21039.063   185.822     3.38    8.79
 -20668.957   184.568    -3.39   11.39
 -20298.912   181.902    -7.20   15.08
 -19928.926   176.284   -15.18   20.02
 -19559.001   167.845   -22.81   23.89
 -19189.135   155.375   -33.72   25.18
 -18819.330   144.355   -29.80   21.99
 -18449.585   140.827    -9.54   18.02
 -18079.899   142.896     5.60   17.58
 -17710.273   152.343    25.56   16.78
 -17340.708   158.329    16.20   14.20
 -16971.202   155.891    -6.60   16.52
 -16601.756   149.835   -16.39   17.59
 -16232.369   142.648   -19.46   12.89
 -15863.043   136.769   -15.92    7.91
 -15493.776   134.514    -6.11    6.66
 -15124.569   132.915    -4.33    6.30
 -14755.421   128.557   -11.81    6.87
 -14386.333   123.915   -12.58    7.90
 -14017.305   117.647   -16.99   10.87
 -13648.336   110.898   -18.29   14.56
 -13279.427   102.186   -23.62   16.80
 -12910.577    92.911   -25.14   17.99
 -12541.787    83.660   -25.09   19.84
 -12173.057    74.372   -25.19   19.52
 -11804.385    64.701   -26.23   19.27
 -11435.773    56.755   -21.56   17.10
 -11067.221    50.369   -17.33   13.34
 -10698.728    44.315   -16.43    9.27
 -10330.294    38.135   -16.77    8.03
  -9961.919    32.635   -14.93    9.58
  -9593.604    23.102   -25.88   13.86
  -9225.348    13.809   -25.24   14.27
  -8857.151     5.464   -22.66   11.32
  -8489.013     0.082   -14.62    6.56
  -8120.934    -2.298    -6.47    0.57
  -7752.915     2.235    12.32   15.04
  -7384.954    15.240    35.34   27.78
  -7017.053    27.076    32.17   29.75
  -6649.211    40.609    36.79   25.35
  -6281.427    49.245    23.48   16.00
  -5913.703    50.479     3.36    8.50
  -5546.037    50.188    -0.79    8.24
  -5178.431    48.595    -4.33    8.98
  -4810.883    44.635   -10.78    9.14
  -4436.676    38.555   -16.25    9.23
  -4057.013    32.889   -14.93   10.52
  -3677.414    26.440   -16.99   12.38
  -3297.877    18.284   -21.49   12.97
  -2918.404    10.762   -19.82   13.18
  -2538.994     4.164   -17.39   10.88
  -2159.647    -0.523   -12.36    3.61
  -1780.363    -1.391    -2.29    0.00
  -1401.143    -1.089     0.80    1.48
  -1021.985     1.082     5.72    5.02
   -642.891     4.814     9.85    8.13
   -263.859     9.845    13.27    9.12
    115.109    13.740    10.28    8.00
    494.015    18.258    11.92    6.11
    872.858    20.635     6.27    5.09
   1251.638    21.057     1.12    8.23
   1630.355    19.136    -5.07   12.15
   2009.009    14.759   -11.56   14.30
   2387.600     9.136   -14.85   14.30
   2766.129     2.687   -17.04    8.96
   3144.595    -0.391    -8.13    0.00
   3522.998     3.003     8.97    9.52
   3901.339    13.406    27.50   20.04
   4279.617    25.929    33.10   22.36
   4657.832    37.544    30.71   17.05
   5035.985    44.306    17.88    8.94
   5414.076    43.267    -2.75    8.10
   5792.103    41.235    -5.37    7.82
   6170.069    40.751    -1.28    7.17
   6547.972    38.335    -6.40    7.14
   6925.812    34.267   -10.77    8.47
   7303.591    30.914    -8.87    8.41
   7681.306    28.393    -6.67    7.73
   8058.960    27.335    -2.80    7.25
   8436.551    27.288    -0.12    8.13
   8814.080    27.422     0.35    9.36
   9191.547    26.319    -2.92    8.83
   9568.952    26.030    -0.77    7.41
   9946.294    26.885     2.27    5.48
  10323.575    27.022     0.36    5.73
  10700.793    28.487     3.88    6.15
  11077.949    31.635     8.35    6.13
  11455.043    34.217     6.85    5.81
  11832.075    37.174     7.84    6.87
  12209.046    40.511     8.85    7.90
  12585.954    44.471    10.51    8.11
  12962.800    47.345     7.63    7.34
  13339.585    49.171     4.85    5.76
  13716.308    50.129     2.54    3.56
  14092.969    48.865    -3.36    4.91
  14469.568    42.280   -17.49   12.31
  14846.105    32.819   -25.12   17.94
  15222.581    22.596   -27.16   17.53
  15598.995    16.674   -15.73   13.07
  15975.347    12.155   -12.01    7.30
  16351.638    10.742    -3.76    5.42
  16727.867    10.622    -0.32    4.92
  17104.034    11.946     3.52    5.46
  17480.140    13.689     4.63    4.60
  17856.185    15.820     5.67    4.49
  18232.168    18.832     8.01    6.60
  18608.089    24.567    15.25   10.19
  18983.950    33.773    24.49   13.00
  19359.748    43.540    25.99   11.76
  19735.486    52.955    25.06    9.27
  20111.162    60.449    19.95    7.05
  20486.777    64.596    11.04    5.86
  20862.330    66.938     6.24    5.68
  21237.823    66.911    -0.07    8.04
  21613.254    66.701    -0.56    9.15
  21988.624    67.267     1.51    8.35
  22363.933    71.582    11.50    8.75
  22739.180    79.433    20.92   13.28
  23114.367    89.102    25.77   15.34
  23489.493    98.771    25.77   13.15
  23864.557   107.310    22.77    9.87
  24239.561   110.362     8.14    9.70
  24614.504   109.790    -1.52    9.64
  24989.386   105.775   -10.71   10.35
  25364.206   101.686   -10.91    8.04
  25738.966    97.886   -10.14    5.52
  26113.666    93.219   -12.46    5.90
  26488.304    90.164    -8.15    7.07
  26862.882    88.609    -4.15    6.70
  27237.398    90.915     6.16    8.86
  27611.855    95.424    12.04    8.28
  27986.250    98.622     8.54    6.51
  28360.585   100.122     4.01    7.25
  28734.859   101.372     3.34    8.03
  29109.073   104.289     7.79    8.57
  29483.226   105.829     4.12    6.90
  29857.318   104.424    -3.76    7.72
  30231.350   102.885    -4.12    9.05
  30605.322   101.161    -4.61    8.42
  30979.233    99.711    -3.88    8.20
  31353.083    98.365    -3.60    8.27
  31726.874    93.401   -13.28    8.50
  32100.604    87.041   -17.02    8.37
  32474.273    79.724   -19.58   11.68
  32847.883    71.636   -21.65   11.93
  33221.432    65.369   -16.78    8.76
  33594.920    61.961    -9.12    4.32
  33968.349    63.872     5.12    4.91
  34341.717    66.966     8.29    5.59
  34715.026    71.595    12.40    6.43
  35088.274    75.823    11.33    6.25
  35461.462    80.409    12.29    7.20
  35834.590    84.904    12.05    7.17
  36207.658    89.262    11.68    7.51
  36580.666    93.149    10.42    6.40
  36953.614    94.777     4.37    5.10
  37326.502    96.515     4.66    4.48
  37699.330    97.647     3.04    4.07
  38072.099    97.717     0.19    4.22
  38444.807    97.253    -1.24    4.95
  38817.456    96.784    -1.26    5.03
  39190.044    94.501    -6.13    5.46
  39562.574    91.838    -7.15    5.80
  39935.043    88.022   -10.25    5.93
  40307.452    85.161    -7.68    3.73
  40679.802    82.449    -7.28    6.48
  41052.093    80.701    -4.69    6.95
  41424.323    80.769     0.18    7.10
  41796.494    82.541     4.76    6.53
  42168.606    84.732     5.89    3.94
  42540.658    84.020    -1.91    5.23
  42912.650    78.568   -14.65   11.36
  43284.583    72.163   -17.22   12.02
  43656.457    70.074    -5.62   10.57
  44028.271    71.142     2.87    9.55
  44400.026    74.879    10.05    8.08
  44771.721    77.955     8.28    5.84
  45143.358    79.158     3.24    5.10
  45514.934    80.556     3.76    4.27
  45886.452    81.873     3.54    3.67
  46257.910    83.173     3.50    1.80
  46629.309    83.359     0.50    1.59
  47000.649    82.881    -1.29    1.87
  47371.930    82.442    -1.18    1.80
  47743.151    82.595     0.41    1.66
  48114.314    82.792     0.53    1.87
  48485.417    82.701    -0.25    2.14
  48856.462    82.449    -0.68    2.63
  49227.447    82.017    -1.17    3.56
  49598.374    81.309    -1.91    4.05
  49969.241    79.475    -4.94    6.17
  50340.050    78.228    -3.36    7.11
  50710.799    78.755     1.42    6.84
  51081.490    79.623     2.34    6.40
  51452.122    82.022     6.47    4.22
  51822.695    83.732     4.61    1.86
  52193.209    83.995     0.71    1.30
  52563.665    82.203    -4.84    3.93
  52934.062    80.544    -4.48    4.81
  53304.400    80.252    -0.79    4.76
  53674.680    80.661     1.10    4.23
  54044.900    82.525     5.04    2.02
  54415.063    82.424    -0.27    2.02
  54785.166    80.061    -6.39    5.95
  55155.211    76.466    -9.71    8.02
  55525.198    74.257    -5.97    8.16
  55895.126    72.622    -4.42    9.01
  56264.996    72.849     0.61   10.25
  56634.807    73.345     1.34   11.22
  57004.560    73.784     1.19   11.42
  57374.254    74.487     1.90   10.75
  57743.890    72.047    -6.60   11.14
  58113.468    69.225    -7.64   11.67
  58482.987    63.933   -14.32   10.63
  58852.448    61.924    -5.44    8.34
  59221.851    61.595    -0.89    7.58
  59591.196    65.001     9.22    9.21
  59960.482    69.732    12.81    9.29
  60329.711    73.174     9.32    9.13
  60698.881    75.609     6.59    9.38
  61067.993    76.780     3.17    9.45
  61437.047    77.995     3.29    9.04
  61806.043    80.003     5.44    6.08
  62174.981    80.609     1.64    4.77
  62543.861    81.609     2.71    3.31
  62912.683    81.663     0.15    2.84
  63281.447    81.911     0.67    2.54
  63650.153    81.446    -1.26    3.42
  64018.801    79.362    -5.65    4.99
  64387.392    78.919    -1.20    4.65
  64755.924    79.502     1.58    3.65
  65124.399    79.622     0.33    2.61
  65492.816    80.017     1.07    3.07
  65861.175    79.892    -0.34    3.86
  66229.477    79.974     0.22    4.14
  66597.721    80.252     0.76    4.13
  66965.907    80.828     1.56    3.74
  67334.036    81.417     1.60    3.30
  67702.107    81.047    -1.00    3.53
  68070.120    80.800    -0.67    3.39
  68438.076    80.485    -0.86    3.24
  68805.974    80.307    -0.48    3.34
  69173.815    80.406     0.27    3.24
  69541.598    78.266    -5.82    6.21
  69909.324    76.382    -5.12    7.53
  70280.994    75.595    -2.12    7.90
  70660.527    74.714    -2.32    8.67
  71039.997    73.875    -2.21    9.81
  71419.407    73.555    -0.85   10.24
  71798.754    73.011    -1.43    9.34
  72178.040    72.239    -2.04    8.47
  72557.265    73.284     2.76    7.61
  72936.428    75.775     6.57    3.14
  73315.530    76.661     2.34    3.22
  73694.570    77.136     1.25    3.60
  74073.549    77.920     2.07    4.33
  74452.467    78.501     1.53    5.04
  74831.323    78.329    -0.45    5.36
  75210.118    78.028    -0.79    5.30
  75588.852    77.041    -2.60    5.03
  75967.524    74.109    -7.74    5.48
  76346.136    72.321    -4.72    5.06
  76724.686    71.109    -3.20    4.46
  77103.175    70.855    -0.67    4.05
  77481.603    71.515     1.74    4.04
  77859.970    72.294     2.06    3.63
  78238.276    70.769    -4.03    5.30
  78616.521    70.289    -1.27    5.35
  78994.705    69.759    -1.40    5.59
  79372.828    70.068     0.82    6.72
  79750.890    73.392     8.79    6.52
  80128.891    75.122     4.58    6.22
  80506.831    77.143     5.35    3.70
  80884.711    76.475    -1.77    4.19
  81262.529    74.567    -5.05    4.71
  81640.287    71.289    -8.68    5.06
  82017.984    68.707    -6.83    4.39
  82395.621    65.742    -7.85    4.53
  82773.197    64.581    -3.07    4.46
  83150.712    64.582     0.00    4.78
  83528.166    64.528    -0.15    4.88
  83905.560    64.609     0.21    4.81
  84282.894    63.946    -1.75    3.36
  84660.166    64.906     2.54    3.51
  85037.379    66.115     3.21    3.94
  85414.531    66.730     1.63    3.75
  85791.622    66.832     0.27    4.17
  86168.653    66.718    -0.30    4.94
  86545.624    66.702    -0.04    4.67
  86922.534    66.966     0.70    4.62
  87299.384    66.475    -1.30    4.23
  87676.174    65.551    -2.45    3.75
  88052.903    63.889    -4.41    4.08
  88429.572    61.581    -6.13    3.87
  88806.181    60.852    -1.94    3.80
  89182.730    60.203    -1.72    4.57
  89559.219    59.474    -1.94    5.10
  89935.647    58.136    -3.55    4.59
  90312.016    56.677    -3.87    2.98
  90688.324    55.883    -2.11    3.08
  91064.572    56.067     0.49    3.96
  91440.761    55.798    -0.72    4.43
  91816.889    55.580    -0.58    5.14
  92192.958    55.902     0.86    5.16
  92568.966    55.535    -0.98    4.89
  92944.915    52.995    -6.76    5.87
  93320.804    50.989    -5.34    5.36
  93696.633    50.009    -2.61    5.78
  94072.402    50.170     0.43    6.69
  94448.111    51.082     2.43    6.67
  94823.761    51.230     0.39    7.46
  95199.351    50.715    -1.37    6.61
  95574.881    50.262    -1.21    4.90
  95950.352    48.987    -3.40    3.75
  96325.763    48.702    -0.76    3.28
  96701.114    48.759     0.15    3.09
  97076.406    49.995     3.29    3.87
  97451.639    51.266     3.39    4.81
  97826.811    52.148     2.35    5.78
  98201.925    54.886     7.30    8.72
  98576.979    55.636     2.00   10.43
  98951.973    58.025     6.37   11.39
  99326.908    59.135     2.96   11.63
  99701.784    59.677     1.45   11.44
 100076.600    60.490     2.17   11.35
 100451.358    61.499     2.69   11.11
 100826.055    60.235    -3.37   10.43
 101200.694    61.444     3.23    9.97
 101575.273    62.195     2.00    9.42
 101949.794    64.082     5.04    8.37
 102324.255    65.937     4.96    6.49
 102698.657    66.271     0.89    5.61
 103072.999    65.307    -2.57    5.95
 103447.283    63.828    -3.95    5.71
 103821.508    63.609    -0.59    4.97
 104195.673    63.987     1.01    4.00
 104569.780    64.994     2.69    2.82
 104943.828    65.635     1.71    2.55
 105317.817    65.909     0.73    3.02
 105691.747    65.769    -0.37    3.37
 106065.618    65.480    -0.77    4.02
 106439.430    63.622    -4.97    4.75
 106813.183    62.933    -1.84    4.68
 107186.878    63.974     2.79    4.59
 107560.513    65.317     3.60    4.57
 107934.091    67.595     6.10    3.42
 108307.609    68.924     3.56    3.08
 108681.069    70.014     2.92    2.63
 109054.470    69.852    -0.43    3.07
 109427.812    69.392    -1.23    3.64
 109801.096    68.446    -2.53    3.73
 110174.321    68.088    -0.96    3.74
 110547.488    67.677    -1.10    3.10
 110920.596    67.663    -0.04    3.21
 111293.646    67.662    -0.00    3.41
 111666.637    68.359     1.87    3.75
 112039.570    68.727     0.99    3.75
 112412.444    68.998     0.73    3.57
 112785.261    70.235     3.32    4.15
 113158.018    71.831     4.28    4.43
 113530.718    71.835     0.01    4.47
 113903.359    72.595     2.04    4.29
 114275.942    73.109     1.38    3.99
 114648.467    73.664     1.49    3.14
 115020.933    74.028     0.98    3.59
 115393.341    74.484     1.22    3.46
 115765.692    75.271     2.11    3.92
 116137.984    75.376     0.28    4.44
 116510.218    76.411     2.78    4.29
 116882.394    78.734     6.24    4.31
 117254.512    80.030     3.48    5.26
 117626.571    82.942     7.83    6.08
 117998.573    85.742     7.53    5.73
 118370.517    85.974     0.62    6.32
 118742.403    83.689    -6.14    8.52
 119114.232    76.176   -20.20   12.93
 119486.002    67.744   -22.68   12.60
 119857.714    60.225   -20.23    8.05
 120229.369    56.458   -10.14    2.31
 120600.966    57.225     2.06    2.62
 120972.505    58.184     2.58    2.94
 121343.986    59.636     3.91    2.86
 121715.410    62.074     6.57    3.69
 122086.776    65.315     8.73    4.48
 122458.084    67.692     6.40    4.24
 122829.335    70.055     6.36    3.47
 123200.528    71.261     3.25    2.85
 123571.664    70.419    -2.27    3.92
 123942.742    69.331    -2.93    4.54
 124313.762    67.865    -3.95    4.43
 124684.725    67.285    -1.57    4.43
 125055.631    66.622    -1.79    4.08
 125426.479    66.223    -1.08    3.84
 125797.270    65.892    -0.89    3.27
 126168.003    64.710    -3.19    1.33
 126538.679    64.974     0.71    1.28
 126909.298    65.344     1.00    1.93
 127279.860    68.009     7.19    7.82
 127650.364    71.094     8.33   10.95
 128020.811    74.969    10.46   12.55
 128391.201    78.594     9.79   13.31
 128761.533    81.142     6.88   13.46
 129131.809    84.373     8.73   12.76
 129502.027    86.209     4.96   12.45
 129872.188    89.493     8.87   11.97
 130242.292    92.915     9.25   11.19
 130612.339    97.261    11.74    8.02
 130982.329    99.835     6.96    6.06
 131352.262   101.522     4.56    5.65
 131722.139   103.475     5.28    6.70
 132091.958   105.537     5.57    7.26
 132461.720   109.262    10.07    8.40
 132831.425   113.080    10.33    6.99
 133201.074   113.460     1.03    6.03
 133570.666   113.466     0.02    5.82
 133940.200   112.028    -3.89    7.08
 134309.679   111.257    -2.09    7.58
 134679.100   113.690     6.59    7.23
 135048.465   116.595     7.86    6.83
 135417.772   118.842     6.08    5.58
 135787.024   120.261     3.84    4.67
 136156.218   118.842    -3.85    6.14
 136525.356   114.248   -12.44    7.53
 136894.438   109.732   -12.23    9.37
 137263.463   105.859   -10.49    9.46
 137632.431   103.526    -6.32    7.23
 138001.343   104.775     3.38    7.10
 138370.198   108.773    10.84    6.61
 138738.997   112.280     9.51    6.12
 139107.739   114.677     6.50    6.63
 139476.425   117.335     7.21    6.89
 139845.055   119.595     6.13    6.63
 140213.628   121.280     4.57    6.07
 140582.145   121.348     0.19    6.25
 140950.606   120.567    -2.12    7.55
 141319.011   119.389    -3.20    7.86
 141687.359   116.039    -9.09    7.59
 142055.651   113.376    -7.23    6.56
 142423.886   110.609    -7.51    7.84
 142792.066   105.170   -14.77   11.10
 143160.190   101.914    -8.84   10.53
 143528.257   100.883    -2.80    9.42
 143896.268   101.150     0.73    8.31
 144264.223   103.068     5.21    7.72
 144632.123   106.067     8.15    7.11
 145001.475   105.933    -0.36    7.35
 145380.880   106.623     1.82    7.87
 145760.225   107.211     1.55    7.61
 146139.510   107.705     1.30    6.82
 146518.735   107.873     0.44    6.57
 146897.900   109.474     4.22    6.73
 147277.005   110.985     3.99    6.59
 147656.050   112.595     4.25    6.48
 148035.035   115.050     6.48    7.35
 148413.961   115.987     2.47    7.75
 148792.827   117.567     4.17    7.73
 149171.633   119.705     5.64    7.55
 149550.380   122.053     6.20    7.92
 149929.066   124.900     7.52    8.15
 150307.694   130.252    14.13    7.47
 150686.261   134.109    10.18    5.60
 151064.769   136.474     6.25    4.38
 151443.218   136.329    -0.38    4.13
 151821.607   135.902    -1.13    4.93
 152199.936   136.020     0.31    4.30
 152578.206   135.298    -1.91    4.63
 152956.417   134.289    -2.67    5.83
 153334.568   131.225    -8.10    6.99
 153712.659   129.136    -5.52    7.33
 154090.692   127.650    -3.93    7.51
 154468.665   124.526    -8.26    7.57
 154846.579   123.039    -3.93    7.36
 155224.433   121.176    -4.93    5.85
 155602.229   123.130     5.17    6.89
 155979.965   126.474     8.85    7.19
 156357.641   130.065     9.51    6.19
 156735.259   130.352     0.76    6.77
 157112.818   129.341    -2.68    7.10
 157490.317   129.567     0.60    6.55
 157867.758   130.484     2.43    5.79
 158245.139   132.143     4.40    5.72
 158622.462   131.540    -1.60    6.00
 158999.725   132.482     2.50    6.05
 159376.930   133.869     3.68    6.02
 159754.075   133.723    -0.39    5.56
 160131.162   134.703     2.60    4.13
 160508.190   133.447    -3.33    4.09
 160885.159   129.915    -9.37    5.30
 161262.069   127.420    -6.62    4.67
 161638.920   125.203    -5.88    4.18
 162015.713   123.650    -4.12    3.83
 162392.447   123.348    -0.80    3.42
 162769.122   121.498    -4.91    3.63
 163145.738   121.362    -0.36    3.82
 163522.296   118.170    -8.47    6.51
 163898.795   115.414    -7.32    6.47
 164275.236   114.746    -1.78    5.47
 164651.618   115.751     2.67    5.18
 165027.942   118.244     6.62    4.13
 165404.207   120.359     5.62    3.00
 165780.413   121.942     4.21    2.91
 166156.561   123.241     3.45    2.59
 166532.651   124.203     2.56    2.36
 166908.683   125.045     2.24    2.22
 167284.656   126.184     3.03    2.25
 167660.570   127.359     3.12    2.38
 168036.427   128.526     3.11    2.73
 168412.225   127.636    -2.37    5.18
 168787.964   126.513    -2.99    6.19
 169163.646   125.855    -1.75    6.39
 169539.269   124.904    -2.53    6.03
 169914.835   125.691     2.09    6.74
 170290.342   127.449     4.68    6.48
 170665.791   129.182     4.61    6.49
 171041.181   131.594     6.42    5.55
 171416.514   133.862     6.04    4.94
 171791.789   135.536     4.46    4.24
 172167.006   137.170     4.35    3.00
 172542.165   137.609     1.17    2.21
 172917.266   136.020    -4.24    3.89
 173292.308   133.299    -7.25    5.81
 173667.293   131.403    -5.05    5.56
 174042.221   129.960    -3.85    6.03
 174417.090   130.307     0.93    6.38
 174791.902   132.129     4.86    4.33
 175166.655   130.623    -4.02    4.48
 175541.351   130.335    -0.77    4.54
 175915.990   130.927     1.58    4.94
 176290.570   133.122     5.86    4.48
 176665.093   135.579     6.56    3.31
 177039.558   136.542     2.57    2.09
 177413.966   136.785     0.65    2.40
 177788.316   136.055    -1.95    3.06
 178162.608   134.710    -3.59    3.52
 178536.843   133.271    -3.85    3.60
 178911.021   131.650    -4.33    4.21
 179285.141   130.484    -3.12    4.54
 179659.203   128.721    -4.71    4.68
 180033.208   126.444    -6.09    4.81
 180407.156   124.327    -5.66    4.93
 180781.046   123.003    -3.54    4.08
 181154.879   121.803    -3.21    3.73
 181528.655   121.248    -1.49    3.63
 181902.373   121.484     0.63    4.19
 182276.034   121.234    -0.67    4.34
 182649.638   120.192    -2.79    4.29
 183023.185   119.214    -2.62    4.71
 183396.674   118.417    -2.13    4.49
 183770.106   118.462     0.12    4.73
 184143.481   118.992     1.42    5.27
 184516.799   119.623     1.69    5.52
 184890.060   119.720     0.26    5.46
 185263.264   119.323    -1.06    4.58
 185636.411   117.706    -4.33    4.30
 186009.501   115.792    -5.13    4.41
 186382.534   114.176    -4.33    4.32
 186755.510   111.088    -8.28    3.05
 187128.429   109.460    -4.37    3.11
 187501.291   107.581    -5.04    3.03
 187874.096   106.039    -4.14    3.79
 188246.845   104.900    -3.05    3.65
 188619.537   103.896    -2.69    3.56
 188992.171   102.020    -5.04    3.23
 189364.750   100.787    -3.31    3.52
 189737.271    99.595    -3.20    3.84
 190109.736    98.426    -3.14    3.95
 190482.144    97.338    -2.92    3.59
 190854.495    96.837    -1.35    3.72
 191226.790    95.664    -3.15    4.56
 191599.028    93.866    -4.83    3.90
 191971.209    93.088    -2.09    3.25
 192343.334    92.182    -2.43    3.20
 192715.403    91.474    -1.90    3.25
 193087.415    90.653    -2.21    3.88
 193459.371    89.798    -2.30    3.86
 193831.270    90.050     0.68    3.88
 194203.112    89.703    -0.93    3.77
 194574.899    87.927    -4.78    4.05
 194946.629    85.609    -6.24    3.92
 195318.302    83.637    -5.30    2.69
 195689.920    83.335    -0.81    2.48
 196061.481    83.494     0.43    2.24
 196432.985    83.348    -0.39    2.53
 196804.434    82.017    -3.58    3.85
 197175.826    79.896    -5.71    4.45
 197547.163    77.665    -6.01    4.63
 197918.443    76.485    -3.18    4.58
 198289.666    75.321    -3.14    4.08
 198660.834    75.211    -0.30    3.77
 199031.946    74.192    -2.75    3.19
 199403.002    73.386    -2.17    3.29
 199774.001    73.321    -0.18    3.19
 200144.945    73.692     1.00    3.14
 200515.833    73.074    -1.66    3.24
 200886.665    73.735     1.78    2.87
 201257.441    73.417    -0.86    3.18
 201628.161    72.984    -1.17    3.79
 201998.825    73.331     0.94    4.26
 202369.433    73.766     1.17    4.52
 202739.985    74.855     2.94    4.34
 203110.482    75.851     2.69    3.42
 203480.923    77.025     3.17    3.56
 203851.308    78.971     5.25    4.44
 204221.638    81.359     6.45    6.74
 204591.912    83.653     6.19    7.59
 204962.130    85.780     5.75    7.48
 205332.292    87.826     5.53    6.56
 205702.399    89.851     5.47    3.90
 206072.451    90.449     1.61    2.36
 206442.446    90.709     0.70    2.00
 206812.387    90.275    -1.17    1.99
 207182.271    90.180    -0.26    2.13
 207552.101    90.029    -0.41    2.09
 207921.875    90.397     1.00    2.82
 208291.593    91.464     2.88    3.71
 208661.256    92.933     3.97    4.07
 209030.864    94.551     4.38    3.72
 209400.416    96.192     4.44    3.50
 209769.913    97.299     2.99    3.04
 210139.355    97.525     0.61    3.08
 210508.741    97.580     0.15    3.18
 210878.072    97.485    -0.26    2.74
 211247.348    96.837    -1.75    2.94
 211616.569    96.280    -1.51    3.06
 211985.735    95.794    -1.31    3.29
 212354.845    95.896     0.28    3.27
 212723.901    96.866     2.63    2.87
 213092.901    97.965     2.98    3.01
 213461.846   100.059     5.68    3.29
 213830.736   101.800     4.72    3.61
 214199.571   103.609     4.90    4.02
 214568.352   104.198     1.60    3.60
 214937.077   103.580    -1.67    3.70
 215305.747   102.458    -3.04    3.77
 215674.362   101.266    -3.23    4.17
 216042.923    98.859    -6.53    4.73
 216411.428    96.994    -5.06    4.93
 216779.879    96.206    -2.14    4.68
 217148.275    97.566     3.69    5.79
 217516.616    99.678     5.73    5.68
 217884.903   102.053     6.45    5.19
 218253.134   102.109     0.15    4.68
 218621.311   101.317    -2.15    4.68
 218989.434    99.734    -4.30    5.21
 219357.501    97.942    -4.87    4.64
 219725.514    96.109    -4.98    4.06
 220104.028    95.150    -2.53    3.85
 220483.249    94.164    -2.60    4.16
 220862.413    92.028    -5.63    4.56
 221241.517    90.411    -4.26    4.90
 221620.564    89.237    -3.10    4.21
 221999.552    88.256    -2.59    4.32
 222378.482    86.313    -5.13    5.74
 222757.354    83.751    -6.76    6.82
 223136.167    84.331     1.53    7.30
 223514.922    83.914    -1.10    7.85
 223893.619    81.468    -6.46    8.71
 224272.258    78.025    -9.09    8.68
 224650.839    75.538    -6.57    6.60
 225029.362    75.717     0.47    5.02
 225407.827    77.403     4.45    4.34
 225786.234    79.622     5.86    3.46
 226164.582    81.027     3.71    2.78
 226542.873    82.252     3.24    3.17
 226921.106    83.834     4.18    3.37
 227299.281    85.184     3.57    3.63
 227677.398    87.006     4.82    2.93
 228055.457    87.928     2.44    2.53
 228433.459    89.206     3.38    3.10
 228811.402    90.651     3.82    2.79
 229189.288    91.487     2.21    1.99
 229567.116    91.594     0.28    2.03
 229944.887    91.122    -1.25    2.15
 230322.599    90.464    -1.74    1.86
 230700.254    90.636     0.46    2.21
 231077.852    90.721     0.22    2.56
 231455.392    91.359     1.69    2.59
 231832.874    92.271     2.42    2.38
 232210.298    93.595     3.51    2.24
 232587.666    95.136     4.08    2.54
 232964.975    96.009     2.31    2.48
 233342.227    96.456     1.19    2.16
 233719.422    96.493     0.10    2.17
 234096.559    96.203    -0.77    2.05
 234473.639    96.197    -0.02    2.02
 234850.662    96.470     0.72    2.06
 235227.627    97.285     2.16    1.76
 235604.535    98.158     2.32    1.71
 235981.386    98.186     0.07    2.67
 236358.179    97.073    -2.95    3.97
 236734.915    96.470    -1.60    3.88
 237111.594    96.894     1.13    3.36
 237488.216    97.814     2.44    3.28
 237864.780    99.504     4.49    2.47
 238241.288    99.902     1.06    2.40
 238617.738    99.548    -0.94    2.70
 238994.131    98.582    -2.57    2.88
 239370.468    97.785    -2.12    2.49
 239746.747    97.691    -0.25    2.13
 240122.969    97.651    -0.10    2.04
 240499.134    98.053     1.07    1.85
 240875.243    97.975    -0.21    2.06
 241251.294    97.454    -1.39    2.26
 241627.289    96.373    -2.87    2.49
 242003.227    95.017    -3.60    2.44
 242379.107    93.580    -3.82    2.16
 242754.931    92.985    -1.58    1.93
 243130.699    92.494    -1.31    1.78
 243506.409    92.035    -1.22    1.76
 243882.063    91.667    -0.98    1.87
 244257.660    90.423    -3.31    2.05
 244633.201    89.355    -2.84    2.60
 245008.685    88.158    -3.19    2.81
 245384.112    87.289    -2.31    2.95
 245759.482    86.285    -2.68    2.85
 246134.796    85.496    -2.10    2.66
 246510.054    85.369    -0.34    2.36
 246885.255    86.609     3.30    3.69
 247260.399    89.335     7.26    5.43
 247635.487    91.709     6.33    5.41
 248010.519    94.294     6.89    5.31
 248385.494    96.851     6.82    4.65
 248760.413    98.529     4.47    3.78
 249135.276    99.859     3.55    2.27
 249510.082    99.419    -1.17    3.06
 249884.831    98.580    -2.24    3.78
 250259.525    96.873    -4.56    4.18
 250634.162    94.003    -7.66    5.40
 251008.743    91.664    -6.24    4.97
 251383.268    89.831    -4.89    3.35
 251757.737    89.975     0.38    3.18
 252132.150    91.397     3.80    3.89
 252506.506    94.228     7.56    4.70
 252880.806    98.095    10.33    4.14
 253255.051   100.823     7.29    3.69
 253629.239   103.806     7.97    4.17
 254003.371   106.522     7.26    4.32
 254377.447   109.327     7.50    3.84
 254751.468   111.667     6.26    2.85
 255125.432   113.176     4.03    2.03
 255499.340   114.116     2.51    1.80
 255873.193   115.298     3.16    2.03
 256246.990   116.280     2.63    1.47
 256620.730   116.787     1.36    1.29
 256994.415   117.237     1.21    1.09
 257368.045   117.386     0.40    0.97
 257741.618   117.623     0.63    0.96
 258115.136   117.859     0.63    1.43
 258488.598   118.595     1.97    1.76
 258862.004   119.214     1.66    1.74
 259235.355   119.692     1.28    1.71
 259608.650   119.524    -0.45    1.94
 259981.890   119.059    -1.24    2.45
 260355.073   118.985    -0.20    2.74
 260728.202   119.797     2.17    2.16
 261101.275   120.381     1.57    1.56
 261474.292   120.884     1.35    1.40
 261847.254   120.623    -0.70    2.12
 262220.160   120.709     0.23    2.05
 262593.011   120.403    -0.82    2.20
 262965.807   120.261    -0.38    2.50
 263338.547   120.551     0.78    2.66
 263711.232   121.067     1.39    2.65
 264083.861   122.051     2.64    1.83
 264456.436   122.567     1.38    1.43
 264828.954   123.130     1.51    1.34
 265201.418   123.595     1.25    1.44
 265573.827   124.400     2.16    1.29
 265946.180   125.059     1.77    1.24
 266318.478   125.651     1.59    1.10
 266690.721   125.806     0.42    1.15
 267062.909   126.355     1.48    1.86
 267435.042   127.552     3.22    2.41
 267807.119   129.116     4.20    2.44
 268179.142   130.072     2.57    1.87
 268551.110   129.478    -1.60    2.34
 268923.022   127.351    -5.72    4.27
 269294.880   121.638   -15.36    8.57
 269666.683   115.417   -16.73    9.27
 270038.430   109.768   -15.19    7.66
 270410.123   105.506   -11.46    3.18
 270781.761   103.855    -4.44    1.79
 271153.345   102.579    -3.43    1.95
 271524.873   102.149    -1.16    1.85
 271896.347   102.217     0.18    1.90
 272267.765   102.814     1.61    1.92
 272639.129   104.377     4.21    1.99
 273010.439   105.896     4.09    2.24
 273381.694   107.623     4.65    2.72
 273752.894   109.454     4.93    2.57
 274124.039   110.854     3.77    2.12
