# NaN NaN NaN ;Mean Elev.(m), Avg Gradient(m/km), RMS Gradient(m/km) - SRTM1     
#    0.699   0.497   2.967 ;Mean Elev.(m), Avg Gradient(m/km), RMS Gradient(m/km) - ASTER GDEM
#    0.050   0.201   2.403 ;Mean Elev.(m), Avg Gradient(m/km), RMS Gradient(m/km) - GMTED2010 
  6  82.786230  70.137961     1.169     1.233 12 52419.25466592 34.486
  8  82.784086  70.138976     0.517     0.718 13 52489.25466835 29.756
  9  82.775485  70.142693     1.128     1.213 13 52524.25464421 21.590
 11  82.780289  70.141555    -0.418    -0.493 13 52594.25469718 21.772
 13  82.784204  70.140670     0.047     0.042 13 52664.25465893 10.782
 14  82.802183  70.133886    -0.156    -0.246 12 52699.25463379  9.612
 15  82.785938  70.138864     0.208     0.273 13 52734.25466022  9.733
 16  82.771075  70.143269     0.950     0.377 13 52769.25465622 15.520
 17  82.796254  70.134312     3.888     4.073 12 52804.25468538 25.807
 18  82.793708  70.136018     1.626     1.440 12 52839.25474755 17.971
 19  82.789824  70.137601     0.966     0.950 13 52874.25478694 27.630
 21  82.805010  70.133937     0.287     0.285 11 52944.25469876 39.270
 22  82.793681  70.137087     0.610     0.502 13 52979.25475219 18.022
 23  82.777425  70.141014     0.152     0.172 12 53014.25474999 14.122
 24  82.793738  70.134975     0.267     0.192 12 53049.25472256 14.029
 25  82.775665  70.142750    -0.247    -0.243 13 53084.25475753 11.349
 26  82.790944  70.137555    -0.481    -0.348 13 53119.25472817 10.908
 27  82.783586  70.138466     1.049     1.251 13 53154.25477984 29.190
 28  82.792583  70.138532     1.290     1.669 12 53189.25476893 26.359
 29  82.782139  70.139888     2.020     1.742 13 53224.25478267 18.371
 30  82.772566  70.143812     1.129     1.161 13 53259.25475733 22.310
 31  82.787430  70.138235    -0.093     0.037 13 53294.25478296 27.215
 32  82.786001  70.139851     0.146     0.176 12 53329.25475606 18.725
 34  82.792068  70.138691    -0.302    -0.316 12 53399.25473121 12.402
 35  82.778185  70.140658    -0.648    -0.604 12 53434.25472173 11.323
 36  82.792395  70.136419    -0.103    -0.023 12 53469.25476447 14.868
 37  82.780549  70.139898     1.189     0.866 13 53504.25480778 11.572
 38  82.782768  70.139742     2.300     2.372 13 53539.25480584 26.242
 39  82.778249  70.142237     0.443     0.615 13 53574.25480306 26.792
 40  82.770540  70.142934     1.919     1.648 14 53609.25475323 20.022
 41  82.798129  70.137559     1.823     1.482 12 53644.25475580 19.053
 42  82.777164  70.139735     0.642     0.643 13 53679.25477386 34.534
 43  82.778643  70.141726    -0.337    -0.339 13 53714.25470173 16.080
 44  82.803513  70.134293    -0.053    -0.140 11 53749.25461736 14.151
 45  82.785257  70.139361     0.167     0.163 12 53784.25464758 11.866
 46  82.770373  70.142961    -0.495    -0.522 14 53819.25460842 11.023
 47  82.788434  70.137393    -0.164    -0.159 12 53854.25468918 10.035
 48  82.791955  70.136931     2.332     2.304 12 53889.25469788 23.010
 49  82.781784  70.141260     1.511     1.362 13 53924.25476424 21.906
 50  82.772740  70.141017     0.924     0.834 13 53959.25475522 20.735
 51  82.807087  70.133463    -0.159    -0.119 11 53994.25468726 27.888
 52  82.795523  70.135546     0.068     0.100 12 54029.25474595 36.703
 53  82.785306  70.139549     0.172     0.149 12 54064.25473942 17.397
 54  82.773098  70.140792     0.129     0.090 13 54099.25470590 13.499
 55  82.796234  70.136638    -0.339    -0.435 12 54134.25466390 12.290
 57  82.794494  70.136447     0.892     0.554 12 54204.25466822 11.262
 59  82.785361  70.139434     2.104     2.109 13 54274.25471948 52.097
 60  82.786337  70.137968    -0.726    -0.524 13 54309.25472145 34.568
 61  82.776425  70.142172     1.220     1.246 13 54344.25469802 20.746
 62  82.790607  70.136257     1.495     1.687 12 54379.25465748 21.762
 63  82.780993  70.139632     0.278     0.278 13 54414.25464649 31.535
 64  82.795143  70.136203     0.338     0.308 12 54449.25462436 19.382
 65  82.787362  70.138439     0.034    -0.135 13 54484.25464080 13.242
 66  82.792987  70.136294    -0.306    -0.314 12 54519.25463807 12.492
 67  82.776643  70.140965    -0.433    -0.380 13 54554.25465231 10.829
 68  82.788490  70.137648     0.316     0.163 12 54589.25463364  7.315
 69  82.783037  70.139788     6.199     6.180 13 54624.25465077 42.262
 70  82.784779  70.139620     1.884     1.723 13 54659.25465942 20.728
 71  82.779759  70.140109     0.408     0.419 12 54694.25463958 50.707
 72  82.791656  70.136454     1.523     1.518 12 54729.25461404 15.962
 73  82.784410  70.138849     0.025     0.220 12 54764.25461782 26.051
 74  82.795554  70.136387    -0.077    -0.084 12 54799.25460756 16.336
 75  82.784193  70.140018     0.323     0.243 13 54834.25460826 14.320
 76  82.796351  70.136278     0.118    -0.019 12 54869.25460435 12.142
 77  82.776497  70.143068     0.017    -0.087 13 54904.25461736 10.486
 78  82.791878  70.137784     0.695     0.611 13 54939.25459524 10.015
 79  82.787519  70.138588     0.647     0.839 12 54974.25462597 26.565
 80  82.782246  70.140726     2.105     1.833 13 55009.25463943 25.452
 81  82.787183  70.139047     1.464     1.219 12 55044.25462954 17.295
 82  82.775910  70.140654     1.394     1.261 13 55079.25460612 19.157
 83  82.790645  70.137445    -0.557    -0.608 13 55114.25456212 35.281
 84  82.783636  70.139674    -0.395    -0.421 12 55149.25456209 25.378
 85  82.793644  70.135761    -0.103    -0.073 12 55184.25454521 18.804
 86  82.781628  70.140727     0.599     0.676 13 55219.25455975 16.569
 87  82.795321  70.137944    -0.007    -0.164 12 55254.25454098 12.824
 88  82.776449  70.142924     0.086     0.014 13 55289.25454917 11.644
 89  82.783760  70.139186     0.460     0.466 12 55324.25452780  8.694
 90  82.781854  70.139695     4.748     4.747 12 55359.25452602 33.155
 91  82.791380  70.138175     1.187     1.468 12 55394.25453015 24.903
 92  82.786415  70.138232     1.587     1.518 13 55429.25454177 21.669
 93  82.774576  70.141149     0.044     0.050 13 55464.25450445 40.979
