-190536.895   283.831     0.00   14.50
-190155.437   278.867   -13.02   18.42
-189774.066   264.587   -37.45   23.80
-189392.782   254.070   -27.59   21.70
-189011.585   251.086    -7.83   17.99
-188630.476   254.399     8.69   20.33
-188249.453   262.161    20.37   22.07
-187868.517   266.154    10.49   19.54
-187487.669   262.693    -9.09   18.38
-187106.906   259.124    -9.37   16.11
-186726.231   258.188    -2.46   12.71
-186345.643   258.583     1.04    8.75
-185965.141   256.349    -5.87    7.51
-185584.725   253.378    -7.81    5.58
-185204.397   249.683    -9.72    5.53
-184824.154   245.308   -11.51    7.05
-184443.998   241.087   -11.10    7.14
-184063.929   239.151    -5.09    6.62
-183683.946   242.471     8.74    9.33
-183304.049   246.471    10.53    8.38
-182924.238   249.331     7.53    6.72
-182544.513   250.327     2.62    5.73
-182164.875   250.381     0.14    5.36
-181785.322   252.781     6.32    7.21
-181405.855   255.651     7.56    9.60
-181026.475   259.017     8.88    8.47
-180647.180   261.401     6.28    7.38
-180267.971   261.885     1.28    7.81
-179888.847   260.461    -3.76    7.78
-179509.810   260.319    -0.37    6.87
-179130.858   260.986     1.76    8.89
-178751.991   263.087     5.55   11.55
-178373.210   268.991    15.59   15.44
-177994.514   274.784    15.30   17.46
-177615.904   280.032    13.86   17.59
-177237.379   279.104    -2.45   17.21
-176858.940   274.914   -11.07   15.92
-176480.585   271.693    -8.51   12.17
-176102.316   272.252     1.48    9.85
-175724.132   277.961    15.10   10.71
-175346.033   285.773    20.67   10.07
-174968.019   288.693     7.73    8.86
-174590.089   288.928     0.62    7.59
-174212.245   288.046    -2.33    6.87
-173834.486   287.554    -1.30    6.66
-173456.811   289.821     6.00    8.29
-173079.221   293.765    10.45   10.16
-172701.715   298.721    13.13   10.28
-172324.295   302.134     9.05    8.20
-171946.958   302.057    -0.21    6.97
-171569.707   300.982    -2.85    6.29
-171192.539   299.875    -2.94    6.46
-170815.456   299.018    -2.27    6.66
-170438.458   297.061    -5.19    7.20
-170061.543   294.246    -7.47    7.40
-169684.713   291.410    -7.53    7.55
-169307.967   288.815    -6.89    6.59
-168931.305   287.208    -4.27    4.95
-168554.727   286.601    -1.61    4.51
-168178.233   287.203     1.60    6.15
-167801.823   288.246     2.77    8.34
-167425.497   288.915     1.78    9.57
-167049.255   288.349    -1.50    8.69
-166673.096   287.054    -3.44    6.63
-166297.021   286.144    -2.42    6.54
-165921.030   284.205    -5.16    6.97
-165545.122   281.107    -8.24    5.95
-165169.298   278.663    -6.50    5.52
-164793.558   277.154    -4.01    4.78
-164417.900   277.450     0.79    4.81
-164042.327   280.061     6.95    6.33
-163666.836   284.513    11.86    8.05
-163291.429   292.971    22.53   10.33
-162916.105   303.534    28.15   14.59
-162540.864   312.736    24.53   14.24
-162165.706   318.440    15.21   12.23
-161790.632   320.015     4.20   12.66
-161415.640   319.338    -1.81   14.74
-161040.731   315.685    -9.74   16.60
-160665.905   311.751   -10.50   18.58
-160291.162   304.077   -20.48   18.04
-159916.502   295.784   -22.14   15.14
-159541.924   286.780   -24.04    8.74
-159167.429   281.688   -13.60    7.51
-158793.017   276.596   -13.60    7.16
-158418.687   271.158   -14.53    8.74
-158044.440   264.934   -16.63    7.66
-157670.275   258.784   -16.44    8.17
-157296.193   253.030   -15.38    7.62
-156922.193   247.081   -15.91    9.02
-156548.275   240.145   -18.55    8.69
-156174.440   232.141   -21.41   10.52
-155800.686   225.618   -17.45    9.20
-155427.015   219.654   -15.96    6.05
-155053.426   215.261   -11.76    5.69
-154679.919   210.794   -11.96    6.60
-154306.494   207.726    -8.22    5.34
-153933.151   206.063    -4.46    5.33
-153559.889   207.642     4.23    8.49
-153186.710   211.755    11.02   10.28
-152813.612   217.001    14.06   10.35
-152440.596   223.537    17.52    8.99
-152067.662   231.381    21.04   10.30
-151694.809   242.429    29.63   13.50
-151322.038   255.471    34.99   17.36
-150949.348   270.888    41.37   20.90
-150576.739   287.359    44.21   21.17
-150204.213   300.624    35.61   20.02
-149831.767   315.348    39.54   19.37
-149459.403   331.093    42.29   20.28
-149087.119   348.106    45.70   20.56
-148714.918   362.824    39.55   18.55
-148342.797   374.770    32.10   13.20
-147970.757   382.642    21.16   11.98
-147598.798   392.708    27.06   12.00
-147226.921   405.603    34.68   17.57
-146855.124   422.353    45.05   19.56
-146483.408   437.410    40.51   17.80
-146111.773   450.790    36.01   13.85
-145740.218   464.016    35.60   14.14
-145368.745   477.040    35.06   15.68
-144997.351   493.461    44.22   17.70
-144626.039   508.603    40.79   17.39
-144254.807   523.294    39.58   14.02
-143883.656   533.787    28.27   12.22
-143512.585   542.854    24.44   10.10
-143141.594   546.461     9.72    8.82
-142770.684   545.120    -3.61    9.53
-142399.854   539.073   -16.31   11.03
-142029.104   528.387   -28.83   13.26
-141658.435   515.022   -36.06   17.92
-141287.846   504.832   -27.50   17.14
-140917.336   499.828   -13.51   12.38
-140546.907   499.228    -1.62    9.20
-140176.558   502.961    10.08    6.56
-139806.289   504.531     4.24    6.21
-139436.099   503.250    -3.46    8.87
-139065.990   501.471    -4.81   11.30
-138695.960   499.928    -4.17   12.04
-138326.010   499.091    -2.26   10.52
-137956.139   498.493    -1.62    8.58
-137586.349   499.583     2.95    9.38
-137216.637   501.257     4.53    8.77
-136847.006   499.252    -5.42    9.61
-136477.453   497.308    -5.26   12.39
-136107.981   498.986     4.54   14.53
-135738.587   502.552     9.65   13.99
-135369.273   504.332     4.82   13.63
-135000.038   502.614    -4.65   13.52
-134630.883   498.152   -12.09   14.61
-134261.806   487.801   -28.05   18.18
-133892.809   475.347   -33.75   19.55
-133523.891   462.899   -33.74   17.07
-133155.052   455.309   -20.58   10.88
-132786.291   454.861    -1.22    9.43
-132417.610   458.713    10.45   10.14
-132049.007   467.332    23.38   11.21
-131680.484   479.951    34.25   17.05
-131312.039   491.918    32.48   16.31
-130943.673   502.188    27.88   12.33
-130575.385   507.303    13.89    9.49
-130207.176   510.299     8.14   12.35
-129839.046   512.007     4.64   14.00
-129470.994   513.290     3.49   13.18
-129103.021   512.134    -3.14   11.55
-128735.126   511.461    -1.83    9.18
-128367.310   508.081    -9.19    7.95
-127999.571   505.024    -8.31    6.78
-127631.911   504.754    -0.74    6.25
-127264.330   505.221     1.27    6.05
-126896.826   506.117     2.44    5.55
-126529.401   504.450    -4.54    5.96
-126162.053   499.283   -14.07    9.65
-125794.784   496.531    -7.49   12.81
-125427.593   493.189    -9.10   15.67
-125060.479   486.073   -19.39   18.82
-124693.444   477.224   -24.11   20.14
-124326.486   466.420   -29.45   16.21
-123959.606   463.512    -7.93   13.59
-123592.804   470.829    19.95   18.26
-123226.079   482.956    33.07   17.06
-122859.433   495.417    33.99   10.09
-122492.863   507.461    32.86   13.49
-122126.371   518.385    29.81   16.55
-121759.957   527.996    26.23   15.49
-121393.620   534.429    17.56   11.83
-121027.361   535.544     3.04   11.52
-120661.179   531.389   -11.35   11.39
-120295.074   526.071   -14.53   14.25
-119929.046   519.421   -18.17   17.68
-119563.096   509.830   -26.21   20.74
-119197.223   493.593   -44.38   25.46
-118831.426   475.071   -50.64   27.51
-118465.707   450.399   -67.47   31.57
-118100.065   428.007   -61.25   31.42
-117734.500   402.858   -68.80   28.35
-117369.012   383.348   -53.39   24.98
-117003.600   367.395   -43.66   19.64
-116638.266   355.986   -31.23   16.43
-116273.008   349.141   -18.74   10.82
-115896.386   348.777    -0.97    8.29
-115515.094   354.535    15.10   12.06
-115133.887   365.001    27.46   13.79
-114752.764   373.935    23.44    9.62
-114371.727   379.190    13.79    4.70
-113990.774   381.492     6.04    4.89
-113609.906   384.370     7.56    8.44
-113229.123   389.181    12.64   10.90
-112848.424   397.804    22.65   11.20
-112467.810   405.334    19.79    8.36
-112087.281   411.096    15.14    6.79
-111706.836   416.313    13.71    8.73
-111326.475   423.997    20.20   11.53
-110946.199   430.729    17.71    9.19
-110566.007   435.602    12.82    5.65
-110185.900   439.099     9.20    4.48
-109805.876   441.023     5.06    5.02
-109425.937   441.776     1.98    7.64
-109046.082   442.925     3.02   11.03
-108666.311   440.461    -6.49   15.33
-108286.623   438.077    -6.28   20.63
-107907.020   434.461    -9.53   24.83
-107527.501   431.825    -6.94   25.32
-107148.065   420.608   -29.57   36.14
-106768.713   385.492   -92.58   65.44
-106389.445   341.127  -116.98   80.79
-106010.261   279.077  -163.65   76.42
-105631.160   227.871  -135.08   46.78
-105252.143   195.221   -86.15   25.62
-104873.209   177.046   -47.97   16.03
-104494.358   164.348   -33.52   11.91
-104115.591   155.622   -23.04    7.52
-103736.908   149.869   -15.19    6.63
-103358.307   146.522    -8.84    5.98
-102979.790   143.450    -8.12    5.62
-102601.356   140.913    -6.70    6.45
-102223.005   137.801    -8.23    7.34
-101844.737   132.966   -12.78    8.21
-101466.552   125.461   -19.85    7.48
-101088.450   121.158   -11.38    6.16
-100710.431   119.193    -5.20    3.92
-100332.495   118.263    -2.46    3.42
 -99954.642   117.419    -2.23    4.17
 -99576.871   116.450    -2.56    3.80
 -99199.183   115.190    -3.34    2.96
 -98821.577   116.315     2.98    5.56
 -98444.055   120.250    10.42    7.38
 -98066.614   127.086    18.11   10.52
 -97689.257   138.033    29.01   14.25
 -97311.981   149.873    31.38   15.70
 -96934.788   162.654    33.89   13.09
 -96557.677   171.357    23.08   10.45
 -96180.649   176.524    13.70    7.76
 -95803.702   178.294     4.70    7.47
 -95426.838   181.088     7.42    8.20
 -95050.056   182.419     3.53    9.35
 -94673.356   182.440     0.05    9.96
 -94296.738   178.698    -9.94   10.27
 -93920.202   173.819   -12.96   12.94
 -93543.748   169.100   -12.54   13.36
 -93167.375   163.592   -14.63   12.55
 -92791.085   159.389   -11.17   12.66
 -92414.876   155.417   -10.56   13.29
 -92038.749   149.865   -14.76   13.47
 -91662.703   143.816   -16.09   12.88
 -91286.739   137.200   -17.60   10.87
 -90910.857   132.517   -12.46    8.88
 -90535.056   130.687    -4.87    7.15
 -90159.336   132.058     3.65    7.04
 -89783.698   137.677    14.96    9.39
 -89408.141   143.982    16.79    8.02
 -89032.665   146.824     7.57    6.27
 -88657.270   148.084     3.36    6.09
 -88281.957   151.388     8.80    6.19
 -87906.725   154.944     9.48    6.46
 -87531.573   161.065    16.32    9.07
 -87156.503   169.318    22.01   13.88
 -86781.514   178.356    24.11   15.14
 -86406.606   184.303    15.86   15.09
 -86031.778   188.481    11.15   18.99
 -85657.031   189.079     1.60   22.42
 -85282.365   180.924   -21.77   28.55
 -84907.780   167.677   -35.37   31.02
 -84533.275   148.213   -51.98   26.15
 -84158.851   132.359   -42.35   17.52
 -83784.507   119.901   -33.28   13.34
 -83410.244   110.718   -24.54   11.66
 -83036.061   104.156   -17.54    6.55
 -82661.959   101.378    -7.43    5.22
 -82287.937   102.561     3.16    6.84
 -81913.995   105.833     8.75    6.72
 -81540.134   107.016     3.17    5.63
 -81166.352   108.471     3.89    4.61
 -80792.651   108.766     0.79    4.57
 -80419.030   108.282    -1.30    5.19
 -80045.489   107.461    -2.20    6.02
 -79672.028   106.336    -3.01    6.15
 -79298.647   106.934     1.60    7.26
 -78925.345   108.825     5.07    7.60
 -78552.124   110.240     3.79    7.11
 -78178.982   114.387    11.12    6.68
 -77805.920   116.134     4.68    6.73
 -77432.937   118.891     7.39    5.67
 -77060.035   118.752    -0.37    4.83
 -76687.211   116.631    -5.69    5.57
 -76314.468   113.063    -9.57    5.83
 -75941.803   109.449    -9.70    3.70
 -75569.218   108.337    -2.99    2.86
 -75196.713   109.006     1.80    3.81
 -74824.287   111.852     7.64    6.22
 -74451.940   115.091     8.70    7.88
 -74079.672   120.117    13.50    9.25
 -73707.484   124.731    12.40    8.45
 -73335.374   129.575    13.02    8.34
 -72963.344   136.103    17.55   10.10
 -72591.393   144.113    21.54   13.13
 -72219.520   153.285    24.67   15.45
 -71847.727   164.324    29.69   15.17
 -71476.012   171.605    19.59   11.57
 -71104.376   174.669     8.25    8.61
 -70732.819   174.124    -1.47    8.18
 -70361.341   167.127   -18.84   10.42
 -69989.941   158.283   -23.81   12.83
 -69618.620   151.178   -19.14    9.95
 -69247.378   146.882   -11.57    5.48
 -68876.214   143.861    -8.14    3.99
 -68505.129   143.636    -0.61    5.07
 -68134.121   143.682     0.12    5.52
 -67763.193   142.898    -2.11    5.67
 -67392.342   142.248    -1.75    5.91
 -67021.570   142.173    -0.20    7.07
 -66650.876   141.873    -0.81    8.04
 -66280.261   142.352     1.29    7.79
 -65909.723   143.856     4.06    7.91
 -65539.264   144.016     0.43    9.29
 -65168.882   143.308    -1.91    9.96
 -64798.579   143.663     0.96    9.87
 -64428.353   144.471     2.18    9.56
 -64058.206   146.342     5.06   10.60
 -63688.136   149.961     9.78   10.69
 -63318.144   152.166     5.96   10.98
 -62948.229   154.250     5.63    9.94
 -62578.393   156.356     5.70    9.14
 -62208.634   156.537     0.49    8.30
 -61838.952   155.929    -1.64    7.64
 -61469.349   155.315    -1.66    6.93
 -61099.822   155.646     0.90    6.52
 -60730.373   156.362     1.94    6.30
 -60361.002   159.492     8.48    9.22
 -59991.708   163.650    11.26   12.22
 -59622.491   166.955     8.95   13.20
 -59253.351   169.578     7.10   12.69
 -58884.289   173.106     9.56   12.39
 -58515.303   173.815     1.92   11.73
 -58146.395   171.977    -4.98   11.48
 -57777.564   167.731   -11.51   12.99
 -57408.810   163.426   -11.67   13.71
 -57040.133   161.918    -4.09   14.40
 -56671.533   162.699     2.12   16.41
 -56303.010   166.752    11.00   16.49
 -55934.563   170.631    10.53   15.87
 -55566.193   170.461    -0.46   12.59
 -55197.900   168.240    -6.03   10.01
 -54829.684   163.907   -11.77    9.64
 -54461.544   159.408   -12.22    8.84
 -54093.481   156.492    -7.92    7.52
 -53725.495   153.656    -7.71    8.44
 -53357.585   147.294   -17.29   11.68
 -52989.751   137.061   -27.82   16.49
 -52621.994   124.798   -33.35   16.66
 -52254.313   109.992   -40.27   15.39
 -51886.708    97.620   -33.66   14.59
 -51519.180    85.578   -32.77   14.06
 -51151.728    75.327   -27.90   12.78
 -50784.352    65.700   -26.21    9.48
 -50417.052    57.971   -21.04    9.36
 -50049.828    51.699   -17.08    7.65
 -49682.681    48.544    -8.59    5.59
 -49315.609    45.276    -8.90    4.66
 -48948.613    43.155    -5.78    5.77
 -48581.693    41.014    -5.84    5.89
 -48214.849    35.482   -15.08    7.53
 -47848.081    30.250   -14.27    8.81
 -47481.388    24.050   -16.91    7.84
 -47114.771    19.018   -13.72    4.53
 -46748.230    16.716    -6.28    2.42
 -46381.764    17.554     2.29    4.08
 -46015.374    19.080     4.16    5.44
 -45649.059    20.671     4.34    5.86
 -45282.820    22.113     3.94    6.60
 -44916.657    27.471    14.63   10.83
 -44550.568    33.461    16.36   11.23
 -44184.555    40.493    19.21    7.44
 -43818.617    43.748     8.89    3.24
 -43452.755    43.828     0.22    3.22
 -43086.968    43.334    -1.35    3.54
 -42721.255    42.901    -1.18    3.25
 -42355.618    42.040    -2.36    3.87
 -41990.056    41.086    -2.61    4.14
 -41624.569    39.482    -4.39    3.88
 -41252.780    36.961    -6.78    4.60
 -40871.652    34.805    -5.66    3.74
 -40490.607    34.240    -1.48    4.29
 -40109.644    35.751     3.97    5.29
 -39728.765    37.242     3.91    5.44
 -39347.967    38.237     2.61    4.66
 -38967.252    37.195    -2.74    5.05
 -38586.620    31.641   -14.59    8.86
 -38206.070    24.650   -18.37   10.04
 -37825.603    16.829   -20.56    9.50
 -37445.218    10.566   -16.47    5.41
 -37064.915     7.716    -7.49    2.16
 -36684.694     6.737    -2.57    1.66
 -36304.556     6.745     0.02    2.15
 -35924.500     5.945    -2.11    2.96
 -35544.525     4.071    -4.93    3.79
 -35164.633     2.375    -4.46    3.69
 -34784.823     0.992    -3.64    3.01
 -34405.095     2.869     4.94    5.21
 -34025.448     8.252    14.18    8.87
 -33645.884    13.124    12.83    9.38
 -33266.401    18.376    13.84    7.93
 -32887.000    20.514     5.63    7.01
 -32507.680    22.429     5.05    5.72
 -32128.442    23.844     3.73    5.02
 -31749.286    24.482     1.68    4.28
 -31370.211    23.801    -1.80    4.27
 -30991.217    22.418    -3.65    4.15
 -30612.305    20.751    -4.40    5.60
 -30233.475    19.061    -4.46    7.58
 -29854.725    18.801    -0.69    9.45
 -29476.057    19.082     0.74   10.34
 -29097.470    20.580     3.96   10.48
 -28718.964    20.597     0.05   10.85
 -28340.540    22.944     6.20   11.92
 -27962.196    23.088     0.38   11.02
 -27583.933    24.579     3.94    9.83
 -27205.752    27.046     6.52    8.50
 -26827.651    30.024     7.88    6.53
 -26449.631    33.134     8.23    4.07
 -26071.691    34.568     3.79    2.88
 -25693.833    35.955     3.67    2.90
 -25316.055    36.689     1.94    4.12
 -24938.358    38.303     4.27    4.77
 -24560.741    39.063     2.01    4.12
 -24183.205    37.008    -5.44    6.38
 -23805.749    32.269   -12.55    7.57
 -23428.374    27.332   -13.08    6.93
 -23051.079    24.195    -8.31    5.68
 -22673.864    21.780    -6.40    4.47
 -22296.730    20.812    -2.57    2.82
 -21919.676    20.929     0.31    2.52
 -21542.702    20.450    -1.27    2.96
 -21165.808    19.833    -1.64    3.39
 -20788.995    19.622    -0.56    3.41
 -20412.261    19.067    -1.47    3.84
 -20035.607    15.131   -10.45    8.83
 -19659.033     9.727   -14.35   10.40
 -19282.539     4.205   -14.67    8.63
 -18906.125    -0.120   -11.49    2.85
 -18529.791    -0.539    -1.11    0.00
 -18153.536    -0.539     0.00    0.00
 -17777.361     0.376     2.43    2.89
 -17401.266     2.289     5.08    4.18
 -17025.250     5.040     7.32    4.84
 -16649.314     8.955    10.42    4.34
 -16273.457    11.727     7.37    3.01
 -15897.680    13.087     3.62    2.38
 -15521.982    14.492     3.74    2.35
 -15146.363    14.757     0.71    2.51
 -14770.823    14.237    -1.38    3.31
 -14395.363    13.261    -2.60    4.23
 -14019.982    12.755    -1.35    3.84
 -13644.680    13.219     1.24    3.63
 -13269.457    14.356     3.03    3.09
 -12894.314    16.094     4.63    2.29
 -12519.249    19.089     7.99    4.97
 -12144.263    23.561    11.92    8.17
 -11769.356    28.676    13.64    9.04
 -11394.528    33.279    12.28    8.78
 -11019.778    38.708    14.49    7.98
 -10645.107    43.886    13.82    6.37
 -10270.515    46.913     8.08    5.96
  -9896.002    47.131     0.58    6.12
  -9521.567    45.173    -5.23    7.80
  -9147.211    42.131    -8.13    8.07
  -8772.933    41.078    -2.81    7.58
  -8398.733    41.645     1.52    7.84
  -8024.612    42.482     2.24    9.26
  -7650.570    40.872    -4.30   11.26
  -7276.605    36.280   -12.28   10.49
  -6902.719    33.643    -7.05    6.26
  -6528.911    32.375    -3.39    5.93
  -6155.181    31.429    -2.53    7.58
  -5781.530    32.783     3.63    8.19
  -5407.956    35.861     8.24   10.35
  -5034.460    42.738    18.41   11.61
  -4661.043    48.471    15.35   11.53
  -4287.703    54.131    15.16    7.44
  -3914.441    54.901     2.06    7.59
  -3541.257    52.876    -5.43    9.08
  -3168.150    50.397    -6.65   10.42
  -2795.122    48.012    -6.39   14.05
  -2422.170    44.815    -8.57   19.55
  -2049.297    40.984   -10.28   22.94
  -1676.501    32.110   -23.80   25.90
  -1303.783    23.517   -23.05   25.30
   -931.142    14.163   -25.10   19.15
   -558.578     8.669   -14.74   10.82
   -186.092     7.546    -3.02    9.65
    186.316     8.863     3.54   11.00
    558.648    11.587     7.32   14.36
    930.902    16.450    13.06   18.09
   1303.079    20.504    10.89   20.82
   1675.179    26.026    14.84   21.76
   2047.202    29.120     8.32   21.98
   2419.148    33.030    10.51   20.79
   2791.017    36.175     8.46   19.66
   3162.809    42.493    16.99   18.63
   3534.524    47.638    13.84   18.68
   3906.162    52.724    13.68   14.98
   4277.723    52.820     0.26   12.56
   4649.208    49.418    -9.16   10.56
   5020.616    44.674   -12.77    7.39
   5391.947    43.590    -2.92    5.71
   5763.201    46.131     6.85    6.90
   6134.379    50.235    11.06    6.50
   6505.481    54.095    10.40    4.76
   6876.506    55.689     4.30    3.19
   7247.455    55.705     0.04    2.65
   7618.327    54.548    -3.12    3.30
   7989.123    53.673    -2.36    3.47
   8359.842    53.034    -1.73    3.03
   8730.486    51.695    -3.61    3.91
   9101.053    50.661    -2.79    5.38
   9471.544    51.056     1.07    5.54
   9841.959    52.074     2.75    5.66
  10212.298    54.127     5.54    5.75
  10582.560    55.667     4.16    4.10
  10952.747    55.141    -1.42    3.92
  11322.858    54.318    -2.23    3.06
  11692.893    54.783     1.26    2.79
  12062.853    55.353     1.54    3.64
  12432.736    54.711    -1.74    4.22
  12802.544    52.923    -4.83    4.99
  13172.276    50.385    -6.86    4.90
  13541.932    49.280    -2.99    4.08
  13911.513    50.955     4.53    5.86
  14281.019    53.471     6.81    5.85
  14650.448    56.380     7.87    5.25
  15019.803    57.203     2.23    5.18
  15389.082    56.275    -2.51    5.38
  15758.285    53.622    -7.18    6.28
  16127.414    52.494    -3.06    5.91
  16496.467    51.939    -1.50    4.35
  16865.444    50.934    -2.73    2.76
  17234.347    49.558    -3.73    3.51
  17603.174    46.397    -8.57    4.81
  17971.927    43.705    -7.30    3.88
  18340.604    42.149    -4.22    3.05
  18709.206    40.305    -5.00    2.69
  19077.734    40.110    -0.53    4.01
  19446.186    40.972     2.34    4.66
  19814.564    43.073     5.70    5.36
  20182.866    44.506     3.89    4.63
  20551.094    45.103     1.62    5.10
  20919.248    45.200     0.26    5.59
  21287.326    45.852     1.77    5.85
  21655.330    46.912     2.88    5.28
  22023.260    47.611     1.90    4.06
  22391.114    46.987    -1.70    4.07
  22758.895    45.894    -2.97    4.12
  23126.601    46.131     0.64    4.44
  23494.232    46.495     0.99    4.68
  23861.789    47.805     3.56    4.53
  24229.272    49.142     3.64    3.97
  24596.680    49.303     0.44    3.78
  24964.014    48.052    -3.40    4.20
  25331.274    46.032    -5.50    5.34
  25698.460    42.982    -8.31    6.18
  26065.572    40.270    -7.39    6.28
  26432.610    37.697    -7.01    7.72
  26799.574    32.683   -13.66    8.83
  27166.463    28.216   -12.17    7.11
  27533.279    24.551    -9.99    4.52
  27900.021    23.290    -3.44    3.15
  28266.689    23.538     0.68    2.72
  28633.284    23.783     0.67    2.55
  28999.804    23.396    -1.06    3.35
  29366.251    21.834    -4.26    4.05
  29732.624    20.386    -3.95    4.16
  30098.924    19.449    -2.56    2.96
  30465.150    21.776     6.35    4.52
  30831.303    24.779     8.20    4.73
  31197.382    26.290     4.13    4.49
  31563.387    26.124    -0.46    5.59
  31929.319    26.504     1.04    6.49
  32295.178    26.983     1.31    5.81
  32660.964    27.354     1.02    4.97
  33026.676    28.352     2.73    3.55
  33394.006    28.884     1.45    2.89
  33774.970    28.213    -1.76    2.82
  34155.853    25.683    -6.64    5.37
  34536.656    20.854   -12.68    8.17
  34917.378    15.038   -15.28    8.03
  35298.020    10.482   -11.97    6.10
  35678.581     7.999    -6.52    5.13
  36059.062     7.353    -1.70    5.53
  36439.463     7.038    -0.83    5.14
  36819.784     7.482     1.17    4.31
  37200.024     9.812     6.13    5.39
  37580.185    13.934    10.84    6.91
  37960.265    17.878    10.38    5.97
  38340.265    21.689    10.03    4.96
  38720.185    25.095     8.97    4.98
  39100.025    27.065     5.19    4.24
  39479.786    28.265     3.16    3.04
  39859.466    28.149    -0.30    3.44
  40239.067    27.004    -3.02    3.06
  40618.588    26.090    -2.41    2.83
  40998.029    25.170    -2.42    3.30
  41377.391    23.820    -3.56    3.72
  41756.673    22.536    -3.39    3.62
  42135.876    21.047    -3.93    3.38
  42514.999    20.235    -2.14    2.71
  42894.042    20.127    -0.28    2.07
  43273.007    20.944     2.16    1.96
  43651.891    22.042     2.90    1.77
  44030.697    22.613     1.51    2.01
  44409.423    22.553    -0.16    2.11
  44788.071    22.772     0.58    2.28
  45166.639    23.461     1.82    2.62
  45545.128    24.482     2.70    2.46
  45923.537    25.188     1.87    1.90
  46301.868    25.608     1.11    1.95
  46680.120    25.711     0.27    2.00
  47058.293    25.812     0.27    1.58
  47436.388    25.909     0.26    1.82
  47814.403    26.923     2.68    2.57
  48192.340    28.622     4.49    2.82
  48570.198    29.848     3.24    2.24
  48947.977    30.507     1.74    1.87
  49325.678    30.751     0.65    1.63
  49703.300    30.647    -0.28    1.77
  50080.843    30.375    -0.72    2.18
  50458.308    29.825    -1.46    2.08
  50835.695    29.213    -1.62    1.65
  51213.003    28.577    -1.69    2.07
  51590.234    28.332    -0.65    2.05
  51967.385    27.932    -1.06    2.18
  52344.459    27.966     0.09    2.56
  52721.454    28.713     1.98    3.24
  53098.372    28.633    -0.21    3.96
  53475.211    27.622    -2.68    4.69
  53851.972    24.918    -7.18    5.45
  54228.655    21.644    -8.69    5.54
  54605.260    17.258   -11.65    7.26
  54981.788    12.231   -13.35    7.69
  55358.237     7.869   -11.59    6.43
  55734.609     7.323    -1.45    6.32
  56110.903    15.977    23.00   13.98
  56487.119    26.702    28.51   14.24
  56863.258    35.138    22.43    9.61
  57239.319    39.705    12.14    3.46
  57615.302    41.009     3.47    3.30
  57991.208    41.670     1.76    3.42
  58367.037    42.256     1.56    3.79
  58742.788    42.786     1.41    3.36
  59118.462    43.235     1.19    3.58
  59494.058    43.298     0.17    3.77
  59869.577    42.428    -2.32    3.87
  60245.019    40.833    -4.25    4.25
  60620.384    41.009     0.47    4.70
  60995.672    42.414     3.74    4.75
  61370.882    43.798     3.69    4.31
  61746.016    45.006     3.22    3.46
  62121.072    44.160    -2.26    3.51
  62496.052    42.517    -4.38    4.18
  62870.955    40.181    -6.23    4.47
  63245.781    38.494    -4.50    4.14
  63620.530    38.156    -0.90    3.69
  63995.202    38.127    -0.08    3.50
  64369.798    37.711    -1.11    3.71
  64744.317    36.977    -1.96    3.33
  65118.759    36.702    -0.73    3.14
  65493.125    36.955     0.68    3.09
  65867.414    36.680    -0.73    3.08
  66241.627    35.955    -1.94    2.68
  66615.763    35.076    -2.35    2.50
  66989.823    35.310     0.63    2.73
  67363.807    36.338     2.75    3.02
  67737.714    36.993     1.75    2.80
  68111.545    37.483     1.31    2.44
  68485.300    38.224     1.98    2.10
  68858.979    38.034    -0.51    2.12
  69232.582    38.054     0.05    2.07
  69606.108    37.767    -0.77    2.12
  69979.559    37.856     0.24    2.00
  70352.934    38.142     0.77    2.13
  70726.232    39.058     2.45    2.34
  71099.455    40.438     3.70    2.31
  71472.602    40.830     1.05    2.59
  71845.674    40.736    -0.25    3.24
  72218.669    39.928    -2.17    3.86
  72591.589    39.531    -1.06    4.38
  72964.433    39.794     0.70    4.37
  73337.202    39.461    -0.89    4.42
  73709.895    38.667    -2.13    3.63
  74082.512    37.637    -2.76    2.69
  74455.054    37.224    -1.11    1.91
  74827.521    37.722     1.34    2.14
  75199.912    37.515    -0.56    2.57
  75572.228    36.595    -2.47    3.18
  75944.469    36.243    -0.95    3.57
  76316.634    36.749     1.36    3.74
  76688.724    37.689     2.52    3.37
  77060.739    39.161     3.96    2.49
  77432.679    39.982     2.21    2.15
  77804.544    39.527    -1.22    2.60
  78176.334    39.899     1.00    2.74
  78548.049    39.834    -0.17    3.62
  78919.689    39.063    -2.08    3.83
  79291.254    37.592    -3.96    4.88
  79662.745    34.865    -7.34    4.51
  80034.160    32.004    -7.70    4.43
  80405.501    29.001    -8.09    3.03
  80776.767    27.548    -3.91    2.53
  81147.958    26.821    -1.96    1.88
  81519.075    26.591    -0.62    1.86
  81890.118    27.065     1.28    1.89
  82261.085    27.816     2.02    2.27
  82631.979    28.313     1.34    2.55
  83002.797    29.614     3.51    3.56
  83373.542    30.813     3.23    4.48
  83744.212    33.211     6.47    4.44
  84114.808    35.313     5.67    4.52
  84485.329    36.428     3.01    3.36
  84855.777    36.683     0.69    3.43
  85226.150    36.211    -1.27    3.69
  85596.449    35.999    -0.57    3.27
  85966.674    36.603     1.63    3.42
  86336.825    35.801    -2.17    3.65
  86706.902    35.483    -0.86    3.49
  87076.905    35.353    -0.35    2.95
  87446.834    35.437     0.23    2.26
  87816.690    36.246     2.19    2.03
  88186.471    35.696    -1.49    2.16
  88556.179    35.729     0.09    2.22
  88925.813    35.943     0.58    2.06
  89295.373    35.874    -0.19    1.99
  89664.860    35.644    -0.62    2.48
  90034.273    35.933     0.78    2.63
  90403.612    35.977     0.12    4.38
  90772.878    36.624     1.75    5.57
  91142.071    37.072     1.21    5.97
  91511.190    37.342     0.73    5.68
  91880.236    38.329     2.67    5.11
  92249.208    39.932     4.35    4.50
  92618.108    41.711     4.82    4.47
  92986.933    42.937     3.33    4.69
  93355.686    44.689     4.75    4.91
  93724.366    48.309     9.82    6.87
  94092.972    52.808    12.20    8.04
  94461.505    57.361    12.35    8.47
  94829.966    60.625     8.86    8.16
  95198.353    63.168     6.90    8.00
  95566.668    64.340     3.18    7.21
  95934.909    63.494    -2.30    6.80
  96303.078    59.876    -9.82    7.08
  96671.174    56.010   -10.50    6.41
  97039.197    52.371    -9.89    4.15
  97407.147    50.102    -6.17    3.48
  97775.025    47.414    -7.31    3.55
  98142.830    45.656    -4.78    3.91
  98510.562    43.995    -4.52    3.01
  98878.222    43.287    -1.93    2.47
  99245.809    43.865     1.57    2.61
  99613.324    44.294     1.17    2.62
  99980.767    44.342     0.13    2.90
 100348.137    44.172    -0.46    2.82
 100715.434    43.999    -0.47    2.69
 101082.660    43.380    -1.69    2.62
 101449.813    42.395    -2.68    2.55
 101816.894    41.507    -2.42    2.50
 102183.903    41.526     0.05    2.61
 102550.839    42.163     1.74    2.39
 102917.704    42.614     1.23    2.14
 103284.496    42.056    -1.52    2.75
 103651.217    40.153    -5.19    3.48
 104017.865    38.719    -3.91    3.37
 104384.442    38.894     0.48    3.73
 104750.947    39.175     0.77    3.50
 105117.380    40.120     2.58    2.89
 105483.741    40.087    -0.09    2.99
 105850.030    38.658    -3.90    3.16
 106216.248    37.004    -4.52    4.06
 106582.394    36.249    -2.06    4.32
 106948.468    36.848     1.64    4.73
 107314.471    37.665     2.23    4.67
 107680.402    38.636     2.65    4.24
 108046.262    38.861     0.61    3.63
 108424.409    38.691    -0.45    3.64
 108805.134    39.005     0.82    3.85
 109185.781    38.021    -2.58    4.66
 109566.349    38.116     0.25    4.77
 109946.839    37.145    -2.55    4.35
 110327.250    37.157     0.03    3.70
 110707.584    37.966     2.13    2.57
 111087.839    38.263     0.78    2.86
 111468.016    37.417    -2.23    3.40
 111848.115    36.722    -1.83    3.03
 112228.136    37.603     2.32    3.19
 112608.079    37.896     0.77    3.00
 112987.944    37.819    -0.20    3.40
 113367.731    37.925     0.28    3.44
 113747.440    38.305     1.00    2.68
 114127.072    38.743     1.15    2.08
 114506.625    39.494     1.98    2.71
 114886.101    40.251     1.99    2.86
 115265.500    41.197     2.49    2.43
 115644.821    41.920     1.91    1.73
 116024.064    41.548    -0.98    1.77
 116403.230    41.461    -0.23    1.90
 116782.318    41.219    -0.64    1.81
 117161.329    41.944     1.91    1.64
 117540.262    42.683     1.95    1.78
 117919.118    42.581    -0.27    1.91
 118297.897    41.716    -2.28    2.72
 118676.599    40.395    -3.49    3.05
 119055.223    39.072    -3.49    2.81
 119433.770    38.202    -2.30    2.70
 119812.241    37.938    -0.70    2.70
 120190.634    38.603     1.76    2.75
 120568.950    39.426     2.18    2.99
 120947.189    39.713     0.76    2.72
 121325.351    40.672     2.53    2.60
 121703.437    41.849     3.11    2.66
 122081.446    42.724     2.31    2.48
 122459.377    43.772     2.77    1.82
 122837.233    44.427     1.73    1.89
 123215.011    45.105     1.79    1.93
 123592.713    45.101    -0.01    1.82
 123970.338    44.944    -0.42    1.69
 124347.887    44.313    -1.67    1.66
 124725.359    42.672    -4.35    2.63
 125102.755    41.763    -2.41    2.63
 125480.075    41.416    -0.92    2.59
 125857.318    41.484     0.18    2.49
 126234.484    43.404     5.09    2.91
 126611.575    44.919     4.02    2.87
 126988.589    46.305     3.67    2.04
 127365.527    46.926     1.65    1.48
 127742.389    45.241    -4.47    4.78
 128119.175    41.775    -9.20    7.04
 128495.885    37.131   -12.33    7.46
 128872.519    32.943   -11.12    4.79
 129249.077    33.330     1.03    3.63
 129625.559    35.937     6.92    4.22
 130001.965    38.145     5.87    3.75
 130378.296    39.731     4.21    2.97
 130754.550    40.516     2.08    2.38
 131130.729    40.282    -0.62    1.83
 131506.833    40.883     1.60    1.89
 131882.860    41.175     0.78    1.87
 132258.812    41.382     0.55    2.07
 132634.689    41.003    -1.01    2.34
 133010.490    40.685    -0.84    2.27
 133386.216    39.918    -2.04    2.11
 133761.866    39.348    -1.52    1.77
 134137.441    39.270    -0.21    1.81
 134512.940    38.794    -1.27    1.48
 134888.365    38.913     0.32    1.45
 135263.714    38.977     0.17    1.43
 135638.988    39.042     0.17    1.58
 136014.186    38.939    -0.27    1.65
 136389.310    39.380     1.18    1.69
 136764.359    39.691     0.83    1.56
 137139.333    40.542     2.27    1.67
 137514.231    41.428     2.36    2.04
 137889.055    42.077     1.73    2.14
 138263.804    43.105     2.74    1.67
 138638.478    43.284     0.48    1.60
 139013.078    43.494     0.56    2.09
 139387.602    44.119     1.67    2.09
 139762.052    44.949     2.22    2.17
 140136.428    45.600     1.74    1.97
 140510.728    45.527    -0.19    2.03
 140884.954    45.150    -1.01    2.23
 141259.106    44.472    -1.81    2.21
 141633.183    43.865    -1.62    1.99
 142007.186    43.572    -0.78    1.81
 142381.115    44.005     1.16    1.93
 142754.969    44.761     2.02    1.95
 143128.749    45.051     0.78    2.02
 143502.454    45.697     1.73    2.34
 143876.085    45.415    -0.75    2.90
 144249.643    44.349    -2.85    3.40
 144623.126    43.961    -1.04    3.37
 144996.535    43.858    -0.27    3.16
 145369.870    44.427     1.52    3.53
 145743.131    45.370     2.53    3.43
 146116.318    47.157     4.79    3.98
 146489.431    48.790     4.38    4.18
 146862.471    51.049     6.06    3.58
 147235.436    53.472     6.49    3.16
 147608.328    54.798     3.55    3.83
 147981.146    56.093     3.47    5.29
 148353.890    57.883     4.80    6.77
 148726.561    60.054     5.82    8.39
 149099.158    61.900     4.96    8.73
 149471.682    63.265     3.66    7.18
 149844.132    65.274     5.39    6.81
 150216.509    68.047     7.45    8.07
 150588.812    67.527    -1.40    8.05
 150961.042    68.270     2.00    7.53
 151333.199    67.083    -3.19    7.15
 151705.282    65.750    -3.58    8.05
 152077.292    64.865    -2.38    8.77
 152449.229    63.996    -2.34    8.42
 152821.092    64.135     0.37    7.76
 153192.883    63.353    -2.10    7.14
 153564.600    63.270    -0.23    6.87
 153936.245    65.368     5.64    7.52
 154307.816    69.439    10.96    8.00
 154679.315    73.938    12.11    7.85
 155050.741    78.161    11.37    6.66
 155422.093    80.944     7.49    5.72
 155793.373    84.404     9.32    7.03
 156164.580    90.892    17.48   12.04
 156535.715   100.392    25.59   13.84
 156906.777   106.607    16.75   11.10
 157277.766   107.027     1.13   10.19
 157648.682    99.661   -19.86   14.56
 158019.526    88.654   -29.68   14.73
 158390.298    81.809   -18.46   12.26
 158760.997    78.019   -10.22   10.47
 159131.623    78.631     1.65   10.96
 159502.177    82.556    10.59   11.54
 159872.659    87.472    13.27    9.41
 160243.069    92.256    12.91    5.87
 160613.406    93.972     4.63    4.84
 160983.671    94.806     2.25    5.02
 161353.863    95.043     0.64    7.62
 161723.984    94.778    -0.72    9.10
 162094.033    94.905     0.34    8.75
 162464.009    97.484     6.97    8.58
 162833.914   103.538    16.37   11.13
 163203.746   112.185    23.38   13.83
 163573.507   123.573    30.80   12.43
 163943.195   130.347    18.32    9.11
 164312.812   134.139    10.26    4.20
 164682.357   133.685    -1.23    3.48
 165051.831   132.972    -1.93    3.81
 165421.232   133.247     0.74    3.45
 165790.562   133.553     0.83    3.50
 166159.820   134.977     3.86    4.50
 166529.007   139.080    11.11    5.90
 166898.122   142.495     9.25    6.52
 167267.166   145.955     9.37    5.81
 167636.138   149.916    10.74    5.44
 168005.038   153.532     9.80    4.99
 168373.868   154.614     2.93    4.47
 168742.625   154.392    -0.60    5.17
 169111.312   153.636    -2.05    4.90
 169479.927   151.690    -5.28    4.34
 169848.472   149.191    -6.78    5.17
 170216.944   145.506   -10.00    8.28
 170585.346   137.035   -22.99   12.18
 170953.677   132.172   -13.20   11.69
 171321.937   129.162    -8.17   10.19
 171690.125   130.361     3.26    7.82
 172058.243   133.077     7.38    6.57
 172426.289   136.247     8.61    6.95
 172794.265   139.119     7.80    7.09
 173162.170   141.279     5.87    5.83
 173530.004   144.449     8.62    5.91
 173897.767   147.753     8.98    4.87
 174265.460   148.311     1.52    4.47
 174633.082   147.824    -1.32    4.94
 175000.633   146.586    -3.37    5.21
 175368.114   146.382    -0.55    5.49
 175735.524   147.006     1.70    5.08
 176102.863   148.154     3.12    4.86
 176470.132   147.183    -2.64    5.39
 176837.331   145.554    -4.44    5.51
 177204.459   145.538    -0.04    5.71
 177571.517   145.758     0.60    5.42
 177938.504   148.058     6.27    4.21
 178305.421   149.522     3.99    4.16
 178672.268   149.135    -1.05    5.10
 179039.045   147.651    -4.04    6.49
 179405.751   146.416    -3.37    7.39
 179772.388   145.219    -3.26    7.99
 180138.954   143.146    -5.66    8.41
 180505.450   143.932     2.14    8.78
 180871.876   142.736    -3.26    9.05
 181238.233   139.168    -9.74   11.88
 181604.519   133.265   -16.11   12.56
 181970.735   129.772    -9.54   10.53
 182336.882   129.364    -1.11    9.61
 182702.959   136.527    19.56   10.86
 183076.933   144.496    21.31    6.39
 183457.501   148.404    10.27    4.95
 183837.991   148.882     1.26    4.78
 184218.406   147.247    -4.30    5.44
 184598.744   144.842    -6.32    6.13
 184979.006   138.063   -17.82   10.81
 185359.192   130.240   -20.57   12.00
 185739.302   124.938   -13.95    9.66
 186119.336   123.899    -2.73    8.31
 186499.294   127.359     9.11    7.72
 186879.175   130.608     8.55    5.46
 187258.981   132.404     4.73    4.17
 187638.711   133.494     2.87    4.39
 188018.365   135.162     4.39    4.23
 188397.944   136.348     3.13    4.94
 188777.446   136.690     0.90    4.92
 189156.873   134.199    -6.56    5.00
 189536.224   132.461    -4.58    5.11
 189915.500   129.966    -6.58    4.79
 190294.700   129.211    -1.99    5.15
 190673.824   128.530    -1.80    5.42
 191052.873   128.699     0.45    4.99
 191431.847   130.186     3.92    4.10
 191810.745   132.389     5.81    5.21
 192189.568   135.761     8.90    5.48
 192568.315   138.473     7.16    4.28
 192946.987   139.357     2.34    4.37
 193325.584   139.753     1.05    3.86
 193704.106   138.495    -3.32    3.92
 194082.553   137.507    -2.61    3.68
 194460.925   136.719    -2.08    3.07
 194839.221   135.104    -4.27    2.46
 195217.443   133.938    -3.08    3.77
 195595.590   131.647    -6.06    5.51
 195973.661   128.506    -8.31    5.80
 196351.658   124.047   -11.79    6.26
 196729.580   121.722    -6.15    7.27
 197107.428   119.693    -5.37    7.51
 197485.200   117.277    -6.40    6.68
 197862.898   115.483    -4.75    5.42
 198240.521   117.101     4.28    6.67
 198618.070   121.693    12.16    8.53
 198995.544   127.112    14.35    7.86
 199372.944   132.245    13.60    4.73
 199750.269   134.551     6.11    3.72
 200127.520   134.831     0.74    4.16
 200504.696   132.920    -5.07    6.64
 200881.798   127.029   -15.62    9.94
 201258.826   121.024   -15.92   10.90
 201635.779   114.495   -17.32    9.39
 202012.658   109.298   -13.79    7.03
 202389.463   105.313   -10.57    4.80
 202766.194   104.127    -3.15    4.04
 203142.851   102.665    -3.88    4.70
 203519.434   102.849     0.49    4.64
 203895.943   104.506     4.40    4.88
 204272.378   106.437     5.13    5.10
 204648.739   106.370    -0.18    6.16
 205025.026   102.115   -11.30   10.41
 205401.239    94.813   -19.41   12.48
 205777.379    89.901   -13.06    9.36
 206153.445    91.233     3.54   10.66
 206529.437    94.825     9.55   10.84
 206905.356    99.772    13.16    6.85
 207281.201   101.637     4.96    5.08
 207656.972   102.736     2.93    6.01
 208032.670   103.472     1.96    5.65
 208408.294   103.348    -0.33    4.83
 208783.845   103.786     1.17    4.47
 209159.323   104.725     2.50    4.65
 209534.727   105.605     2.34    4.21
 209910.058   106.127     1.39    3.72
 210285.315   105.955    -0.46    3.77
 210660.500   105.300    -1.75    3.48
 211035.611   104.229    -2.85    3.96
 211410.649   102.767    -3.90    4.54
 211785.614   101.302    -3.91    3.52
 212160.506   100.461    -2.24    3.02
 212535.325   100.545     0.22    3.31
 212910.071   101.261     1.91    4.04
 213284.745   101.497     0.63    4.37
 213659.345   102.288     2.11    4.02
 214033.872   103.156     2.32    3.84
 214408.327   102.188    -2.58    4.19
 214782.709   102.290     0.27    4.32
 215157.018   102.035    -0.68    3.79
 215531.255   101.615    -1.12    3.74
 215905.418   101.472    -0.38    4.21
 216279.510   100.364    -2.96    4.12
 216653.528    98.633    -4.63    5.53
 217027.475    95.702    -7.84    6.85
 217401.349    91.824   -10.37    6.72
 217775.150    89.520    -6.16    5.61
 218148.879    90.449     2.49    6.47
 218522.536    92.143     4.53    6.36
 218896.120    91.382    -2.04    7.92
 219269.632    88.806    -6.90   10.86
 219643.072    84.247   -12.21   12.10
 220016.440    79.743   -12.06   12.09
 220389.736    77.426    -6.20   11.64
 220762.959    75.275    -5.76   11.12
 221136.111    73.256    -5.41    9.66
 221509.190    71.865    -3.73    7.30
 221882.198    71.676    -0.51    5.43
 222255.134    72.061     1.03    4.50
 222627.998    74.086     5.43    5.78
 223000.789    76.763     7.18    6.34
 223373.510    80.541    10.13    6.76
 223746.158    82.577     5.46    5.68
 224118.735    81.995    -1.56    6.23
 224491.240    79.173    -7.57    7.44
 224863.673    74.461   -12.65    6.74
 225236.035    71.961    -6.71    4.55
 225608.326    71.679    -0.76    3.56
 225980.544    73.045     3.67    3.91
 226352.692    75.115     5.56    4.13
 226724.768    76.865     4.70    4.37
 227096.772    79.989     8.40    5.25
 227468.705    81.612     4.36    5.27
 227840.567    83.007     3.75    4.86
 228212.358    83.344     0.91    5.73
 228584.077    81.766    -4.24    6.16
 228955.726    81.667    -0.27    6.03
 229327.303    81.849     0.49    4.70
 229698.809    80.370    -3.98    4.69
 230070.244    79.603    -2.06    4.68
 230441.608    78.403    -3.23    3.35
 230812.901    77.851    -1.49    3.43
 231184.123    77.415    -1.17    3.97
 231555.274    77.387    -0.07    3.86
 231926.354    77.283    -0.28    4.39
 232297.364    77.509     0.61    4.43
 232668.302    75.759    -4.72    4.20
 233039.170    73.814    -5.24    4.45
 233409.968    73.426    -1.05    5.41
 233780.694    75.545     5.71    6.37
 234151.350    78.863     8.95    7.78
 234521.936    82.365     9.45    7.01
 234892.451    84.438     5.59    5.38
 235262.895    83.286    -3.11    6.25
 235633.269    79.736    -9.58    7.04
 236003.573    76.123    -9.76    5.58
 236373.806    74.147    -5.34    4.41
 236743.969    75.007     2.32    5.14
 237114.062    77.995     8.07    7.91
 237484.084    80.661     7.20    8.83
 237854.036    83.725     8.28    9.50
 238223.918    86.188     6.66    8.47
 238593.730    89.318     8.46    6.31
 238963.472    91.612     6.20    5.13
 239333.143    93.037     3.85    4.14
 239702.745    93.380     0.93    4.40
 240072.277    93.340    -0.11    4.71
 240441.738    91.081    -6.11    5.33
 240811.130    88.058    -8.18    5.91
 241180.452    85.101    -8.01    5.57
 241549.705    82.314    -7.55    3.77
 241918.887    82.300    -0.04    3.95
 242288.000    83.412     3.01    4.02
 242657.043    83.756     0.93    4.39
 243026.016    82.544    -3.28    5.83
 243394.920    80.058    -6.74    6.68
 243763.754    76.925    -8.49    5.85
 244132.519    75.856    -2.90    4.25
 244501.214    77.914     5.58    5.63
 244869.839    81.294     9.17    6.48
 245238.396    83.517     6.03    4.88
 245606.883    84.702     3.22    3.06
 245975.300    83.530    -3.18    3.49
 246343.648    80.984    -6.91    4.85
 246711.927    78.897    -5.66    5.01
 247080.137    76.961    -5.26    3.95
 247448.278    76.597    -0.99    3.45
 247816.349    78.034     3.90    4.41
 248184.351    80.771     7.44    5.68
 248552.284    83.152     6.47    6.24
 248920.149    85.438     6.21    4.56
 249287.944    86.532     2.98    3.48
 249655.670    88.162     4.43    4.46
 250023.327    89.665     4.09    5.07
 250390.916    91.170     4.09    4.03
 250758.435    91.472     0.82    3.27
 251125.886    90.806    -1.81    3.78
 251493.268    88.403    -6.54    4.55
 251860.581    86.135    -6.17    5.53
 252227.826    85.622    -1.40    5.55
 252595.002    84.414    -3.29    4.89
 252962.109    83.902    -1.39    4.90
 253329.148    84.521     1.68    5.23
 253696.118    85.131     1.66    5.34
 254063.020    85.473     0.93    5.31
 254429.854    86.682     3.29    4.55
 254796.619    86.592    -0.25    3.94
 255163.315    86.058    -1.45    3.92
 255529.943    85.714    -0.94    3.82
 255896.503    84.392    -3.61    3.97
 256262.995    83.403    -2.70    4.50
 256629.418    82.222    -3.22    4.74
 256995.773    81.995    -0.62    5.70
 257362.060    81.390    -1.65    6.20
 257732.192    80.030    -3.67    6.11
 258112.603    79.682    -0.92    5.50
 258492.939    77.602    -5.47    6.04
 258873.200    74.814    -7.33    6.33
 259253.388    72.047    -7.28    6.24
 259633.501    68.908    -8.26    5.27
 260013.540    67.542    -3.59    3.75
 260393.505    67.263    -0.73    2.70
 260773.396    68.151     2.34    2.43
 261153.213    69.391     3.26    2.13
 261532.956    69.593     0.53    2.08
 261912.626    69.728     0.36    2.33
 262292.221    68.692    -2.73    2.97
 262671.742    68.245    -1.18    4.02
 263051.190    69.217     2.56    5.35
 263430.564    70.288     2.82    5.35
 263809.864    71.268     2.58    4.00
 264189.090    68.277    -7.89    7.24
 264568.243    63.770   -11.88    6.71
 264947.322    58.972   -12.65    6.90
 265326.328    56.498    -6.53    5.19
 265705.260    56.277    -0.58    5.20
 266084.119    57.251     2.57    6.32
 266462.904    61.750    11.87    6.80
 266841.616    65.127     8.92    6.59
 267220.255    69.311    11.05    4.67
 267598.820    72.566     8.60    4.47
 267977.312    75.170     6.88    3.94
 268355.731    77.565     6.33    3.13
 268734.077    79.665     5.55    3.73
 269112.349    82.837     8.38    4.86
 269490.549    86.211     8.92    6.14
 269868.675    91.576    14.19    7.03
 270246.729    95.605    10.66    6.31
 270624.709    98.705     8.20    5.68
 271002.617   101.207     6.62    5.58
 271380.451   102.614     3.72    5.18
