# NaN NaN NaN ;Mean Elev.(m), Avg Gradient(m/km), RMS Gradient(m/km) - SRTM1     
#    0.226  -0.105   2.607 ;Mean Elev.(m), Avg Gradient(m/km), RMS Gradient(m/km) - ASTER GDEM
#    0.000  -0.000   0.187 ;Mean Elev.(m), Avg Gradient(m/km), RMS Gradient(m/km) - GMTED2010 
  8  83.495096  70.604636    -0.286    -0.219 15 52485.61503323 22.823
  9  83.496434  70.608414    -0.478    -0.075 16 52520.61499948 19.544
 10  83.492739  70.591778    -0.732    -0.496 11 52555.61504783 35.103
 11  83.491884  70.603723     0.057     0.033 14 52590.61503933 28.635
 12  83.501168  70.610458     0.342     0.351 18 52625.61496761 17.689
 13  83.491243  70.604132     0.110     0.114 13 52660.61500477 13.294
 14  83.491015  70.591420    -0.002     0.004 11 52695.61498197 11.140
 15  83.493865  70.606205     0.035     0.029 16 52730.61501387 10.949
 16  83.496578  70.608727     0.278     0.279 17 52765.61502441 11.373
 17  83.493460  70.591099     3.678     3.726 11 52800.61501537 45.179
 18  83.490736  70.596827    -0.053    -0.049 12 52835.61508387 16.919
 19  83.492002  70.602438    -0.540    -0.475 13 52870.61512599 21.965
 20  83.492156  70.607045    -0.642    -0.537 15 52905.61512672 22.884
 21  83.490367  70.591408    -0.130    -0.124 11 52940.61505592 39.015
 23  83.491399  70.603208    -0.268    -0.253 14 53010.61510871 13.307
 24  83.493028  70.592100    -0.322    -0.327 11 53045.61506970 11.427
 25  83.491740  70.603060    -0.310    -0.316 13 53080.61510574 10.808
 26  83.491020  70.591075    -0.508    -0.499 10 53115.61507425  9.792
 27  83.489963  70.599347    -0.028    -0.050 13 53150.61512298  9.316
 28  83.493672  70.604543     0.564     0.544 15 53185.61511291 27.865
 29  83.491976  70.607085    -0.406    -0.338 15 53220.61513928 35.734
 30  83.496929  70.608115    -0.829    -0.784 16 53255.61511604 20.912
 32  83.492632  70.607209     0.255     0.257 15 53325.61510182 18.193
 33  83.500006  70.608764    -2.005    -2.048 17 53360.61506087 12.927
 34  83.493052  70.593136    -0.748    -0.821 11 53395.61507739 11.877
 35  83.498655  70.608932    -0.493    -0.468 18 53430.61507253 11.398
 36  83.492469  70.592738    -0.596    -0.497 11 53465.61509872 10.272
 37  83.489091  70.600427     0.035     0.014 13 53500.61516020  8.875
 38  83.491737  70.607265     1.234     1.252 15 53535.61514973 17.943
 39  83.489030  70.604508     0.137     0.104 13 53570.61515908 16.192
 40  83.501303  70.609976     0.158     0.177 18 53605.61510729 17.235
 41  83.490563  70.592121    -0.874    -0.970 11 53640.61510410 24.845
 42  83.488448  70.601140     0.183     0.181 12 53675.61512534 38.480
 43  83.501524  70.610376    -0.721    -0.794 19 53710.61505649 18.869
 44  83.490531  70.590638    -0.272    -0.216 11 53745.61496306 14.728
 45  83.494132  70.604835    -0.192    -0.077 15 53780.61499678 12.830
 46  83.494887  70.619475    -0.415    -0.381 15 53815.61496868 11.700
 47  83.493775  70.590657    -0.343    -0.365 11 53850.61502977 10.070
 48  83.494363  70.604520     0.075    -0.032 15 53885.61504231 26.892
 49  83.491421  70.597035    -0.444    -0.530 12 53920.61510994 18.295
 50  83.488513  70.602043    -1.367    -1.443 12 53955.61510895 26.327
 51  83.496556  70.617074    -0.014     0.042 16 53990.61503012 20.338
 52  83.492059  70.594162    -0.039     0.023 11 54025.61509150 46.268
 53  83.495406  70.605034     0.016     0.025 15 54060.61508642 22.070
 54  83.499548  70.609119    -0.170    -0.183 17 54095.61506157 15.375
 55  83.492925  70.591080    -0.795    -0.729 11 54130.61500453 13.414
 56  83.494432  70.606250    -0.282    -0.182 16 54165.61503293 12.297
 57  83.491563  70.595219     0.679     0.696 12 54200.61500822  9.516
 58  83.490056  70.601885    -0.365    -0.423 12 54235.61504703 18.328
 59  83.491657  70.605408     0.645     0.683 14 54270.61506803 16.913
 60  83.491906  70.602966    -0.683    -0.595 13 54305.61507033 18.699
 61  83.494776  70.608374    -0.619    -0.493 16 54340.61505354 25.520
 62  83.490074  70.600005    -1.054    -1.003 13 54375.61500425 25.494
 63  83.491157  70.605229    -0.197    -0.162 14 54410.61499950 24.390
 64  83.493533  70.591419     0.315     0.305 11 54445.61496622 26.802
 65  83.493950  70.603136    -0.530    -0.546 14 54480.61499022 12.880
 66  83.493062  70.593171    -0.782    -0.867 11 54515.61498082 10.828
 67  83.494219  70.608480    -0.334    -0.335 16 54550.61500428 10.666
 68  83.489015  70.603200     0.138     0.132 12 54585.61497847  8.440
 69  83.490274  70.604117     1.687     1.599 13 54620.61499776 21.383
 70  83.491653  70.603355    -0.189    -0.228 13 54655.61500801 19.201
 71  83.495155  70.605352    -0.457    -0.196 15 54690.61499393 26.018
 72  83.491332  70.595104    -1.020    -1.146 12 54725.61495727 18.866
 73  83.492342  70.604081    -0.374    -0.386 14 54760.61497031 41.879
 74  83.490388  70.591464    -0.454    -0.448 11 54795.61494989 18.410
 75  83.491429  70.603746    -0.097    -0.066 14 54830.61497045 13.835
 76  83.492417  70.594360    -0.524    -0.422 11 54865.61494531 12.504
 77  83.492896  70.606716    -0.402    -0.355 15 54900.61496990 10.857
 78  83.489275  70.600097     0.608     0.603 12 54935.61493794 11.447
 79  83.490235  70.603223     0.567     0.577 13 54970.61497122  9.329
 80  83.492277  70.602412     0.793     0.828 13 55005.61499051 16.394
 81  83.489739  70.605644    -0.124    -0.118 14 55040.61497903 15.292
 82  83.493344  70.608216    -0.370    -0.341 16 55075.61496142 22.571
 83  83.490440  70.597691    -1.316    -1.303 12 55110.61491011 24.655
 84  83.490257  70.605236     0.128     0.129 14 55145.61491405 27.391
 85  83.492430  70.591441    -0.309    -0.409 10 55180.61488587 17.599
 86  83.492032  70.605836    -0.244    -0.116 15 55215.61490869 20.467
 87  83.488953  70.599099     0.131     0.109 12 55250.61488418 13.753
 88  83.495425  70.606631    -0.161    -0.203 16 55285.61490253 11.488
 89  83.490596  70.604340     0.143     0.132 14 55320.61487562  9.678
 90  83.493197  70.604182     2.199     2.188 14 55355.61487607 46.609
 91  83.491225  70.596545     0.143     0.146 12 55390.61487504 14.665
 92  83.491168  70.604498    -0.229    -0.186 13 55425.61489311 18.675
 93  83.498648  70.607401    -1.135    -1.111 17 55460.61486158 22.788
