# NaN NaN NaN ;Mean Elev.(m), Avg Gradient(m/km), RMS Gradient(m/km) - SRTM1     
#   -6.862  -1.166  13.268 ;Mean Elev.(m), Avg Gradient(m/km), RMS Gradient(m/km) - ASTER GDEM
#    1.457  -0.986  11.970 ;Mean Elev.(m), Avg Gradient(m/km), RMS Gradient(m/km) - GMTED2010 
  7  87.785686  66.086502    42.979    42.638  7 52468.22760256 12.575
  8  87.778752  66.084114    52.444    52.972  8 52503.22759220  9.277
  9  87.807861  66.087275    55.646    55.945  7 52538.22757537 15.540
 10  87.787209  66.085959    25.455    27.049  6 52573.22761657 34.259
 11  87.784362  66.086027    38.417    37.737  6 52608.22757489 12.984
 12  87.792287  66.082987    42.529    42.455  8 52643.22757093 10.235
 13  87.782935  66.084674    45.979    45.392  7 52678.22755358  9.090
 15  87.767523  66.084150    57.993    58.061  7 52748.22761789  6.357
 16  87.800796  66.083772    19.323    19.579  8 52783.22755738 46.567
 17  87.797753  66.083067    34.569    32.246  7 52818.22763538 17.279
 18  87.793940  66.082868    40.621    39.313  8 52853.22768522 22.152
 20  87.773769  66.083620    34.879    34.803  8 52923.22767396 17.888
 21  87.804551  66.084857    43.404    41.971  8 52958.22763895 11.778
 22  87.793733  66.084123    46.372    47.648  8 52993.22766542  8.447
 23  87.778574  66.083633    40.380    40.404  8 53028.22763070  9.589
 24  87.797136  66.084843    48.239    52.047  8 53063.22763821  9.970
 25  87.769605  66.084044    41.929    41.985  7 53098.22765637  8.727
 26  87.799169  66.083129     4.846     4.836  7 53133.22763638 13.411
 28  87.786088  66.083767    38.788    36.504  8 53203.22771147 17.636
 29  87.783094  66.083240    38.687    37.488  8 53238.22768035 18.094
 30  87.809708  66.084984    48.339    53.811  8 53273.22763898 13.606
 31  87.787482  66.084953    35.622    37.831  7 53308.22769879 18.085
 33  87.809608  66.083318    21.147    23.259  7 53378.22760567 11.753
 34  87.792288  66.085503    41.533    42.590  8 53413.22764131 11.689
 35  87.808053  66.085072    39.910    37.997  8 53448.22762882  9.681
 37  87.786357  66.085125    19.003    19.045  8 53518.22771424 42.076
 38  87.779291  66.085090    51.697    53.325  6 53553.22773620 11.310
 39  87.784586  66.085031    40.441    42.244  7 53588.22768608 18.755
 40  87.796653  66.083823    37.574    35.996  8 53623.22765735 19.962
 41  87.796640  66.087737    56.110    56.078  5 53658.22768408  9.195
 42  87.780809  66.085942    43.083    41.983  7 53693.22766619 14.597
 43  87.772571  66.083336    37.107    38.079  7 53728.22759010 10.066
 44  87.805531  66.084628    39.869    38.737  8 53763.22754730 12.908
 45  87.778998  66.083450    47.009    44.930  8 53798.22755789  9.993
 47  87.792133  66.084758    11.429     9.572  8 53868.22761697 10.999
 48  87.786418  66.084108    16.145    15.959  7 53903.22764907 32.970
 49  87.779435  66.085617    17.740    19.600  7 53938.22768502 43.813
 50  87.773808  66.083829    52.790    56.839  7 53973.22764801  8.407
 52  87.800242  66.085191    46.625    46.927  8 54043.22765877 10.776
 54  87.768983  66.084145    35.438    35.498  6 54113.22759167  9.786
 56  87.770813  66.083742    46.981    44.984  7 54183.22758074  7.827
 57  87.789679  66.081137    48.423    54.137  6 54218.22760667  9.177
 58  87.786465  66.083205    37.164    37.225  4 54253.22763145 29.916
 59  87.789387  66.087320    52.442    56.484  6 54288.22763483 10.111
 60  87.790034  66.086743    52.702    55.971  7 54323.22763226 10.464
 61  87.773361  66.084863    54.262    57.184  7 54358.22759009 13.223
 62  87.795277  66.089723    50.007    55.941  5 54393.22757195 10.040
 63  87.777274  66.080257     9.938     4.302  6 54428.22754109 27.421
 64  87.795052  66.084331    43.192    42.723  8 54463.22755131 10.122
 65  87.782610  66.084504    42.421    41.844  8 54498.22754941  9.871
 66  87.792157  66.084969    47.675    47.518  8 54533.22756504  8.080
 67  87.773632  66.083832    51.921    52.318  8 54568.22755398  7.710
 68  87.789531  66.084389    15.246    15.336  7 54603.22755999 35.062
 70  87.784684  66.085619    51.697    56.592  6 54673.22757387  9.845
 71  87.778415  66.083405    57.134    57.406  7 54708.22753306  8.285
 72  87.791775  66.085405    56.225    56.581  7 54743.22753949 11.436
 73  87.785307  66.085904    41.876    41.774  7 54778.22751492 10.846
 75  87.780021  66.084273    40.538    40.527  8 54848.22751491  8.509
 76  87.790145  66.084218    39.945    39.943  7 54883.22753667  8.787
 77  87.768921  66.083013    37.336    34.791  8 54918.22751804  9.483
 78  87.789259  66.083718    45.568    42.138  8 54953.22753082  9.999
 79  87.786588  66.084276    18.759    18.748  8 54988.22755505 47.689
 80  87.780151  66.080334    15.320    10.290  5 55023.22754811 39.744
 81  87.787586  66.087279    48.952    53.684  6 55058.22754195 13.800
 82  87.772278  66.083421    53.272    56.804  7 55093.22749800  8.680
 83  87.790409  66.085652    41.935    42.818  6 55128.22748297 16.825
 84  87.782111  66.084443    37.989    37.763  7 55163.22745916 14.525
 85  87.791994  66.083496    44.633    48.460  8 55198.22747445  9.232
 86  87.776237  66.084694    47.187    48.559  7 55233.22746375  7.194
 87  87.789003  66.084331    45.723    46.878  7 55268.22746922  7.112
 88  87.773449  66.082952    42.939    43.663  7 55303.22744361  7.981
 89  87.787741  66.086301    51.541    56.355  6 55338.22744213 10.068
 90  87.787312  66.086878    55.118    57.707  5 55373.22743288 11.785
 91  87.795371  66.087055    62.825    85.247  3 55408.22745321 12.283
 92  87.783128  66.083294    44.032    43.009  8 55443.22745166 16.755
 93  87.771082  66.083217    50.458    47.604  7 55478.22739116 11.657
