# NaN NaN NaN ;Mean Elev.(m), Avg Gradient(m/km), RMS Gradient(m/km) - SRTM1     
#   -4.799   0.080  11.940 ;Mean Elev.(m), Avg Gradient(m/km), RMS Gradient(m/km) - ASTER GDEM
#   24.626  -0.145   8.592 ;Mean Elev.(m), Avg Gradient(m/km), RMS Gradient(m/km) - GMTED2010 
  9  88.828583  62.491607    88.090    88.068  5 52529.21632530  1.120
 11  88.806227  62.494837    53.359    53.359  2 52599.21637704  1.939
 14  88.829106  62.493822    82.492    82.539  3 52704.21632518  0.776
 15  88.815041  62.498928    80.444    78.747  5 52739.21636195  2.986
 16  88.812555  62.497807    85.862    85.936  5 52774.21631224 11.142
 19  88.818274  62.495638    20.194    19.842  5 52879.21647940 50.680
 21  88.832548  62.489956    18.630    18.551  5 52949.21639672 44.792
 25  88.807842  62.505086    78.487    77.520  4 53089.21643678  1.516
 26  88.825665  62.495036    87.904    87.855  4 53124.21640817  1.215
 27  88.816907  62.498663    86.564    86.551  5 53159.21646685 11.937
 29  88.823482  62.500733    87.775    87.775  2 53229.21645368  1.928
 30  88.807469  62.502298    85.039    85.019  5 53264.21642559  3.976
 32  88.818089  62.497305    67.103    67.103  2 53334.21644093  2.232
 36  88.821677  62.499270    81.020    81.020  2 53474.21646089  0.746
 37  88.817971  62.496475    86.814    86.868  5 53509.21648166 14.976
 40  88.806918  62.500475    20.135    20.151  5 53614.21642887 49.946
 41  88.823724  62.492294    80.922    86.882  5 53649.21643656  6.955
 42  88.811790  62.497868    69.061    68.989  5 53684.21644983  3.730
 43  88.810095  62.494819    58.757    58.757  2 53719.21637718  0.335
 48  88.822182  62.492993    87.382    87.200  5 53894.21639474  6.070
 49  88.811270  62.500510    26.085    26.040  5 53929.21644935 10.267
 51  88.837306  62.494442    89.014    89.014  2 53999.21638246  3.274
 54  88.808638  62.500080    85.562    85.700  6 54104.21637895  3.854
 55  88.823041  62.495209    87.792    87.764  5 54139.21635358  3.026
 56  88.812468  62.498776    85.851    85.794  5 54174.21635805  3.498
 57  88.821242  62.494370    23.975    24.094  5 54209.21636005 22.908
 58  88.818322  62.495251    86.946    86.901  5 54244.21639094 11.889
 60  88.819689  62.498820    86.547    86.468  4 54314.21640244  3.643
 61  88.810958  62.498161    85.377    85.370  5 54349.21637263  7.112
 62  88.822901  62.494921    87.301    87.579  3 54384.21634116  0.820
 63  88.813098  62.498970    59.485    57.761  5 54419.21632212  6.217
 67  88.814174  62.500113    86.692    86.736  4 54559.21633039  1.949
 68  88.819093  62.497218    24.195    24.233  5 54594.21632070 23.841
 69  88.818009  62.498142    86.752    86.786  5 54629.21633524  4.488
 72  88.824380  62.494425    87.650    87.704  5 54734.21630073  4.451
 74  88.821272  62.492630    53.314    43.887  4 54804.21629511  4.437
 78  88.821810  62.494903    45.231    45.232  4 54944.21628723  6.972
 79  88.816900  62.496972    86.898    86.911  6 54979.21631398 15.271
 80  88.816093  62.495552    86.587    86.557  5 55014.21631891  2.135
 83  88.825661  62.495398    87.776    88.352  3 55119.21624401  1.366
 88  88.811430  62.498947    82.643    83.084  5 55294.21622551  2.178
 89  88.815901  62.495647    86.137    86.237  5 55329.21621150  9.184
 90  88.815652  62.499271    86.356    86.362  5 55364.21620561  6.217
 91  88.825324  62.496712    86.458    86.058  3 55399.21621590  5.070
 92  88.819540  62.497669    87.022    87.107  5 55434.21622188  1.227
 93  88.809705  62.500679    83.772    85.321  6 55469.21617723  5.821
