-158733.678   404.385     0.00   60.26
-158360.606   441.875   100.50   54.19
-157987.619   479.523   100.95   33.65
-157614.719   501.061    57.77   27.09
-157241.903   521.730    55.44   29.12
-156869.174   542.798    56.53   33.60
-156496.530   569.730    72.28   41.62
-156123.972   583.597    37.23   36.86
-155751.499   578.909   -12.59   40.90
-155379.112   549.770   -78.26   59.03
-155006.809   509.498  -108.18   55.38
-154634.593   480.119   -78.94   32.68
-154262.461   468.789   -30.45   23.31
-153890.415   463.830   -13.33   28.34
-153518.454   455.568   -22.21   34.06
-153146.578   438.669   -45.45   39.95
-152774.787   414.751   -64.34   44.01
-152403.081   387.424   -73.53   47.35
-152031.459   354.303   -89.13   53.07
-151659.923   323.585   -82.69   46.86
-151288.472   294.984   -77.01   31.67
-150917.105   279.924   -40.56   26.97
-150545.823   270.255   -26.04   27.94
-150174.625   263.103   -19.27   22.89
-149803.512   258.834   -11.50   16.43
-149432.484   262.501     9.88   24.19
-149061.540   271.515    24.30   32.86
-148690.680   280.981    25.53   36.52
-148319.905   288.932    21.44   31.90
-147949.214   294.906    16.12   26.16
-147578.607   297.645     7.39   20.60
-147208.084   300.488     7.67   16.99
-146837.646   301.845     3.67   18.14
-146467.291   303.937     5.65   22.06
-146097.021   311.462    20.32   25.63
-145726.834   315.906    12.01   24.81
-145356.732   320.341    11.99   20.63
-144986.713   324.491    11.22   15.52
-144616.778   327.731     8.76   12.82
-144246.926   330.347     7.07    8.98
-143877.159   331.041     1.88    4.46
-143507.475   332.770     4.68    6.03
-143137.874   333.216     1.21    7.42
-142768.357   326.712   -17.60   11.67
-142398.923   317.598   -24.67   15.54
-142029.573   304.984   -34.16   16.48
-141660.306   292.087   -34.93   13.64
-141291.122   281.142   -29.65    8.78
-140922.022   275.446   -15.43    7.16
-140553.005   270.281   -14.00    4.90
-140184.070   266.313   -10.76    4.66
-139815.219   263.888    -6.57    3.69
-139446.451   262.270    -4.39    3.28
-139077.766   260.634    -4.44    3.73
-138709.163   260.043    -1.60    3.76
-138340.644   261.341     3.52    4.07
-137972.207   262.066     1.97    3.78
-137603.853   263.566     4.07    3.38
-137235.581   264.074     1.38    4.64
-136867.392   264.956     2.40    6.70
-136499.286   265.974     2.76    7.69
-136131.262   266.083     0.30    7.70
-135763.321   265.954    -0.35    7.14
-135395.462   266.966     2.75    7.34
-135027.685   269.182     6.02    9.50
-134659.990   272.129     8.02   11.98
-134292.378   276.201    11.08   12.16
-133924.848   280.119    10.66   11.40
-133557.400   284.770    12.66   10.52
-133190.034   293.848    24.71   16.46
-132822.750   305.403    31.46   18.64
-132455.548   319.692    38.92   19.24
-132088.428   330.372    29.09   17.66
-131721.390   340.731    28.22   16.73
-131354.433   348.986    22.50   16.25
-130987.559   358.260    25.28   13.99
-130620.766   365.126    18.72   12.95
-130254.054   368.820    10.08   10.88
-129887.424   370.443     4.43   10.08
-129520.876   370.067    -1.03   10.26
-129154.409   370.018    -0.14   11.11
-128788.023   367.071    -8.04   11.41
-128421.719   363.811    -8.90   11.02
-128055.496   361.529    -6.23   10.22
-127689.354   360.414    -3.05   11.01
-127323.294   366.358    16.24   15.47
-126957.315   374.623    22.58   17.70
-126591.416   386.265    31.82   17.62
-126225.599   397.508    30.74   18.55
-125859.863   407.424    27.11   16.87
-125494.207   413.289    16.04   13.93
-125128.633   411.976    -3.59   13.71
-124763.139   397.270   -40.24   26.79
-124397.726   374.193   -63.16   35.44
-124032.394   347.924   -71.91   29.23
-123667.142   328.052   -54.41   16.97
-123301.972   318.394   -26.45    6.92
-122936.881   316.473    -5.26    4.29
-122571.871   319.329     7.82    7.42
-122206.942   327.090    21.27   12.06
-121842.093   340.139    35.77   17.49
-121476.197   355.940    43.19   20.28
-121094.497   373.998    47.31   19.56
-120712.886   392.730    49.09   18.83
-120331.364   414.260    56.44   24.20
-119949.932   433.900    51.49   25.28
-119568.590   457.652    62.29   22.33
-119187.337   474.440    44.04   15.75
-118806.173   487.623    34.59   12.27
-118425.098   496.535    23.39    9.82
-118044.113   503.462    18.18    9.83
-117663.217   506.932     9.11    9.74
-117282.410   505.250    -4.42    9.48
-116901.692   499.480   -15.16   11.95
-116521.062   488.886   -27.83   15.17
-116140.522   477.523   -29.86   17.38
-115760.071   464.447   -34.37   20.30
-115379.708   447.368   -44.90   24.77
-114999.434   424.103   -61.18   27.29
-114619.249   403.938   -53.04   24.40
-114239.152   390.849   -34.44   16.84
-113859.144   388.510    -6.16   18.86
-113479.224   390.453     5.11   33.15
-113099.393   396.721    16.50   42.99
-112719.650   395.552    -3.08   49.80
-112339.995   382.564   -34.21   59.54
-111960.428   340.650  -110.43   83.77
-111580.950   284.201  -148.76   89.39
-111201.560   223.670  -159.56   54.96
-110822.257   195.366   -74.63   23.21
-110443.043   186.595   -23.13   12.60
-110063.917   178.731   -20.74   21.52
-109684.878   164.644   -37.17   32.08
-109305.927   140.162   -64.61   34.46
-108927.064   114.505   -67.73   21.53
-108548.289   103.275   -29.65   14.45
-108169.601    99.653    -9.57   10.30
-107791.001   102.246     6.85   12.41
-107412.489   107.166    13.00   11.85
-107034.063   109.417     5.95   11.28
-106655.726   111.325     5.04   11.38
-106277.475   110.520    -2.13   13.42
-105899.312   107.952    -6.79   15.31
-105521.236   101.398   -17.34   15.75
-105143.247    94.641   -17.87   12.59
-104765.345    87.878   -17.90    7.93
-104387.530    83.620   -11.27    4.97
-104009.802    81.380    -5.93    3.71
-103632.161    80.437    -2.50    3.41
-103254.607    79.255    -3.13    3.54
-102877.140    79.005    -0.66    3.40
-102499.759    78.948    -0.15    3.03
-102122.465    79.760     2.15    2.93
-101745.258    80.215     1.21    2.88
-101368.137    80.878     1.76    3.50
-100991.103    82.160     3.40    4.22
-100614.155    83.172     2.68    4.30
-100237.294    83.587     1.10    4.34
 -99860.518    81.566    -5.36    4.95
 -99483.829    78.409    -8.38    4.92
 -99107.227    77.035    -3.65    3.84
 -98730.710    76.420    -1.63    3.47
 -98354.280    75.074    -3.58    4.12
 -97977.935    73.162    -5.08    4.65
 -97601.677    70.574    -6.88    3.06
 -97225.504    68.907    -4.43    2.64
 -96849.417    68.660    -0.66    2.79
 -96473.416    68.388    -0.72    2.64
 -96097.501    69.434     2.78    2.96
 -95721.671    69.878     1.18    2.91
 -95345.927    69.124    -2.01    3.05
 -94970.269    68.437    -1.83    3.06
 -94594.696    67.544    -2.38    3.56
 -94219.209    70.216     7.12    8.04
 -93843.807    75.372    13.74   10.82
 -93468.490    79.025     9.73   10.11
 -93093.258    79.824     2.13    9.50
 -92718.112    76.828    -7.99    9.80
 -92343.051    72.932   -10.39    6.71
 -91968.075    70.103    -7.54    4.88
 -91593.184    68.090    -5.37    4.89
 -91218.378    69.404     3.50    8.63
 -90843.657    70.344     2.51   11.46
 -90469.021    69.790    -1.48   12.93
 -90094.469    68.582    -3.23   12.23
 -89720.003    65.831    -7.35    8.03
 -89345.621    64.888    -2.52    7.17
 -88971.324    64.932     0.12    5.81
 -88597.111    63.119    -4.84    3.64
 -88222.983    62.791    -0.88    2.76
 -87848.939    64.005     3.25    3.15
 -87474.980    64.678     1.80    3.45
 -87101.105    64.966     0.77    3.39
 -86727.314    63.390    -4.22    3.82
 -86353.608    61.344    -5.47    4.38
 -85979.986    59.275    -5.54    4.26
 -85606.448    57.060    -5.93    3.43
 -85232.994    56.143    -2.46    2.96
 -84859.624    55.168    -2.61    3.12
 -84486.338    53.280    -5.06    4.01
 -84113.136    50.475    -7.52    4.41
 -83740.018    49.878    -1.60    4.50
 -83366.984    50.434     1.49    5.42
 -82994.033    51.476     2.79    5.21
 -82621.166    52.850     3.69    3.66
 -82248.383    53.319     1.26    3.08
 -81875.683    51.810    -4.05    4.56
 -81503.067    47.496   -11.58    8.36
 -81130.534    42.750   -12.74    9.25
 -80758.085    35.336   -19.91   10.22
 -80385.719    28.226   -19.10   10.97
 -80013.436    22.016   -16.68    9.18
 -79641.237    17.655   -11.71    4.92
 -79269.121    16.494    -3.12    3.65
 -78897.088    18.622     5.72    5.83
 -78525.138    22.120     9.41    8.38
 -78153.271    28.226    16.42   10.14
 -77781.487    35.084    18.45    7.96
 -77409.785    37.020     5.21    7.11
 -77038.167    31.584   -14.63   13.15
 -76666.632    22.245   -25.14   14.90
 -76295.179    16.790   -14.69   11.03
 -75923.809    15.532    -3.39    9.06
 -75552.522    20.819    14.24    8.85
 -75181.317    27.008    16.67    6.54
 -74810.195    31.988    13.42    7.65
 -74439.155    35.970    10.73    6.51
 -74068.198    40.226    11.47    4.05
 -73697.323    41.849     4.38    4.83
 -73326.530    42.166     0.85    5.41
 -72955.820    43.869     4.59    5.38
 -72585.192    46.427     6.90    4.62
 -72214.646    49.123     7.28    5.27
 -71844.182    51.739     7.06    4.92
 -71473.800    53.523     4.81    4.30
 -71103.500    55.053     4.13    4.47
 -70733.282    57.800     7.42    5.80
 -70363.146    60.300     6.75    6.84
 -69993.092    64.659    11.78    8.02
 -69623.120    69.186    12.24    6.46
 -69253.229    71.654     6.67    4.41
 -68883.420    71.868     0.58    4.36
 -68513.693    70.367    -4.06    5.78
 -68144.047    72.560     5.93    9.53
 -67774.482    74.750     5.93   11.39
 -67405.000    78.840    11.07   12.73
 -67035.598    83.780    13.37   12.43
 -66666.278    88.260    12.13   13.28
 -66297.039    93.070    13.03   13.46
 -65927.882    98.420    14.49   13.39
 -65558.805   102.898    12.13   14.22
 -65189.810   107.469    12.39   14.26
 -64820.896   112.424    13.43   16.21
 -64452.063   116.128    10.04   16.77
 -64083.310   120.330    11.40   15.09
 -63714.639   123.047     7.37   13.50
 -63346.049   126.441     9.21   11.02
 -62977.539   130.424    10.81   10.06
 -62609.110   135.223    13.03    9.82
 -62240.762   137.299     5.64    8.86
 -61872.495   139.719     6.57    6.92
 -61504.308   140.540     2.23    7.36
 -61136.202   140.300    -0.65    8.75
 -60768.176   138.225    -5.64    8.78
 -60400.231   134.927    -8.96    6.97
 -60032.366   132.104    -7.67    4.50
 -59664.582   128.968    -8.53    4.84
 -59296.877   126.458    -6.83    5.44
 -58929.253   121.848   -12.54    6.00
 -58561.710   118.340    -9.55    4.69
 -58194.246   116.183    -5.87    4.59
 -57826.862   115.094    -2.97    5.42
 -57459.559   115.308     0.58    5.71
 -57092.335   113.701    -4.37    6.71
 -56725.192   111.896    -4.92    7.48
 -56358.128   108.450    -9.39    9.31
 -55991.144   104.520   -10.71    9.36
 -55624.240   101.000    -9.59    8.40
 -55257.416    97.982    -8.23    7.73
 -54890.671    94.619    -9.17    5.40
 -54524.006    92.661    -5.34    4.53
 -54157.420    89.652    -8.21    5.41
 -53790.914    86.570    -8.41    6.23
 -53424.488    83.566    -8.20    5.28
 -53058.141    80.910    -7.25    2.96
 -52691.873    80.760    -0.41    2.87
 -52325.685    81.287     1.44    2.78
 -51959.576    81.899     1.67    2.57
 -51593.546    81.906     0.02    2.73
 -51227.595    81.483    -1.16    3.12
 -50861.723    81.340    -0.39    3.10
 -50495.931    80.020    -3.61    3.27
 -50130.217    79.235    -2.15    3.12
 -49764.582    78.198    -2.84    3.50
 -49399.027    76.770    -3.90    3.31
 -49033.550    76.508    -0.72    3.08
 -48668.152    76.661     0.42    3.32
 -48302.833    76.330    -0.91    3.44
 -47937.592    75.700    -1.72    3.45
 -47572.430    74.950    -2.05    3.58
 -47207.347    74.513    -1.20    3.88
 -46842.342    74.420    -0.25    4.03
 -46464.608    74.152    -0.71    3.91
 -46083.168    72.680    -3.86    3.21
 -45701.816    71.000    -4.41    2.16
 -45320.551    70.090    -2.39    3.15
 -44939.373    67.630    -6.46    6.78
 -44558.283    65.107    -6.62    8.62
 -44177.279    62.583    -6.62    8.96
 -43796.362    60.970    -4.23    8.33
 -43415.532    60.489    -1.27    8.40
 -43034.789    61.117     1.65    8.55
 -42654.133    60.529    -1.54    7.99
 -42273.564    56.130   -11.56   10.23
 -41893.081    53.111    -7.93    9.55
 -41512.685    54.295     3.11    8.79
 -41132.375    56.234     5.10    8.63
 -40752.152    59.599     8.85    5.56
 -40372.016    61.708     5.55    2.59
 -39991.965    61.651    -0.15    2.32
 -39612.001    62.142     1.29    2.72
 -39232.124    63.220     2.84    2.36
 -38852.332    64.458     3.26    2.46
 -38472.627    66.080     4.27    2.94
 -38093.008    67.915     4.83    3.56
 -37713.475    70.124     5.82    3.41
 -37334.028    70.575     1.19    3.15
 -36954.667    70.186    -1.02    3.12
 -36575.391    70.117    -0.18    2.96
 -36196.202    70.225     0.28    2.41
 -35817.098    71.215     2.61    2.93
 -35438.080    72.920     4.50    3.50
 -35059.148    75.975     8.06    5.57
 -34680.301    79.376     8.98    6.70
 -34301.539    80.890     4.00    7.01
 -33922.864    81.710     2.17    6.99
 -33544.273    81.229    -1.27    6.59
 -33165.768    82.174     2.50    5.39
 -32787.348    83.639     3.87    4.54
 -32409.014    85.100     3.86    4.37
 -32030.764    86.043     2.49    4.75
 -31652.600    85.893    -0.40    6.15
 -31274.521    82.990    -7.68    7.41
 -30896.527    79.852    -8.30    6.69
 -30518.618    79.018    -2.21    6.23
 -30140.793    79.026     0.02    5.67
 -29763.054    78.839    -0.49    6.24
 -29385.399    77.874    -2.56    8.32
 -29007.830    74.811    -8.11    9.50
 -28630.344    72.876    -5.13    9.21
 -28252.944    71.790    -2.88    9.04
 -27875.628    71.932     0.38    8.73
 -27498.396    73.325     3.69    7.28
 -27121.249    75.902     6.83    5.90
 -26744.186    78.568     7.07    7.21
 -26367.208    81.547     7.90    7.82
 -25990.314    84.780     8.58    7.52
 -25613.504    85.992     3.22    6.08
 -25236.779    85.580    -1.09    6.42
 -24860.137    83.427    -5.72    7.40
 -24483.580    79.730    -9.82    6.81
 -24107.106    75.903   -10.16    5.69
 -23730.717    72.982    -7.76    5.30
 -23354.411    70.510    -6.57    5.57
 -22978.189    67.619    -7.69    5.76
 -22602.052    66.393    -3.26    5.99
 -22225.997    69.640     8.64   10.82
 -21850.027    73.332     9.82   12.31
 -21474.140    77.861    12.05   10.91
 -21098.336    79.400     4.10    7.94
 -20722.617    78.121    -3.40    5.83
 -20346.980    75.281    -7.56    4.34
 -19971.427    74.276    -2.68    3.57
 -19595.958    73.200    -2.87    3.61
 -19220.571    73.002    -0.53    3.29
 -18845.268    73.750     1.99    3.58
 -18470.048    75.684     5.15    6.14
 -18094.911    79.400     9.91    7.07
 -17719.858    82.547     8.39    6.96
 -17344.887    83.290     1.98    9.02
 -16969.999    81.379    -5.10    9.50
 -16595.194    78.607    -7.39    8.11
 -16220.472    77.245    -3.64    5.40
 -15845.833    77.558     0.84    4.21
 -15471.277    79.600     5.45    5.07
 -15096.803    81.583     5.30    6.05
 -14722.412    81.300    -0.76    6.85
 -14348.104    79.403    -5.07    7.14
 -13973.878    76.852    -6.82    6.23
 -13599.734    73.213    -9.73    4.18
 -13225.673    70.510    -7.23    5.47
 -12851.694    69.586    -2.47    5.56
 -12477.798    69.640     0.14    6.01
 -12103.984    68.545    -2.93    6.61
 -11730.252    65.460    -8.25    8.62
 -11356.602    60.066   -14.44    9.13
 -10983.035    54.332   -15.35    7.94
 -10609.549    50.451   -10.39    5.02
 -10236.145    48.270    -5.84    3.45
  -9862.824    47.469    -2.15    4.91
  -9489.584    45.801    -4.47    6.50
  -9116.426    44.209    -4.27    5.97
  -8743.350    43.036    -3.15    5.49
  -8370.356    39.053   -10.68    9.12
  -7997.443    33.833   -14.00   12.92
  -7624.612    27.820   -16.13   12.45
  -7251.862    24.438    -9.07   10.88
  -6879.194    27.690     8.73   11.55
  -6506.608    33.575    15.80    8.84
  -6134.103    36.770     8.58    5.73
  -5761.679    37.749     2.63    3.85
  -5389.336    36.495    -3.37    5.61
  -5017.075    33.457    -8.16    8.44
  -4644.895    29.379   -10.96    8.62
  -4272.796    26.451    -7.87    7.27
  -3900.778    24.638    -4.87    6.52
  -3528.842    22.709    -5.19    6.82
  -3156.986    19.083    -9.75    9.71
  -2785.211    14.709   -11.76   10.46
  -2413.517    10.173   -12.20    9.22
  -2041.904     7.400    -7.46    7.85
  -1670.372     6.473    -2.50    8.54
  -1298.920     4.310    -5.82    8.36
   -927.550     1.832    -6.67    6.17
   -556.259    -0.179    -5.42    0.61
   -185.050    -0.240    -0.16    0.00
    186.079    -0.240     0.00    0.00
    557.128    -0.240     0.00    0.00
    928.096    -0.240     0.00    0.00
   1298.984    -0.240     0.00    0.00
   1669.792    -0.240     0.00    0.00
   2040.519     4.430    12.60   10.10
   2411.166    12.934    22.94   15.03
   2781.733    21.578    23.33   14.28
   3152.220    28.051    17.47    9.17
   3522.627    31.760    10.02    6.25
   3892.953    33.285     4.12    7.01
   4263.200    33.406     0.33    6.40
   4633.367    33.699     0.79    5.76
   5003.454    33.781     0.22    6.65
   5373.461    32.587    -3.23    6.72
   5743.389    31.599    -2.67    6.54
   6113.236    29.018    -6.98    6.92
   6483.004    26.160    -7.73    4.23
   6852.693    25.863    -0.80    4.64
   7222.302    25.667    -0.53    5.62
   7591.831    26.148     1.30    5.82
   7961.281    26.444     0.80    6.22
   8330.652    27.616     3.17    7.96
   8699.943    30.862     8.79    8.79
   9069.155    31.813     2.58    8.12
   9438.288    29.700    -5.72    7.86
   9807.341    28.347    -3.67    6.59
  10176.316    27.669    -1.84    5.59
  10545.211    29.867     5.96    8.08
  10914.027    32.862     8.12    8.15
  11282.764    33.719     2.32    7.74
  11651.423    32.550    -3.17    8.12
  12020.002    30.311    -6.07    6.45
  12388.503    29.760    -1.50    6.77
  12756.924    31.130     3.72    7.58
  13125.267    33.336     5.99    8.98
  13493.532    33.498     0.44    9.39
  13861.717    31.094    -6.53    8.42
  14229.825    31.358     0.72    8.15
  14597.853    32.240     2.40    8.26
  14965.803    34.100     5.06    8.92
  15333.675    35.327     3.33    9.20
  15701.468    36.462     3.09    9.45
  16069.183    37.204     2.02    9.49
  16436.819    39.412     6.01    8.67
  16804.378    41.791     6.47    6.85
  17171.858    42.080     0.79    4.97
  17539.260    39.327    -7.49    6.24
  17906.584    36.387    -8.01    6.35
  18273.830    33.056    -9.07    5.61
  18640.998    30.107    -8.03    4.78
  19008.087    28.398    -4.66    3.91
  19375.099    30.771     6.47    7.39
  19742.034    34.937    11.36   10.64
  20108.890    38.399     9.44   10.33
  20475.669    40.467     5.64    9.19
  20842.369    40.719     0.69    8.24
  21208.993    43.958     8.83    8.79
  21575.538    48.466    12.30    7.58
  21942.006    50.977     6.85    6.39
  22308.397    51.706     1.99    5.19
  22674.710    48.336    -9.20    7.43
  23040.946    45.080    -8.89    7.73
  23407.104    42.177    -7.93    6.45
  23773.185    41.740    -1.19    6.36
  24139.189    42.843     3.01    5.27
  24505.115    44.821     5.41    5.52
  24870.965    46.494     4.57    5.05
  25236.737    46.770     0.76    4.81
  25602.432    48.588     4.97    4.71
  25968.050    47.281    -3.58    7.09
  26333.591    45.872    -3.85    7.84
  26699.056    44.526    -3.68    7.72
  27064.443    43.260    -3.46    6.54
  27429.754    44.075     2.23    4.63
  27794.987    45.301     3.36    3.85
  28167.996    44.827    -1.27    4.27
  28549.267    42.811    -5.29    5.97
  28930.453    40.984    -4.79    7.08
  29311.554    39.033    -5.12    7.26
  29692.570    39.630     1.57    7.53
  30073.502    40.975     3.53    7.38
  30454.348    42.024     2.76    7.71
  30835.110    42.028     0.01    6.92
  31215.787    42.825     2.09    9.30
  31596.380    44.952     5.59   11.44
  31976.888    48.619     9.64   13.47
  32357.311    52.647    10.59   12.79
  32737.650    55.804     8.30   13.24
  33117.905    58.059     5.93   13.56
  33498.075    59.934     4.93   13.68
  33878.161    60.932     2.63   12.88
  34258.163    62.130     3.15   12.70
  34638.081    66.111    10.48   12.50
  35017.914    71.101    13.14   12.71
  35397.664    78.121    18.49   12.35
  35777.329    85.478    19.38   12.26
  36156.911    90.326    12.77   10.39
  36536.408    93.967     9.59    8.21
  36915.822    97.544     9.43    6.24
  37295.152    97.849     0.81    5.86
  37674.398    96.142    -4.50    7.96
  38053.561    93.815    -6.14    9.04
  38432.640    94.558     1.96    9.92
  38811.635    98.315     9.91   11.41
  39190.547   105.750    19.62   11.26
  39569.375   114.460    22.99   10.44
  39948.120   122.503    21.23    9.66
  40326.782   125.684     8.40    8.55
  40705.360   123.114    -6.79   10.32
  41083.855   118.610   -11.90   11.94
  41462.267   110.544   -21.31   12.23
  41840.596   104.562   -15.81   11.76
  42218.841   101.932    -6.95   12.78
  42597.004   103.899     5.20   13.75
  42975.084   109.969    16.05   12.63
  43353.080   113.979    10.61    9.80
  43730.994   114.982     2.66    8.78
  44108.825   114.965    -0.05    8.37
  44486.574   115.260     0.78    7.69
  44864.239   112.466    -7.40    9.06
  45241.822   108.750    -9.84   11.30
  45619.322   105.229    -9.33   10.25
  45996.740   101.577    -9.68    6.93
  46374.076   100.308    -3.36    6.08
  46751.328    98.781    -4.05    6.61
  47128.499    95.529    -8.62    6.64
  47505.587    91.760    -9.99    9.46
  47882.593    90.485    -3.38   11.81
  48259.517    92.214     4.59   12.48
  48636.358    93.854     4.35   11.62
  49013.117    93.240    -1.63   11.68
  49389.795    91.364    -4.98   11.54
  49766.390    90.994    -0.98   11.70
  50142.903    92.523     4.06   13.13
  50519.335    93.371     2.25   12.99
  50895.684    93.138    -0.62   11.93
  51271.952    90.245    -7.69   11.05
  51648.138    87.010    -8.60    9.96
  52024.242    82.718   -11.41    7.78
  52400.265    80.472    -5.97    5.88
  52776.206    79.683    -2.10    4.25
  53152.065    80.987     3.47    5.11
  53527.843    82.325     3.56    4.99
  53903.540    81.285    -2.77    6.02
  54279.155    79.717    -4.18    5.99
  54654.689    76.915    -7.46    5.83
  55030.142    73.338    -9.53    5.97
  55405.513    71.927    -3.76    5.82
  55780.803    69.554    -6.32    3.63
  56156.012    67.585    -5.25    3.64
  56531.140    66.909    -1.80    3.89
  56906.187    65.719    -3.17    4.55
  57281.153    64.577    -3.04    4.86
  57656.038    64.908     0.88    5.48
  58030.842    63.918    -2.64    5.99
  58405.566    63.339    -1.54    6.02
  58780.208    63.354     0.04    6.08
  59154.770    60.508    -7.60    6.74
  59529.252    58.489    -5.39    6.84
  59903.652    55.118    -9.00    8.72
  60277.972    51.677    -9.19    8.66
  60652.212    47.379   -11.48    5.66
  61026.371    45.117    -6.04    3.07
  61400.450    45.717     1.60    2.75
  61774.448    47.010     3.46    3.24
  62148.366    47.916     2.42    3.61
  62522.204    48.036     0.32    3.46
  62895.962    47.478    -1.49    5.24
  63269.640    46.577    -2.41    5.08
  63643.237    45.749    -2.21    5.13
  64016.754    46.740     2.65    5.84
  64390.192    49.147     6.45    7.73
  64763.549    51.183     5.45    8.21
  65136.827    52.430     3.34    7.52
  65510.024    53.451     2.73    7.69
  65883.142    54.740     3.45    7.78
  66256.180    55.602     2.31    7.80
  66629.139    57.171     4.21    8.22
  67002.018    57.729     1.50    8.13
  67374.817    58.646     2.46    7.45
  67747.537    59.684     2.79    6.10
  68120.177    61.441     4.71    5.84
  68492.738    63.401     5.26    5.30
  68865.219    66.729     8.94    5.01
  69237.621    69.505     7.45    4.33
  69609.944    71.587     5.59    4.45
  69982.187    72.739     3.09    3.80
  70354.352    72.323    -1.12    4.47
  70726.437    72.586     0.71    4.34
  71098.443    72.129    -1.23    4.00
  71470.370    71.150    -2.63    4.31
  71842.218    71.066    -0.23    4.11
  72213.987    71.687     1.67    4.42
  72585.678    73.139     3.91    4.94
  72957.289    75.708     6.91    4.90
  73328.822    77.434     4.65    5.35
  73700.276    78.885     3.91    4.92
  74071.651    78.565    -0.86    5.10
  74442.947    77.015    -4.17    5.10
  74814.165    73.882    -8.44    3.98
  75185.305    72.698    -3.19    3.36
  75556.366    72.694    -0.01    3.90
  75927.348    74.333     4.42    4.68
  76298.252    75.502     3.15    4.27
  76669.078    76.354     2.30    4.55
  77039.825    76.168    -0.50    5.68
  77410.495    75.090    -2.91    6.32
  77781.086    74.916    -0.47    6.63
  78151.598    74.518    -1.08    6.62
  78522.033    73.055    -3.95    5.69
  78892.390    71.573    -4.00    4.29
  79262.669    69.854    -4.64    5.94
  79632.869    67.277    -6.96    7.40
  80002.992    64.375    -7.84    6.64
  80373.037    61.749    -7.09    3.66
  80743.004    62.281     1.44    3.54
  81112.894    64.266     5.36    3.61
  81482.705    66.171     5.15    2.98
  81852.440    67.104     2.52    2.04
  82222.096    67.459     0.96    0.76
  82591.675    67.250    -0.57    1.58
  82961.176    67.026    -0.61    1.93
  83330.600    66.760    -0.72    1.89
  83699.946    67.116     0.96    2.53
  84069.216    69.219     5.69    4.58
  84438.407    71.684     6.68    6.28
  84807.522    75.250     9.66    7.94
  85176.559    77.079     4.96    7.80
  85545.519    76.202    -2.38    8.73
  85914.402    72.552    -9.90    9.32
  86283.208    67.487   -13.73    7.86
  86651.937    63.152   -11.75    5.36
  87020.588    59.947    -8.69    4.40
  87389.163    57.944    -5.43    3.98
  87757.661    55.869    -5.63    3.14
  88126.082    55.564    -0.83    2.89
  88494.427    54.989    -1.56    3.45
  88862.694    55.905     2.49    3.65
  89230.885    56.466     1.52    3.72
  89599.000    56.044    -1.14    3.71
  89967.037    55.750    -0.80    3.17
  90334.998    54.923    -2.25    3.06
  90702.883    54.834    -0.24    2.90
  91070.691    55.681     2.30    3.30
  91438.423    57.013     3.62    3.10
  91806.078    57.538     1.43    2.56
  92173.657    58.076     1.46    2.46
  92541.159    59.341     3.44    3.34
  92908.586    61.297     5.32    4.85
  93275.936    63.625     6.34    5.80
  93643.210    65.846     6.05    5.73
  94010.408    65.531    -0.86    5.66
  94377.530    64.575    -2.60    5.92
  94744.576    62.667    -5.20    5.62
  95111.546    60.325    -6.38    5.62
  95478.441    59.021    -3.56    5.16
  95845.259    57.984    -2.83    4.24
  96212.001    56.750    -3.36    3.82
  96578.668    55.413    -3.65    4.55
  96945.259    55.319    -0.26    5.19
  97311.774    55.604     0.78    5.11
  97678.214    57.044     3.93    4.95
  98044.578    59.239     5.99    2.60
  98410.867    58.848    -1.07    2.36
  98777.080    58.135    -1.95    3.21
  99143.218    57.877    -0.70    4.03
  99509.280    56.834    -2.85    3.96
  99875.267    56.634    -0.55    3.24
 100241.179    56.499    -0.37    3.65
 100607.015    56.594     0.26    4.58
 100972.776    56.216    -1.03    5.33
 101338.462    56.181    -0.09    5.66
 101704.073    57.297     3.05    7.44
 102069.609    61.508    11.52    9.39
 102435.070    67.623    16.73    7.44
 102803.725    73.356    15.55    4.42
 103184.829    78.389    13.21    7.25
 103565.850    84.508    16.06    7.58
 103946.788    88.835    11.36    5.50
 104327.644    92.047     8.44    2.89
 104708.417    92.476     1.13    2.71
 105089.107    92.000    -1.25    2.43
 105469.715    91.118    -2.32    2.63
 105850.240    90.388    -1.92    3.50
 106230.683    88.196    -5.76    5.69
 106611.044    87.371    -2.17    6.34
 106991.322    84.888    -6.53    7.38
 107371.519    79.537   -14.07    8.86
 107751.632    77.686    -4.87    8.31
 108131.664    75.992    -4.46    8.82
 108511.614    76.358     0.96   10.23
 108891.481    77.602     3.28    9.58
 109271.267    79.016     3.72    7.64
 109650.971    80.508     3.93    6.21
 110030.593    81.029     1.37    5.46
 110410.132    81.602     1.51    4.55
 110789.591    83.119     4.00    4.34
 111168.967    83.521     1.06    4.62
 111548.262    83.054    -1.23    7.17
 111927.475    77.802   -13.85   13.00
 112306.606    70.409   -19.50   14.74
 112685.656    62.908   -19.79   13.14
 113064.625    56.556   -16.76    7.73
 113443.512    55.529    -2.71    4.97
 113822.318    57.997     6.52    6.63
 114201.042    60.845     7.52    6.53
 114579.685    63.260     6.38    5.03
 114958.247    61.969    -3.41    5.65
 115336.728    59.727    -5.92    5.47
 115715.128    56.541    -8.42    7.64
 116093.446    54.402    -5.66    8.99
 116471.684    53.239    -3.07    8.42
 116849.841    53.123    -0.31    7.86
 117227.916    53.666     1.44    8.23
 117605.911    53.900     0.62    9.13
 117983.825    53.318    -1.54    9.66
 118361.658    53.255    -0.17    9.58
 118739.411    51.728    -4.04    8.42
 119117.083    51.532    -0.52    7.61
 119494.674    52.156     1.65    6.66
 119872.185    55.881     9.87    8.80
 120249.615    62.539    17.64    8.06
 120626.965    66.336    10.06    5.58
 121004.235    68.234     5.03    3.97
 121381.424    67.989    -0.65    3.96
 121758.533    66.960    -2.73    3.00
 122135.561    66.108    -2.26    3.71
 122512.510    65.592    -1.37    4.51
 122889.378    65.169    -1.12    3.86
 123266.166    65.139    -0.08    3.26
 123642.874    63.707    -3.80    4.02
 124019.502    60.441    -8.67    5.22
 124396.050    57.448    -7.95    5.55
 124772.519    54.430    -8.02    4.57
 125148.907    52.239    -5.82    3.78
 125525.216    50.877    -3.62    3.26
 125901.445    51.356     1.27    3.33
 126277.594    52.813     3.87    4.05
 126653.663    55.137     6.18    3.66
 127029.653    57.154     5.36    3.36
 127405.564    58.521     3.64    4.09
 127781.395    60.335     4.83    4.50
 128157.146    61.537     3.20    4.29
 128532.818    62.228     1.84    3.51
 128908.411    62.729     1.33    2.66
 129283.924    63.543     2.17    2.21
 129659.359    64.455     2.43    2.87
 130034.714    65.869     3.77    2.81
 130409.989    66.427     1.49    3.07
 130785.186    67.562     3.03    3.00
 131160.304    66.962    -1.60    2.99
 131535.343    66.827    -0.36    3.35
 131910.302    63.339    -9.30    7.01
 132285.183    58.933   -11.75    8.54
 132659.985    54.633   -11.47    9.33
 133034.709    51.465    -8.45    7.69
 133409.353    51.441    -0.06    7.58
 133783.919    52.238     2.13    8.84
 134158.406    50.479    -4.70    9.41
 134532.814    47.502    -7.95    8.78
 134907.144    47.413    -0.24    9.09
 135281.396    47.046    -0.98    9.63
 135655.569    49.631     6.91   10.31
 136029.663    52.310     7.16    8.54
 136403.680    54.686     6.35    5.84
 136777.618    56.152     3.92    3.81
 137151.477    55.856    -0.79    5.58
 137525.259    56.986     3.02    6.10
 137898.962    57.782     2.13    6.18
 138272.587    59.335     4.16    5.45
 138646.134    63.026     9.88    5.10
 139019.603    66.462     9.20    5.82
 139392.994    70.324    10.34    5.42
 139766.307    72.803     6.64    4.22
 140139.543    74.543     4.66    4.31
 140512.700    75.781     3.32    5.10
 140885.780    78.694     7.81    5.26
 141258.782    80.569     5.02    4.61
 141631.706    80.367    -0.54    5.14
 142004.553    79.339    -2.76    5.44
 142377.322    77.160    -5.84    4.56
 142750.013    74.812    -6.30    4.52
 143122.627    73.953    -2.30    4.29
 143495.164    73.434    -1.39    3.81
 143867.623    72.507    -2.49    3.30
 144240.005    72.481    -0.07    3.46
 144612.309    70.847    -4.39    4.45
 144984.537    69.516    -3.58    4.55
 145356.687    69.282    -0.63    5.27
 145728.760    70.260     2.63    4.92
 146100.756    71.223     2.59    3.70
 146472.674    71.398     0.47    3.42
 146844.516    72.223     2.22    4.10
 147216.281    73.641     3.81    5.03
 147587.969    74.653     2.72    5.43
 147959.580    74.211    -1.19    4.84
 148331.114    73.686    -1.41    3.16
 148702.571    73.657    -0.08    2.85
 149073.952    72.534    -3.02    4.23
 149445.256    70.144    -6.44    5.98
 149816.483    65.079   -13.64    6.77
 150187.634    60.226   -13.07    5.80
 150558.708    57.388    -7.65    5.60
 150929.705    55.352    -5.49    5.61
 151300.627    54.441    -2.45    5.31
 151671.471    51.534    -7.84    6.27
 152042.240    47.675   -10.41    6.88
 152412.932    46.097    -4.26    6.33
 152783.548    47.276     3.18    8.48
 153154.088    51.250    10.72   10.61
 153524.551    57.573    17.07   10.06
 153894.938    62.537    13.40    8.10
 154265.250    65.408     7.75    7.06
 154635.485    67.825     6.53    7.23
 155005.644    70.442     7.07    7.27
 155375.728    71.920     3.99    6.96
 155745.735    73.516     4.31    6.30
 156115.667    74.760     3.36    6.83
 156485.522    76.416     4.48    6.73
 156855.302    78.341     5.21    7.38
 157225.007    78.442     0.27    8.84
 157594.636    78.920     1.29    9.95
 157964.189    77.434    -4.02   10.30
 158333.666    76.094    -3.63    9.45
 158703.068    73.130    -8.02    7.76
 159072.395    69.794    -9.03    7.00
 159441.646    66.037   -10.17    5.88
 159810.821    62.805    -8.75    4.16
 160179.922    60.487    -6.28    2.97
 160548.947    59.305    -3.20    2.68
 160917.896    57.918    -3.76    3.25
 161286.771    56.839    -2.93    2.55
 161655.570    55.877    -2.61    2.67
 162024.295    55.532    -0.94    2.71
 162392.944    56.143     1.66    2.84
 162761.518    56.126    -0.05    2.75
 163130.017    56.672     1.48    3.39
 163498.442    56.662    -0.03    3.94
 163866.791    56.434    -0.62    4.85
 164235.066    56.667     0.63    6.10
 164603.266    55.442    -3.33    7.21
 164971.391    51.718   -10.11    8.44
 165339.441    47.363   -11.83    8.17
 165707.417    41.356   -16.32    5.43
 166075.318    37.980    -9.18    5.26
 166443.144    34.771    -8.72    5.14
 166810.896    32.065    -7.36    4.40
 167178.574    30.282    -4.85    3.63
 167546.177    30.233    -0.13    3.35
 167913.705    30.544     0.85    3.13
 168281.160    31.537     2.70    2.71
 168648.540    31.625     0.24    2.90
 169015.846    31.588    -0.10    3.12
 169383.077    32.030     1.20    2.89
 169750.235    30.663    -3.72    4.52
 170117.318    28.594    -5.64    6.05
 170484.327    25.223    -9.18    6.33
 170851.262    22.706    -6.86    4.74
 171218.123    21.460    -3.40    2.72
 171584.911    23.313     5.05    4.65
 171951.624    26.601     8.96    5.61
 172318.263    30.526    10.70    5.16
 172684.829    31.927     3.82    3.57
 173051.321    29.434    -6.80    6.34
 173417.739    24.639   -13.08    8.21
 173784.084    18.491   -16.78    6.42
 174150.354    16.249    -6.12    3.59
 174516.552    16.321     0.19    3.57
 174882.675    19.069     7.50    5.59
 175248.726    24.807    15.67    8.56
 175614.702    32.597    21.28   11.17
 175980.606    40.283    21.00    9.19
 176346.436    45.335    13.81    5.52
 176712.192    47.954     7.16    4.25
 177077.876    49.575     4.43    3.35
 177443.486    50.526     2.60    2.96
 177823.456    49.967    -1.47    3.99
 178204.311    46.569    -8.92    5.79
 178585.084    42.631   -10.34    6.46
 178965.778    39.608    -7.94    5.35
 179346.391    37.888    -4.52    3.15
 179726.923    39.387     3.94    5.11
 180107.375    42.802     8.98    6.78
 180487.747    45.232     6.39    5.88
 180868.038    47.154     5.05    4.28
 181248.250    47.658     1.33    3.86
 181628.381    48.962     3.43    5.33
 182008.432    50.794     4.82    6.61
 182388.403    52.384     4.18    6.64
 182768.294    54.187     4.75    6.57
 183148.105    55.438     3.29    6.27
 183527.836    56.625     3.13    5.11
 183907.487    56.104    -1.37    5.12
 184287.058    53.197    -7.66    6.18
 184666.550    47.932   -13.87    7.13
 185045.962    45.601    -6.14    5.98
 185425.294    47.484     4.96    8.21
 185804.547    51.851    11.51    9.96
 186183.720    58.405    17.28    9.91
 186562.814    63.806    14.24    9.89
 186941.828    67.513     9.78    9.10
 187320.762    70.243     7.20    7.47
 187699.618    71.696     3.83    7.14
 188078.394    72.369     1.78    6.70
 188457.091    74.104     4.58    6.62
 188835.708    76.048     5.13    6.69
 189214.247    79.674     9.58    7.33
 189592.706    83.680    10.58    6.40
 189971.086    86.260     6.82    6.93
 190349.387    89.806     9.37    6.81
 190727.610    91.586     4.71    7.03
 191105.753    92.829     3.29    6.53
 191483.817    90.717    -5.59    6.76
 191861.803    87.738    -7.88    7.31
 192239.710    84.341    -8.99    6.56
 192617.538    80.882    -9.15    3.82
 192995.287    79.255    -4.31    4.62
 193372.958    76.694    -6.78    5.94
 193750.550    73.610    -8.17    7.07
 194128.064    67.438   -16.35    8.13
 194505.499    62.282   -13.66    7.99
 194882.856    60.027    -5.97    7.36
 195260.134    63.984    10.49   12.45
 195637.334    71.305    19.41   13.04
 196014.456    77.662    16.86    8.08
 196391.499    80.860     8.48    4.76
 196768.465    80.836    -0.06    4.27
 197145.352    80.538    -0.79    4.76
 197522.161    76.489   -10.75    8.64
 197898.892    69.694   -18.03   11.33
 198275.545    61.141   -22.70   11.92
 198652.120    53.401   -20.55    6.30
 199028.617    51.619    -4.73    5.12
 199405.036    55.637    10.67   11.50
 199781.378    64.434    23.37   14.25
 200157.642    74.147    25.81   12.79
 200533.828    80.228    16.16    8.30
 200909.936    80.681     1.20    7.80
 201285.967    77.986    -7.16    8.53
 201661.920    73.979   -10.66    7.06
 202037.795    71.169    -7.47    4.78
 202413.593    68.796    -6.31    3.49
 202789.314    67.255    -4.10    3.91
 203164.957    65.621    -4.35    3.33
 203540.523    65.158    -1.23    3.07
 203916.012    64.597    -1.49    3.06
 204291.423    64.206    -1.04    4.09
 204666.757    64.144    -0.16    4.62
 205042.015    64.200     0.15    4.64
 205417.195    66.342     5.71    5.94
 205792.297    67.619     3.40    5.57
 206167.323    68.284     1.77    4.88
 206542.272    66.470    -4.84    4.98
 206917.144    64.574    -5.06    5.15
 207291.939    65.217     1.71    7.18
 207666.658    65.167    -0.13    9.18
 208041.299    63.086    -5.55   11.18
 208415.864    60.658    -6.48   10.91
 208790.352    58.565    -5.59    8.42
 209164.764    59.614     2.80    8.06
 209539.099    62.162     6.81    7.50
 209913.357    63.783     4.33    7.04
 210287.539    63.010    -2.06    8.62
 210661.645    62.192    -2.19   10.63
 211035.674    58.554    -9.73   12.74
 211409.626    54.385   -11.15   12.84
 211783.503    51.119    -8.73   10.22
 212157.303    47.929    -8.53    8.32
 212531.027    43.997   -10.52    6.77
 212904.674    41.616    -6.37    6.81
 213278.246    40.239    -3.69    6.89
 213651.742    43.848     9.66   11.01
 214025.161    50.438    17.64   12.43
 214398.505    58.453    21.46    9.60
 214771.772    60.104     4.42    8.15
 215144.964    56.980    -8.37    8.98
 215518.080    55.171    -4.85    8.80
 215891.120    56.162     2.66   11.37
 216264.084    61.794    15.10   13.34
 216636.972    65.029     8.68   13.28
 217009.785    64.760    -0.72   13.99
 217382.523    62.610    -5.77   12.67
 217755.184    59.071    -9.50    8.20
 218127.770    60.266     3.21    7.82
 218500.281    63.504     8.69    9.79
 218872.716    68.384    13.10    9.40
 219245.076    73.232    13.02    8.35
 219617.361    76.534     8.87    8.98
 219989.570    77.953     3.81   10.53
 220361.704    81.956    10.75   11.88
 220733.763    87.049    13.69   13.64
 221105.746    94.923    21.16   16.62
 221477.655   102.169    19.48   15.53
 221849.488   109.695    20.24   13.55
 222221.246   114.027    11.65   11.37
 222592.930   115.182     3.11   11.28
 222964.538   113.332    -4.98   12.94
 223336.072   110.958    -6.39   11.29
 223707.530   109.573    -3.73    7.42
 224078.914   111.134     4.20    5.55
 224450.223   114.540     9.17    5.72
 224821.457   117.838     8.88    6.46
 225192.617   121.086     8.75    6.43
 225563.702   123.749     7.17    4.43
 225934.713   122.989    -2.05    4.69
 226305.649   119.958    -8.17    6.76
 226676.510   115.184   -12.87    7.61
 227047.297   111.981    -8.64    6.94
 227418.010   112.532     1.49    7.17
 227788.648   115.333     7.56    7.32
 228159.212   119.101    10.17    5.34
 228529.701   120.975     5.06    4.72
 228900.117   123.182     5.96    5.08
 229270.458   125.255     5.59    4.98
 229640.725   125.960     1.90    4.85
 230010.918   125.606    -0.96    5.49
 230381.037   120.897   -12.72    8.41
 230751.082   114.771   -16.55    9.57
 231121.053   108.622   -16.62    8.16
 231490.950   105.325    -8.91    5.43
 231860.773   104.572    -2.04    4.89
 232230.523   107.086     6.80    6.40
 232600.198   111.058    10.74    8.44
 232969.800   114.967    10.57    8.85
 233339.328   115.910     2.55    9.74
 233708.783   110.543   -14.52   14.60
 234078.163   104.547   -16.23   15.66
 234447.471    98.760   -15.67   13.75
 234816.704    96.804    -5.30   14.05
 235185.865    97.216     1.12   12.45
 235554.952    99.467     6.10   11.58
 235923.965    98.863    -1.64   12.03
 236292.905    96.815    -5.55   14.18
 236661.772    92.226   -12.44   15.81
 237030.565    87.349   -13.22   14.67
 237399.286    82.325   -13.62   12.00
 237767.933    79.927    -6.50   10.71
 238136.507    77.981    -5.28    8.78
 238505.008    77.849    -0.36    7.85
 238873.435    79.493     4.46    6.94
 239241.790    83.200    10.06    8.71
 239610.072    89.071    15.94   10.75
 239978.281    95.749    18.14    9.78
 240346.417    99.038     8.93    7.56
 240714.480    99.567     1.44    6.66
 241082.471    99.608     0.11    6.91
 241450.389   101.840     6.06    9.60
 241818.234   104.510     7.26   11.25
 242186.006   108.407    10.59   10.84
 242553.706   110.412     5.45    8.96
 242921.333   110.172    -0.65    6.74
 243288.887   107.216    -8.04    7.80
 243656.370   105.109    -5.73    9.43
 244023.779   104.815    -0.80   11.37
 244391.117   106.203     3.78   12.86
 244758.381   109.705     9.53   12.06
 245125.574   110.027     0.88   11.16
 245492.694   108.838    -3.24   11.88
 245859.742   106.057    -7.58   11.89
 246226.718   106.181     0.34   13.51
 246593.622   107.358     3.21   14.79
 246960.454   110.355     8.17   15.49
 247327.213   114.244    10.60   14.76
 247693.901   113.059    -3.23   15.04
 248060.516   110.376    -7.32   13.27
 248427.060   108.953    -3.88   11.61
 248793.532   106.938    -5.50    9.16
 249159.931   106.382    -1.52    7.34
 249526.259   108.126     4.76    7.14
 249892.516   109.870     4.76    6.84
 250258.700   109.931     0.17    7.05
 250624.813   105.597   -11.83    9.04
 250990.854    99.307   -17.18   10.38
 251356.824    89.925   -25.63   13.01
 251722.722    80.374   -26.10   11.04
 252088.548    73.315   -19.29    8.45
 252464.429    69.300   -10.68    5.94
 252845.122    68.716    -1.53    6.60
 253225.736    70.392     4.40    7.14
 253606.272    72.760     6.22    6.01
 253986.730    74.621     4.89    4.50
 254367.109    76.176     4.09    3.90
 254747.410    76.820     1.69    3.82
 255127.633    73.138    -9.68    8.29
 255507.777    67.295   -15.37   11.60
 255887.844    62.881   -11.61   12.28
 256267.832    61.443    -3.78   11.67
 256647.743    66.685    13.80   11.44
 257027.576    74.330    20.12    8.56
 257407.330    78.562    11.14    6.83
 257787.007    79.704     3.01    6.53
 258166.606    79.870     0.44    6.19
 258546.127    77.927    -5.12    4.80
 258925.570    77.438    -1.29    3.80
 259304.936    77.021    -1.10    3.71
 259684.224    76.882    -0.37    3.87
 260063.435    76.412    -1.24    4.27
 260442.568    74.927    -3.92    4.30
 260821.624    73.176    -4.62    4.87
 261200.602    71.038    -5.64    5.84
 261579.502    69.294    -4.60    5.41
 261958.326    68.582    -1.88    4.76
 262337.072    67.705    -2.32    4.72
 262715.741    65.947    -4.64    5.40
 263094.332    64.138    -4.78    5.46
 263472.847    62.857    -3.38    5.01
 263851.284    62.794    -0.17    3.98
 264229.644    65.540     7.26    6.07
 264607.928    69.573    10.66    7.30
 264986.134    73.940    11.54    6.81
 265364.263    77.233     8.71    3.86
 265742.316    77.714     1.27    3.62
 266120.291    78.222     1.34    4.12
 266498.190    78.737     1.36    3.43
 266876.012    78.649    -0.23    3.76
 267253.758    78.007    -1.70    4.21
 267631.427    77.019    -2.62    3.91
 268009.019    76.796    -0.59    3.26
 268386.534    78.249     3.85    3.12
 268763.974    79.388     3.02    3.19
 269141.336    80.057     1.77    3.06
 269518.622    81.190     3.00    3.70
 269895.832    82.661     3.90    3.97
 270272.966    84.619     5.19    3.34
 270650.023    87.217     6.89    3.44
 271027.004    89.097     4.99    2.93
 271403.909    89.912     2.16    2.52
 271780.738    90.690     2.06    2.07
 272157.490    90.694     0.01    2.62
 272534.167    91.285     1.57    3.38
 272910.767    92.532     3.31    3.43
 273287.292    93.083     1.46    3.48
 273663.741    94.219     3.02    2.66
 274040.113    94.948     1.94    2.38
