-167305.123    39.940     0.00    7.97
-166930.717    39.041    -2.40    8.07
-166556.237    38.380    -1.77    9.20
-166181.681    36.945    -3.83   10.08
-165807.051    35.494    -3.87   10.66
-165432.345    33.474    -5.39   11.35
-165057.564    29.976    -9.33   10.45
-164682.708    24.444   -14.76    9.77
-164307.777    20.284   -11.09    9.37
-163932.770    17.971    -6.17    7.11
-163557.689    18.963     2.65    8.67
-163182.531    22.407     9.18   10.53
-162807.299    26.920    12.03   11.67
-162431.991    27.927     2.68   13.18
-162056.607    26.053    -4.99   15.94
-161681.148    20.393   -15.07   18.13
-161305.613    12.811   -20.19   15.28
-160930.003     6.579   -16.59    9.10
-160554.317     3.170    -9.07    4.17
-160178.555     1.988    -3.14    0.98
-159802.717     1.800    -0.50    0.00
-159426.804     1.800     0.00    0.00
-159050.815     2.014     0.57    0.89
-158674.749     3.282     3.37    2.89
-158298.608     5.980     7.17    5.21
-157922.391     9.177     8.50    6.62
-157546.098    13.433    11.31    7.55
-157169.729    17.254    10.15    7.61
-156793.283    18.481     3.26    7.59
-156416.761    16.556    -5.11    6.54
-156040.164    14.723    -4.87    5.51
-155663.489    13.225    -3.98    7.00
-155286.739    11.659    -4.16    7.83
-154909.912     9.685    -5.24    8.18
-154533.009     7.050    -6.99    7.29
-154156.029     5.164    -5.00    5.44
-153778.973     4.470    -1.84    4.72
-153401.840     5.463     2.63    5.65
-153024.630     7.525     5.47    6.85
-152647.344     9.993     6.54    7.08
-152269.982    12.126     5.65    6.45
-151892.542    14.616     6.60    5.22
-151515.026    15.899     3.40    3.29
-151137.433    15.593    -0.81    2.69
-150759.763    14.245    -3.57    2.54
-150382.016    12.686    -4.12    1.69
-150004.192    12.011    -1.79    1.29
-149626.291    11.857    -0.41    1.71
-149248.313    11.503    -0.94    2.06
-148870.258    10.260    -3.29    2.68
-148492.125     9.306    -2.52    2.85
-148113.916     7.731    -4.16    2.91
-147735.629     7.119    -1.62    3.12
-147357.265     6.744    -0.99    3.25
-146978.824     6.877     0.35    2.98
-146600.305     7.411     1.41    2.24
-146221.709     7.233    -0.47    1.85
-145843.035     6.954    -0.74    1.94
-145464.284     7.289     0.88    2.18
-145085.455     8.393     2.92    2.67
-144706.548    10.272     4.96    3.09
-144327.564    11.711     3.80    2.86
-143948.502    12.618     2.39    2.78
-143569.363    12.734     0.31    2.54
-143190.145    14.202     3.87    3.51
-142810.850    15.844     4.33    4.41
-142431.477    16.935     2.88    3.91
-142052.025    17.550     1.62    3.25
-141672.496    18.115     1.49    4.35
-141292.889    19.789     4.41    7.08
-140913.203    22.160     6.24    8.39
-140533.440    23.463     3.43    7.53
-140153.598    23.568     0.27    7.64
-139773.678    23.083    -1.28    6.97
-139393.680    21.661    -3.74    5.60
-139013.603    22.300     1.68    4.42
-138633.448    22.591     0.76    3.45
-138253.215    21.713    -2.31    3.90
-137872.903    21.114    -1.58    4.22
-137492.512    21.866     1.98    4.42
-137112.043    23.967     5.52    3.99
-136731.496    25.800     4.82    3.20
-136350.869    27.766     5.17    4.29
-135970.164    32.833    13.31    7.98
-135601.145    37.857    13.61    7.83
-135235.364    39.778     5.25    6.19
-134869.511    39.671    -0.29    5.87
-134503.586    36.083    -9.80    6.51
-134137.590    32.242   -10.49    5.11
-133771.522    30.470    -4.84    5.57
-133405.381    29.948    -1.43    5.52
-133039.169    29.800    -0.40    5.15
-132672.885    29.867     0.18    4.46
-132306.529    30.693     2.25    4.67
-131940.100    32.866     5.93    6.00
-131573.600    35.800     8.00    6.48
-131207.027    38.452     7.23    5.66
-130840.382    40.335     5.13    3.52
-130473.665    40.017    -0.87    3.30
-130106.876    38.956    -2.89    3.74
-129740.014    37.987    -2.64    3.47
-129373.080    36.811    -3.20    3.50
-129006.073    35.767    -2.84    4.03
-128638.994    36.646     2.39    5.00
-128271.842    37.857     3.30    6.68
-127904.618    38.985     3.07    6.50
-127537.321    41.061     5.65    5.43
-127169.952    40.311    -2.04    5.30
-126802.510    38.312    -5.44    4.93
-126434.995    37.202    -3.02    5.21
-126067.407    36.452    -2.04    4.77
-125699.747    37.547     2.98    3.60
-125332.014    38.735     3.23    2.51
-124964.207    37.556    -3.21    4.14
-124596.328    37.017    -1.46    4.93
-124228.376    36.575    -1.20    5.40
-123860.351    37.542     2.63    5.42
-123492.253    39.641     5.70    3.80
-123124.081    39.877     0.64    3.39
-122755.837    39.312    -1.53    3.18
-122387.519    38.174    -3.09    3.32
-122019.128    38.195     0.06    4.15
-121650.664    38.022    -0.47    4.00
-121282.126    38.110     0.24    3.65
-120913.515    37.317    -2.15    3.48
-120544.831    36.255    -2.88    2.64
-120176.073    34.989    -3.43    2.14
-119807.241    33.933    -2.86    1.92
-119438.336    33.437    -1.34    1.66
-119069.358    33.767     0.89    2.24
-118700.306    34.668     2.44    2.91
-118331.180    36.191     4.13    2.92
-117961.980    37.047     2.32    2.19
-117592.707    35.757    -3.49    2.85
-117223.360    34.602    -3.13    2.75
-116853.939    33.725    -2.38    2.43
-116484.444    33.007    -1.94    2.50
-116114.875    32.822    -0.50    3.01
-115745.232    31.710    -3.01    4.10
-115375.515    29.757    -5.28    4.55
-115005.724    28.283    -3.98    3.94
-114635.859    27.387    -2.42    2.56
-114265.919    27.322    -0.18    2.15
-113895.906    27.965     1.74    2.13
-113525.818    28.659     1.87    1.94
-113155.656    29.767     2.99    1.84
-112785.420    30.137     1.00    1.81
-112415.109    30.890     2.03    1.54
-112044.724    31.391     1.35    1.75
-111674.264    32.219     2.23    2.96
-111303.730    33.670     3.92    5.23
-110933.121    35.347     4.52    6.59
-110562.437    35.735     1.05    6.23
-110191.679    35.126    -1.64    5.35
-109820.846    35.218     0.25    4.51
-109449.939    35.700     1.30    5.87
-109078.956    36.152     1.22    6.55
-108707.899    35.951    -0.54    7.09
-108336.767    35.611    -0.91    6.80
-107965.560    33.898    -4.62    6.30
-107594.278    31.317    -6.95    7.44
-107222.921    29.659    -4.46    7.61
-106851.489    28.175    -3.99    8.01
-106479.982    28.311     0.37    7.29
-106108.400    26.688    -4.37    7.16
-105736.742    24.735    -5.25    7.33
-105365.009    23.039    -4.56    6.55
-104993.201    23.613     1.55    5.37
-104621.318    25.056     3.88    5.36
-104249.359    26.289     3.32    4.62
-103877.325    26.358     0.19    4.26
-103505.215    26.083    -0.74    6.16
-103133.030    25.214    -2.33    6.90
-102760.769    23.604    -4.32    8.31
-102388.433    21.519    -5.60    8.47
-102016.021    18.628    -7.76    7.31
-101643.533    16.846    -4.79    5.55
-101270.970    14.985    -4.99    3.94
-100898.331    13.311    -4.49    3.21
-100525.616    11.843    -3.94    2.77
-100152.825    11.294    -1.47    2.54
 -99779.958    11.257    -0.10    2.68
 -99407.015    11.152    -0.28    3.02
 -99033.996    11.477     0.87    3.20
 -98660.901    11.561     0.22    3.32
 -98287.730    11.424    -0.37    3.01
 -97914.483    10.702    -1.93    2.08
 -97541.160    11.067     0.98    2.09
 -97167.760    11.431     0.97    2.06
 -96794.284    11.733     0.81    1.83
 -96420.732    12.080     0.93    1.58
 -96047.103    11.935    -0.39    1.93
 -95673.398    11.683    -0.67    2.39
 -95299.616    11.283    -1.07    2.74
 -94925.758    10.671    -1.64    2.54
 -94551.823    10.248    -1.13    2.22
 -94177.812    10.080    -0.45    1.72
 -93803.724     9.639    -1.18    1.51
 -93429.559     9.596    -0.12    1.96
 -93055.318     9.961     0.98    2.57
 -92681.000    10.467     1.35    2.62
 -92306.604    10.721     0.68    2.58
 -91932.132    10.300    -1.12    2.71
 -91557.583     9.618    -1.82    2.80
 -91182.957     8.648    -2.59    2.85
 -90808.254     8.456    -0.51    3.53
 -90433.474     9.028     1.53    4.98
 -90058.617     8.910    -0.32    5.62
 -89683.683     8.467    -1.18    5.54
 -89308.671     7.373    -2.92    4.49
 -88933.582     6.162    -3.23    2.56
 -88558.416     5.902    -0.69    1.62
 -88183.172     6.456     1.48    1.63
 -87807.851     6.823     0.98    1.88
 -87432.452     5.617    -3.21    2.86
 -87056.976     4.148    -3.91    2.92
 -86681.423     3.202    -2.52    2.32
 -86305.791     3.278     0.20    1.87
 -85930.083     3.898     1.65    1.77
 -85554.296     4.545     1.72    1.90
 -85178.432     5.811     3.37    2.46
 -84802.489     7.500     4.49    2.73
 -84426.469     8.413     2.43    2.37
 -84050.372     8.583     0.45    2.40
 -83674.196     7.574    -2.68    3.04
 -83297.942     6.191    -3.68    2.53
 -82921.610     5.941    -0.66    2.85
 -82545.200     6.039     0.26    3.15
 -82168.712     6.359     0.85    3.25
 -81792.146     7.007     1.72    3.12
 -81415.501     7.155     0.39    2.89
 -81038.778     6.963    -0.51    2.34
 -80661.977     7.354     1.04    1.91
 -80285.098     7.123    -0.61    2.26
 -79908.140     6.800    -0.86    2.39
 -79531.103     6.970     0.45    2.37
 -79153.988     7.300     0.87    2.43
 -78776.795     8.547     3.31    2.55
 -78399.523     9.527     2.60    2.71
 -78022.172     8.854    -1.78    3.00
 -77644.743     9.255     1.06    3.59
 -77267.234    11.305     5.43    4.75
 -76889.647    14.005     7.15    5.60
 -76511.981    14.886     2.33    5.10
 -76134.236    13.948    -2.48    5.50
 -75756.413    11.843    -5.57    5.75
 -75378.510     9.789    -5.43    3.75
 -75000.528     7.853    -5.12    2.60
 -74622.467     6.690    -3.08    2.22
 -74244.327     6.555    -0.36    2.25
 -73866.107     7.648     2.89    2.74
 -73487.809     8.409     2.01    2.58
 -73109.431     9.424     2.68    3.07
 -72730.974     9.887     1.22    3.61
 -72352.437    10.467     1.53    4.03
 -71973.821    12.170     4.50    4.79
 -71595.125    14.626     6.49    5.11
 -71216.350    17.448     7.45    5.14
 -70837.495    20.553     8.19    4.58
 -70458.561    22.711     5.70    4.57
 -70079.547    23.267     1.47    4.31
 -69700.453    23.755     1.29    4.37
 -69321.279    24.875     2.95    4.64
 -68942.025    24.333    -1.43    4.38
 -68562.692    23.411    -2.43    4.85
 -68183.279    21.878    -4.04    4.47
 -67803.785    20.332    -4.07    3.21
 -67424.212    19.887    -1.17    2.29
 -67044.558    20.886     2.63    2.91
 -66664.825    23.723     7.47    5.86
 -66285.011    26.002     6.00    7.00
 -65905.117    29.525     9.27    8.27
 -65525.142    33.316     9.98    9.24
 -65145.087    37.141    10.06   10.17
 -64764.952    40.119     7.83    8.55
 -64384.737    41.857     4.57    7.51
 -64004.441    42.370     1.35    6.18
 -63624.064    42.110    -0.68    4.72
 -63243.607    43.424     3.45    3.33
 -62863.069    44.961     4.04    3.46
 -62482.450    46.155     3.14    3.59
 -62101.751    46.084    -0.19    3.79
 -61720.971    46.343     0.68    3.75
 -61340.110    47.171     2.17    4.21
 -60966.180    48.916     4.67    4.65
 -60600.624    50.182     3.46    3.69
 -60234.996    49.105    -2.94    4.43
 -59869.294    47.346    -4.81    4.89
 -59503.518    45.090    -6.17    4.14
 -59137.669    43.517    -4.30    3.87
 -58771.746    43.607     0.24    3.80
 -58405.750    44.109     1.37    4.27
 -58039.679    45.575     4.01    4.64
 -57673.535    48.353     7.59    4.19
 -57307.317    50.232     5.13    3.75
 -56941.025    52.617     6.51    3.71
 -56574.660    56.218     9.83    5.51
 -56208.220    61.460    14.30    7.56
 -55841.706    66.009    12.41    7.02
 -55475.119    69.800    10.34    4.01
 -55108.457    71.112     3.58    2.30
 -54741.721    69.328    -4.87    4.29
 -54374.911    67.204    -5.79    4.87
 -54008.027    66.232    -2.65    5.21
 -53641.068    65.662    -1.55    4.74
 -53274.035    65.569    -0.25    4.83
 -52906.928    64.747    -2.24    4.39
 -52539.746    63.580    -3.18    3.15
 -52172.490    63.002    -1.57    3.38
 -51805.159    62.381    -1.69    3.37
 -51437.754    61.542    -2.28    4.33
 -51070.275    61.432    -0.30    4.52
 -50702.720    61.414    -0.05    4.96
 -50335.091    60.822    -1.61    5.34
 -49967.387    60.685    -0.37    5.04
 -49599.609    60.417    -0.73    4.33
 -49231.755    59.996    -1.15    3.36
 -48863.827    60.960     2.62    3.58
 -48495.824    62.522     4.25    4.33
 -48127.746    63.295     2.10    4.38
 -47759.593    60.843    -6.66    7.04
 -47391.365    55.613   -14.20   10.21
 -47023.062    50.396   -14.17    9.63
 -46654.683    46.869    -9.57    6.59
 -46286.230    47.940     2.91    6.32
 -45917.701    51.115     8.61    7.00
 -45549.097    55.585    12.13    9.64
 -45180.418    60.130    12.33    9.93
 -44811.664    65.406    14.31    8.17
 -44442.834    68.178     7.51    6.58
 -44073.928    66.215    -5.32   10.09
 -43704.947    62.137   -11.05   11.16
 -43335.891    59.534    -7.05   10.03
 -42966.758    58.974    -1.52    9.06
 -42597.551    59.622     1.76    9.52
 -42228.267    62.063     6.61    9.54
 -41858.908    64.445     6.45    9.37
 -41489.473    63.321    -3.04    7.37
 -41119.963    64.133     2.20    5.54
 -40750.376    66.968     7.67    4.99
 -40380.714    69.517     6.90    6.48
 -40010.975    72.284     7.48    5.91
 -39641.161    74.219     5.23    5.12
 -39271.270    72.896    -3.58    5.85
 -38901.304    71.021    -5.07    5.02
 -38531.261    69.778    -3.36    4.06
 -38161.142    69.042    -1.99    3.61
 -37790.947    69.800     2.05    3.31
 -37420.675    69.390    -1.11    3.95
 -37050.328    69.189    -0.54    3.71
 -36679.903    70.162     2.63    4.43
 -36309.403    70.156    -0.01    4.47
 -35938.826    70.704     1.48    3.84
 -35568.172    70.306    -1.08    4.15
 -35197.442    68.875    -3.86    3.23
 -34826.636    69.703     2.23    3.45
 -34455.752    70.170     1.26    3.54
 -34084.792    70.587     1.13    3.36
 -33713.755    71.385     2.15    3.20
 -33342.642    72.133     2.02    2.58
 -32971.451    71.370    -2.06    2.64
 -32600.184    71.008    -0.97    2.49
 -32228.839    71.174     0.45    2.36
 -31857.418    70.981    -0.52    1.98
 -31485.920    71.340     0.97    1.82
 -31114.344    70.897    -1.19    2.07
 -30742.692    70.609    -0.77    2.26
 -30370.962    70.242    -0.99    2.10
 -29999.155    70.463     0.59    1.89
 -29627.271    73.126     7.16    4.59
 -29255.309    77.426    11.56    6.50
 -28883.271    82.421    13.42    6.79
 -28511.154    84.660     6.02    5.37
 -28138.960    83.566    -2.94    7.18
 -27766.689    79.268   -11.54   10.76
 -27394.340    72.679   -17.70   12.88
 -27021.914    66.800   -15.79   12.40
 -26649.410    61.174   -15.10    8.26
 -26276.828    58.800    -6.37    4.85
 -25904.168    57.558    -3.33    3.68
 -25531.431    57.063    -1.33    3.01
 -25158.616    57.214     0.40    3.53
 -24785.723    58.460     3.34    3.78
 -24412.752    59.347     2.38    3.41
 -24039.703    60.449     2.96    4.64
 -23666.575    60.915     1.25    5.25
 -23293.370    59.279    -4.38    6.22
 -22920.087    57.345    -5.18    7.25
 -22546.725    54.704    -7.07    6.17
 -22173.286    51.431    -8.77    4.60
 -21799.768    49.695    -4.65    3.46
 -21426.171    49.503    -0.51    2.98
 -21052.497    48.715    -2.11    4.00
 -20678.743    48.338    -1.01    5.12
 -20304.912    48.619     0.75    5.70
 -19931.002    48.190    -1.15    5.68
 -19557.013    47.550    -1.71    4.38
 -19182.945    47.217    -0.89    3.50
 -18808.799    47.050    -0.45    3.11
 -18434.575    46.526    -1.40    2.71
 -18060.271    46.424    -0.27    2.49
 -17685.889    46.474     0.13    2.30
 -17311.427    47.262     2.10    2.95
 -16936.887    48.248     2.63    3.53
 -16562.268    48.948     1.87    4.20
 -16187.570    48.428    -1.39    4.53
 -15812.793    49.256     2.21    5.92
 -15437.936    49.285     0.08    6.00
 -15063.001    51.467     5.82    6.24
 -14687.986    54.606     8.37    6.04
 -14312.892    54.711     0.28    6.14
 -13937.719    51.800    -7.76    8.29
 -13562.466    49.227    -6.86    7.94
 -13187.134    47.364    -4.96    6.18
 -12811.723    48.108     1.98    6.10
 -12436.232    49.540     3.81    5.26
 -12060.661    49.061    -1.27    4.84
 -11685.011    47.295    -4.70    3.88
 -11309.281    45.887    -3.75    3.53
 -10933.471    45.895     0.02    3.70
 -10557.582    45.735    -0.43    4.72
 -10181.612    44.352    -3.68    5.41
  -9805.563    42.470    -5.00    5.28
  -9429.434    39.875    -6.90    5.16
  -9053.225    38.151    -4.58    6.28
  -8676.936    35.162    -7.94    8.36
  -8300.567    31.568    -9.55    8.67
  -7924.118    27.305   -11.32    6.84
  -7547.589    26.474    -2.21    5.21
  -7170.979    26.364    -0.29    3.91
  -6794.289    26.619     0.68    3.13
  -6417.519    25.811    -2.15    3.58
  -6040.669    23.843    -5.22    3.87
  -5663.738    19.258   -12.16    5.90
  -5286.726    14.811   -11.79    5.90
  -4909.634    11.577    -8.58    4.70
  -4532.462     9.717    -4.93    1.77
  -4155.209     9.485    -0.61    1.29
  -3777.875     9.519     0.09    1.25
  -3400.460    10.144     1.66    2.45
  -3022.965    10.321     0.47    3.62
  -2645.389    10.219    -0.27    4.81
  -2267.732     8.811    -3.73    5.80
  -1889.994     5.133    -9.74    6.18
  -1512.175     1.926    -8.49    5.01
  -1134.275    -0.318    -5.94    2.74
   -756.294    -1.200    -2.33    0.00
   -378.232    -1.200     0.00    0.00
     -0.088    -0.600     1.59    2.84
    378.136     6.985    20.05   14.65
    756.442    19.508    33.10   21.00
   1134.830    33.311    36.48   17.47
   1513.298    42.477    24.22    8.84
   1891.848    47.648    13.66    6.54
   2270.480    48.168     1.37    6.66
   2649.193    46.553    -4.27    7.70
   3027.988    43.674    -7.60    7.24
   3406.864    40.937    -7.22    5.64
   3785.823    42.000     2.81    5.52
   4164.862    44.278     6.01    3.87
   4543.984    44.644     0.96    3.79
   4923.188    43.176    -3.87    4.20
   5302.473    41.342    -4.84    3.48
   5681.841    40.564    -2.05    3.13
   6061.290    40.935     0.98    3.01
   6440.822    41.047     0.29    3.01
   6820.436    40.331    -1.89    3.53
   7200.131    36.663    -9.66    6.71
   7579.910    30.175   -17.08    8.75
   7959.770    23.090   -18.65    8.26
   8339.713    16.696   -16.83    8.32
   8719.738    10.577   -16.10    7.11
   9099.845     8.577    -5.26    6.21
   9480.035     7.970    -1.59    5.26
   9860.308     8.981     2.66    3.92
  10240.663     9.674     1.82    1.35
  10621.101     6.965    -7.12    4.44
  11001.622     3.642    -8.73    5.23
  11382.225     0.958    -7.05    4.21
  11762.911    -1.158    -5.56    0.32
  12143.680    -1.200    -0.11    0.00
  12524.532    -1.200     0.00    0.00
  12905.467    -1.200     0.00    0.00
  13286.485    -1.200     0.00    0.00
  13665.730    -1.200     0.00    0.00
  14031.053    -1.200     0.00    0.00
  14396.452    -1.200     0.00    0.00
  14761.926    -0.852     0.95    1.74
  15127.475     5.258    16.72   11.94
  15493.099    14.050    24.05   15.13
  15858.799    23.373    25.49   14.10
  16224.574    30.832    20.39    7.02
  16590.425    31.906     2.94    5.30
  16956.351    27.842   -11.11    8.74
  17322.353    20.651   -19.65   10.06
  17688.430    15.175   -14.96    8.09
  18054.584    10.744   -12.10    2.67
  18420.812    10.274    -1.28    1.55
  18787.117    10.141    -0.37    1.52
  19153.497     9.863    -0.76    1.40
  19519.954     9.537    -0.89    1.24
  19886.486     9.821     0.78    1.76
  20253.094    11.696     5.11    3.98
  20619.778    14.133     6.65    4.98
  20986.538    16.821     7.33    5.17
  21353.375    19.867     8.30    4.65
  21720.287    23.158     8.97    4.15
  22087.276    25.218     5.61    4.29
  22454.340    26.779     4.25    5.09
  22821.482    28.247     4.00    5.53
  23188.699    29.034     2.14    5.80
  23555.993    28.347    -1.87    5.95
  23923.363    27.659    -1.87    5.03
  24290.810    27.986     0.89    4.61
  24658.333    29.411     3.88    5.06
  25025.933    32.659     8.83    5.84
  25393.609    36.236     9.73    6.35
  25761.362    39.584     9.10    6.61
  26129.192    42.268     7.30    5.09
  26497.098    43.779     4.11    4.63
  26865.082    44.450     1.82    4.62
  27233.142    44.564     0.31    4.06
  27601.279    46.542     5.38    4.27
  27969.493    49.698     8.57    5.03
  28337.784    52.172     6.72    5.43
  28706.152    53.856     4.57    4.50
  29074.597    52.310    -4.19    4.94
  29443.120    49.821    -6.76    5.29
  29811.719    47.675    -5.82    4.45
  30180.396    47.084    -1.60    4.23
  30549.150    46.832    -0.69    4.50
  30917.981    47.000     0.46    4.28
  31286.890    47.411     1.11    3.61
  31655.876    47.123    -0.78    3.41
  32024.939    45.564    -4.22    3.30
  32394.080    45.598     0.09    4.50
  32763.299    44.943    -1.77    4.91
  33132.595    44.099    -2.29    3.88
  33501.969    43.505    -1.61    2.66
  33871.421    44.831     3.59    3.45
  34240.950    47.060     6.03    4.62
  34610.558    49.590     6.84    4.96
  34980.243    51.958     6.41    5.23
  35350.006    51.875    -0.23    7.10
  35719.847    49.728    -5.80    9.17
  36089.766    47.800    -5.21    9.83
  36459.763    44.981    -7.62    8.62
  36829.838    43.445    -4.15    6.96
  37199.991    44.576     3.06    5.80
  37570.223    44.821     0.66    4.99
  37940.532    45.140     0.86    5.66
  38310.921    46.863     4.65    7.38
  38681.387    47.516     1.76    7.13
  39051.932    49.258     4.70    6.45
  39422.555    50.592     3.60    5.43
  39793.257    50.078    -1.38    4.44
  40164.037    49.133    -2.55    3.64
  40534.896    49.002    -0.35    4.97
  40905.834    47.145    -5.01    6.89
  41276.850    45.913    -3.32    7.23
  41647.945    45.505    -1.10    8.18
  42019.119    43.390    -5.70    8.05
  42390.371    43.411     0.06    8.18
  42761.703    43.175    -0.63    7.65
  43133.113    44.863     4.55    8.36
  43504.603    47.248     6.42    7.49
  43876.171    47.986     1.99    6.19
  44247.819    47.061    -2.49    6.12
  44619.546    46.144    -2.47    4.40
  44991.352    44.492    -4.44    3.31
  45363.237    43.625    -2.33    3.52
  45735.201    43.050    -1.55    3.57
  46107.245    42.760    -0.78    2.79
  46479.368    43.348     1.58    3.01
  46851.571    44.161     2.18    3.27
  47223.853    44.499     0.91    3.90
  47596.215    44.480    -0.05    4.12
  47968.656    43.779    -1.88    3.97
  48341.177    42.623    -3.10    3.28
  48713.778    41.800    -2.21    2.94
  49086.458    39.947    -4.97    3.00
  49459.218    38.019    -5.17    3.93
  49832.058    36.019    -5.36    4.09
  50204.978    35.532    -1.31    4.07
  50577.978    36.507     2.61    4.61
  50951.058    39.032     6.77    5.00
  51324.218    41.056     5.42    4.07
  51697.458    39.586    -3.94    5.34
  52070.778    36.083    -9.38    7.09
  52444.179    32.429    -9.79    7.03
  52817.660    29.895    -6.79    5.00
  53191.221    31.229     3.57    5.71
  53564.862    35.042    10.21    7.27
  53938.584    41.346    16.87    6.47
  54312.386    45.158    10.20    5.23
  54686.269    47.653     6.67    4.45
  55060.232    48.175     1.40    5.34
  55434.276    46.979    -3.20    7.43
  55808.400    44.140    -7.59    8.84
  56182.606    41.258    -7.70    8.94
  56556.892    38.382    -7.69    7.06
  56931.259    37.822    -1.50    5.74
  57305.706    39.408     4.24    7.50
  57680.235    44.445    13.45   11.64
  58054.845    51.911    19.93   13.75
  58429.535    61.746    26.25   14.69
  58804.307    69.820    21.55   13.49
  59179.160    75.767    15.87   13.67
  59554.094    79.388     9.66   11.92
  59929.109    81.703     6.17   10.51
  60304.206    85.140     9.16    9.50
  60679.384    86.602     3.90    9.84
  61054.643    87.274     1.79   12.11
  61429.984    87.897     1.66   14.00
  61805.406    90.202     6.14   16.06
  62180.910    95.105    13.06   16.65
  62556.496   101.532    17.11   13.48
  62932.163   104.514     7.94   10.52
  63307.912   106.232     4.57   11.91
  63683.742   106.563     0.88   11.48
  64059.655   105.315    -3.32   10.20
  64435.649   102.613    -7.19    8.50
  64811.725   101.790    -2.19    7.91
  65187.883   102.423     1.68    9.49
  65564.123   105.112     7.15    9.57
  65940.446   106.616     4.00   10.05
  66316.850   107.042     1.13   10.21
  66693.337   107.831     2.10    8.37
  67069.905   106.321    -4.01    6.92
  67446.557   103.171    -8.36    4.62
  67823.290   101.404    -4.69    2.78
  68200.106   101.300    -0.28    2.41
  68577.004   101.746     1.18    2.96
  68953.985   102.810     2.82    4.52
  69331.048   105.191     6.32    6.12
  69708.194   108.477     8.71    6.53
  70085.423   110.888     6.39    4.97
  70462.734   111.586     1.85    4.55
  70840.128   109.713    -4.96    4.69
  71217.605   107.883    -4.85    3.79
  71595.165   106.811    -2.84    3.28
  71972.808   106.402    -1.08    3.21
  72350.533   107.235     2.20    3.79
  72728.342   110.689     9.14    5.37
  73106.234   113.842     8.34    5.32
  73484.209   118.055    11.15    5.40
  73862.267   121.896    10.16    6.39
  74240.409   123.759     4.93    7.76
  74618.633   125.598     4.86    7.48
  74996.942   127.045     3.83    6.88
  75375.333   127.300     0.67    6.83
  75753.808   127.127    -0.46    8.04
  76132.367   128.147     2.70    8.78
  76511.009   128.657     1.35    8.04
  76889.735   128.988     0.87    5.58
  77268.544   129.769     2.06    3.64
  77647.437   130.718     2.51    3.77
  78026.414   131.037     0.84    3.62
  78405.475   130.495    -1.43    3.29
  78784.620   131.068     1.51    4.60
  79163.849   130.537    -1.40    6.19
  79543.162   127.934    -6.86    6.79
  79922.558   125.507    -6.40    6.57
  80302.039   122.967    -6.69    4.76
  80681.605   121.853    -2.94    4.04
  81061.254   122.550     1.84    5.35
  81440.988   124.750     5.79    6.84
  81820.806   128.092     8.80    6.69
  82200.708   130.336     5.91    5.20
  82580.695   130.555     0.58    4.41
  82960.767   129.674    -2.32    4.80
  83340.923   126.996    -7.04    5.50
  83721.163   123.504    -9.18    4.31
  84101.489   120.687    -7.41    4.13
  84481.899   118.290    -6.30    3.93
  84862.394   116.239    -5.39    3.57
  85242.973   114.602    -4.30    2.78
  85623.638   114.027    -1.51    2.72
  86004.387   113.709    -0.83    2.71
  86385.222   111.996    -4.50    3.33
  86766.142   109.379    -6.87    5.24
  87147.147   105.491   -10.21    7.20
  87528.237   101.212   -11.23    7.53
  87909.412    97.635    -9.39    5.92
  88290.672    95.450    -5.73    3.85
  88659.459    94.525    -2.51    2.23
  89024.623    94.553     0.08    1.79
  89389.865    95.227     1.85    2.28
  89755.183    96.578     3.70    2.67
  90120.579    98.042     4.01    3.34
  90486.051    99.688     4.50    3.04
  90851.601   100.627     2.57    2.27
  91217.228   102.331     4.66    3.41
  91582.933   104.555     6.08    4.89
  91948.714   107.171     7.15    5.16
  92314.574   108.249     2.95    4.43
  92680.510   107.545    -1.92    4.57
  93046.524   105.093    -6.70    5.22
  93412.616   102.243    -7.78    5.02
  93778.785    99.398    -7.77    3.26
  94145.032    97.780    -4.42    2.68
  94511.357    97.188    -1.62    2.62
  94877.759    96.606    -1.59    2.94
  95244.239    96.887     0.77    3.55
  95610.797    96.719    -0.46    4.57
  95977.433    96.238    -1.31    4.79
  96344.147    97.331     2.98    5.12
  96710.939    98.093     2.08    4.76
  97077.808    98.729     1.73    3.83
  97444.756    97.491    -3.37    4.29
  97811.782    94.916    -7.02    3.39
  98178.887    93.382    -4.18    2.59
  98546.069    91.333    -5.58    3.24
  98913.330    88.002    -9.07    4.49
  99280.669    85.555    -6.66    4.87
  99648.086    82.984    -7.00    3.80
 100015.582    81.076    -5.19    3.37
 100383.156    78.872    -5.99    3.88
 100750.809    77.093    -4.84    3.59
 101118.541    75.822    -3.46    2.90
 101486.351    76.851     2.80    3.94
 101854.240    79.215     6.43    5.74
 102222.207    83.902    12.74    7.50
 102590.254    87.675    10.25    7.92
 102958.379    92.229    12.37   10.10
 103326.583    95.994    10.23   11.26
 103694.866    98.746     7.47   10.78
 104063.228    97.952    -2.16    9.65
 104431.669    96.604    -3.66    8.13
 104800.189    94.120    -6.74    5.85
 105168.788    92.508    -4.37    4.66
 105537.466    90.970    -4.17    4.19
 105906.224    90.331    -1.73    3.81
 106275.061    88.977    -3.67    3.76
 106643.977    87.022    -5.30    3.94
 107012.973    84.460    -6.94    4.51
 107382.048    83.050    -3.82    4.29
 107751.202    85.104     5.57    7.18
 108120.437    92.930    21.20   13.40
 108489.750   101.779    23.96   13.49
 108859.144   108.841    19.12    8.74
 109228.617   112.402     9.64    5.72
 109598.169   114.080     4.54    4.72
 109967.802   113.584    -1.34    4.08
 110337.514   109.749   -10.37    6.64
 110707.307   103.080   -18.03   11.62
 111077.179    91.198   -32.13   17.42
 111447.131    81.760   -25.51   15.63
 111817.163    75.963   -15.67   11.65
 112187.276    74.376    -4.29   11.53
 112557.468    75.590     3.28   13.86
 112927.741    79.770    11.29   16.69
 113298.094    83.596    10.33   17.63
 113668.528    85.956     6.37   16.06
 114039.041    89.565     9.74   13.42
 114409.635    91.029     3.95   11.28
 114780.310    90.931    -0.26    9.85
 115151.065    90.002    -2.51    9.15
 115521.901    91.470     3.96    9.37
 115892.817    92.428     2.58    9.35
 116263.814    93.127     1.88    8.40
 116634.892    92.373    -2.03    7.49
 117006.050    87.982   -11.83    8.00
 117377.289    81.630   -17.11   10.10
 117748.610    72.810   -23.75    9.49
 118120.011    66.851   -16.05    7.91
 118491.493    64.336    -6.77    5.74
 118863.056    66.647     6.22    9.60
 119234.700    71.247    12.38   13.93
 119606.425    79.093    21.11   15.12
 119978.232    87.170    21.72   12.95
 120350.120    93.578    17.23   10.74
 120722.089    97.645    10.94   11.38
 121094.139   101.680    10.85   11.78
 121466.271   106.680    13.44   11.52
 121838.484   110.248     9.59    9.45
 122210.779   110.537     0.78    7.10
 122583.156   109.014    -4.09    6.49
 122955.614   106.346    -7.17    5.37
 123328.153   103.726    -7.03    3.03
 123700.775   103.123    -1.62    2.11
 124073.478   101.800    -3.55    3.26
 124446.263   100.280    -4.08    4.15
 124819.130    99.571    -1.90    4.35
 125192.079    99.040    -1.42    5.65
 125565.109    99.290     0.67    5.85
 125938.222    98.214    -2.88    6.94
 126311.417    91.840   -17.08   12.22
 126684.694    83.861   -21.38   12.82
 127058.054    78.560   -14.20   12.47
 127431.495    72.519   -16.18   11.55
 127805.019    68.390   -11.05   12.68
 128178.625    65.321    -8.22   11.68
 128552.314    60.851   -11.96    7.94
 128926.085    58.421    -6.50    5.32
 129299.939    58.180    -0.64    4.20
 129673.875    59.528     3.61    4.09
 130047.894    62.010     6.64    5.12
 130421.995    64.707     7.21    5.31
 130796.180    68.553    10.28    5.11
 131170.447    72.443    10.40    5.56
 131544.797    77.280    12.92    6.22
 131919.230    81.426    11.07    6.32
 132293.746    86.300    13.01    5.37
 132668.344    88.406     5.62    6.56
 133043.026    87.676    -1.95    7.35
 133417.791    86.032    -4.39    6.93
 133792.639    85.535    -1.33    6.24
 134167.571    88.618     8.22    9.11
 134542.586    94.116    14.66   10.17
 134917.684   100.144    16.07    8.35
 135292.865   104.528    11.69    3.40
 135668.130   104.620     0.24    2.51
 136043.479   103.258    -3.63    3.86
 136418.910   100.760    -6.66    4.45
 136794.426    97.790    -7.91    4.17
 137170.025    95.325    -6.56    3.73
 137545.708    92.883    -6.50    3.58
 137921.475    91.120    -4.69    4.29
 138297.326    88.550    -6.84    4.35
 138673.260    84.770   -10.06    5.44
 139049.279    81.346    -9.11    6.56
 139425.381    75.480   -15.60    7.45
 139801.568    70.560   -13.08    7.82
 140177.838    68.383    -5.79    8.32
 140554.193    66.943    -3.83    8.27
 140930.632    66.984     0.11    7.42
 141307.156    67.650     1.77    7.27
 141683.763    70.852     8.50    6.75
 142060.455    74.080     8.57    6.29
 142437.232    79.376    14.06    6.58
 142814.093    84.640    13.97    7.73
 143191.038    89.050    11.70    6.53
 143568.069    91.130     5.52    4.40
 143945.183    90.909    -0.59    4.78
 144322.383    89.950    -2.54    5.03
 144699.667    88.633    -3.49    4.29
 145077.037    88.416    -0.58    3.99
 145454.491    91.137     7.21    5.60
 145832.030    96.200    13.41    7.42
 146209.654   100.790    12.16    7.42
 146587.363   105.361    12.10    5.85
 146965.157   107.882     6.67    4.11
 147343.037   108.920     2.75    3.32
 147721.001   109.055     0.36    2.57
 148099.051   109.940     2.34    2.63
 148477.187   111.020     2.86    3.48
 148855.408   111.420     1.06    3.26
 149233.714   110.698    -1.91    3.90
 149612.106   108.527    -5.74    4.72
 149990.583   106.144    -6.30    4.30
 150369.146   104.040    -5.56    3.72
 150747.795   102.941    -2.90    3.74
 151126.529   102.657    -0.75    3.29
 151505.349   102.250    -1.07    3.14
 151884.255   101.372    -2.32    3.52
 152263.247    99.214    -5.69    5.30
 152642.325    95.198   -10.60    5.25
 153021.489    92.500    -7.12    4.72
 153400.740    90.463    -5.37    5.00
 153780.076    91.018     1.46    5.24
 154159.498    92.628     4.24    5.15
 154539.007    95.340     7.15    4.46
 154918.602    97.864     6.65    3.66
 155298.284    99.701     4.84    2.27
 155678.052   100.718     2.68    2.43
 156057.906   100.709    -0.02    4.01
 156437.847   100.072    -1.68    6.24
 156817.875    95.226   -12.75   10.56
 157197.989    88.238   -18.39   12.75
 157578.190    83.610   -12.17   11.14
 157958.478    79.637   -10.45    8.59
 158338.853    79.760     0.32    8.20
 158719.315    79.956     0.51    8.26
 159099.863    79.246    -1.87    7.99
 159480.499    78.746    -1.31    7.46
 159861.222    78.490    -0.67    7.41
 160242.031    79.196     1.85    8.02
 160622.928    80.543     3.54    9.16
 161003.913    82.326     4.68    8.82
 161384.984    80.214    -5.54    9.72
 161766.144    77.908    -6.05    9.04
 162147.390    77.345    -1.48    8.79
 162528.724    76.446    -2.36    9.20
 162910.146    77.329     2.32    9.74
 163284.683    78.413     2.89    9.64
 163649.608    80.310     5.20   10.60
 164014.611    83.517     8.79   11.30
 164379.694    86.290     7.60    9.90
 164744.856    84.888    -3.84   10.20
 165110.096    83.011    -5.14   10.42
 165475.415    79.800    -8.79    8.94
 165840.814    78.738    -2.91    8.12
 166206.291    81.830     8.46   11.14
 166571.848    87.560    15.68   13.77
 166937.484    96.892    25.53   13.62
 167303.199   103.840    19.00   10.56
 167668.993   108.477    12.68    7.23
 168034.867   109.280     2.19    7.18
 168400.820   107.635    -4.50    6.95
 168766.852   104.721    -7.96    6.74
 169132.964   102.630    -5.71    6.06
 169499.156   101.113    -4.14    4.33
 169865.427   100.652    -1.26    3.56
 170231.778   100.758     0.29    3.57
 170598.208    99.681    -2.94    4.13
 170964.719    98.412    -3.46    4.14
 171331.309    96.270    -5.84    3.85
 171697.979    95.120    -3.14    4.14
 172064.728    95.430     0.84    4.64
