-108537.494   119.790     0.00    7.98
-108160.566   120.044     0.68    7.15
-107783.731   119.378    -1.77    6.32
-107406.989   120.357     2.60    6.16
-107030.339   123.617     8.66    7.03
-106653.782   127.654    10.72    6.70
-106277.318   131.896    11.27    5.44
-105900.946   133.686     4.76    5.40
-105524.667   132.946    -1.97    6.33
-105148.480   130.210    -7.27    7.08
-104772.385   125.238   -13.22    7.74
-104396.382   120.388   -12.90    7.16
-104020.472   112.004   -22.30   11.73
-103644.654   103.369   -22.98   14.17
-103268.928    93.072   -27.41   13.26
-102893.293    85.874   -19.16    8.03
-102517.751    81.779   -10.91    2.13
-102142.300    82.436     1.75    3.23
-101766.941    86.566    11.00    6.93
-101391.674    94.190    20.32   11.26
-101016.499   104.612    27.78   14.70
-100641.415   116.747    32.35   16.17
-100266.422   125.233    22.63   15.47
 -99891.521   129.363    11.02   14.95
 -99516.711   126.294    -8.19   16.63
 -99141.993   118.480   -20.85   16.32
 -98767.366   112.126   -16.96   13.25
 -98392.830   107.239   -13.05    8.64
 -98018.385   110.526     8.78    9.68
 -97644.031   116.323    15.49   10.58
 -97269.768   121.435    13.66   12.92
 -96895.596   125.390    10.57   14.05
 -96521.515   130.444    13.51   13.32
 -96147.524   133.747     8.83   10.21
 -95773.625   136.912     8.47    8.47
 -95399.816   144.945    21.49   10.57
 -95026.097   151.046    16.33   10.87
 -94652.469   157.995    18.60   10.71
 -94278.932   160.136     5.73    9.15
 -93905.484   159.371    -2.05    9.22
 -93532.127   156.181    -8.54    8.33
 -93158.861   151.027   -13.81    7.55
 -92785.684   147.999    -8.11    7.08
 -92412.598   144.374    -9.72    6.73
 -92039.602   137.842   -17.51   10.50
 -91666.695   132.490   -14.35   12.56
 -91293.879   123.545   -23.99   12.23
 -90921.153   116.343   -19.32   10.14
 -90548.516   110.423   -15.89    8.51
 -90175.969   106.590   -10.29    7.09
 -89803.511   106.758     0.45    6.98
 -89431.144   108.790     5.46    8.69
 -89058.866   111.212     6.51    9.92
 -88686.677   111.967     2.03   10.41
 -88314.578   109.937    -5.46   10.33
 -87942.568   106.705    -8.69    9.61
 -87570.647   105.090    -4.34    8.62
 -87198.815   104.063    -2.76    8.82
 -86827.073   105.842     4.79    9.29
 -86455.420   109.169     8.95    8.81
 -86083.856   116.169    18.84    8.51
 -85712.381   120.124    10.65    9.95
 -85340.994   122.150     5.45    9.00
 -84969.697   119.099    -8.22   10.61
 -84598.488   113.664   -14.64   10.10
 -84227.368   113.081    -1.57   10.96
 -83856.337   118.150    13.66   14.31
 -83485.394   123.817    15.28   16.15
 -83114.540   125.945     5.74   17.04
 -82743.774   124.120    -4.92   17.52
 -82373.097   117.254   -18.52   14.77
 -82002.507   106.678   -28.54   19.22
 -81632.007    95.328   -30.64   20.51
 -81261.594    90.936   -11.86   18.09
 -80891.270    93.022     5.64   17.41
 -80521.033   100.274    19.59   16.27
 -80150.885   108.797    23.03    7.00
 -79780.825   110.292     4.04    6.07
 -79410.852   109.910    -1.03    5.85
 -79040.968   105.820   -11.06    7.57
 -78671.171    99.693   -16.57    9.56
 -78301.462    91.697   -21.63   10.14
 -77931.840    86.381   -14.38   10.12
 -77562.306    81.329   -13.67   13.56
 -77192.860    76.617   -12.75   12.08
 -76823.501    74.389    -6.03    9.82
 -76454.230    73.564    -2.23    7.80
 -76085.046    73.346    -0.59    6.25
 -75715.949    74.130     2.12    6.84
 -75346.939    73.905    -0.61    6.92
 -74978.017    72.789    -3.03    7.06
 -74609.181    71.105    -4.57    5.82
 -74240.433    70.416    -1.87    5.72
 -73871.771    73.565     8.54    8.61
 -73503.197    79.117    15.07   10.89
 -73134.709    84.908    15.72   11.13
 -72766.308    92.499    20.61   11.96
 -72397.994    98.254    15.62    9.69
 -72029.767   103.395    13.96    6.97
 -71661.626   109.095    15.48   10.84
 -71293.572   118.363    25.18   17.45
 -70925.604   129.337    29.83   18.44
 -70557.723   135.555    16.90   14.91
 -70189.928   134.078    -4.02   15.29
 -69822.219   128.445   -15.32   12.77
 -69454.597   128.112    -0.90   11.39
 -69087.060   136.355    22.43   15.55
 -68719.610   148.314    32.55   15.85
 -68352.246   160.036    31.91   13.61
 -67984.968   170.499    28.49   10.28
 -67617.776   175.989    14.95    7.64
 -67250.670   175.108    -2.40    8.24
 -66883.649   173.247    -5.07    7.84
 -66516.715   171.416    -4.99    5.32
 -66149.866   170.055    -3.71    6.35
 -65783.103   172.479     6.61    8.73
 -65416.425   175.240     7.53   11.76
 -65049.833   176.299     2.89   12.34
 -64683.326   172.134   -11.36   11.31
 -64316.905   165.434   -18.29   10.72
 -63950.569   158.008   -20.27   12.44
 -63584.318   148.526   -25.89   14.30
 -63218.153   137.727   -29.49   15.53
 -62852.073   124.181   -37.01   19.62
 -62486.077   115.105   -24.80   19.31
 -62120.167   105.706   -25.69   14.76
 -61754.342    98.636   -19.33   11.00
 -61388.602    94.689   -10.79   10.42
 -61022.947    92.095    -7.09   10.50
 -60657.376    89.406    -7.36   12.09
 -60291.891    85.661   -10.25   12.27
 -59926.490    79.160   -17.79   10.21
 -59561.173    72.677   -17.75   10.66
 -59195.942    65.779   -18.89   12.66
 -58830.794    57.817   -21.81   14.40
 -58465.732    48.784   -24.74   11.78
 -58100.753    43.472   -14.56    7.05
 -57735.859    40.984    -6.82    5.74
 -57371.050    41.426     1.21    5.25
 -57006.324    41.943     1.42    4.45
 -56641.683    40.751    -3.27    4.31
 -56277.126    39.154    -4.38    4.91
 -55912.652    36.423    -7.49    5.75
 -55548.263    31.945   -12.29    5.52
 -55183.958    27.836   -11.28    5.04
 -54803.189    25.237    -6.82    3.94
 -54421.215    26.397     3.04    5.79
 -54039.335    31.555    13.51   11.53
 -53657.549    39.274    20.22   12.43
 -53275.858    46.198    18.14    8.14
 -52894.261    48.905     7.09    5.43
 -52512.757    47.791    -2.92    4.81
 -52131.348    45.406    -6.25    5.23
 -51750.033    41.682    -9.77    7.11
 -51368.811    36.573   -13.40    6.53
 -50987.684    32.378   -11.01    4.83
 -50606.650    31.058    -3.47    5.05
 -50225.709    30.304    -1.98    5.24
 -49844.862    30.261    -0.12    4.34
 -49464.109    30.310     0.13    3.49
 -49083.449    31.249     2.47    3.54
 -48702.883    32.555     3.43    3.80
 -48322.410    33.768     3.19    4.14
 -47942.030    35.703     5.09    5.10
 -47561.743    38.675     7.82    6.53
 -47181.549    40.908     5.87    6.55
 -46801.448    45.112    11.06    6.79
 -46421.441    46.814     4.48    7.12
 -46041.526    47.414     1.58    6.87
 -45661.704    49.105     4.45    6.55
 -45281.975    51.431     6.13    7.20
 -44902.338    57.036    14.76   11.55
 -44522.794    64.736    20.29   11.33
 -44143.343    70.802    15.99   10.52
 -43763.984    74.246     9.08    7.89
 -43384.717    73.251    -2.62    7.42
 -43005.543    68.622   -12.21    8.29
 -42626.461    61.275   -19.38   11.56
 -42247.472    54.228   -18.59   11.15
 -41868.574    48.004   -16.43    8.52
 -41489.769    45.471    -6.69    6.66
 -41111.056    46.826     3.58    6.66
 -40732.434    48.906     5.49    7.29
 -40353.905    51.392     6.57    6.21
 -39975.467    53.781     6.31    5.72
 -39597.122    56.241     6.50    6.71
 -39218.867    58.536     6.07    6.61
 -38840.705    60.204     4.41    6.88
 -38462.634    60.536     0.88    6.30
 -38084.655    63.697     8.36    6.66
 -37706.766    67.055     8.89    5.79
 -37328.970    69.744     7.12    4.88
 -36951.265    68.863    -2.33    5.67
 -36573.650    65.101    -9.96    8.10
 -36196.127    58.396   -17.76   10.95
 -35818.696    52.690   -15.12    9.25
 -35441.355    48.367   -11.46    6.97
 -35064.105    48.527     0.43    8.28
 -34686.946    54.681    16.32   13.74
 -34309.878    64.842    26.95   14.79
 -33932.901    74.556    25.77   10.12
 -33556.014    78.835    11.35    5.28
 -33179.219    78.876     0.11    5.74
 -32802.513    77.237    -4.35    8.00
 -32425.898    73.763    -9.23   11.39
 -32049.374    62.602   -29.64   22.70
 -31672.940    45.749   -44.77   31.29
 -31296.597    26.908   -50.06   30.55
 -30920.343    11.416   -41.18   21.30
 -30544.180     1.302   -26.89    6.70
 -30168.107    -0.492    -4.77    0.00
 -29792.125    -0.026     1.24    2.70
 -29416.232     1.731     4.67    6.13
 -29040.429     3.761     5.40    8.07
 -28664.716     5.323     4.16    9.00
 -28289.093     5.763     1.17    9.19
 -27913.559     5.349    -1.10    8.86
 -27538.115     5.134    -0.57    8.75
 -27162.761     3.433    -4.53    7.82
 -26787.497     1.600    -4.88    5.93
 -26412.322     0.529    -2.86    4.15
 -26037.236     1.630     2.94    6.01
 -25662.240     3.406     4.74    7.80
 -25287.333     4.912     4.02    8.65
 -24912.515     6.612     4.54    9.27
 -24537.787     7.742     3.02    9.43
 -24163.147     9.462     4.59    9.51
 -23788.597    10.321     2.30    9.57
 -23414.136    11.805     3.96    9.44
 -23039.763    12.716     2.44    9.15
 -22665.480    13.508     2.12    8.78
 -22291.285    14.274     2.05    8.27
 -21917.179    14.985     1.90    7.86
 -21543.162    15.353     0.98    7.37
 -21169.234    16.032     1.82    6.91
 -20795.394    16.405     1.00    6.31
 -20421.642    16.854     1.20    5.81
 -20047.979    17.742     2.38    4.89
 -19674.404    18.182     1.18    3.64
 -19300.918    18.508     0.87    2.96
 -18927.520    19.018     1.37    2.19
 -18554.210    19.077     0.16    2.31
 -18180.988    19.375     0.80    2.45
 -17807.854    19.144    -0.62    3.40
 -17434.809    18.153    -2.66    4.85
 -17061.851    16.181    -5.29    7.07
 -16688.981    14.242    -5.20    8.27
 -16316.199    11.983    -6.06    9.10
 -15943.504     8.994    -8.02    9.43
 -15570.898     5.631    -9.03    8.57
 -15198.379     3.206    -6.51    7.17
 -14825.947     0.801    -6.46    3.90
 -14453.603    -0.454    -3.37    0.23
 -14081.347    -0.492    -0.10    0.00
 -13709.178    -0.492     0.00    0.00
 -13337.096    -0.464     0.07    0.16
 -12965.102     0.345     2.18    3.09
 -12593.195     4.153    10.24    7.54
 -12221.374     8.077    10.55    8.89
 -11849.641    12.303    11.37    8.57
 -11477.996    16.159    10.38    6.30
 -11106.437    18.775     7.04    2.12
 -10734.964    18.397    -1.02    2.45
 -10363.579    17.778    -1.67    4.22
  -9992.281    16.162    -4.35    6.21
  -9621.069    13.805    -6.35    8.18
  -9249.944    11.122    -7.23    9.24
  -8878.906     7.937    -8.58    9.32
  -8507.954     4.555    -9.12    8.15
  -8137.088     1.272    -8.85    5.04
  -7766.309    -0.152    -3.84    1.40
  -7395.617     2.545     7.28    6.68
  -7025.010     6.678    11.15    9.42
  -6654.490    11.055    11.81    9.83
  -6284.056    15.835    12.90    8.21
  -5913.709    18.742     7.85    4.45
  -5543.447    19.770     2.78    2.23
  -5173.271    19.681    -0.24    2.25
  -4803.182    17.405    -6.15    6.36
  -4433.178    16.567    -2.27    7.34
  -4063.260    17.008     1.19    6.88
  -3693.428    17.565     1.51    6.44
  -3323.681    18.922     3.67    4.44
  -2954.021    19.990     2.89    1.91
  -2584.445    19.908    -0.22    1.88
  -2214.956    19.601    -0.83    2.89
  -1845.551    16.071    -9.55    8.09
  -1476.233    10.754   -14.40   10.00
  -1106.999     6.244   -12.21    9.24
   -737.851     1.442   -13.01    5.25
   -368.788    -0.482    -5.21    0.10
      0.190    -0.492    -0.03    0.00
    369.082    -0.492     0.00    0.00
    737.890    -0.472     0.05    0.14
   1106.612     3.801    11.59    9.76
   1475.250    13.659    26.74   19.00
   1843.802    27.280    36.96   22.88
   2212.270    40.508    35.90   21.15
   2580.653    51.804    30.66   15.94
   2948.951    60.022    22.31   11.15
   3317.165    64.351    11.76    9.56
   3685.294    68.863    12.26   10.22
   4053.338    72.667    10.33   10.64
   4421.298    76.829    11.31    9.92
   4789.174    79.994     8.61    8.06
   5156.965    83.274     8.92    8.04
   5524.672    86.231     8.04    8.27
   5892.295    87.787     4.23    8.55
   6259.833    92.206    12.02    9.26
   6627.287    94.697     6.78    7.61
   6994.658    95.617     2.50    5.99
   7361.944    95.103    -1.40    6.62
   7729.146    92.842    -6.16    7.37
   8096.264    91.329    -4.12    7.52
   8463.299    89.354    -5.38    6.80
   8830.249    87.470    -5.14    8.17
   9197.116    80.612   -18.69   15.34
   9563.899    72.900   -21.02   19.23
   9930.599    66.169   -18.36   18.44
  10297.215    65.584    -1.59   17.46
  10663.747    71.984    17.46   18.80
  11030.196    78.320    17.29   16.41
  11396.562    87.672    25.53    9.72
  11762.844    91.910    11.57    9.89
  12129.043    96.729    13.16   10.75
  12495.158    99.263     6.92    9.56
  12861.191    97.763    -4.10    9.41
  13227.140    95.904    -5.08    9.52
  13593.007    92.051   -10.53    6.90
  13958.790    87.948   -11.22    5.84
  14324.490    84.452    -9.56    7.37
  14690.108    81.386    -8.39    6.07
  15055.643    79.450    -5.30    5.51
  15421.094    77.584    -5.11    6.66
  15786.463    76.938    -1.77    6.46
  16151.750    70.739   -16.97   14.78
  16516.954    64.004   -18.44   17.51
  16882.075    54.941   -24.82   17.79
  17247.114    49.055   -16.12   15.03
  17612.070    43.655   -14.80    9.21
  17976.944    47.772    11.28   13.25
  18341.736    57.778    27.43   17.21
  18706.445    67.337    26.21   15.20
  19071.072    72.622    14.49   10.48
  19435.617    74.998     6.52    4.33
  19810.288    72.423    -6.87    5.49
  20192.093    69.192    -8.46    6.03
  20573.806    66.594    -6.81    4.66
  20955.427    65.202    -3.65    4.64
  21336.957    65.265     0.17    6.25
  21718.394    67.098     4.81    7.42
  22099.740    69.414     6.07    7.98
  22480.995    71.450     5.34    7.33
  22862.157    73.826     6.23    6.34
  23243.229    73.537    -0.76    6.43
  23624.208    72.080    -3.83    6.43
  24005.097    69.783    -6.03    7.09
  24385.894    65.680   -10.77    8.09
  24766.600    62.124    -9.34    6.79
  25147.214    58.937    -8.37    4.14
  25527.738    57.080    -4.88    2.84
  25908.170    56.933    -0.39    2.81
  26288.512    56.206    -1.91    3.01
  26668.762    54.460    -4.59    3.33
  27048.922    53.640    -2.16    3.05
  27428.991    53.095    -1.44    2.52
  27808.969    53.612     1.36    2.54
  28188.856    53.449    -0.43    3.45
  28568.653    52.489    -2.53    5.31
  28948.359    52.734     0.64    8.05
  29327.975    55.555     7.43    9.17
  29707.500    58.290     7.21    7.67
  30086.935    60.231     5.11    5.61
  30466.280    60.766     1.41    5.16
  30845.535    60.065    -1.85    4.61
  31224.699    59.018    -2.76    5.09
  31603.773    59.037     0.05    5.46
  31982.757    59.146     0.29    5.59
  32361.651    60.084     2.48    5.34
  32740.456    61.727     4.34    4.19
  33119.170    64.310     6.82    5.92
  33497.795    67.432     8.25    6.86
  33876.330    71.376    10.42    5.18
  34254.775    73.393     5.33    3.81
  34633.131    74.518     2.97    3.93
  35011.397    75.028     1.35    3.02
  35389.573    73.400    -4.30    4.32
  35767.660    70.037    -8.90    6.16
  36145.658    65.696   -11.48    6.50
  36523.567    63.308    -6.32    5.31
  36901.386    63.365     0.15    5.40
  37279.116    66.232     7.59    5.85
  37656.758    69.937     9.81    4.23
  38034.310    71.984     5.42    4.31
  38411.773    73.241     3.33    4.72
  38789.147    77.433    11.11    6.98
  39166.432    84.042    17.52   10.07
  39543.629    92.210    21.65   10.54
  39920.737    96.168    10.50    7.56
  40297.756    97.008     2.23    5.77
  40674.686    93.897    -8.26    6.33
  41051.528    87.382   -17.29    8.20
  41428.282    80.848   -17.34   10.82
  41804.947    73.293   -20.06    9.46
  42181.523    68.042   -13.94    4.92
  42558.012    66.580    -3.88    3.53
  42934.412    68.642     5.48    4.67
  43310.724    73.161    12.01    6.43
  43686.948    79.623    17.17    8.77
  44063.084    84.969    14.21    7.95
  44439.132    85.768     2.12    7.39
  44815.091    83.172    -6.91    8.35
  45190.963    77.770   -14.37    6.83
  45566.748    74.256    -9.35    3.01
  45942.444    73.431    -2.19    3.27
  46318.053    72.737    -1.85    4.44
  46693.574    72.063    -1.80    5.46
  47069.008    73.008     2.52    5.93
  47444.354    74.651     4.38    6.36
  47819.612    75.431     2.08    4.75
  48194.784    73.927    -4.01    5.56
  48569.868    69.756   -11.12    6.50
  48944.864    66.738    -8.05    4.65
  49319.774    66.364    -1.00    3.47
  49694.596    67.220     2.28    3.51
  50069.331    69.139     5.12    2.85
  50443.979    70.206     2.85    2.10
  50818.541    69.372    -2.23    3.31
  51193.015    66.461    -7.77    5.32
  51567.402    62.268   -11.20    6.18
  51941.703    56.746   -14.75    6.21
  52315.917    54.070    -7.15    5.40
  52690.044    56.727     7.10    7.74
  53064.085    60.064     8.92    8.29
  53438.039    63.874    10.19    5.62
  53811.907    64.720     2.26    4.17
  54185.688    62.593    -5.69    4.91
  54559.383    60.413    -5.83    4.89
  54932.991    59.838    -1.54    4.54
  55306.514    61.725     5.05    5.34
  55679.950    64.983     8.72    6.81
  56053.300    67.244     6.06    6.01
  56426.563    69.374     5.71    5.34
  56799.741    72.851     9.32    5.80
  57172.833    74.224     3.68    6.15
  57545.839    74.912     1.84    5.31
  57918.759    78.217     8.86    6.50
  58291.594    81.955    10.03    8.16
  58664.342    86.604    12.47    7.04
  59037.005    92.191    14.99    4.99
  59409.582    97.394    13.96    7.99
  59782.074   103.900    17.47    9.88
  60154.481   111.037    19.16    8.75
  60526.801   116.618    14.99    5.75
  60899.037   118.965     6.31    3.64
  61271.187   116.732    -6.00    6.48
  61643.252   112.643   -10.99    7.53
  62015.232   106.794   -15.72    7.41
  62387.126    99.959   -18.38    7.45
  62758.936    93.899   -16.30    8.87
  63130.660    87.294   -17.77    7.27
  63502.300    82.710   -12.33    4.68
  63873.854    78.845   -10.40    4.13
  64245.324    76.108    -7.37    4.04
  64616.709    72.343   -10.14    5.52
  64988.009    67.931   -11.88    6.78
  65359.225    63.614   -11.63    8.13
  65730.355    57.868   -15.48    9.02
  66101.402    55.270    -7.00    7.76
  66472.363    53.769    -4.05    7.04
  66843.241    54.383     1.66    5.00
  67214.034    55.340     2.58    2.78
  67584.742    55.508     0.45    2.44
  67955.367    56.008     1.35    2.61
  68325.907    56.655     1.75    2.32
  68696.363    56.412    -0.66    2.11
  69066.734    55.668    -2.01    1.74
  69437.022    56.165     1.34    2.58
  69807.226    57.013     2.29    3.18
  70177.346    57.800     2.12    3.11
  70547.381    57.773    -0.07    2.82
  70917.334    56.838    -2.53    3.34
  71287.202    56.287    -1.49    3.37
  71656.986    56.716     1.16    3.85
  72026.687    58.028     3.55    3.90
  72396.305    60.294     6.13    4.11
  72765.838    64.681    11.87    7.37
  73135.289    69.328    12.58    8.92
  73504.655    74.450    13.87    6.74
  73873.939    77.391     7.96    3.22
  74243.139    76.586    -2.18    3.26
  74612.256    74.670    -5.19    3.69
  74981.289    72.937    -4.70    3.21
  75350.240    72.184    -2.04    2.66
  75719.107    71.185    -2.71    2.59
  76087.892    70.136    -2.85    3.16
  76456.593    69.644    -1.33    3.32
  76825.211    70.430     2.13    3.96
  77193.747    71.345     2.48    3.92
  77562.199    71.947     1.63    3.74
  77930.569    66.324   -15.26   10.19
  78298.857    58.498   -21.25   12.10
  78667.061    54.842    -9.93   10.58
  79035.183    53.087    -4.77    7.78
  79403.222    55.008     5.22    5.83
  79771.179    57.099     5.68    2.89
  80139.054    56.529    -1.55    3.07
  80506.846    54.033    -6.79    6.02
  80874.555    49.178   -13.20    7.31
  81242.183    45.683    -9.51    7.41
  81609.728    45.175    -1.38    8.10
  81977.191    46.241     2.90    9.19
  82344.572    45.133    -3.01   10.23
  82711.871    45.712     1.58   10.23
  83079.088    45.881     0.46    9.33
  83446.223    45.768    -0.31    8.55
  83813.276    46.761     2.70    7.33
  84180.247    46.685    -0.21    6.26
  84547.137    43.788    -7.89    4.55
  84913.944    43.229    -1.52    4.35
  85280.670    46.008     7.58    5.16
  85647.315    50.829    13.15    8.31
  86013.877    55.587    12.98    8.03
  86380.359    60.351    13.00    4.89
  86746.759    63.087     7.46    3.81
  87113.077    64.038     2.60    3.95
  87479.314    63.261    -2.12    3.81
  87845.470    62.161    -3.00    3.41
  88211.544    62.508     0.95    3.81
  88577.538    63.489     2.68    4.47
  88943.450    63.900     1.13    4.43
  89309.281    63.557    -0.94    4.85
  89675.031    62.729    -2.26    4.96
  90040.700    63.903     3.21    4.97
  90406.288    65.018     3.05    3.84
  90771.796    66.023     2.75    2.97
  91137.222    66.984     2.63    4.38
  91502.568    68.188     3.30    4.89
  91867.833    70.984     7.65    5.53
  92233.017    74.572     9.82    5.87
  92598.121    78.220     9.99    6.32
  92963.144    81.322     8.50    4.74
  93328.087    83.097     4.86    3.71
  93692.949    84.643     4.24    3.89
  94057.731    86.256     4.42    4.67
  94426.747    87.756     4.07    4.45
  94808.383    89.329     4.12    3.86
  95189.929    89.654     0.85    3.15
  95571.386    88.029    -4.26    2.98
  95952.753    84.400    -9.51    5.48
  96334.030    79.621   -12.54    6.71
  96715.219    76.062    -9.34    5.40
  97096.318    72.766    -8.65    3.70
  97477.327    70.806    -5.14    3.99
  97858.248    69.271    -4.03    3.93
  98239.079    70.213     2.47    5.50
  98619.821    73.448     8.50    6.43
  99000.474    76.441     7.86    6.50
  99381.039    77.898     3.83    6.06
  99761.514    78.665     2.02    5.25
 100141.901    79.998     3.50    5.97
 100522.198    82.744     7.22    6.41
 100902.407    85.172     6.39    6.21
 101282.528    89.605    11.66    7.67
 101662.559    93.116     9.24    8.11
 102042.503    97.964    12.76    8.05
 102422.357   102.231    11.23    6.62
 102802.124   104.440     5.82    6.43
 103181.802   106.528     5.50    6.51
 103561.392   109.370     7.49    6.35
 103940.893   110.518     3.03    6.04
 104320.306   111.998     3.90    4.73
 104699.632   112.198     0.52    4.51
 105078.869   114.586     6.30    5.11
 105458.018   117.052     6.50    4.70
 105837.079   118.808     4.63    3.22
 106216.053   118.822     0.04    2.71
 106594.938   117.698    -2.97    2.79
 106973.736   115.970    -4.56    3.71
 107352.446   113.680    -6.05    4.31
 107731.069   110.469    -8.48    6.02
 108109.604   105.345   -13.53    7.50
 108488.051   100.126   -13.79    8.22
 108866.411    96.074   -10.71    6.64
 109244.684    95.275    -2.11    6.42
 109622.869    95.192    -0.22    7.30
 110000.967    94.904    -0.76    7.49
 110378.978    94.008    -2.37    7.83
 110756.901    92.165    -4.88    7.75
 111134.738    86.225   -15.72   13.41
 111512.487    73.673   -33.23   19.38
 111890.150    62.944   -28.41   17.38
 112267.726    56.959   -15.85   12.33
 112645.214    59.380     6.41   13.21
 113022.616    67.786    22.27   12.09
 113399.932    72.954    13.70    8.71
 113777.160    75.028     5.50    6.94
 114154.302    76.763     4.60    6.02
 114531.358    78.930     5.75    5.77
 114908.327    81.268     6.20    5.99
 115285.209    84.651     8.98    5.75
 115662.005    88.052     9.02    5.89
 116038.715    92.003    10.49    5.16
 116415.338    96.053    10.75    5.32
 116791.876   101.212    13.70    6.49
 117168.327   107.120    15.69    9.30
 117544.692   113.572    17.14   10.47
 117920.971   117.567    10.61    9.42
 118297.164   118.688     2.98    7.86
 118673.271   117.381    -3.48    7.07
 119049.292   115.885    -3.98    5.22
 119425.228   115.320    -1.50    3.63
 119801.078   116.204     2.35    3.46
 120176.842   117.063     2.28    3.70
 120552.520   118.920     4.94    4.55
 120928.113   120.852     5.14    5.84
 121303.620   122.508     4.41    6.54
 121679.042   123.653     3.05    6.77
 122054.379   121.704    -5.19    7.32
 122429.630   118.549    -8.41    6.62
 122804.796   116.459    -5.57    5.18
 123179.876   114.706    -4.67    2.79
 123554.872   115.146     1.17    2.70
 123929.782   115.131    -0.04    3.08
 124304.607   113.812    -3.52    4.48
 124679.348   111.439    -6.33    5.11
 125054.003   108.253    -8.50    4.47
 125428.573   106.268    -5.30    2.83
 125803.059   106.361     0.25    2.32
 126177.460   107.370     2.69    2.90
 126551.776   110.033     7.11    4.36
 126926.008   113.616     9.57    6.17
 127300.155   118.092    11.96    6.74
 127674.217   119.577     3.97    7.22
 128048.195   118.029    -4.14    8.67
 128422.088   112.756   -14.10    9.84
 128795.897   108.998   -10.05    7.27
 129169.622   108.295    -1.88    5.59
 129543.263   110.124     4.90    6.72
 129916.819   111.793     4.47    7.39
 130290.291   113.726     5.18    8.41
 130663.679   119.306    14.94   13.61
 131036.983   127.271    21.33   15.59
 131410.203   137.175    26.54   10.15
 131783.340   140.704     9.46    4.91
 132156.392   139.008    -4.55    5.96
 132529.360   135.548    -9.28    6.26
 132902.245   132.060    -9.35    4.08
 133275.046   130.900    -3.11    3.41
 133647.763   129.731    -3.14    3.76
 134020.397   128.637    -2.93    3.94
 134392.947   126.978    -4.45    3.27
 134765.414   125.618    -3.65    3.03
 135137.798   124.904    -1.92    3.60
 135510.098   122.882    -5.43    3.71
 135882.314   122.008    -2.35    4.15
 136254.448   122.508     1.34    4.93
 136626.498   125.110     6.99    6.00
 136998.465   128.250     8.44    6.63
 137370.349   133.057    12.93    6.13
 137742.150   136.937    10.43    4.17
 138113.868   139.677     7.37    2.62
 138485.503   140.378     1.89    1.83
 138857.055   140.885     1.36    2.63
 139228.524   142.063     3.17    3.44
 139599.911   142.570     1.36    3.35
 139971.215   144.033     3.94    3.85
 140342.436   146.123     5.63    4.42
 140713.575   148.253     5.74    4.28
 141084.631   150.373     5.71    2.93
 141455.604   149.795    -1.56    4.22
 141826.496   146.064   -10.06    7.53
 142197.304   138.348   -20.81   11.19
 142568.031   129.378   -24.19   11.43
 142938.675   121.731   -20.63    8.15
 143309.237   117.696   -10.89    5.71
 143679.717   115.342    -6.36    5.03
 144050.114   113.351    -5.37    6.51
 144420.430   110.842    -6.78    6.89
 144790.664   109.132    -4.62    7.55
 145160.815   107.201    -5.22    8.13
 145530.885   104.261    -7.95    9.45
 145900.873   101.628    -7.11   10.19
 146270.779    98.225    -9.20    9.15
 146640.604    97.381    -2.28    8.50
 147010.347    97.018    -0.98    7.49
 147380.008    95.283    -4.69    8.46
 147749.587    90.756   -12.25   10.28
 148119.085    85.332   -14.68    7.57
 148488.502    84.205    -3.05    5.74
 148857.837    86.419     5.99    6.94
 149227.091    90.148    10.10    7.15
 149596.263    94.284    11.20    5.97
 149965.355    95.310     2.78    5.97
 150334.365    94.814    -1.34    5.82
 150703.293    92.459    -6.38    6.17
 151072.141    89.414    -8.26    5.78
 151440.908    86.273    -8.52    4.94
 151809.594    84.418    -5.03    4.49
 152178.199    84.427     0.02    4.55
 152546.723    83.908    -1.41    5.06
 152915.166    82.217    -4.59    5.40
 153283.528    81.606    -1.66    5.26
 153651.810    81.121    -1.32    5.13
 154020.011    81.083    -0.10    4.87
 154388.131    78.973    -5.73    7.06
 154756.171    74.158   -13.08    9.77
 155124.130    68.898   -14.29    9.80
 155492.009    64.074   -13.11    7.10
 155859.807    62.138    -5.26    5.24
 156227.525    60.737    -3.81    4.81
 156595.163    62.221     4.04    6.14
 156962.720    62.427     0.56    7.03
 157330.198    63.188     2.07    7.63
 157697.595    63.018    -0.46    7.93
 158064.912    64.068     2.86    7.99
 158432.149    63.688    -1.03    8.13
 158799.306    62.904    -2.14    8.32
 159166.383    60.459    -6.66    8.83
 159533.380    57.466    -8.15    7.64
 159900.297    55.751    -4.67    6.28
 160267.135    55.714    -0.10    6.66
 160633.892    57.933     6.05    7.95
 161000.571    59.969     5.55    8.88
 161367.169    62.362     6.53   11.05
 161733.688    62.251    -0.30   12.59
 162100.127    59.824    -6.62   12.80
 162466.487    56.283    -9.67   11.59
 162832.768    53.768    -6.86    9.17
 163198.969    54.763     2.72    8.73
 163565.090    58.458    10.09    9.95
 163931.133    61.835     9.22    9.39
 164297.096    63.667     5.01    7.96
 164662.980    65.112     3.95    6.91
 165028.785    66.508     3.82    4.97
 165394.511    66.148    -0.98    4.54
 165760.158    65.338    -2.22    4.55
 166125.726    64.488    -2.32    4.63
 166491.215    64.230    -0.71    5.22
 166856.625    65.548     3.61    6.00
 167221.956    66.654     3.03    6.54
 167587.209    66.788     0.37    6.81
 167952.382    67.590     2.19    6.49
 168317.477    68.957     3.74    5.12
 168682.494    70.185     3.36    4.11
 169047.432    71.063     2.41    2.54
 169427.733    69.637    -3.75    3.57
 169809.111    67.977    -4.35    4.27
 170190.401    67.675    -0.79    4.82
 170571.604    67.976     0.79    4.89
 170952.720    68.988     2.66    5.44
 171333.749    69.467     1.26    4.95
 171714.691    67.881    -4.16    5.04
 172095.546    67.030    -2.23    4.37
 172476.314    66.608    -1.11    4.21
 172856.995    65.217    -3.66    4.07
 173237.589    64.498    -1.89    3.29
 173618.096    63.628    -2.29    2.84
 173998.517    64.578     2.50    2.85
 174378.851    66.665     5.48    3.70
 174759.099    68.271     4.22    4.31
 175139.260    70.617     6.17    3.96
 175519.334    71.628     2.66    3.87
 175899.322    71.279    -0.92    4.02
 176279.224    69.718    -4.11    4.46
 176659.040    67.965    -4.62    3.97
 177038.769    68.589     1.64    4.39
 177418.412    69.395     2.12    4.59
 177797.969    70.528     2.99    3.43
 178177.440    70.572     0.12    2.76
 178556.825    69.808    -2.01    3.01
 178936.124    69.086    -1.91    3.95
 179315.337    68.028    -2.79    4.50
 179694.464    67.437    -1.56    4.52
 180073.506    67.668     0.61    4.57
 180452.462    68.771     2.91    4.90
 180831.332    70.579     4.77    4.30
 181210.116    71.590     2.67    3.03
 181588.815    71.034    -1.47    3.13
 181967.429    69.633    -3.70    3.02
 182345.957    69.518    -0.30    2.84
 182724.400    68.648    -2.30    3.48
 183102.757    64.038   -12.18    9.96
 183481.029    56.685   -19.44   15.76
 183859.216    45.898   -28.52   18.26
 184237.318    36.188   -25.68   16.60
 184615.335    29.314   -18.18   10.23
 184993.267    27.569    -4.62    7.98
 185371.113    26.751    -2.17    8.19
 185748.875    26.328    -1.12    7.59
 186126.552    23.967    -6.25    7.07
 186504.144    20.794    -8.40    5.25
 186881.652    21.106     0.83    5.84
 187259.074    23.468     6.26    7.98
 187636.413    25.158     4.48    9.59
 188013.666    25.338     0.48    9.78
 188390.835    24.530    -2.14    9.03
 188767.920    24.680     0.40    8.99
 189144.920    28.245     9.46   10.89
 189521.835    29.268     2.71   11.19
 189898.667    28.421    -2.25   10.77
 190275.414    28.458     0.10    9.09
 190652.077    28.923     1.23    7.91
 191028.656    31.161     5.94    8.01
 191405.151    33.976     7.48    9.16
 191781.561    34.276     0.80    8.70
 192157.888    34.424     0.39    8.06
 192534.131    37.165     7.28    8.38
 192910.290    39.855     7.15    9.31
 193286.365    43.498     9.69    8.09
 193662.357    45.737     5.95    6.48
 194038.265    45.185    -1.47    6.75
 194414.089    44.258    -2.47    7.07
 194789.830    43.873    -1.03    5.91
 195165.487    42.378    -3.98    5.56
 195541.060    41.284    -2.91    4.47
 195916.550    39.304    -5.27    5.15
 196291.957    36.519    -7.42    4.89
 196667.281    34.418    -5.60    5.37
 197042.521    31.046    -8.99    5.57
 197417.678    27.658    -9.03    6.58
 197792.752    23.894   -10.04    6.78
 198167.743    21.215    -7.14    5.66
 198542.651    19.215    -5.34    3.84
 198917.476    18.731    -1.29    2.18
 199292.217    19.591     2.30    1.96
 199666.877    20.704     2.97    3.56
 200041.453    20.931     0.60    5.40
 200415.946    23.131     5.87    8.12
 200790.357    27.978    12.95   12.32
 201164.685    38.335    27.66   16.13
 201538.931    48.296    26.61   14.99
 201913.094    58.050    26.06    7.68
 202287.174    61.898    10.29    4.32
 202661.172    65.457     9.51    5.88
 203035.088    70.294    12.93    9.86
 203408.921    75.423    13.72   10.89
 203782.672    77.518     5.60   10.74
 204156.341    73.324   -11.22   14.18
 204529.927    62.038   -30.20   18.04
 204903.432    50.530   -30.81   18.86
 205276.854    38.928   -31.06   16.03
 205650.195    31.708   -19.34    8.53
 206023.453    33.835     5.70   10.96
 206396.630    43.388    25.60   18.05
 206769.725    56.205    34.35   17.93
 207142.738    65.937    26.09   14.30
 207515.669    72.766    18.31   10.32
 207888.519    70.458    -6.19   12.00
 208261.286    63.350   -19.06   14.90
 208633.973    55.549   -20.93   14.18
 209006.577    47.682   -21.11    7.97
 209379.101    42.418   -14.13    5.73
 209751.543    36.785   -15.12    8.06
 210123.903    28.761   -21.55   11.79
 210496.182    20.383   -22.50   10.10
 210868.380    15.916   -12.00    6.94
 211240.497    15.374    -1.46    6.97
 211612.532    18.733     9.03    7.65
 211984.487    23.195    12.00    7.30
 212356.360    28.161    13.35    6.90
 212728.153    31.417     8.76    8.55
 213099.864    35.612    11.28    9.05
 213471.495    38.407     7.52    8.86
 213843.044    39.272     2.33    7.24
 214214.513    39.457     0.50    4.93
 214585.901    38.530    -2.50    3.98
 214957.209    38.906     1.01    4.27
 215328.435    41.550     7.12    6.14
 215699.582    47.680    16.52   10.26
 216070.647    55.487    21.04   13.12
 216441.632    64.672    24.75   14.83
 216812.537    73.233    23.08   13.08
 217183.362    78.698    14.74   10.52
 217554.106    79.852     3.11    8.72
 217924.769    79.356    -1.34    7.77
 218295.353    78.276    -2.91    7.22
 218665.856    78.293     0.05    6.71
 219036.280    79.953     4.48    6.06
 219406.623    81.209     3.39    4.59
 219776.886    80.549    -1.78    5.12
 220147.069    78.426    -5.73    5.99
 220517.172    75.488    -7.94    5.93
 220887.196    73.631    -5.02    5.90
 221257.139    70.024    -9.75    6.17
 221627.003    66.215   -10.30    5.45
 221996.787    64.041    -5.88    4.17
 222366.492    65.559     4.11    5.15
 222736.116    68.171     7.07    5.13
 223105.662    70.898     7.38    4.08
 223475.127    72.248     3.65    3.37
 223844.514    71.910    -0.91    4.05
 224213.821    70.294    -4.38    4.42
 224583.048    70.168    -0.34    4.89
 224952.196    71.003     2.26    5.42
 225321.265    71.410     1.10    5.26
 225690.255    71.539     0.35    4.04
 226059.166    72.442     2.45    3.56
 226427.997    73.983     4.18    3.81
 226796.750    77.519     9.59    4.69
 227165.423    80.314     7.58    4.51
 227534.017    82.386     5.62    4.17
 227902.533    84.712     6.31    2.61
 228270.970    84.896     0.50    2.15
 228639.328    83.617    -3.47    3.30
 229007.607    81.790    -4.96    4.10
 229375.807    79.885    -5.17    4.44
 229743.929    78.756    -3.07    4.05
 230111.972    78.622    -0.36    3.99
 230479.937    78.947     0.88    3.88
 230847.823    79.848     2.45    3.58
 231215.631    79.883     0.09    3.82
 231583.360    78.018    -5.07    5.11
 231951.011    75.256    -7.51    5.94
 232318.584    71.958    -8.97    4.75
 232686.078    70.466    -4.06    4.10
 233053.494    70.131    -0.91    4.61
 233420.832    69.456    -1.84    4.70
 233788.092    70.080     1.70    4.12
 234155.274    69.233    -2.31    3.42
 234522.378    68.702    -1.45    3.46
 234889.404    68.692    -0.03    3.36
 235256.352    68.324    -1.00    2.90
 235623.222    68.044    -0.76    3.52
 235990.014    66.972    -2.92    4.23
 236356.728    66.145    -2.26    3.93
 236723.365    66.003    -0.39    3.77
 237089.924    66.706     1.92    3.84
 237456.406    67.668     2.62    3.22
 237822.810    68.150     1.31    2.63
 238189.136    68.438     0.79    2.47
 238555.385    67.636    -2.19    3.14
 238921.557    65.784    -5.06    3.87
 239287.651    64.133    -4.51    3.51
 239653.668    62.825    -3.57    3.63
 240019.607    63.406     1.59    4.06
 240385.470    65.422     5.51    5.14
 240751.255    67.838     6.60    5.99
 241116.963    69.726     5.16    5.37
 241482.594    71.227     4.11    3.04
 241848.148    70.550    -1.85    2.82
 242213.625    69.406    -3.13    2.32
 242579.025    68.106    -3.56    2.35
 242944.348    67.467    -1.75    2.28
 243309.594    67.743     0.76    2.42
 243674.764    68.334     1.62    2.88
 244049.789    66.776    -4.15    5.01
 244430.999    65.454    -3.47    5.07
 244812.125    65.316    -0.36    4.60
 245193.165    66.367     2.76    5.93
 245574.121    69.673     8.68    6.09
 245954.991    72.563     7.59    6.85
 246335.777    77.365    12.61    7.73
 246716.478    80.802     9.02    5.93
 247097.095    82.892     5.49    4.59
 247477.627    84.041     3.02    3.63
 247858.074    83.612    -1.13    3.23
 248238.437    82.849    -2.01    3.39
 248618.715    81.034    -4.77    4.28
 248998.909    79.530    -3.95    4.12
 249379.018    79.013    -1.36    3.07
 249759.043    79.497     1.27    3.09
 250138.984    79.654     0.41    3.01
 250518.841    79.431    -0.59    3.37
 250898.614    79.731     0.79    3.65
 251278.302    78.802    -2.45    4.34
 251657.907    75.208    -9.46    7.25
 252037.428    70.797   -11.62    7.18
 252416.864    67.550    -8.56    4.06
 252796.217    66.019    -4.04    2.47
 253175.486    65.407    -1.61    2.84
 253554.671    64.769    -1.68    3.18
 253933.773    63.418    -3.56    2.84
 254312.791    63.742     0.85    3.20
 254691.725    65.742     5.28    4.54
 255070.576    68.375     6.95    4.04
 255449.343    69.318     2.49    2.90
 255828.027    68.367    -2.51    3.61
 256206.628    66.922    -3.81    4.10
 256585.145    65.875    -2.77    4.13
 256963.579    64.824    -2.78    4.09
 257341.930    64.904     0.21    3.67
 257720.197    65.865     2.54    3.32
 258098.382    66.650     2.07    3.01
 258476.483    66.735     0.23    2.87
 258854.502    67.128     1.04    3.03
 259232.437    67.457     0.87    3.65
 259610.290    65.926    -4.05    6.11
 259988.060    61.121   -12.72    8.83
 260365.747    55.923   -13.76    8.23
 260743.351    51.852   -10.78    4.63
 261120.873    50.530    -3.50    3.46
 261498.312    52.488     5.19    5.17
 261875.668    54.981     6.61    6.02
 262252.942    58.682     9.81    5.53
 262630.134    62.487    10.09    3.62
 263007.243    63.612     2.98    2.62
 263384.270    64.248     1.69    2.46
 263761.214    64.894     1.71    3.17
 264138.076    64.687    -0.55    3.92
 264514.857    64.310    -1.00    3.70
 264891.554    63.467    -2.24    3.23
 265268.170    63.003    -1.23    2.46
 265644.704    64.165     3.08    2.90
 266021.156    65.277     2.95    3.11
 266397.526    66.271     2.64    2.74
 266773.814    67.385     2.96    2.97
 267150.020    67.467     0.22    2.59
 267526.145    66.456    -2.69    3.02
 267902.187    65.807    -1.72    3.73
 268278.149    63.465    -6.23    3.96
 268654.028    62.029    -3.82    3.46
 269029.826    61.923    -0.28    2.84
 269405.542    61.416    -1.35    2.56
 269781.177    62.074     1.75    2.14
 270156.731    63.123     2.79    2.47
 270532.203    64.278     3.07    1.97
