-287824.551   239.066     0.00   20.09
-287453.921   242.092     8.16   19.43
-287083.231   250.466    22.58   18.22
-286712.483   257.839    19.88   14.75
-286341.675   256.824    -2.74   14.48
-285970.809   252.189   -12.50   15.37
-285599.883   242.405   -26.37   15.27
-285228.898   228.919   -36.34   20.19
-284857.853   217.026   -32.05   25.29
-284486.749   207.620   -25.34   25.25
-284115.586   198.581   -24.35   28.63
-283744.364   185.192   -36.06   34.74
-283373.082   173.072   -32.64   36.23
-283001.741   168.547   -12.18   33.78
-282630.340   165.398    -8.48   31.32
-282258.880   166.355     2.57   31.15
-281887.360   166.590     0.63   35.83
-281515.781   145.386   -57.05   44.69
-281144.142   126.439   -50.97   47.58
-280772.444   116.735   -26.10   47.28
-280400.686   117.690     2.57   45.97
-280028.868   121.706    10.80   44.83
-279656.991   134.505    34.41   49.30
-279285.054   142.972    22.76   49.70
-278913.057   149.090    16.44   45.60
-278541.000   162.182    35.18   39.39
-278168.884   184.947    61.16   39.64
-277796.708   205.772    55.94   36.40
-277424.472   222.863    45.90   29.32
-277052.176   233.675    29.03   22.32
-276679.820   233.243    -1.16   25.27
-276307.404   223.201   -26.96   32.95
-275934.929   208.796   -38.67   33.04
-275562.393   202.047   -18.11   29.74
-275189.797   195.892   -16.51   29.08
-274817.141   193.919    -5.29   24.58
-274444.425   200.359    17.27   22.71
-274071.649   206.577    16.68   26.28
-273698.813   217.812    30.13   28.64
-273325.917   228.372    28.31   29.25
-272952.960   238.879    28.17   25.19
-272579.944   246.366    20.07   19.47
-272206.866   250.327    10.61   14.96
-271833.729   252.386     5.52   11.08
-271460.531   253.776     3.72    8.39
-271087.273   254.879     2.96    6.89
-270713.955   256.162     3.44    5.34
-270340.576   257.193     2.76    6.46
-269967.137   258.727     4.11    7.06
-269593.637   260.974     6.01    7.63
-269220.077   259.675    -3.47   10.82
-268846.456   255.736   -10.54   12.39
-268472.774   250.945   -12.82   13.13
-268099.032   245.877   -13.56   10.71
-267725.230   243.669    -5.91    7.78
-267351.367   244.362     1.85    9.17
-266977.443   253.346    24.02   15.98
-266603.458   263.933    28.30   19.93
-266229.413   271.652    20.63   21.69
-265855.306   275.399    10.01   22.73
-265481.139   276.724     3.54   21.02
-265106.911   273.412    -8.85   17.25
-264732.623   267.750   -15.12   15.67
-264358.273   265.838    -5.11   13.73
-263983.863   268.959     8.34   13.58
-263609.391   275.239    16.77   14.51
-263234.859   281.999    18.05   16.23
-262860.265   286.399    11.74   18.42
-262485.611   288.932     6.76   21.38
-262110.895   289.919     2.63   18.56
-261736.118   292.279     6.30   15.53
-261361.280   295.027     7.33   14.03
-260986.381   293.074    -5.21   16.27
-260611.421   281.195   -31.67   24.94
-260236.400   269.183   -32.02   24.62
-259861.317   269.208     0.07   27.58
-259486.173   280.613    30.39   38.36
-259110.968   310.023    78.36   36.51
-258735.701   332.459    59.78   22.33
-258360.373   338.780    16.84   19.29
-257984.983   336.604    -5.79   24.78
-257609.532   324.162   -33.13   30.39
-257234.020   312.116   -32.07   27.27
-256858.446   304.347   -20.68   22.20
-256482.811   296.205   -21.67   19.52
-256107.114   297.088     2.35   19.47
-255731.355   304.351    19.33   23.90
-255355.535   311.639    19.39   25.23
-254979.653   324.973    35.47   21.72
-254603.709   328.770    10.10   26.93
-254227.704   329.506     1.96   31.12
-253851.637   328.974    -1.41   32.59
-253475.508   331.867     7.69   29.39
-253099.317   334.738     7.63   24.18
-252723.065   342.069    19.48   22.87
-252346.750   346.054    10.59   20.82
-251970.374   345.444    -1.62   23.08
-251593.936   341.426   -10.67   26.26
-251217.436   329.919   -30.56   28.38
-250840.873   309.064   -55.37   39.92
-250464.249   289.244   -52.61   46.65
-250087.563   264.692   -65.16   43.67
-249710.815   252.226   -33.08   33.13
-249334.004   250.577    -4.37   35.70
-248957.131   241.332   -24.52   39.74
-248580.197   220.218   -56.00   52.27
-248203.199   185.877   -91.07   54.78
-247826.140   146.337  -104.84   51.91
-247449.019   111.613   -92.05   33.98
-247071.835   105.096   -17.27   29.74
-246694.588   116.324    29.76   44.38
-246317.280   143.739    72.64   49.12
-245939.909   167.799    63.74   37.70
-245562.475   172.919    13.56   34.73
-245184.979   165.564   -19.48   32.66
-244807.421   161.340   -11.18   27.57
-244429.800   166.633    14.01   30.77
-244052.117   181.826    40.22   31.57
-243674.370   204.205    59.23   27.57
-243296.562   220.865    44.09   22.63
-242918.690   233.919    34.54   17.51
-242540.756   241.697    20.58   14.67
-242162.759   242.598     2.38   18.29
-241784.700   238.905    -9.77   27.45
-241406.577   228.150   -28.44   37.67
-241028.392   219.546   -22.75   33.98
-240650.144   223.064     9.30   29.57
-240271.833   240.353    45.69   33.87
-239893.460   262.555    58.67   34.40
-239515.023   282.519    52.74   24.78
-239136.523   293.432    28.83   14.69
-238757.960   296.763     8.80    8.41
-238379.335   293.892    -7.58    9.66
-238000.646   289.088   -12.68   10.49
-237621.894   285.641    -9.10   10.52
-237243.079   284.581    -2.80   10.10
-236864.201   282.743    -4.85    8.80
-236485.259   277.983   -12.56   11.17
-236106.255   269.761   -21.69   15.89
-235727.187   262.270   -19.76   16.54
-235348.055   256.893   -14.18   17.04
-234968.861   254.815    -5.48   19.44
-234589.603   251.398    -9.01   17.66
-234210.282   246.412   -13.14   17.54
-233830.897   241.759   -12.26   18.05
-233451.449   240.672    -2.86   21.11
-233071.937   237.086    -9.45   20.39
-232693.176   232.974   -10.85   20.52
-232325.820   220.869   -32.95   18.85
-231958.405   205.113   -42.87   24.71
-231590.930   193.742   -30.94   24.18
-231223.397   189.576   -11.33   23.37
-230855.804   195.524    16.18   26.01
-230488.152   208.655    35.71   20.78
-230120.441   215.221    17.85   18.26
-229752.671   222.833    20.69   18.70
-229384.842   227.011    11.36   17.82
-229016.953   227.165     0.42   18.05
-228649.005   221.075   -16.55   16.94
-228280.998   218.558    -6.84   17.50
-227912.931   220.119     4.24   22.18
-227544.805   223.308     8.66   25.56
-227176.619   224.121     2.21   26.72
-226808.374   221.662    -6.68   24.73
-226440.070   217.919   -10.16   24.78
-226071.706   216.946    -2.64   26.81
-225703.283   219.432     6.75   26.74
-225334.799   222.608     8.62   24.04
-224966.257   217.452   -13.99   20.98
-224597.655   209.077   -22.72   19.22
-224228.993   198.124   -29.70   16.68
-223860.271   189.432   -23.57   14.20
-223491.490   189.083    -0.95   12.88
-223122.649   187.405    -4.55   17.84
-222753.748   179.020   -22.73   27.63
-222384.787   171.319   -20.87   28.72
-222015.767   167.406   -10.60   26.38
-221646.686   170.195     7.56   27.32
-221277.546   184.338    38.31   30.62
-220908.346   199.172    40.17   21.62
-220539.086   206.235    19.12   16.29
-220169.766   201.759   -12.12   22.10
-219800.386   190.662   -30.04   27.42
-219430.945   179.985   -28.90   30.82
-219061.445   172.678   -19.77   29.61
-218691.885   165.649   -19.02   26.65
-218322.265   157.906   -20.94   25.72
-217952.584   153.732   -11.29   25.27
-217582.843   153.547    -0.50   25.07
-217213.042   158.075    12.24   25.35
-216843.181   171.851    37.24   22.93
-216473.259   185.998    38.23   18.69
-216103.278   199.866    37.48   17.06
-215733.235   210.546    28.85   15.90
-215363.133   216.265    15.45   15.87
-214992.970   221.248    13.46   17.61
-214622.746   227.098    15.80   21.01
-214252.463   234.077    18.84   25.53
-213882.118   242.598    23.01   26.42
-213511.714   247.532    13.32   24.07
-213141.248   254.776    19.55   19.81
-212770.722   265.366    28.58   20.02
-212400.136   275.622    27.67   16.45
-212029.488   280.564    13.33   10.35
-211658.781   277.477    -8.32   12.30
-211288.012   269.679   -21.03   13.49
-210917.183   260.969   -23.48   12.66
-210546.293   254.270   -18.06   12.19
-210175.342   248.830   -14.66   12.54
-209804.330   246.743    -5.62   13.11
-209433.258   244.919    -4.92   14.09
-209062.124   243.959    -2.59   15.38
-208690.930   241.011    -7.94   15.75
-208319.675   233.822   -19.36   16.11
-207948.358   222.050   -31.70   15.20
-207576.981   214.068   -21.49   14.96
-207205.543   209.127   -13.30   15.34
-206834.044   206.336    -7.51   16.04
-206462.483   205.831    -1.36   15.92
-206090.862   208.461     7.07   14.64
-205719.179   211.856     9.13   14.92
-205347.435   213.297     3.88   15.06
-204975.630   209.090   -11.31   19.02
-204603.764   200.488   -23.13   20.50
-204231.836   191.399   -24.43   19.40
-203859.847   181.124   -27.62   17.38
-203487.797   168.774   -33.19   20.45
-203115.685   162.042   -18.09   18.65
-202743.512   169.069    18.88   22.13
-202371.278   181.433    33.21   22.83
-201998.982   191.481    26.99   13.83
-201626.624   184.554   -18.60   25.78
-201254.205   160.192   -65.41   43.39
-200881.725   130.998   -78.36   41.58
-200509.183   111.143   -53.29   32.34
-200136.579    99.432   -31.42   21.77
-199763.913   109.867    28.00   28.88
-199391.186   130.852    56.29   32.48
-199018.398   149.201    49.21   32.10
-198645.547   167.466    48.98   17.28
-198272.635   168.521     2.83   20.84
-197899.661   163.064   -14.63   26.57
-197526.625   154.555   -22.80   28.87
-197153.527   146.047   -22.80   23.23
-196780.367   139.932   -16.39   16.58
-196407.146   141.577     4.41   15.08
-196033.862   146.688    13.69   16.35
-195660.517   156.724    26.88   17.47
-195287.109   163.800    18.95   16.82
-194913.640   171.792    21.40   19.32
-194540.108   178.366    17.60   20.86
-194166.514   186.678    22.25   19.78
-193792.858   192.572    15.77   18.50
-193419.140   199.855    19.48   14.47
-193045.360   204.132    11.44   11.29
-192671.517   205.477     3.60   11.54
-192297.612   204.576    -2.41   12.47
-191923.645   204.503    -0.20   11.45
-191549.615   205.500     2.66   10.70
-191175.524   207.356     4.96   10.18
-190801.369   209.169     4.84    9.82
-190427.153   207.957    -3.24   11.43
-190052.873   205.176    -7.43   13.53
-189678.532   201.695    -9.30   13.59
-189304.128   199.772    -5.14   12.95
-188929.661   196.853    -7.79    9.24
-188555.132   195.179    -4.47    6.82
-188180.540   192.791    -6.37    6.43
-187805.885   190.300    -6.65    5.78
-187431.168   188.526    -4.73    6.75
-187056.388   186.485    -5.45    6.76
-186681.545   186.826     0.91    7.70
-186306.639   186.984     0.42   10.32
-185931.671   185.581    -3.74   11.33
-185556.640   183.555    -5.40   13.73
-185181.546   181.062    -6.65   14.54
-184806.389   172.464   -22.91   17.89
-184431.169   164.106   -22.27   19.45
-184055.886   158.223   -15.67   20.46
-183680.540   157.784    -1.17   22.34
-183305.131   165.219    19.80   24.03
-182929.659   178.662    35.80   13.47
-182554.124   180.188     4.06   11.59
-182178.526   175.590   -12.24   13.78
-181802.865   169.776   -15.47   10.67
-181427.140   169.392    -1.02    8.67
-181051.352   172.162     7.37    9.29
-180675.501   175.039     7.65    9.51
-180299.587   177.286     5.98    9.98
-179923.609   176.669    -1.64   10.92
-179547.568   171.175   -14.61    9.58
-179171.464   166.075   -13.56    9.02
-178795.296   162.355    -9.89    7.74
-178419.064   160.380    -5.25    7.40
-178042.770   155.192   -13.79   11.45
-177666.411   148.815   -16.94   17.53
-177289.989   131.366   -46.35   25.91
-176913.504   118.539   -34.07   21.74
-176536.955   118.207    -0.88   23.48
-176160.342   130.031    31.39   29.96
-175783.666   147.270    45.76   23.59
-175406.926   157.944    28.33   15.69
-175030.122   163.549    14.87   10.67
-174653.254   162.893    -1.74    9.10
-174276.323   164.010     2.96    9.34
-173899.327   163.714    -0.79   10.64
-173522.268   165.893     5.78   12.61
-173145.145   172.534    17.61   15.92
-172767.958   181.261    23.13   18.04
-172390.707   190.132    23.51   16.14
-172013.392   195.451    14.10   10.97
-171636.013   196.373     2.44    8.16
-171258.570   195.399    -2.58    7.74
-170881.062   192.999    -6.36    5.52
-170503.491   188.521   -11.86    9.52
-170125.855   182.540   -15.84   14.11
-169748.156   175.119   -19.65   13.80
-169370.392   170.294   -12.77   10.30
-168992.563   169.406    -2.35   12.52
-168614.671   168.748    -1.74   14.64
-168236.714   168.214    -1.41   15.00
-167858.692   168.010    -0.54   17.15
-167480.607   168.073     0.17   18.61
-167102.456   169.727     4.37   18.54
-166724.242   166.471    -8.61   18.39
-166345.963   160.400   -16.05   17.39
-165967.619   155.590   -12.71   14.01
-165589.211   147.944   -20.20   14.44
-165210.738   129.149   -49.65   32.55
-164832.200   107.321   -57.65   38.13
-164453.598    95.270   -31.83   28.86
-164074.931    93.471    -4.75   24.75
-163696.200   101.946    22.37   24.86
-163317.403   116.780    39.16   21.19
-162938.542   122.257    14.45   15.24
-162559.616   117.009   -13.85   17.21
-162180.625   110.880   -16.17   16.43
-161801.569   114.425     9.35   23.85
-161422.448   130.893    43.43   32.64
-161043.263   148.034    45.20   30.39
-160664.012   168.685    54.44   19.59
-160284.696   180.419    30.93   15.95
-159905.315   189.744    24.58   14.49
-159525.869   197.308    19.93   10.53
-159146.358   200.306     7.90    8.97
-158766.782   202.103     4.73   10.21
-158387.140   202.802     1.84   10.66
-158007.433   205.299     6.57   11.96
-157637.889   206.223     2.50   13.76
-157270.660   207.412     3.24   15.04
-156903.370   206.514    -2.45   15.37
-156536.019   204.062    -6.67   14.65
-156168.608   199.619   -12.09   14.97
-155801.136   194.159   -14.86   16.33
-155433.604   192.009    -5.85   16.99
-155066.010   192.239     0.63   16.98
-154698.356   194.971     7.43   14.27
-154330.642   197.581     7.10    7.82
-153962.866   192.299   -14.36    9.98
-153595.030   186.864   -14.77   10.31
-153227.133   181.631   -14.22    9.01
-152859.175   178.946    -7.30    7.51
-152491.156   180.294     3.66    8.33
-152123.076   181.207     2.48    7.73
-151754.935   177.334   -10.52   12.00
-151386.733   166.473   -29.50   18.51
-151018.470   150.269   -44.00   21.85
-150650.146   133.892   -44.46   17.53
-150281.761   121.706   -33.07   12.61
-149913.315   110.604   -30.13   12.01
-149544.808   100.944   -26.21   12.88
-149176.239    93.351   -20.60   11.12
-148807.609    86.737   -17.94    6.73
-148438.918    83.581    -8.56    4.68
-148070.166    83.235    -0.94    5.47
-147701.352    85.386     5.83    7.93
-147332.478    92.381    18.96   11.06
-146963.541   101.026    23.43   12.31
-146594.544   110.628    26.02   14.62
-146225.484   120.555    26.90   14.63
-145856.364   132.672    32.82   12.92
-145487.182   138.560    15.95   11.23
-145117.938   139.701     3.09   12.12
-144748.633   137.652    -5.55   15.45
-144379.266   133.294   -11.80   15.69
-144009.838   130.129    -8.56   11.87
-143640.348   132.919     7.55   11.51
-143270.796   139.192    16.97   14.55
-142901.182   151.425    33.09   17.31
-142531.507   159.432    21.66   15.02
-142161.770   155.088   -11.75   18.64
-141791.972   142.893   -32.97   22.51
-141422.111   126.969   -43.05   20.22
-141052.188   114.867   -32.71   14.21
-140682.204   107.062   -21.09   10.31
-140312.158   102.252   -13.00    8.48
-139942.049   106.969    12.74   13.74
-139571.879   115.590    23.28   18.90
-139201.647   126.166    28.56   20.74
-138831.352   134.248    21.82   18.14
-138460.996   140.281    16.29   14.80
-138090.577   140.932     1.76   13.50
-137720.097   139.321    -4.35   15.15
-137349.554   136.450    -7.75   16.91
-136978.948   132.476   -10.72   17.07
-136608.281   128.047   -11.95   16.38
-136237.551   128.451     1.09   14.53
-135866.759   131.997     9.56   12.99
-135495.905   136.606    12.43   11.30
-135124.988   138.893     6.16    8.86
-134754.009   141.036     5.78    9.11
-134382.968   141.780     2.00   11.11
-134011.863   139.119    -7.17   11.34
-133640.697   135.227   -10.49    8.92
-133269.468   134.856    -1.00    6.74
-132898.176   137.438     6.96    7.15
-132526.822   139.071     4.40    7.52
-132155.405   137.998    -2.89    7.59
-131783.926   133.842   -11.19    9.42
-131412.383   126.767   -19.04   10.23
-131040.778   120.470   -16.94    8.73
-130669.111   117.321    -8.47    7.43
-130297.380   116.071    -3.36    7.60
-129925.587   115.880    -0.51    7.74
-129553.730   116.606     1.95    6.55
-129181.811   115.840    -2.06    6.67
-128809.829   114.488    -3.63    7.36
-128437.784   109.944   -12.21   11.73
-128065.676   105.413   -12.18   13.78
-127693.505   105.208    -0.55   15.77
-127321.271   111.119    15.88   18.23
-126948.974   117.466    17.05   15.32
-126576.614   112.219   -14.09   19.57
-126204.191    95.986   -43.58   25.44
-125831.704    75.295   -55.54   25.77
-125459.154    58.284   -45.66   19.53
-125086.541    48.969   -25.00   13.55
-124713.865    45.662    -8.87    8.80
-124341.125    44.269    -3.74    7.56
-123968.323    41.946    -6.23    9.05
-123595.456    32.769   -24.61   16.10
-123222.527    22.156   -28.46   15.03
-122849.533    13.620   -22.88   10.09
-122476.477     8.405   -13.98    0.86
-122103.357     8.544     0.37    0.93
-121730.173     8.741     0.53    0.99
-121356.926     8.919     0.48    1.01
-120983.615     9.119     0.54    0.99
-120610.240     9.501     1.02    1.55
-120236.802    14.045    12.17   10.25
-119863.300    24.121    26.97   18.60
-119489.735    38.327    38.02   21.82
-119116.105    55.819    46.81   20.34
-118742.412    77.650    58.41   22.39
-118368.655    98.387    55.48   28.55
-117994.834   122.716    65.08   25.74
-117620.950   138.006    40.89   17.58
-117247.001   150.020    32.12   12.55
-116872.988   157.047    18.79   13.35
-116498.912   161.412    11.67   11.53
-116124.771   165.334    10.48    8.26
-115750.566   166.278     2.52    8.37
-115376.297   167.256     2.61    8.81
-115001.964   167.106    -0.40    9.22
-114627.567   164.210    -7.74    9.83
-114253.106   161.210    -8.01    8.01
-113878.580   160.503    -1.89    6.45
-113503.990   157.981    -6.73    6.62
-113129.336   153.763   -11.26   10.06
-112754.618   146.569   -19.20   12.76
-112379.835   139.841   -17.95   13.78
-112004.988   128.830   -29.37   17.21
-111630.076   117.122   -31.23   21.85
-111255.100   106.820   -27.47   23.44
-110880.059    97.459   -24.96   18.00
-110504.954    92.319   -13.70   13.93
-110129.784    91.892    -1.14   12.47
-109754.550    93.659     4.71   10.98
-109379.251    94.010     0.93   11.35
-109003.887    93.539    -1.25   11.72
-108628.459    95.879     6.23   14.11
-108252.966    99.306     9.13   15.46
-107877.408   107.140    20.86   17.32
-107501.785   115.239    21.56   15.76
-107126.098   120.166    13.11   11.84
-106750.346   120.531     0.97    9.61
-106374.528   119.691    -2.24    7.05
-105998.646   120.724     2.75    7.26
-105622.699   125.691    13.21   10.44
-105246.687   130.944    13.97   10.30
-104870.610   136.159    13.87   10.52
-104494.467   137.007     2.25   12.61
-104118.260   134.375    -7.00   14.79
-103741.988   128.998   -14.29   16.16
-103365.650   122.744   -16.62   13.67
-102989.247   117.892   -12.89    9.63
-102612.779   116.456    -3.81    8.81
-102236.245   116.577     0.32    8.36
-101859.647   115.386    -3.16    6.97
-101482.983   117.230     4.89    7.57
-101106.253   120.656     9.10    9.14
-100729.458   124.761    10.89   10.38
-100352.598   128.469     9.84    9.73
 -99975.672   133.214    12.59    8.78
 -99598.681   135.756     6.74    5.69
 -99221.624   137.544     4.74    4.41
 -98844.502   139.311     4.69    3.89
 -98467.313   142.058     7.28    4.57
 -98090.060   145.034     7.89    4.86
 -97712.740   147.400     6.27    3.95
 -97335.355   148.047     1.71    3.29
 -96957.904   144.681    -8.92    7.18
 -96580.388   136.024   -22.93   13.86
 -96202.805   120.269   -41.72   22.38
 -95825.157   102.338   -47.48   25.25
 -95447.442    89.869   -33.01   21.55
 -95069.662    87.892    -5.23   21.68
 -94691.816    98.083    26.97   27.82
 -94313.904   113.906    41.87   25.90
 -93935.926   114.781     2.32   24.64
 -93557.881   106.111   -22.93   26.53
 -93179.771   101.431   -12.38   24.95
 -92801.594    95.729   -15.08   17.20
 -92423.352    97.083     3.58   16.15
 -92045.043    94.092    -7.91   17.50
 -91666.668    82.969   -29.39   19.97
 -91288.226    69.744   -34.94   18.73
 -90909.718    60.023   -25.68   13.86
 -90531.144    54.919   -13.48    6.17
 -90152.504    54.243    -1.78    4.09
 -89773.797    54.281     0.10    3.99
 -89395.024    52.776    -3.97    5.60
 -89016.184    51.444    -3.52    7.25
 -88637.277    51.752     0.81    9.23
 -88258.304    52.869     2.95    9.33
 -87879.265    54.688     4.80    7.15
 -87500.159    55.056     0.97    5.75
 -87120.986    56.450     3.67    4.86
 -86741.746    55.995    -1.20    5.50
 -86362.440    56.450     1.20    5.82
 -85983.067    57.787     3.52    6.54
 -85603.627    59.044     3.31    6.72
 -85224.120    59.851     2.13    4.82
 -84844.547    58.819    -2.72    3.59
 -84464.906    57.879    -2.47    2.86
 -84085.199    58.265     1.01    3.48
 -83705.424    60.711     6.44    5.15
 -83325.583    59.406    -3.43    8.20
 -82952.772    51.175   -22.08   17.22
 -82585.735    43.564   -20.73   17.88
 -82218.635    37.362   -16.89   12.03
 -81851.474    35.669    -4.61    8.24
 -81484.250    38.607     8.00    6.39
 -81116.965    41.844     8.81    4.48
 -80749.617    43.748     5.18    4.83
 -80382.207    44.981     3.36    4.56
 -80014.735    45.577     1.62    4.85
 -79647.200    43.511    -5.62    5.30
 -79279.603    40.716    -7.60    3.01
 -78911.944    41.529     2.21    3.93
 -78544.223    43.595     5.62    4.52
 -78176.439    42.511    -2.94   10.84
 -77808.592    36.945   -15.13   18.31
 -77440.683    25.406   -31.36   21.88
 -77072.712    14.682   -29.14   19.34
 -76704.678     6.619   -21.91   11.95
 -76336.582     1.919   -12.77    0.00
 -75968.423     3.456     4.18    6.65
 -75600.201     8.539    13.80   15.34
 -75231.917    16.031    20.34   20.65
 -74863.570    23.034    19.01   24.30
 -74495.160    35.019    32.53   32.00
 -74126.688    44.316    25.23   35.43
 -73758.152    56.281    32.46   36.83
 -73389.554    61.548    14.29   34.73
 -73020.893    67.635    16.51   28.96
 -72652.169    69.166     4.15   23.42
 -72283.383    68.334    -2.25   20.09
 -71914.533    65.752    -7.00   18.45
 -71545.620    63.474    -6.17   19.09
 -71176.645    65.968     6.76   20.05
 -70807.606    72.252    17.03   23.14
 -70438.504    79.868    20.63   21.08
 -70069.339    88.231    22.65   12.33
 -69700.111    92.119    10.53   11.23
 -69330.820    96.387    11.56   12.70
 -68961.465   104.882    23.00   13.70
 -68592.047   113.020    22.03   11.57
 -68222.566   115.369     6.36   12.12
 -67853.022   114.893    -1.29   21.09
 -67483.414   109.881   -13.56   26.68
 -67113.743   105.842   -10.93   25.29
 -66744.009   105.598    -0.66   21.05
 -66374.211   109.969    11.82   16.29
 -66004.350   114.104    11.18   17.05
 -65634.425   120.153    16.35   17.01
 -65264.436   126.044    15.92   16.74
 -64894.384   133.763    20.86   15.68
 -64524.269   141.431    20.72   13.14
 -64154.090   145.360    10.61   11.47
 -63783.847   147.931     6.94   14.85
 -63413.540   148.774     2.28   14.41
 -63043.170   148.694    -0.22   12.77
 -62672.736   148.221    -1.28    9.61
 -62302.238   147.134    -2.93    4.54
 -61931.676   147.360     0.61    3.00
 -61561.051   147.480     0.32    2.78
 -61190.361   147.537     0.15    2.98
 -60819.608   147.005    -1.43    3.24
 -60448.790   145.550    -3.92    3.82
 -60077.909   143.820    -4.67    3.36
 -59706.963   141.840    -5.34    2.83
 -59335.954   137.968   -10.43    6.93
 -58964.880   133.393   -12.33    8.67
 -58593.742   128.419   -13.40    7.50
 -58222.540   123.064   -14.43    6.66
 -57851.274   118.844   -11.37    7.64
 -57479.944   116.445    -6.46    8.59
 -57108.549   113.116    -8.96    7.85
 -56737.090   110.511    -7.01    6.53
 -56365.567   105.931   -12.33    9.42
 -55993.979    97.932   -21.53   16.14
 -55622.327    84.056   -37.33   22.17
 -55250.611    71.412   -34.01   18.30
 -54878.830    70.771    -1.73   17.71
 -54506.984    72.132     3.66   20.03
 -54135.074    76.178    10.88   19.31
 -53763.099    77.550     3.69   17.50
 -53391.060    75.388    -5.81   14.96
 -53018.956    72.027    -9.03   15.88
 -52646.788    67.794   -11.37   14.89
 -52274.555    64.932    -7.69   14.75
 -51902.257    63.536    -3.75   16.65
 -51529.894    64.205     1.80   17.91
 -51157.466    66.321     5.68   16.78
 -50784.974    73.257    18.62   18.64
 -50412.416    84.144    29.22   20.46
 -50039.794    94.906    28.88   14.20
 -49667.107    98.016     8.35   12.08
 -49294.355    92.526   -14.73   18.66
 -48921.538    80.623   -31.93   23.55
 -48548.655    69.451   -29.96   24.58
 -48175.708    59.769   -25.96   20.79
 -47802.696    57.413    -6.32   15.08
 -47429.618    62.353    13.24   17.17
 -47056.475    72.944    28.38   17.64
 -46683.267    86.531    36.41   16.32
 -46309.994    98.521    32.12   15.79
 -45936.655   106.462    21.27   13.48
 -45563.252   113.456    18.73    9.34
 -45189.782   115.215     4.71    9.17
 -44816.248   115.794     1.55    7.84
 -44442.648   116.981     3.18    5.89
 -44068.982   117.534     1.48    5.53
 -43695.251   115.561    -5.28    8.21
 -43321.455   112.709    -7.63    9.47
 -42947.592   109.394    -8.87   10.12
 -42573.665   105.564   -10.24   10.22
 -42199.671   102.278    -8.79    9.12
 -41825.612    99.006    -8.75    6.67
 -41451.488    96.808    -5.88    3.91
 -41077.297    96.635    -0.46    3.33
 -40703.041    95.669    -2.58    4.86
 -40328.719    93.331    -6.24    5.67
 -39954.331    90.669    -7.11    7.31
 -39579.877    89.314    -3.62    8.33
 -39205.357    86.830    -6.63    7.70
 -38830.772    82.394   -11.84    9.31
 -38456.120    76.244   -16.42   13.05
 -38081.402    65.731   -28.05   14.56
 -37706.619    56.503   -24.62   10.45
 -37331.769    51.094   -14.43    5.88
 -36956.853    51.399     0.81    6.76
 -36581.871    55.346    10.52   10.41
 -36206.823    61.103    15.35   10.99
 -35831.708    66.314    13.89   10.89
 -35456.527    70.971    12.41   10.50
 -35081.280    78.590    20.30   10.24
 -34705.967    84.669    16.20    6.98
 -34330.587    88.344     9.79    5.12
 -33955.141    90.932     6.89    5.50
 -33579.628    93.437     6.67    6.67
 -33204.049    98.678    13.95    6.74
 -32828.403   102.265     9.55    5.25
 -32452.691   103.369     2.94    4.26
 -32076.912   102.894    -1.26    4.30
 -31701.067   100.656    -5.95    3.83
 -31325.155    98.610    -5.44    4.19
 -30949.176    97.005    -4.27    4.60
 -30573.131    96.820    -0.49    4.48
 -30197.018    99.556     7.27    7.16
 -29820.839   103.081     9.37    8.32
 -29444.593   106.882    10.10    6.86
 -29068.281   108.716     4.87    5.02
 -28691.901   106.931    -4.74    4.79
 -28315.454   103.776    -8.38    4.55
 -27938.941    99.944   -10.18    4.48
 -27562.360    96.893    -8.10    5.07
 -27185.713    93.316    -9.50    6.19
 -26808.998    89.287   -10.70    5.79
 -26432.216    84.041   -13.92    7.43
 -26055.367    79.116   -13.07    6.25
 -25678.451    76.443    -7.09    6.46
 -25301.467    74.166    -6.04    6.96
 -24924.417    72.614    -4.12    6.65
 -24547.299    70.739    -4.97    5.25
 -24170.113    69.606    -3.00    3.65
 -23792.861    69.131    -1.26    2.57
 -23415.541    67.758    -3.64    3.56
 -23038.153    65.413    -6.22    5.12
 -22660.698    63.857    -4.12    5.40
 -22283.176    64.794     2.48    6.77
 -21905.585    66.581     4.73    7.23
 -21527.928    69.821     8.58    5.35
 -21150.202    71.299     3.91    4.56
 -20772.409    73.610     6.12    4.58
 -20394.549    76.021     6.38    4.07
 -20016.620    77.565     4.08    3.85
 -19638.624    77.880     0.83    3.34
 -19260.560    77.153    -1.92    3.28
 -18882.428    74.800    -6.22    4.19
 -18504.228    73.119    -4.45    4.63
 -18125.961    72.252    -2.29    3.94
 -17747.625    72.063    -0.50    3.25
 -17369.222    72.894     2.19    3.13
 -16990.750    71.190    -4.50    4.66
 -16612.210    68.071    -8.24    6.28
 -16233.602    62.610   -14.42    8.51
 -15854.926    54.626   -21.08    9.08
 -15476.182    50.610   -10.60    8.22
 -15097.370    52.614     5.29   10.95
 -14718.489    57.791    13.66   11.94
 -14339.541    64.808    18.52    7.55
 -13960.523    69.534    12.47    5.42
 -13581.438    71.300     4.66    5.66
 -13202.284    71.129    -0.45    6.18
 -12823.061    68.795    -6.15    6.81
 -12443.770    64.432   -11.50    6.09
 -12064.411    62.669    -4.65    5.24
 -11684.983    63.261     1.56    6.45
 -11305.487    63.480     0.58    7.00
 -10925.921    62.169    -3.45    6.64
 -10546.288    56.869   -13.96    9.65
 -10166.585    48.419   -22.26   12.90
  -9786.814    38.731   -25.51   15.28
  -9406.974    29.573   -24.11   13.43
  -9027.065    24.150   -14.28   11.52
  -8647.087    21.053    -8.15    8.28
  -8270.715    20.088    -2.56    4.31
  -7903.876    18.389    -4.63    4.17
  -7536.972    16.919    -4.01    5.60
  -7170.005    14.344    -7.02    6.49
  -6802.975    12.044    -6.27    5.88
  -6435.880    11.425    -1.69    6.25
  -6068.722    10.931    -1.34    6.01
  -5701.500    12.774     5.02    7.18
  -5334.215    13.319     1.48    8.27
  -4966.865    13.573     0.69   10.27
  -4599.452    12.712    -2.35   11.35
  -4231.975    11.138    -4.28   11.82
  -3864.434     8.573    -6.98   11.35
  -3496.829     7.306    -3.45   10.46
  -3129.160     6.394    -2.48    9.73
  -2761.427     5.058    -3.63    8.42
  -2393.630     4.002    -2.87    7.41
  -2025.768     2.752    -3.40    6.04
  -1657.843     1.252    -4.08    4.14
  -1289.854     0.244    -2.74    2.04
   -921.800    -0.081    -0.88    0.00
   -553.682    -0.081     0.00    0.00
   -185.500    -0.081     0.00    0.00
    182.747    -0.081     0.00    0.00
    551.058    -0.081     0.00    0.00
    919.433    -0.081     0.00    0.00
   1287.872    -0.081     0.00    0.00
   1656.376    -0.081     0.00    0.00
   2024.945    -0.081     0.00    0.00
   2393.578    -0.081     0.00    0.00
   2762.275     0.252     0.90    1.65
   3131.037     1.190     2.54    3.92
   3499.864     0.844    -0.94    2.31
   3868.755     0.734    -0.30    2.31
   4237.711     9.858    24.73   22.91
   4606.732    27.215    47.04   34.31
   4975.817    50.148    62.13   33.73
   5344.967    68.919    50.85   20.82
   5714.182    76.638    20.91    4.48
   6083.462    76.153    -1.31    3.79
   6452.807    76.199     0.12    3.57
   6822.216    76.151    -0.13    3.27
   7191.691    77.031     2.38    2.91
   7561.230    78.102     2.90    2.20
   7930.835    78.783     1.84    2.10
   8300.505    79.557     2.09    2.07
   8670.239    79.531    -0.07    2.60
   9040.039    79.376    -0.42    2.67
   9409.904    78.957    -1.13    2.52
   9779.834    78.196    -2.06    2.46
  10149.829    77.240    -2.58    3.17
  10519.890    76.094    -3.10    3.49
  10890.016    74.388    -4.61    2.66
  11260.207    73.072    -3.56    1.82
  11630.463    72.450    -1.68    2.03
  12000.785    72.339    -0.30    1.99
  12371.173    72.539     0.54    2.10
  12741.626    72.871     0.90    2.01
  13112.144    73.534     1.79    2.13
  13482.728    71.943    -4.29    3.71
  13853.377    69.879    -5.57    4.83
  14224.092    67.919    -5.29    5.33
  14594.873    65.685    -6.02    4.58
  14965.719    63.907    -4.80    3.29
  15336.631    62.996    -2.46    2.94
  15707.609    61.497    -4.04    2.54
  16078.652    59.643    -5.00    3.69
  16449.762    57.660    -5.34    4.16
  16820.937    56.064    -4.30    3.98
  17192.178    54.835    -3.31    3.50
  17563.485    54.624    -0.57    3.18
  17934.858    54.666     0.11    3.50
  18306.297    54.637    -0.08    4.23
  18677.802    55.138     1.35    4.86
  19049.373    55.985     2.28    4.71
  19421.010    56.326     0.92    4.17
  19792.713    56.342     0.04    3.87
  20164.483    56.400     0.16    3.94
  20536.318    55.800    -1.61    4.22
  20908.220    54.431    -3.68    4.43
  21280.188    53.698    -1.97    4.31
  21652.223    54.109     1.11    4.50
  22024.324    54.880     2.07    5.02
  22396.491    55.582     1.88    4.93
  22768.724    55.737     0.42    4.97
  23141.024    55.519    -0.59    4.16
  23513.391    54.166    -3.63    4.12
  23885.824    53.236    -2.50    4.33
  24258.323    53.227    -0.03    4.39
  24630.889    53.401     0.47    4.28
  25003.522    54.047     1.73    3.92
  25376.222    55.455     3.78    3.94
  25748.988    57.379     5.16    4.37
  26121.821    58.573     3.20    4.05
  26494.720    59.303     1.96    3.13
  26867.687    58.684    -1.66    2.91
  27240.720    57.353    -3.57    2.58
  27613.820    56.003    -3.62    3.08
  27986.987    55.073    -2.49    3.06
  28360.221    55.526     1.21    4.02
  28733.522    57.047     4.07    5.36
  29106.891    59.244     5.88    4.83
  29480.326    59.542     0.80    5.04
  29853.828    56.907    -7.06    6.30
  30227.397    53.399    -9.39    5.25
  30601.034    51.931    -3.93    3.70
  30974.737    52.675     1.99    4.25
  31348.508    56.086     9.12    5.04
  31722.347    60.047    10.60    4.33
  32096.252    63.065     8.07    3.48
  32470.225    65.106     5.46    3.02
  32844.265    66.943     4.91    2.59
  33218.373    67.691     2.00    2.43
  33592.548    67.129    -1.50    2.57
  33966.791    66.150    -2.62    2.89
  34341.101    65.822    -0.87    2.84
  34715.479    65.413    -1.10    2.52
  35089.924    65.594     0.48    2.67
  35464.437    64.870    -1.93    3.13
  35839.018    64.382    -1.30    3.35
  36213.666    63.844    -1.44    3.38
  36588.382    62.256    -4.24    3.16
  36963.166    61.474    -2.09    3.74
  37338.018    62.638     3.11    5.25
  37712.938    63.346     1.89    6.21
  38087.925    64.114     2.05    6.09
  38462.981    63.687    -1.14    5.60
  38838.104    62.394    -3.45    5.26
  39213.296    60.358    -5.43    4.95
  39588.555    58.820    -4.10    5.26
  39963.883    56.773    -5.46    4.56
  40339.278    57.136     0.97    4.24
  40714.742    58.907     4.72    5.10
  41090.274    61.281     6.32    5.37
  41465.875    64.395     8.29    4.08
  41841.543    66.431     5.42    3.41
  42217.280    66.203    -0.61    3.72
  42593.085    65.178    -2.73    3.71
  42968.959    64.213    -2.57    3.88
  43344.901    63.265    -2.52    3.43
  43720.911    63.809     1.45    2.61
  44096.990    63.188    -1.65    2.34
  44473.138    62.048    -3.03    2.22
  44849.354    59.739    -6.14    4.09
  45225.638    56.455    -8.73    4.77
  45601.992    55.919    -1.42    5.32
  45978.414    58.484     6.81    7.43
  46354.904    63.109    12.29    8.17
  46731.464    65.273     5.75    6.58
  47108.092    65.356     0.22    5.59
  47484.789    64.210    -3.04    5.16
  47861.555    62.511    -4.51    3.70
  48238.390    61.524    -2.62    3.43
  48615.294    61.138    -1.02    7.21
  48992.267    59.797    -3.56    8.32
  49369.309    58.870    -2.46    8.40
  49746.419    58.516    -0.94    8.35
  50123.599    58.297    -0.58    6.26
  50500.849    60.309     5.33    5.68
  50878.167    62.785     6.56    5.57
  51255.554    64.468     4.46    5.36
  51633.011    63.820    -1.72    5.48
  52010.537    62.968    -2.26    5.13
  52388.133    61.907    -2.81    4.99
  52765.797    58.697    -8.50    4.14
  53143.531    56.943    -4.64    4.43
  53521.335    54.906    -5.39    4.56
  53899.208    52.942    -5.20    3.93
  54277.151    51.765    -3.12    3.99
  54655.163    49.836    -5.10    4.67
  55033.244    47.438    -6.34    4.54
  55411.396    45.698    -4.60    3.26
  55789.617    44.981    -1.90    2.23
  56167.908    45.699     1.90    2.19
  56546.268    46.602     2.39    2.63
  56924.698    47.377     2.05    4.23
  57303.198    47.212    -0.44    5.59
  57681.768    46.895    -0.84    7.85
  58060.408    48.895     5.28    9.78
  58439.118    51.394     6.60   10.73
  58817.898    56.562    13.64    9.54
  59196.748    59.736     8.38    5.30
  59575.667    60.224     1.29    4.75
  59954.657    58.162    -5.44    6.21
  60333.717    55.378    -7.35    5.69
  60712.848    55.137    -0.64    5.14
  61092.048    57.004     4.92    5.81
  61471.319    60.675     9.68    5.49
  61850.660    63.495     7.43    5.47
  62230.071    63.302    -0.51    8.67
  62609.553    61.943    -3.58    9.99
  62989.105    61.456    -1.28   10.62
  63368.727    62.663     3.18    7.42
  63748.420    64.480     4.79    4.11
  64128.184    65.437     2.52    3.07
  64508.018    66.786     3.55    3.47
  64887.923    67.771     2.59    3.34
  65267.898    67.746    -0.06    2.82
  65647.944    66.968    -2.05    2.97
  66028.061    66.672    -0.78    3.52
  66408.249    67.701     2.71    4.84
  66774.944    69.455     4.78    4.73
  67141.645    70.536     2.95    4.00
  67508.412    70.663     0.35    3.75
  67875.244    68.993    -4.55    3.88
  68242.141    67.614    -3.76    4.43
  68609.103    65.919    -4.62    4.99
  68976.131    63.955    -5.35    5.03
  69343.224    62.785    -3.19    4.56
  69710.383    63.051     0.73    3.89
  70077.607    64.764     4.66    4.72
  70444.897    68.067     8.99    5.87
  70812.252    70.978     7.93    4.94
  71179.672    72.821     5.02    4.41
  71547.158    73.967     3.12    4.99
  71914.710    75.098     3.08    4.89
  72282.328    76.272     3.19    4.53
  72650.011    76.239    -0.09    4.41
  73017.759    73.557    -7.29    6.90
  73385.574    68.816   -12.89    9.11
  73753.454    61.719   -19.29   10.63
  74121.401    55.678   -16.42    7.50
  74489.413    57.764     5.67   10.60
  74857.491    62.147    11.91   11.58
  75225.635    66.112    10.77    8.89
  75593.844    68.574     6.69    5.62
  75962.120    68.740     0.45    3.83
  76330.462    69.425     1.86    4.64
  76698.870    72.124     7.33    5.73
  77067.344    74.145     5.49    6.10
  77435.885    74.882     2.00    6.28
  77804.491    75.582     1.90    5.97
  78173.164    75.203    -1.03    5.41
  78541.903    73.750    -3.94    5.57
  78910.708    70.956    -7.58    5.85
  79279.579    71.169     0.58    7.48
  79648.517    70.651    -1.40    9.50
  80017.522    70.321    -0.89   10.70
  80386.592    69.215    -3.00   10.77
  80755.730    68.142    -2.91    8.95
  81124.933    65.344    -7.58    5.48
  81494.204    62.955    -6.47    5.29
  81863.540    60.919    -5.51    5.70
  82232.944    60.978     0.16    5.77
  82602.414    64.034     8.27    8.24
  82971.951    68.618    12.40    8.43
  83341.554    73.137    12.23    5.22
  83711.225    73.107    -0.08    3.91
  84080.962    72.691    -1.13    5.31
  84450.765    73.931     3.35    6.36
  84820.636    75.235     3.53    7.96
  85190.574    77.264     5.48    9.14
  85560.578    79.943     7.24   11.65
  85930.650    81.979     5.50   11.75
  86300.789    84.656     7.23   11.30
  86670.994    89.371    12.74   12.68
  87041.267    94.331    13.39   15.08
  87411.607    99.538    14.06   15.99
  87782.014   103.041     9.46   15.01
  88152.488   106.681     9.83   14.37
  88523.030   107.240     1.51   15.89
  88893.638   109.088     4.98   17.24
  89264.314   111.090     5.40   19.17
  89635.058   115.193    11.07   20.50
  90005.868   117.232     5.50   21.21
  90376.747   122.160    13.29   22.13
  90747.692   125.967    10.26   21.89
  91118.705   132.966    18.87   21.75
  91489.786   139.157    16.69   21.34
  91860.934   150.316    30.07   22.23
  92232.150   159.026    23.46   21.54
  92603.433   164.542    14.86   19.41
  92974.784   167.121     6.95   18.76
  93346.203   167.894     2.08   19.60
  93717.690   165.943    -5.25   20.04
  94089.244   161.871   -10.96   21.34
  94460.866   157.519   -11.71   22.58
  94832.556   154.339    -8.56   21.07
  95204.314   154.883     1.46   18.87
  95576.140   157.663     7.48   17.77
  95948.034   158.244     1.56   18.45
  96319.996   155.203    -8.18   19.74
  96692.026   145.809   -25.25   23.78
  97064.124   134.882   -29.37   23.27
  97436.290   125.999   -23.87   20.14
  97808.524   117.277   -23.43   16.30
  98180.826   112.321   -13.31   11.62
  98553.197   112.344     0.06   11.37
  98925.636   119.225    18.48   15.76
  99298.143   130.314    29.77   14.23
  99670.719   140.955    28.56    9.99
 100043.363   148.256    19.60    8.54
 100416.075   154.895    17.81    9.46
 100788.856   160.894    16.09   10.67
 101161.705   166.201    14.23   11.63
 101534.623   170.056    10.34   11.33
 101907.610   174.205    11.12   12.91
 102280.665   180.943    18.06   16.34
 102653.788   193.060    32.48   22.61
 103026.981   208.476    41.31   23.15
 103400.242   221.015    33.60   22.71
 103773.572   228.697    20.58   19.83
 104146.971   227.792    -2.42   20.08
 104520.438   221.363   -17.22   20.65
 104893.974   209.151   -32.70   20.95
 105267.580   194.524   -39.15   20.20
 105641.254   180.091   -38.63   17.57
 106014.997   167.141   -34.65   13.45
 106388.809   157.341   -26.22   10.72
 106762.691   148.511   -23.62    9.07
 107136.641   143.154   -14.33    9.04
 107510.661   138.114   -13.48   10.17
 107884.750   133.252   -13.00   10.49
 108258.908   127.041   -16.60   10.84
 108633.135   119.377   -20.48   11.74
 109007.431   111.824   -20.18   11.35
 109381.797   106.779   -13.48   11.49
 109756.232   100.968   -15.52   11.76
 110130.737    93.943   -18.76   14.64
 110505.311    83.039   -29.11   17.12
 110879.955    74.837   -21.89   15.44
 111254.668    69.980   -12.96   10.94
 111629.450    70.473     1.32   10.80
 112004.303    69.797    -1.80    9.89
 112379.225    65.131   -12.45   11.03
 112754.216    57.109   -21.39   13.18
 113129.278    47.013   -26.92   13.76
 113504.409    38.208   -23.47   10.58
 113879.610    39.148     2.50   11.10
 114254.880    42.284     8.36   11.58
 114630.221    46.328    10.78    9.79
 115005.631    52.256    15.79    5.31
 115381.112    54.943     7.16    6.77
 115756.662    58.307     8.96    7.73
 116132.283    59.991     4.48    7.30
 116507.973    57.871    -5.64    7.74
 116883.734    56.707    -3.10    6.79
 117259.565    55.919    -2.10    6.45
 117635.466    55.774    -0.38    6.90
 118011.437    56.812     2.76    6.46
 118387.478    56.072    -1.97    6.10
 118763.590    55.803    -0.72    5.62
 119139.772    57.190     3.69    4.90
 119516.025    58.114     2.45    4.88
 119892.348    58.227     0.30    4.98
 120268.741    57.264    -2.56    5.18
 120645.205    57.067    -0.52    4.88
 121021.740    57.776     1.88    4.20
 121398.345    58.144     0.98    4.66
 121775.020    57.070    -2.85    4.66
 122151.767    54.481    -6.87    6.10
 122528.584    51.597    -7.66    6.28
 122905.471    49.983    -4.28    5.20
 123282.430    51.326     3.56    5.66
 123659.459    51.894     1.51    5.00
 124036.559    52.326     1.15    3.48
 124413.731    52.314    -0.03    3.32
 124790.973    51.370    -2.50    3.13
 125168.286    52.273     2.39    3.43
 125545.670    52.954     1.81    4.11
 125923.125    52.836    -0.31    4.44
 126300.651    52.672    -0.44    4.38
 126678.248    52.473    -0.53    4.35
 127055.917    51.196    -3.38    4.82
 127433.657    47.035   -11.02    7.83
 127811.468    40.991   -16.00   11.56
 128189.350    34.377   -17.51   10.72
 128567.303    31.225    -8.34    9.60
 128945.328    31.378     0.40    9.66
 129323.425    33.413     5.38   10.41
 129701.593    32.542    -2.30   12.35
 130079.832    30.681    -4.92   13.37
 130458.143    29.519    -3.07   12.48
 130836.526    27.506    -5.32   10.41
 131214.980    29.347     4.87   10.65
 131593.506    35.349    15.86    9.74
 131972.103    36.966     4.27   12.05
 132350.772    35.868    -2.90   12.93
 132729.513    34.621    -3.29   12.84
 133108.326    31.781    -7.50   10.90
 133487.211    30.589    -3.15    8.74
 133866.168    32.395     4.77    9.50
 134245.196    33.648     3.31    9.83
 134624.297    35.151     3.96    9.44
 135003.469    37.554     6.34   10.37
 135382.714    40.791     8.54   13.44
 135762.031    46.606    15.33   15.82
 136141.420    48.316     4.51   15.55
 136520.881    46.628    -4.45   14.37
 136900.414    43.484    -8.29    8.31
 137280.020    42.339    -3.02    6.30
 137659.698    44.526     5.76    6.54
 138039.448    47.079     6.72    6.68
 138419.271    48.070     2.61    6.65
 138799.166    50.672     6.85    8.31
 139179.133    54.651    10.47    8.45
 139559.174    56.932     6.00    7.17
 139939.286    56.605    -0.86    5.88
 140319.472    56.256    -0.92    6.06
 140699.730    55.093    -3.06    6.03
 141080.060    54.314    -2.05    6.02
 141450.576    55.407     2.95    5.15
 141817.069    57.163     4.79    5.97
 142183.630    59.494     6.36    7.70
 142550.257    61.400     5.20    7.24
 142916.951    62.349     2.59    6.82
 143283.712    61.501    -2.31    8.33
 143650.540    61.082    -1.14    9.65
 144017.435    59.979    -3.01   10.00
 144384.397    59.160    -2.23   10.22
 144751.426    56.647    -6.85   10.51
 145118.522    51.140   -15.00    9.78
 145485.685    47.569    -9.73    8.85
 145852.915    44.883    -7.32    7.86
 146220.213    40.574   -11.73    8.28
 146587.578    36.966    -9.82    7.98
 146955.010    36.107    -2.34    7.47
 147322.509    36.836     1.98    7.48
 147690.076    39.276     6.64    6.89
 148057.710    43.039    10.24    3.09
 148425.412    46.566     9.59    6.67
 148793.181    52.144    15.17   11.19
 149161.017    56.907    12.95   10.66
 149528.921    59.444     6.90    9.08
 149896.893    56.413    -8.24    9.39
 150264.932    51.631   -12.99    5.97
 150633.039    49.643    -5.40    2.65
 151001.214    52.002     6.41    5.98
 151369.456    56.814    13.07    8.55
 151737.766    61.092    11.62    8.65
 152106.144    63.966     7.80    9.74
 152474.590    62.684    -3.48   11.78
 152843.103    58.666   -10.90   13.07
 153211.685    53.514   -13.98   13.25
 153580.334    46.907   -17.92   11.58
 153949.052    42.236   -12.67    9.40
 154317.837    37.810   -12.00    6.90
 154686.691    36.119    -4.59    5.57
 155055.612    36.382     0.71    5.68
 155424.602    36.264    -0.32    6.00
 155793.660    36.943     1.84    5.74
 156162.786    35.058    -5.11    6.89
 156531.980    32.769    -6.20    6.57
 156901.243    30.792    -5.35    6.48
 157270.574    29.709    -2.93    7.11
 157639.973    29.436    -0.74    7.74
 158009.441    29.590     0.41    8.21
 158378.977    31.907     6.27    7.22
 158748.582    33.553     4.45    4.42
 159118.255    34.349     2.15    3.22
 159487.997    35.977     4.40    3.48
 159857.807    36.636     1.78    3.73
 160227.686    35.955    -1.84    4.02
 160597.634    35.505    -1.22    4.00
 160967.650    36.377     2.36    3.92
 161337.735    36.990     1.66    3.12
 161707.889    36.999     0.02    2.72
 162078.111    35.681    -3.56    3.18
 162448.403    34.461    -3.29    2.92
 162818.763    33.895    -1.53    2.79
 163189.193    33.472    -1.14    3.11
 163559.691    33.100    -1.00    3.91
 163930.258    32.035    -2.87    4.88
 164300.895    29.849    -5.90    5.25
 164671.600    28.057    -4.84    5.76
 165042.375    25.377    -7.23    6.03
 165413.219    22.574    -7.56    5.68
 165784.132    21.597    -2.63    6.34
 166155.114    22.597     2.69    7.25
 166526.165    24.645     5.52    8.26
 166897.286    25.907     3.40    8.85
 167268.476    28.106     5.93    8.61
 167639.736    30.048     5.23    7.52
 168011.065    30.806     2.04    7.63
 168382.463    30.742    -0.17    7.96
 168753.931    31.081     0.91    8.19
 169125.469    30.851    -0.62    8.99
 169497.076    30.281    -1.53    9.50
 169868.753    30.540     0.69    9.58
 170240.499    30.444    -0.26    9.15
 170612.315    30.218    -0.61    7.72
 170984.201    29.114    -2.97    7.91
 171356.157    27.558    -4.18    8.48
 171728.183    26.795    -2.05   10.00
 172100.278    25.663    -3.04   10.99
 172472.443    24.184    -3.97   10.69
 172844.678    21.195    -8.03   10.38
 173216.984    17.389   -10.22    9.09
 173589.359    16.731    -1.77    8.31
 173961.804    16.553    -0.48    8.68
 174334.320    16.837     0.76    8.92
 174706.905    16.919     0.22    8.32
 175079.561    18.344     3.83    7.73
 175452.287    21.264     7.84    7.24
 175825.083    25.563    11.53    5.39
 176197.950    27.702     5.74    4.81
 176570.886    28.012     0.83    4.82
 176943.894    28.303     0.78    4.58
 177316.971    28.436     0.36    4.31
 177690.119    28.721     0.76    3.45
 178063.338    28.241    -1.29    3.38
 178436.627    27.205    -2.78    3.26
 178809.987    25.826    -3.69    3.68
 179183.417    24.512    -3.52    3.95
 179556.918    23.660    -2.28    4.51
 179930.490    22.789    -2.33    4.43
 180304.132    21.737    -2.82    4.72
 180677.846    20.295    -3.86    5.20
 181051.630    16.800    -9.35    4.81
 181425.484    15.012    -4.78    4.92
 181799.410    14.531    -1.29    5.13
 182173.407    15.086     1.48    4.49
 182547.475    17.271     5.84    4.53
 182921.613    19.826     6.83    4.79
 183295.823    22.633     7.50    3.87
 183670.104    23.268     1.70    3.23
 184044.456    22.744    -1.40    3.51
 184418.879    21.798    -2.53    3.65
 184793.374    22.101     0.81    4.47
 185167.939    23.654     4.15    4.94
 185542.576    25.752     5.60    4.75
 185917.285    28.291     6.78    4.39
 186292.064    31.619     8.88    5.80
 186666.916    33.820     5.87    6.54
