-130020.934    49.742     0.00    0.00
-129645.942    49.742     0.00    0.00
-129271.034    49.742     0.00    0.00
-128896.212    49.742     0.00    0.00
-128521.475    49.742     0.00    0.00
-128146.822    49.742     0.00    0.00
-127772.254    49.742     0.00    0.00
-127397.771    49.742     0.00    0.00
-127023.372    49.742     0.00    0.00
-126649.058    49.742     0.00    0.00
-126274.828    49.742     0.00    0.00
-125900.683    49.742     0.00    0.00
-125526.622    49.742     0.00    0.00
-125152.646    49.742     0.00    0.00
-124778.753    49.742     0.00    0.00
-124404.945    49.742     0.00    0.00
-124031.222    49.742     0.00    0.00
-123657.582    49.742     0.00    0.00
-123284.026    49.742     0.00    0.00
-122910.555    49.742     0.00    0.00
-122537.167    49.742     0.00    0.00
-122163.863    49.742     0.00    0.00
-121790.643    49.742     0.00    0.00
-121417.507    49.742     0.00    0.00
-121044.454    49.742     0.00    0.00
-120671.485    49.742     0.00    0.00
-120298.600    49.742     0.00    0.00
-119925.798    49.742     0.00    0.00
-119553.080    49.742     0.00    0.00
-119180.445    49.742     0.00    0.00
-118807.894    49.742     0.00    0.00
-118435.426    49.742     0.00    0.00
-118063.041    49.742     0.00    0.00
-117690.740    49.742     0.00    0.00
-117318.521    49.742     0.00    0.00
-116946.386    49.742     0.00    0.00
-116574.334    49.742     0.00    0.00
-116202.364    49.742     0.00    0.00
-115830.478    49.742     0.00    0.00
-115458.674    49.742     0.00    0.00
-115086.954    49.742     0.00    0.00
-114715.316    49.742     0.00    0.00
-114343.761    49.742     0.00    0.00
-113972.288    49.742     0.00    0.00
-113600.899    49.742     0.00    0.00
-113229.591    49.742     0.00    0.00
-112858.367    49.742     0.00    0.00
-112487.224    49.742     0.00    0.00
-112116.164    49.742     0.00    0.00
-111745.187    49.742     0.00    0.00
-111374.292    49.742     0.00    0.00
-111003.478    49.742     0.00    0.00
-110632.748    49.742     0.00    0.00
-110262.099    49.742     0.00    0.00
-109891.532    49.742     0.00    0.00
-109521.048    49.742     0.00    0.00
-109150.645    49.742     0.00    0.00
-108780.324    49.742     0.00    0.00
-108410.085    49.742     0.00    0.00
-108039.928    49.742     0.00    0.00
-107669.853    49.742     0.00    0.00
-107299.859    49.742     0.00    0.00
-106929.947    49.742     0.00    0.00
-106560.117    49.742     0.00    0.00
-106190.368    49.742     0.00    0.00
-105820.700    49.742     0.00    0.00
-105451.114    49.742     0.00    0.00
-105081.610    49.742     0.00    0.00
-104712.186    49.742     0.00    0.00
-104342.844    49.742     0.00    0.00
-103973.583    49.742     0.00    0.00
-103604.404    49.742     0.00    0.00
-103235.305    49.742     0.00    0.00
-102866.288    49.742     0.00    0.00
-102497.351    49.742     0.00    0.00
-102128.496    49.742     0.00    0.00
-101759.721    49.742     0.00    0.00
-101391.027    49.742     0.00    0.00
-101022.414    49.742     0.00    0.00
-100653.882    49.742     0.00    0.00
-100285.431    49.742     0.00    0.00
 -99917.060    49.742     0.00    0.00
 -99548.769    49.742     0.00    0.00
 -99180.559    49.742     0.00    0.00
 -98812.430    49.742     0.00    0.00
 -98444.381    49.742     0.00    0.00
 -98076.413    49.742     0.00    0.00
 -97708.525    49.742     0.00    0.00
 -97340.717    49.742     0.00    0.00
 -96972.989    49.742     0.00    0.00
 -96605.341    49.742     0.00    0.00
 -96237.774    49.742     0.00    0.00
 -95870.287    49.742     0.00    0.00
 -95502.879    49.742     0.00    0.00
 -95135.552    49.742     0.00    0.00
 -94768.304    49.742     0.00    0.00
 -94401.137    49.742     0.00    0.00
 -94034.049    49.742     0.00    0.00
 -93667.041    49.742     0.00    0.00
 -93300.112    49.742     0.00    0.00
 -92933.264    49.742     0.00    0.00
 -92566.495    49.742     0.00    0.00
 -92199.805    49.742     0.00    0.00
 -91833.195    49.742     0.00    0.00
 -91466.664    49.742     0.00    0.00
 -91100.213    49.742     0.00    0.00
 -90733.841    49.742     0.00    0.00
 -90367.549    49.742     0.00    0.00
 -90001.335    49.742     0.00    0.00
 -89635.201    49.742     0.00    0.00
 -89269.146    49.742     0.00    0.00
 -88903.170    49.742     0.00    0.00
 -88537.273    49.742     0.00    0.00
 -88171.455    49.742     0.00    0.00
 -87805.716    49.742     0.00    0.00
 -87440.056    49.742     0.00    0.00
 -87074.475    49.742     0.00    0.00
 -86708.972    49.742     0.00    0.00
 -86343.549    49.742     0.00    0.00
 -85978.203    49.742     0.00    0.00
 -85612.937    49.742     0.00    0.00
 -85247.749    49.742     0.00    0.00
 -84882.640    49.742     0.00    0.00
 -84517.609    49.742     0.00    0.00
 -84141.288    49.742     0.00    0.00
 -83759.835    49.742     0.00    0.00
 -83378.470    49.742     0.00    0.00
 -82997.191    49.742     0.00    0.00
 -82616.000    49.742     0.00    0.00
 -82234.895    49.742     0.00    0.00
 -81853.878    49.742     0.00    0.00
 -81472.947    49.742     0.00    0.00
 -81092.104    49.742     0.00    0.00
 -80711.347    49.742     0.00    0.00
 -80330.676    49.742     0.00    0.00
 -79950.093    49.742     0.00    0.00
 -79569.596    49.742     0.00    0.00
 -79189.185    49.742     0.00    0.00
 -78808.861    49.742     0.00    0.00
 -78428.623    49.742     0.00    0.00
 -78048.472    49.742     0.00    0.00
 -77668.407    50.643     2.37    2.56
 -77288.428    52.774     5.61    4.45
 -76908.536    55.692     7.68    5.07
 -76528.729    58.574     7.59    3.89
 -76149.009    59.089     1.36    2.89
 -75769.375    59.319     0.61    3.17
 -75389.826    59.702     1.01    3.97
 -75010.364    59.159    -1.43    5.36
 -74630.987    57.392    -4.66    6.37
 -74251.696    54.536    -7.53    6.02
 -73872.491    51.803    -7.21    4.28
 -73493.371    50.330    -3.89    2.15
 -73114.337    49.762    -1.50    0.20
 -72735.389    49.742    -0.05    0.00
 -72356.526    49.742     0.00    0.00
 -71977.749    49.742     0.00    0.00
 -71599.057    49.742     0.00    0.00
 -71220.450    49.742     0.00    0.00
 -70841.928    49.742     0.00    0.00
 -70463.492    49.742     0.00    0.00
 -70085.141    49.742     0.00    0.00
 -69706.875    49.742     0.00    0.00
 -69328.694    49.742     0.00    0.00
 -68950.598    49.936     0.51    1.14
 -68572.587    50.864     2.46    2.83
 -68194.661    51.752     2.35    3.70
 -67816.819    52.242     1.30    4.09
 -67439.063    52.089    -0.41    3.97
 -67061.391    51.474    -1.63    3.54
 -66683.804    50.580    -2.37    2.58
 -66306.301    50.010    -1.51    1.33
 -65928.883    49.962    -0.13    1.23
 -65551.549    50.450     1.29    2.25
 -65174.300    50.409    -0.11    2.11
 -64797.135    51.264     2.27    3.14
 -64420.054    51.905     1.70    3.70
 -64043.058    52.858     2.53    4.14
 -63666.146    53.302     1.18    4.29
 -63289.318    52.699    -1.60    4.14
 -62912.574    51.702    -2.65    3.64
 -62535.914    50.731    -2.58    2.75
 -62159.338    50.042    -1.83    1.43
 -61782.846    50.284     0.64    2.27
 -61406.438    50.405     0.32    2.60
 -61030.114    50.409     0.01    2.68
 -60653.873    50.172    -0.63    1.75
 -60277.716    50.028    -0.38    1.44
 -59901.643    49.783    -0.65    0.40
 -59525.654    49.793     0.03    0.51
 -59149.748    49.894     0.27    1.06
 -58773.925    50.126     0.62    1.62
 -58398.186    50.100    -0.07    1.63
 -58022.530    49.944    -0.41    1.12
 -57646.957    49.752    -0.51    0.10
 -57271.468    49.742    -0.03    0.00
 -56896.062    49.742     0.00    0.00
 -56520.739    49.742     0.00    0.00
 -56145.500    49.742     0.00    0.00
 -55770.343    49.742     0.00    0.00
 -55395.269    49.742     0.00    0.00
 -55020.278    49.742     0.00    0.00
 -54645.370    49.742     0.00    0.00
 -54270.545    49.742     0.00    0.00
 -53895.803    50.814     2.86    2.88
 -53521.143    53.012     5.87    4.36
 -53146.566    55.055     5.45    4.53
 -52772.072    57.449     6.39    3.55
 -52397.660    58.904     3.89    2.11
 -52023.331    59.852     2.53    2.08
 -51649.084    60.608     2.02    2.92
 -51274.920    61.989     3.69    4.62
 -50900.838    63.554     4.18    5.65
 -50526.838    65.835     6.10    7.25
 -50152.920    68.166     6.24    8.98
 -49779.085    71.438     8.75   10.58
 -49405.332    73.392     5.23   10.46
 -49031.661    77.199    10.19   10.42
 -48658.071    81.191    10.68    9.98
 -48284.564    84.540     8.97    8.69
 -47911.139    88.150     9.67    6.44
 -47537.795    90.096     5.21    5.08
 -47164.534    91.722     4.36    4.35
 -46791.354    93.412     4.53    4.18
 -46418.256    96.679     8.76    6.12
 -46045.239   100.538    10.35    6.66
 -45672.304   104.599    10.89    6.28
 -45299.451   108.783    11.22    3.87
 -44926.679   110.034     3.36    4.23
 -44553.989   110.671     1.71    4.73
 -44181.380   109.872    -2.14    5.79
 -43808.852   106.176    -9.92    7.53
 -43436.405   101.183   -13.41    8.61
 -43064.040    95.052   -16.47    7.66
 -42691.756    89.731   -14.29    5.97
 -42319.553    86.273    -9.29    4.32
 -41947.431    84.122    -5.78    3.26
 -41575.390    82.548    -4.23    1.76
 -41203.431    82.722     0.47    1.85
 -40831.552    82.492    -0.62    2.01
 -40459.753    81.582    -2.45    2.44
 -40088.036    81.253    -0.89    2.33
 -39716.400    81.436     0.49    2.53
 -39344.844    82.394     2.58    3.01
 -38973.368    83.052     1.77    2.99
 -38601.974    82.521    -1.43    3.39
 -38230.660    80.182    -6.30    4.70
 -37859.426    77.857    -6.26    3.74
 -37488.273    75.804    -5.53    3.65
 -37117.200    74.622    -3.19    3.19
 -36746.208    74.426    -0.53    2.88
 -36375.296    73.671    -2.04    2.79
 -36004.464    74.361     1.86    2.99
 -35633.712    75.242     2.38    3.21
 -35263.041    76.172     2.51    3.18
 -34892.449    75.742    -1.16    2.93
 -34521.938    75.785     0.11    2.50
 -34151.507    74.651    -3.06    3.23
 -33781.155    73.468    -3.19    3.51
 -33410.883    73.752     0.77    3.72
 -33040.692    72.875    -2.37    4.18
 -32670.580    72.034    -2.27    3.82
 -32300.547    71.752    -0.76    4.08
 -31930.595    70.806    -2.56    3.77
 -31560.722    70.875     0.19    3.72
 -31190.928    70.905     0.08    3.93
 -30821.214    67.772    -8.47    5.40
 -30451.580    65.013    -7.47    5.81
 -30082.025    63.072    -5.25    4.70
 -29712.549    61.855    -3.29    2.88
 -29343.153    62.015     0.43    3.86
 -28973.836    62.185     0.46    3.73
 -28604.598    63.846     4.50    4.55
 -28235.439    66.388     6.89    4.49
 -27866.360    68.456     5.60    4.48
 -27497.359    69.562     3.00    3.65
 -27128.438    69.125    -1.18    3.92
 -26759.595    67.028    -5.69    4.72
 -26390.832    64.668    -6.40    4.99
 -26022.147    63.364    -3.54    4.38
 -25653.541    63.660     0.80    4.55
 -25285.014    63.626    -0.09    4.93
 -24916.566    63.186    -1.19    5.23
 -24548.196    63.394     0.56    5.14
 -24179.905    62.883    -1.39    5.44
 -23811.692    63.423     1.47    5.74
 -23443.558    64.892     3.99    6.04
 -23075.502    66.542     4.48    5.77
 -22707.525    66.453    -0.24    6.29
 -22339.627    67.507     2.86    5.70
 -21971.806    67.268    -0.65    5.44
 -21604.064    67.446     0.48    5.02
 -21236.400    67.666     0.60    3.50
 -20868.814    66.954    -1.94    2.91
 -20501.306    67.022     0.18    2.55
 -20133.877    66.439    -1.59    2.67
 -19766.525    66.211    -0.62    2.65
 -19399.251    66.510     0.82    3.48
 -19032.056    64.287    -6.05    4.70
 -18664.938    62.544    -4.75    5.05
 -18297.898    60.217    -6.34    6.07
 -17930.936    56.590    -9.88    5.05
 -17564.051    54.405    -5.95    5.64
 -17197.244    52.462    -5.30    5.25
 -16830.515    51.120    -3.66    6.11
 -16463.863    48.140    -8.13    8.69
 -16097.289    42.584   -15.16   10.92
 -15730.793    39.436    -8.59    9.29
 -15364.374    37.568    -5.10    8.26
 -14998.032    39.362     4.90    8.92
 -14631.767    42.338     8.12    8.43
 -14265.580    45.007     7.29    7.78
 -13899.470    47.721     7.41    4.89
 -13533.437    49.086     3.73    4.52
 -13167.482    47.844    -3.39    6.27
 -12801.603    47.500    -0.94    7.32
 -12435.802    47.512     0.03    6.28
 -12070.077    47.166    -0.95    4.66
 -11704.430    47.984     2.24    3.97
 -11338.859    47.816    -0.46    4.53
 -10973.366    47.691    -0.34    5.59
 -10607.949    46.344    -3.69    7.01
 -10242.609    43.634    -7.42    8.11
  -9877.345    40.309    -9.10    8.24
  -9506.051    36.818    -9.40    7.72
  -9124.765    35.954    -2.27    7.44
  -8743.564    36.122     0.44    8.32
  -8362.448    35.227    -2.35    9.13
  -7981.417    33.786    -3.78    9.02
  -7600.470    30.629    -8.29    6.75
  -7219.608    26.275   -11.43    7.32
  -6838.831    22.085   -11.00    8.14
  -6458.138    19.503    -6.78    7.95
  -6077.530    18.477    -2.70    8.20
  -5697.006    20.852     6.24    7.70
  -5316.567    22.278     3.75    7.32
  -4936.212    20.944    -3.51    7.94
  -4555.941    19.793    -3.03    8.39
  -4175.755    18.306    -3.91    8.71
  -3795.653    16.752    -4.09    8.32
  -3415.635    16.621    -0.34    7.58
  -3035.701    16.579    -0.11    8.02
  -2655.851    16.827     0.65    8.35
  -2276.085    13.598    -8.50    9.91
  -1896.402     9.593   -10.55   10.28
  -1516.804     5.354   -11.17    8.70
  -1137.290     1.390   -10.44    4.60
   -757.859     1.211    -0.47    4.06
   -378.512     3.380     5.72    6.00
      0.751     4.518     3.00    6.05
    379.931     5.764     3.29    6.03
    759.027     5.201    -1.48    5.76
   1138.040     3.398    -4.76    5.00
   1516.969     1.721    -4.42    4.06
   1895.815    -0.193    -5.05    0.53
   2274.578    -0.258    -0.17    0.00
   2653.257    -0.258     0.00    0.00
   3031.853    -0.258     0.00    0.00
   3410.366    -0.258     0.00    0.00
   3788.796    -0.258     0.00    0.00
   4167.143    -0.258     0.00    0.00
   4545.407    -0.258     0.00    0.00
   4923.588    -0.258     0.00    0.00
   5301.686    -0.258     0.00    0.00
   5679.701    -0.258     0.00    0.00
   6057.633    -0.258     0.00    0.00
   6435.483    -0.258     0.00    0.00
   6813.250    -0.258     0.00    0.00
   7190.934    -0.258     0.00    0.00
   7568.536    -0.258     0.00    0.00
   7946.055    -0.258     0.00    0.00
   8323.492    -0.258     0.00    0.00
   8700.847    -0.258     0.00    0.00
   9078.119    -0.258     0.00    0.00
   9455.308    -0.258     0.00    0.00
   9832.416    -0.258     0.00    0.00
  10209.441    -0.258     0.00    0.00
  10586.385     0.293     1.46    2.38
  10963.246     1.721     3.79    4.53
  11340.025     3.082     3.61    5.23
  11716.722     4.605     4.04    5.74
  12093.337     6.773     5.76    5.94
  12469.870     8.586     4.81    5.40
  12846.322    10.065     3.93    4.57
  13222.692    12.710     7.03    4.98
  13598.980    15.824     8.27    7.40
  13975.186    19.096     8.70    8.81
  14351.311    22.405     8.80    7.86
  14727.354    22.897     1.31    7.56
  15103.315    23.848     2.53    7.00
  15479.196    24.453     1.61    6.11
  15854.994    23.117    -3.56    6.72
  16230.712    23.127     0.03    6.63
  16606.348    20.409    -7.24    6.14
  16981.903    18.165    -5.98    5.26
  17357.377    19.253     2.90    5.65
  17732.769    21.845     6.91    6.41
  18108.081    24.535     7.17    5.90
  18483.311    25.712     3.13    4.79
  18858.460    26.264     1.47    4.09
  19233.529    27.773     4.02    3.96
  19608.516    28.686     2.44    3.79
  19983.423    30.138     3.87    3.44
  20358.249    30.872     1.96    3.12
  20732.994    29.221    -4.41    4.19
  21107.659    28.232    -2.64    4.52
  21482.243    27.607    -1.67    4.18
  21856.746    27.860     0.68    3.97
  22231.169    29.242     3.69    2.92
  22605.512    30.079     2.24    2.55
  22979.774    31.138     2.83    3.10
  23353.955    32.289     3.08    3.05
  23728.056    33.753     3.91    3.14
  24102.077    34.565     2.17    3.35
  24476.018    34.290    -0.73    3.97
  24849.879    34.299     0.02    4.41
  25223.659    34.096    -0.54    4.34
  25597.360    35.461     3.65    4.59
  25970.980    37.160     4.55    4.58
  26344.521    38.825     4.46    3.94
  26717.981    39.675     2.27    3.42
  27091.362    39.340    -0.90    3.41
  27464.663    38.258    -2.90    3.62
  27837.884    36.544    -4.59    3.63
  28211.025    33.976    -6.88    3.66
  28584.087    32.175    -4.83    3.08
  28957.069    31.860    -0.84    2.72
  29329.972    32.142     0.76    2.77
  29702.795    33.447     3.50    3.17
  30075.539    36.089     7.09    3.63
  30448.203    37.409     3.54    4.02
  30820.788    37.647     0.64    3.96
  31193.293    37.206    -1.18    4.10
  31565.719    34.546    -7.14    4.46
  31938.066    31.555    -8.03    4.20
  32310.334    29.927    -4.37    3.88
  32682.523    28.569    -3.65    2.71
  33054.633    28.831     0.71    2.19
  33426.664    28.605    -0.61    2.47
  33798.615    27.697    -2.44    2.44
  34170.488    27.567    -0.35    2.52
  34542.282    27.677     0.30    2.58
  34913.998    27.169    -1.37    3.07
  35285.634    26.433    -1.98    3.14
  35657.192    24.374    -5.54    4.09
  36028.671    22.763    -4.33    3.36
  36400.071    22.679    -0.23    2.90
  36771.393    22.110    -1.53    3.09
  37142.637    21.178    -2.51    3.77
  37513.802    19.273    -5.13    3.97
  37884.888    17.560    -4.62    3.43
  38255.896    18.189     1.69    3.87
  38626.826    19.686     4.04    4.30
  38997.678    21.216     4.13    4.35
  39368.451    23.680     6.64    4.94
  39739.146    26.016     6.30    5.74
  40109.763    29.321     8.92    6.14
  40480.302    32.285     8.00    4.19
  40850.763    34.138     5.00    3.16
  41221.146    33.955    -0.49    3.91
  41591.451    34.325     1.00    4.77
  41961.678    35.851     4.12    5.38
  42331.828    37.398     4.18    5.60
  42701.899    39.219     4.92    4.92
  43071.893    39.519     0.81    3.91
  43441.809    37.841    -4.54    4.75
  43811.648    34.982    -7.73    6.48
  44181.409    33.075    -5.16    6.29
  44551.092    29.575    -9.47    6.24
  44920.698    26.891    -7.26    6.39
  45290.226    22.174   -12.77    7.11
  45659.677    18.888    -8.89    5.67
  46029.051    17.607    -3.47    3.95
  46398.348    18.567     2.60    4.55
  46767.567    19.520     2.58    4.88
  47136.709    19.114    -1.10    5.26
  47505.774    17.287    -4.95    5.46
  47874.761    15.257    -5.50    4.53
  48243.672    13.677    -4.28    3.01
  48612.506    12.617    -2.88    2.03
  48981.262    13.127     1.38    2.10
  49349.942    13.657     1.44    2.65
  49718.545    14.836     3.20    3.85
  50087.071    16.929     5.68    4.47
  50455.521    18.412     4.03    4.81
  50823.893    20.166     4.76    4.25
  51192.189    21.325     3.15    5.68
  51560.408    22.531     3.27    6.75
  51928.551    24.950     6.57    8.62
  52296.617    25.489     1.46    9.20
  52664.607    25.732     0.66    9.65
  53032.520    24.359    -3.73    9.60
  53400.357    22.677    -4.57    8.44
  53768.118    20.752    -5.23    7.40
  54135.802    19.753    -2.72    5.84
  54503.410    18.540    -3.30    4.77
  54870.942    17.529    -2.75    3.15
  55238.397    16.596    -2.54    2.82
  55605.777    15.508    -2.96    2.66
  55973.080    16.185     1.84    4.80
  56340.308    19.679     9.51    9.37
  56707.459    27.008    19.96   14.00
  57074.535    37.889    29.64   17.96
  57441.534    49.859    32.61   17.95
  57808.458    59.579    26.49   12.73
  58175.306    65.864    17.13    9.96
  58542.078    68.605     7.47    8.66
  58908.775    69.043     1.19    8.41
  59275.396    68.019    -2.79    8.15
  59641.941    66.065    -5.33    8.91
  60008.411    61.338   -12.90   11.43
  60374.806    56.258   -13.86   13.62
  60741.124    52.630    -9.90   13.76
  61107.368    50.338    -6.26   13.37
  61473.536    49.282    -2.88   12.43
  61839.629    51.180     5.18   12.13
  62205.646    52.000     2.24   12.69
  62571.588    54.563     7.00   13.49
  62937.456    56.657     5.72   12.90
  63303.248    57.742     2.97   13.47
  63668.964    58.416     1.84   13.71
  64034.606    57.575    -2.30   13.57
  64400.173    56.909    -1.82   12.19
  64765.665    58.008     3.01   11.01
  65132.327    59.774     4.82    9.69
  65513.447    62.546     7.27    9.55
  65894.484    65.026     6.51    9.05
  66275.439    66.829     4.73    7.65
  66656.310    67.544     1.88    6.59
  67037.100    66.610    -2.45    6.31
  67417.807    63.125    -9.15    7.94
  67798.431    57.045   -15.97    9.58
  68178.973    51.992   -13.28    8.86
  68559.433    48.434    -9.35    8.19
  68939.810    45.618    -7.40    8.41
  69320.106    43.909    -4.50    9.14
  69700.319    43.273    -1.67    8.95
  70080.450    43.322     0.13    7.72
  70460.499    44.625     3.43    6.07
  70840.465    47.858     8.51    3.86
  71220.350    49.231     3.61    3.20
  71600.153    50.197     2.54    2.34
  71979.874    50.513     0.83    2.36
  72359.514    49.398    -2.94    3.27
  72739.071    46.977    -6.38    5.04
  73118.547    45.612    -3.60    5.00
  73497.942    47.034     3.75    5.87
  73877.254    49.886     7.52    5.65
  74256.485    53.263     8.90    3.44
  74635.635    55.374     5.57    2.73
  75014.703    56.019     1.70    2.25
  75393.690    56.901     2.33    1.83
  75772.596    57.082     0.48    2.19
  76151.420    56.225    -2.26    3.13
  76530.163    55.742    -1.28    4.57
  76908.825    56.486     1.97    6.23
  77287.405    60.658    11.02    8.41
  77665.905    64.198     9.35    7.02
  78044.323    66.044     4.88    5.98
  78422.661    65.899    -0.38    5.57
  78800.918    64.380    -4.02    4.34
  79179.093    63.937    -1.17    3.69
  79557.188    63.157    -2.06    2.95
  79935.202    62.731    -1.13    2.49
  80313.136    63.221     1.30    2.90
  80690.989    63.731     1.35    3.65
  81068.761    65.513     4.72    4.23
  81446.453    67.909     6.34    5.46
  81824.064    72.371    11.82    8.00
  82201.594    76.942    12.11    8.51
  82579.045    80.659     9.85    7.97
  82956.414    82.663     5.31    6.72
  83333.704    80.763    -5.04    7.19
  83710.913    79.133    -4.32    7.20
  84088.042    78.370    -2.02    6.43
  84465.091    77.568    -2.13    6.21
  84842.060    77.828     0.69    5.68
  85218.949    76.390    -3.82    4.68
  85595.758    76.551     0.43    2.94
  85972.486    77.453     2.40    3.25
  86349.135    78.443     2.63    3.19
  86725.704    78.588     0.39    3.30
  87102.193    79.315     1.93    3.15
  87478.603    81.286     5.24    4.28
  87854.933    82.763     3.92    5.03
  88231.183    82.371    -1.04    5.97
  88607.353    79.210    -8.40    7.00
  88983.444    75.291   -10.42    5.20
  89359.455    73.315    -5.26    4.61
  89735.387    72.720    -1.58    5.24
  90111.240    73.519     2.12    6.15
  90487.013    73.654     0.36    6.27
  90862.707    73.274    -1.01    5.35
  91238.322    72.699    -1.53    5.01
  91613.857    71.268    -3.81    4.41
  91989.313    68.907    -6.29    5.22
  92364.690    67.321    -4.22    5.02
  92739.988    65.710    -4.29    5.45
  93115.207    64.146    -4.17    4.92
  93490.347    62.923    -3.26    4.37
  93865.409    61.987    -2.50    4.36
  94240.391    62.338     0.94    5.63
  94615.294    62.405     0.18    8.09
  94990.119    63.247     2.25   10.32
  95364.865    63.492     0.65   11.51
  95739.532    62.521    -2.59   10.49
  96114.121    62.495    -0.07    9.20
  96488.631    65.199     7.22   10.65
  96863.063    70.390    13.86   11.97
  97237.416    73.794     9.09   11.99
  97611.691    77.204     9.11   10.98
  97985.887    81.125    10.48   10.58
  98360.005    85.144    10.74   10.94
  98734.045    91.891    18.04    9.46
  99108.006    97.169    14.11    6.94
  99481.889    98.660     3.99    5.55
  99855.695    98.520    -0.37    4.74
 100229.422    97.471    -2.81    4.29
 100603.071    97.023    -1.20    4.20
 100976.642    97.848     2.21    5.24
 101350.135    97.291    -1.49    5.86
 101723.550    94.936    -6.31    8.55
 102096.888    93.194    -4.67    8.58
 102470.147    90.699    -6.68    6.09
 102843.329    90.796     0.26    5.29
 103216.433    90.763    -0.09    5.00
 103589.460    90.462    -0.81    5.14
 103962.408    90.122    -0.91    4.63
 104335.280    90.327     0.55    4.91
 104708.074    89.359    -2.60    4.83
 105080.790    87.699    -4.45    5.21
 105453.429    85.462    -6.00    4.73
 105825.991    83.019    -6.56    4.60
 106198.475    80.193    -7.59    4.06
 106570.882    78.072    -5.69    3.86
 106943.212    75.891    -5.86    2.81
 107315.464    75.258    -1.70    2.64
 107687.640    74.935    -0.87    2.64
 108059.738    76.114     3.17    3.44
 108431.759    77.338     3.29    4.08
 108803.704    79.527     5.89    6.16
 109175.571    80.764     3.33    6.69
 109547.362    79.146    -4.35    8.72
 109919.075    73.753   -14.51   13.28
 110290.712    66.910   -18.41   13.25
 110662.273    61.807   -13.73   10.91
 111033.756    60.540    -3.41    9.65
 111405.163    62.133     4.29    9.28
 111776.493    65.366     8.70    7.64
 112147.747    67.312     5.24    6.17
 112518.924    68.819     4.06    4.78
 112890.024    67.657    -3.13    4.96
 113261.049    65.060    -7.00    6.35
 113631.996    60.753   -11.61    7.41
 114002.868    56.833   -10.57    8.09
 114373.663    53.868    -7.99    8.92
 114744.382    51.675    -5.91   10.70
 115115.025    45.108   -17.72   16.54
 115485.592    37.122   -21.55   18.08
 115856.082    28.775   -22.53   14.90
 116226.497    24.487   -11.58   11.96
 116596.835    26.090     4.33   11.98
 116967.098    33.370    19.66   12.96
 117337.285    41.890    23.01    8.67
 117707.396    44.412     6.81    5.94
 118077.431    45.586     3.17    4.55
 118447.390    46.753     3.15    5.07
 118817.273    48.933     5.89    5.93
 119187.081    52.764    10.36    5.45
 119556.813    56.386     9.80    4.20
 119926.470    60.263    10.49    6.70
 120296.051    64.198    10.64    7.96
 120665.557    69.019    13.05    8.01
 121034.987    74.376    14.50    7.14
 121404.341    79.586    14.10    8.84
 121773.621    84.387    13.00   11.05
 122142.825    89.338    13.41   10.88
 122511.954    92.412     8.33   10.67
 122881.007    94.039     4.41   10.53
 123249.986    94.366     0.89    9.36
 123618.889    93.594    -2.09    8.61
 123987.717    93.387    -0.56    7.14
 124356.470    94.708     3.58    6.25
 124725.148    96.816     5.72    5.55
 125093.751    99.335     6.83    4.68
 125462.280   101.796     6.68    3.31
 125830.733   103.172     3.74    3.52
 126199.112   103.431     0.70    3.47
 126567.416   102.646    -2.13    3.47
 126935.645   101.555    -2.96    2.45
 127303.799   102.086     1.44    3.00
 127671.879   103.540     3.95    3.79
 128039.884   103.519    -0.06    3.56
 128407.815   103.992     1.29    3.60
 128775.671   104.093     0.27    3.57
 129143.453   102.886    -3.28    3.16
 129511.160   101.133    -4.77    4.44
 129878.793    97.559    -9.72    5.38
 130246.352    93.138   -12.03    5.04
 130613.837    89.538    -9.80    4.53
 130981.247    86.856    -7.30    3.34
 131348.583    85.131    -4.69    3.75
 131715.845    81.947    -8.67    4.48
 132083.032    78.195   -10.22    5.39
 132450.146    74.697    -9.53    4.81
 132817.186    72.097    -7.08    3.30
 133184.151    70.840    -3.43    2.65
 133551.043    70.613    -0.62    2.36
 133917.861    69.151    -3.99    3.20
 134284.605    68.839    -0.85    4.75
 134651.276    70.613     4.84    7.46
 135017.872    75.364    12.96   10.04
 135384.395    83.497    22.19   12.66
 135750.845    93.515    27.33   10.89
 136117.220   100.258    18.40    8.76
 136483.522   104.866    12.58    4.69
 136849.751   104.957     0.25    4.69
 137215.906   103.344    -4.40    5.03
 137581.988   101.721    -4.44    4.50
 137947.996   102.644     2.52    5.11
 138313.931   104.434     4.89    5.28
 138679.792   108.529    11.19    7.66
 139045.581   114.075    15.16    8.44
 139411.296   117.656     9.79    7.85
 139776.938   119.607     5.34    6.01
 140154.621   118.000    -4.25    6.48
 140535.496   115.140    -7.51    6.33
 140916.290   112.402    -7.19    5.30
 141297.003   110.719    -4.42    4.08
 141677.636   110.902     0.48    3.03
 142058.189   111.602     1.84    3.36
 142438.662   112.871     3.33    3.43
 142819.054   114.248     3.62    2.80
 143199.366   114.348     0.26    3.96
 143579.598   112.754    -4.19    5.70
 143959.750   111.398    -3.57    6.50
 144339.822   108.867    -6.66    5.89
 144719.814   105.965    -7.64    4.68
 145099.726   103.424    -6.69    4.25
 145479.558   102.140    -3.38    3.57
 145859.310   100.086    -5.41    3.01
 146238.983    98.376    -4.50    3.31
 146618.576    96.175    -5.80    3.90
 146998.089    94.258    -5.05    3.33
 147377.522    91.853    -6.34    4.20
 147756.876    89.391    -6.49    4.33
 148136.151    86.621    -7.30    4.74
 148515.346    83.949    -7.05    4.50
 148894.461    82.568    -3.64    5.10
 149273.497    81.372    -3.15    5.28
 149652.454    81.677     0.80    6.05
 150031.332    81.818     0.37    6.12
 150410.130    82.807     2.61    6.18
 150788.849    83.253     1.18    6.21
 151167.489    82.893    -0.95    5.97
 151546.050    81.335    -4.11    5.17
 151924.532    79.140    -5.80    5.26
 152302.935    76.042    -8.19    6.13
 152681.259    70.398   -14.92    7.39
 153059.504    65.315   -13.44    7.20
 153437.670    61.559    -9.93    6.10
 153815.758    58.720    -7.51    5.25
 154193.766    56.624    -5.54    5.57
 154571.696    55.719    -2.39    5.81
 154949.548    52.699    -7.99    5.65
 155327.320    50.208    -6.59    4.55
 155705.015    48.677    -4.05    3.57
 156082.630    47.958    -1.91    3.34
 156460.168    47.355    -1.60    2.89
 156837.626    46.822    -1.41    2.68
 157215.007    46.634    -0.50    3.55
 157592.309    46.867     0.62    4.43
 157969.533    47.731     2.29    4.73
 158346.679    48.981     3.31    4.06
 158723.746    52.204     8.55    5.18
 159100.736    54.776     6.82    5.84
 159477.647    57.215     6.47    4.87
 159854.480    58.708     3.96    3.64
 160231.236    59.366     1.75    2.66
 160607.913    58.537    -2.20    3.68
 160984.513    56.269    -6.02    6.69
 161361.035    52.833    -9.12    7.29
 161737.479    48.891   -10.47    5.22
 162113.845    44.742   -11.02    5.24
 162490.134    39.529   -13.85    8.22
 162866.344    34.609   -13.08    7.92
 163242.478    31.054    -9.45    4.12
 163618.534    30.175    -2.34    2.84
 163994.512    29.581    -1.58    3.26
 164370.413    29.486    -0.25    3.85
 164746.236    30.032     1.45    4.12
 165121.982    32.564     6.74    4.98
 165497.651    37.830    14.02    7.01
 165873.243    44.220    17.01    8.99
 166248.757    51.006    18.07    8.62
 166624.194    54.318     8.82    8.82
 166999.554    53.610    -1.89   11.37
 167374.837    49.949    -9.76   12.39
 167750.043    44.676   -14.05   11.46
 168125.172    41.133    -9.44    9.35
 168500.224    37.559    -9.53    6.50
 168875.199    36.677    -2.35    7.56
 169250.098    37.116     1.17    9.80
 169624.919    37.362     0.66   11.13
 169999.664    36.863    -1.33    9.98
 170374.332    35.970    -2.38    9.73
 170748.924    34.731    -3.31    8.24
 171123.439    35.035     0.81    8.01
 171497.877    33.631    -3.75    8.67
 171872.239    33.427    -0.55    9.41
 172246.524    34.281     2.28   11.42
 172620.733    38.054    10.08   14.70
 172994.865    45.810    20.73   16.16
 173368.922    56.054    27.38   15.48
 173742.902    65.294    24.70   11.47
 174116.805    70.065    12.76   11.22
 174490.633    74.405    11.61    9.41
 174864.384    77.258     7.63    9.28
 175238.060    79.812     6.83    8.95
 175611.659    82.166     6.30    8.81
 175985.182    83.672     4.03    7.98
 176358.629    85.166     4.00    6.92
 176732.001    85.315     0.40    6.62
 177105.296    83.065    -6.03    8.05
 177478.516    79.786    -8.78    8.84
 177851.660    75.220   -12.24    8.67
 178224.728    71.171   -10.85    6.75
 178597.721    69.324    -4.95    5.87
 178970.637    64.548   -12.81    8.80
 179343.479    57.031   -20.16   11.73
 179716.244    50.215   -18.28   11.53
 180088.935    44.986   -14.03   10.72
 180461.550    41.601    -9.09   13.79
 180834.089    37.775   -10.27   15.84
 181206.553    39.140     3.66   15.87
 181578.942    42.435     8.85   17.65
 181951.255    50.269    21.04   20.88
 182323.493    62.458    32.74   16.66
 182695.656    69.862    19.89    8.54
 183067.744    72.834     7.99    5.37
 183439.757    71.464    -3.68    5.87
 183811.695    66.184   -14.19    8.88
 184183.557    57.394   -23.63   13.19
 184555.345    45.835   -31.09   14.14
 184927.058    40.525   -14.28   13.43
 185298.696    43.989     9.32   17.97
 185670.259    54.851    29.23   20.24
 186041.748    67.144    33.09   12.75
 186413.161    73.275    16.50    5.88
 186784.500    74.169     2.41    6.26
 187155.765    75.807     4.41    5.60
 187526.954    75.844     0.10    4.41
 187898.070    70.753   -13.72    9.49
 188269.110    65.398   -14.43   12.30
 188640.077    60.286   -13.78   10.38
 189010.968    59.951    -0.90    9.53
 189381.786    65.662    15.40    9.57
 189752.529    71.852    16.69    8.14
 190123.198    78.174    17.05    8.18
 190493.792    83.742    15.02    8.22
 190864.313    90.489    18.21    9.11
 191234.759    95.698    14.06    8.44
 191605.131    98.533     7.65    7.01
 191975.429    97.456    -2.91    8.37
 192345.653    90.707   -18.23   12.04
 192715.803    84.331   -17.22   12.30
 193085.879    79.521   -13.00   12.54
 193455.881    77.438    -5.63   12.08
 193825.810    76.924    -1.39   11.36
 194195.664    76.698    -0.61    9.52
 194565.445    74.742    -5.29    8.17
 194935.152    73.962    -2.11    7.27
 195304.786    74.984     2.76    7.75
 195674.345    78.453     9.39    9.07
 196043.832    83.753    14.34    8.04
 196413.244    88.697    13.38    4.39
 196782.583    89.579     2.39    4.69
 197151.849    89.189    -1.06    5.57
 197521.041    90.335     3.10    5.26
 197890.160    91.295     2.60    5.67
 198259.206    93.014     4.66    5.14
 198628.178    94.951     5.25    4.94
 198997.077    96.753     4.88    6.04
 199365.903    97.322     1.54    6.20
 199734.656    98.613     3.50    6.19
 200103.336    99.731     3.03    5.37
 200471.942    99.968     0.64    3.86
 200840.476   100.120     0.41    3.97
 201208.936    99.204    -2.49    5.00
 201577.324    98.105    -2.98    5.34
 201945.639    97.068    -2.81    5.26
 202313.881    94.927    -5.81    6.28
 202682.050    89.079   -15.88   13.37
 203050.146    78.160   -29.66   19.28
 203418.170    68.006   -27.58   18.67
 203786.121    58.731   -25.20   14.57
 204153.999    53.190   -15.06   12.36
 204521.805    51.064    -5.78   10.15
 204889.538    51.776     1.93   10.63
 205257.199    53.379     4.36   11.43
 205624.787    56.831     9.39   11.45
 205992.302    59.731     7.89    9.74
 206359.746    62.796     8.34   10.42
 206727.117    69.317    17.75   11.14
 207094.416    76.307    19.03   10.73
 207461.642    82.916    17.99    7.03
 207828.797    86.742    10.42    5.94
 208195.879    89.382     7.19    6.44
 208562.889    91.909     6.88    5.58
 208929.827    93.248     3.65    5.43
 209296.693    94.379     3.08    6.34
 209663.486    96.720     6.38    8.08
 210030.208   100.486    10.27    8.55
 210396.858   105.775    14.42    7.69
 210763.437   110.156    11.95    5.67
 211129.943   110.764     1.66    5.25
 211496.377   111.800     2.83    4.97
 211862.740   112.492     1.89    5.17
 212229.031   112.596     0.28    4.66
 212595.251   113.984     3.79    4.00
 212961.399   112.786    -3.27    4.29
 213327.475   111.953    -2.27    4.03
 213693.480   111.237    -1.96    3.85
 214059.413   110.282    -2.61    3.73
 214425.275   110.423     0.39    3.44
 214798.621   110.517     0.25    3.48
 215179.334   110.226    -0.77    3.67
 215559.968   109.353    -2.29    4.81
 215940.524   106.653    -7.09    6.11
 216321.002   102.151   -11.83    6.32
 216701.402    98.553    -9.46    5.48
 217081.723    97.050    -3.95    4.29
 217461.966    96.831    -0.58    4.10
 217842.132    96.164    -1.75    4.56
 218222.219    95.503    -1.74    4.35
 218602.228    94.786    -1.89    3.40
 218982.159    95.287     1.32    3.40
 219362.013    95.094    -0.51    3.40
 219741.788    94.442    -1.72    4.17
 220121.486    92.149    -6.04    5.13
 220501.106    89.498    -6.98    4.92
 220880.649    87.017    -6.54    6.04
 221260.113    84.798    -5.85    6.31
 221639.500    83.489    -3.45    5.94
 222018.810    82.556    -2.46    5.63
 222398.042    85.533     7.85    6.85
 222777.197    88.278     7.24    6.88
 223156.274    90.511     5.89    6.45
 223535.274    90.201    -0.82    7.34
 223914.197    87.427    -7.32    7.98
 224293.042    84.254    -8.38    8.09
 224671.810    81.416    -7.49    6.89
 225050.501    79.587    -4.83    6.10
 225429.115    80.877     3.41    7.76
 225807.652    83.918     8.03   10.22
 226186.111    91.853    20.96   12.60
 226564.494    99.926    21.33   10.55
 226942.800   102.984     8.08    9.12
 227321.029   105.287     6.09    9.04
 227699.181   104.709    -1.53    8.81
 228077.256   104.731     0.06    7.28
 228455.255   104.686    -0.12    6.53
 228833.176   101.386    -8.73    9.87
 229211.022    96.453   -13.05   13.11
 229588.790    89.220   -19.14   15.54
 229966.482    82.520   -17.74   13.93
 230344.098    77.765   -12.59    9.29
 230721.637    77.911     0.39    8.17
 231099.099    81.282     8.93    9.40
 231476.485    83.753     6.55    9.11
 231853.795    84.969     3.22    9.01
 232231.029    85.458     1.30    8.87
 232608.186    87.310     4.91    8.54
 232985.267    89.742     6.45    6.69
 233362.272    93.742    10.61    3.90
 233739.201    95.198     3.86    3.84
 234116.053    96.253     2.80    3.75
 234492.830    97.821     4.16    2.50
 234869.531    98.509     1.83    1.97
 235246.156    98.453    -0.15    2.26
 235622.705    98.109    -0.91    2.35
 235999.178    97.109    -2.66    2.39
 236375.575    96.664    -1.18    2.73
 236751.897    96.866     0.54    2.93
 237128.143    97.026     0.43    2.91
 237504.313    96.549    -1.27    3.67
 237880.408    93.023    -9.37    5.96
 238256.427    89.164   -10.26    8.28
 238632.370    86.320    -7.56    8.86
 239008.238    84.342    -5.26    9.85
 239384.031    82.342    -5.32   10.79
 239759.748    80.371    -5.24   11.45
 240135.390    75.435   -13.14   11.29
 240510.957    70.515   -13.10    8.59
 240886.448    70.542     0.07    9.05
 241261.864    75.509    13.23   12.35
 241637.205    82.764    19.33   11.76
 242012.471    88.753    15.96    9.27
 242387.662    92.575    10.19    8.27
 242762.778    95.113     6.76    8.26
 243137.818    98.242     8.34    6.54
 243512.784    98.920     1.81    4.94
 243887.675    99.276     0.95    3.41
 244262.491    98.012    -3.37    3.25
 244637.233    97.265    -1.99    3.01
 245011.899    96.765    -1.33    2.88
 245386.491    97.248     1.29    3.66
 245761.008    98.169     2.46    4.36
 246135.451    97.117    -2.81    5.43
 246509.819    94.057    -8.17    6.02
 246884.112    90.918    -8.38    4.51
 247258.331    89.331    -4.24    3.46
 247632.476    90.006     1.80    3.51
 248006.546    89.742    -0.70    4.32
 248380.542    88.281    -3.90    4.62
 248754.463    86.464    -4.86    4.81
 249128.310    83.870    -6.94    2.81
 249502.083    82.864    -2.69    2.92
 249875.782    81.556    -3.50    2.69
 250249.407    83.259     4.56    4.25
 250622.957    84.166     2.43    4.64
 250996.433    84.697     1.42    4.07
 251369.836    85.277     1.55    3.01
 251743.164    84.577    -1.87    2.99
 252116.419    84.992     1.11    3.29
 252489.600    83.610    -3.70    4.43
 252862.706    81.068    -6.81    5.89
 253235.739    77.155   -10.49    6.63
 253608.699    73.254   -10.46    4.75
 253981.584    71.720    -4.11    4.10
 254354.396    71.885     0.44    3.45
 254727.134    72.804     2.46    3.43
 255099.799    74.035     3.30    2.55
