# NaN NaN NaN ;Mean Elev.(m), Avg Gradient(m/km), RMS Gradient(m/km) - SRTM1     
#  -15.839  -0.827  15.625 ;Mean Elev.(m), Avg Gradient(m/km), RMS Gradient(m/km) - ASTER GDEM
#    1.399  -0.719  14.884 ;Mean Elev.(m), Avg Gradient(m/km), RMS Gradient(m/km) - GMTED2010 
  7  87.964765  65.943907    14.366    14.247 14 52453.61804453 30.649
  8  87.970083  65.949957     6.470     4.583 14 52488.61802415 27.933
  9  87.971186  65.952274     5.419     4.322 14 52523.61799897 26.075
 10  87.963006  65.940282     5.172     5.184 13 52558.61804708 38.498
 11  87.963957  65.945149     6.076     6.063 14 52593.61804865 32.172
 12  87.961909  65.944279     6.335     5.881 13 52628.61797345 16.596
 13  87.965576  65.947631    36.714    40.966 13 52663.61801108  6.645
 14  87.962505  65.940016     6.456     6.040 13 52698.61798504 14.520
 15  87.963420  65.961254    18.096    16.227 10 52733.61801184 10.448
 16  87.971327  65.953955     5.881     5.352 15 52768.61801318 21.709
 17  87.959590  65.938320    17.083    17.066 12 52803.61803308 45.263
 18  87.961538  65.944405     4.385     4.598 11 52838.61809739 23.768
 19  87.964784  65.944681     3.620     3.528 13 52873.61813711 23.084
 20  87.971642  65.952040     5.306     4.349 14 52908.61811928 20.990
 21  87.964368  65.941156     4.049     4.164 13 52943.61804694 47.975
 23  87.953446  65.962619     7.587     7.476  6 53013.61810723 13.121
 24  87.960240  65.942639     4.518     4.496 11 53048.61807395 16.755
 25  87.966861  65.945108    42.702    44.562 14 53083.61810960  3.271
 26  87.959343  65.941656     5.650     5.362 11 53118.61807956 13.687
 27  87.962425  65.941856    18.461    18.458 12 53153.61813038 45.854
 28  87.967806  65.950149    12.860    12.789 14 53188.61812029 12.037
 29  87.969977  65.950714     7.659     7.552 14 53223.61813672 18.682
 30  87.973095  65.948082     6.729     5.580 13 53258.61811155 24.869
 31  87.957480  65.938217     4.717     3.912 12 53293.61813290 34.462
 32  87.968196  65.948539     8.822     8.801 14 53328.61810799 49.146
 33  87.969487  65.957418    25.427    13.208  3 53363.61806221 11.695
 34  87.954635  65.950552    14.317     7.564  4 53398.61808437 16.216
 35  87.958719  65.966164    32.504    21.377  6 53433.61807777  5.876
 36  87.963184  65.938305    45.919    46.031 12 53468.61811279  3.647
 37  87.966355  65.943146     8.945     9.113 12 53503.61816024 15.756
 38  87.966013  65.948392    10.302    10.288 14 53538.61815753 28.145
 39  87.967492  65.947609     5.550     4.974 14 53573.61815686 25.413
 40  87.973086  65.954189     8.548     8.496 14 53608.61810756 17.315
 41  87.960899  65.939170     5.505     5.519 12 53643.61810709 41.981
 42  87.969695  65.940895     5.481     5.428 11 53678.61812527 43.945
 43  87.968133  65.959721     4.861     4.808 11 53713.61805718 19.040
 44  87.960027  65.941678     5.998     5.614 11 53748.61796831 15.165
 45  87.959407  65.960700    34.905    25.076  8 53783.61800245  6.965
 46  87.963856  65.970997    24.806    18.176  6 53818.61796668  6.188
 47  87.958223  65.942594     5.749     5.528 10 53853.61803968 14.494
 48  87.968599  65.950396    20.877    20.903 14 53888.61804862 49.748
 49  87.961112  65.940065     6.726     6.739 12 53923.61811538 33.766
 50  87.965088  65.946670     5.837     5.834 14 53958.61810834 43.847
 51  87.958494  65.937241     6.349     6.318 12 53993.61803593 28.119
 52  87.959479  65.944933     4.591     4.558 11 54028.61809745 38.832
 53  87.963575  65.956941     8.666     8.400 10 54063.61809307 13.351
 54  87.969650  65.955018    29.578    34.948  7 54098.61806032 11.325
 55  87.962555  65.939807    41.957    43.644 12 54133.61801385  2.783
 56  87.979082  65.941957    38.109    46.627  9 54168.61803191  4.390
 57  87.961837  65.940593     6.444     6.447 12 54203.61801785 32.338
 58  87.967042  65.945607    18.653    18.672 14 54238.61805364 51.933
 59  87.967055  65.948293    12.361    11.895 15 54273.61807195 24.388
 60  87.966141  65.946275     4.840     5.022 14 54308.61807338 22.941
 61  87.972788  65.952958     9.356     9.448 15 54343.61805243 35.378
 62  87.964160  65.942698    12.617    10.094 13 54378.61800839 14.897
 63  87.978082  65.939226     5.586     5.548  8 54413.61799753 43.609
 64  87.960426  65.942184    35.976    41.552 10 54448.61797483  4.409
 65  87.967948  65.946784    33.412    31.184 12 54483.61799287  8.517
 66  87.963109  65.942990    36.936    42.559  8 54518.61798858  7.568
 67  87.960817  65.961256    43.132    41.493  9 54553.61800771  3.803
 68  87.962081  65.947436     6.016     5.853 12 54588.61798537 10.251
 69  87.968146  65.947466    19.080    19.013 14 54623.61800273 35.945
 70  87.965842  65.945756     8.493     7.317 13 54658.61801140 19.084
 71  87.969494  65.949763     7.030     6.409 15 54693.61799321 28.341
 72  87.963797  65.942638     3.298     3.508 13 54728.61796482 30.210
 73  87.965551  65.947871     4.898     4.824 14 54763.61797055 39.893
 74  87.963540  65.937241     6.512     6.518 11 54798.61795709 23.425
 75  87.959714  65.955170    30.436    24.874 10 54833.61796255  9.493
 76  87.959892  65.943207     6.706     6.296 10 54868.61795471 13.671
 77  87.967405  65.953582    36.304    41.170 12 54903.61797152  6.806
 78  87.964269  65.943450    38.553    43.602 12 54938.61794553  2.773
 79  87.965491  65.945082    14.643    14.668 13 54973.61797720 29.517
 80  87.966260  65.949326    11.737    10.908 14 55008.61799260 19.376
 81  87.966619  65.946455     5.176     4.390 14 55043.61798175 23.313
 82  87.969963  65.952320     7.361     7.612 14 55078.61796028 21.928
 83  87.960354  65.947802     7.340     7.136 11 55113.61791445 13.679
 84  87.967289  65.945986     6.228     5.626 14 55148.61791444 23.007
 85  87.961203  65.941084     7.109     7.439 12 55183.61789536 13.852
 86  87.972691  65.944146    28.950    33.558 12 55218.61791173  9.057
 87  87.963657  65.943181     9.288     7.003 13 55253.61789159 10.661
 88  87.970989  65.951927    46.756    46.602 14 55288.61790326  3.506
 89  87.966939  65.945276     6.697     6.031 14 55323.61787968 23.774
 90  87.967027  65.948209    16.770    16.807 14 55358.61787860 45.587
 91  87.962915  65.944364     6.961     6.362 13 55393.61788152 38.339
 92  87.966650  65.946859     8.789     9.604 14 55428.61789436 14.900
 93  87.971552  65.955299    33.909    31.635 14 55463.61785906 18.444
