# NaN NaN NaN ;Mean Elev.(m), Avg Gradient(m/km), RMS Gradient(m/km) - SRTM1     
#  -18.930  -2.518  12.069 ;Mean Elev.(m), Avg Gradient(m/km), RMS Gradient(m/km) - ASTER GDEM
#    1.629  -2.572   9.285 ;Mean Elev.(m), Avg Gradient(m/km), RMS Gradient(m/km) - GMTED2010 
  6  86.342868  68.571105    21.822    20.556 12 52442.23906991 15.111
  7  86.355497  68.577235    27.376    27.246 18 52477.23906411 13.649
  8  86.351207  68.572546    28.257    27.451 18 52512.23900999 10.845
  9  86.355591  68.562820    27.581    28.235 20 52547.23904624 14.724
 10  86.346168  68.562841    14.854    12.724 16 52582.23905715 21.992
 11  86.347893  68.581179    20.959    23.577 16 52617.23902606 12.131
 12  86.357712  68.563477    22.442    25.462 21 52652.23900402 10.435
 14  86.354378  68.571337    26.683    27.877 20 52722.23904652  7.323
 15  86.347992  68.585280    26.095    27.138 16 52757.23906665  7.230
 17  86.361438  68.564428    17.216    16.208 19 52827.23908942 21.061
 18  86.356578  68.561594     0.706     0.904 20 52862.23913536 47.250
 19  86.342243  68.568583     3.137     0.638 14 52897.23916441 19.394
 20  86.347512  68.582791    30.963    31.266 17 52932.23910850 17.069
 21  86.352378  68.559449    19.672    17.204 19 52967.23911548 17.008
 22  86.354671  68.579856    21.362    23.897 17 53002.23913820 12.504
 23  86.347325  68.581433    20.662    23.077 17 53037.23908715 11.330
 24  86.352470  68.572664    21.424    22.446 19 53072.23911322 10.013
 25  86.347391  68.585302    23.230    23.897 17 53107.23908727  9.281
 26  86.356529  68.567867    27.871    27.300 20 53142.23912230  4.905
 28  86.351127  68.572789    18.643    23.707 19 53212.23916654 10.768
 29  86.352469  68.577775    22.452    28.252 18 53247.23913430 12.063
 30  86.356738  68.565258    26.233    26.692 20 53282.23912492 14.619
 31  86.344335  68.559083    13.466    11.367 15 53317.23913135 20.156
 32  86.353836  68.575473    21.237    22.451 18 53352.23909383 11.034
 33  86.355157  68.561794    18.548    18.365 20 53387.23908714 11.124
 34  86.354950  68.568687    19.518    19.729 19 53422.23908769 10.303
 35  86.354047  68.555813    17.712    17.437 19 53457.23909532  9.548
 36  86.351169  68.572833    29.111    28.870 19 53492.23917759  7.649
 37  86.355252  68.569614    14.614    10.497 19 53527.23915826 22.451
 38  86.350448  68.579398    26.611    28.404 18 53562.23918585 11.906
 39  86.347053  68.571864     7.053     2.135 17 53597.23912687 15.077
 40  86.356056  68.563275    26.184    27.845 21 53632.23912314 13.246
 41  86.353765  68.574119    28.736    29.097 19 53667.23914383 13.606
 42  86.354893  68.574760    18.763    19.689 16 53702.23909057 16.143
 43  86.354953  68.586731    22.000    26.811 15 53737.23899833 10.828
 44  86.353971  68.563028    13.454    13.250 19 53772.23901157 11.059
 45  86.351001  68.577908    18.853    19.250 18 53807.23899803  9.886
 47  86.341818  68.555605     2.407     1.358 12 53877.23907074 11.140
 48  86.351267  68.571907    25.961    28.364 19 53912.23911857 11.556
 49  86.345496  68.575571     5.127     2.715 16 53947.23913390 17.612
 50  86.351522  68.580157    30.116    30.498 18 53982.23907611 13.577
 51  86.358046  68.562125    27.462    28.582 20 54017.23910505 15.453
 52  86.350193  68.560842    12.868    12.321 18 54052.23910196 18.022
 53  86.351890  68.574885    20.186    22.704 18 54087.23909137 11.916
 54  86.346600  68.587184    25.151    25.908 17 54122.23901337  9.627
 55  86.353613  68.572022    19.636    21.989 20 54157.23905312  8.747
 56  86.349655  68.583538    24.204    26.305 17 54192.23901313  7.195
 57  86.348098  68.565387    13.557    12.519 16 54227.23906602 21.764
 58  86.355186  68.570636     7.562     7.543 20 54262.23908408 47.537
 59  86.351983  68.571686     9.225     4.682 19 54297.23908889 15.680
 60  86.351763  68.575040    25.771    29.401 19 54332.23907881 15.020
 61  86.349499  68.581827    30.506    31.550 17 54367.23901916 11.270
 62  86.340522  68.562733    10.704     7.705 13 54402.23902411 40.742
 63  86.349338  68.578231    22.369    23.924 18 54437.23897831 11.407
 64  86.355321  68.565260    19.638    19.124 20 54472.23900827  9.373
 65  86.349840  68.580568    28.804    28.819 17 54507.23898953  5.024
 66  86.353225  68.571003    23.881    25.237 19 54542.23902192  8.113
 67  86.349101  68.581209    27.176    30.211 18 54577.23899141  5.321
 68  86.353338  68.571890     7.756     7.838 20 54612.23901278 24.817
 69  86.345495  68.566134    22.681    20.786 16 54647.23902120 14.607
 70  86.352540  68.575019    19.072    27.029 18 54682.23902008 10.846
 71  86.349470  68.581070    30.298    31.628 17 54717.23896737 11.053
 72  86.355254  68.569065    19.641    21.721 19 54752.23899323 18.608
 73  86.343025  68.572568    18.321    14.715 15 54787.23895935 27.882
 74  86.352601  68.564834    15.004    15.185 18 54822.23898810 14.390
 75  86.352448  68.578485    18.743    23.499 17 54857.23895396 11.780
 76  86.351809  68.574534    18.315    19.630 18 54892.23898953 10.810
 77  86.348793  68.583375    33.185    32.294 17 54927.23895137  5.870
 78  86.354761  68.570718    17.014    17.405 16 54962.23898889 13.284
 79  86.354463  68.575420    27.189    29.524 19 54997.23900920 14.628
 80  86.351218  68.572447    12.676     4.329 18 55032.23899943 14.071
 82  86.348448  68.584157    29.887    31.154 16 55102.23892620 11.584
 83  86.347754  68.564615    14.105    13.146 16 55137.23893623 26.327
 84  86.349706  68.578737    18.401    22.145 18 55172.23889529 13.545
 85  86.354755  68.568392    17.591    20.381 19 55207.23892931 10.865
 86  86.350535  68.582855    23.544    26.438 17 55242.23889961  9.158
 87  86.352287  68.575520    21.732    23.187 18 55277.23892206  8.943
 88  86.350200  68.580556    30.478    30.485 17 55312.23888494  6.862
 89  86.352780  68.573230     6.649     6.598 19 55347.23889229 31.068
 90  86.351098  68.575528    25.614    28.754 19 55382.23888337 13.358
 91  86.355503  68.567921    22.566    18.443 19 55417.23891225 11.188
 92  86.350875  68.577299     1.755     1.730 19 55452.23889292 28.202
 93  86.340869  68.576682    12.691     9.834 13 55487.23881593 17.404
