# NaN NaN NaN ;Mean Elev.(m), Avg Gradient(m/km), RMS Gradient(m/km) - SRTM1     
#    2.547   0.143   2.306 ;Mean Elev.(m), Avg Gradient(m/km), RMS Gradient(m/km) - ASTER GDEM
#    0.000   0.146   0.898 ;Mean Elev.(m), Avg Gradient(m/km), RMS Gradient(m/km) - GMTED2010 
  6     0.870 52419.25461660 26.65  83.132281  70.365857 20.721
  6     0.822 52419.25461724 26.31  83.127701  70.362887 20.721
  6     0.881 52419.25461789 24.35  83.123141  70.359907 20.721
  6     1.443 52419.25461853 20.88  83.118571  70.356937 20.721
  6     1.560 52419.25461918 22.73  83.114001  70.353957 20.721
  6     1.548 52419.25461982 23.38  83.109431  70.350987 20.721
  6     1.414 52419.25462047 22.67  83.104871  70.348007 20.721
  6     1.347 52419.25462111 18.69  83.100311  70.345027 20.721
  6     1.063 52419.25462176 18.18  83.095751  70.342057 20.721
  6     0.699 52419.25462240 19.71  83.091181  70.339077 20.721
  6     0.664 52419.25462304 21.40  83.086631  70.336107 20.721
  6     1.030 52419.25462369 26.76  83.082071  70.333127 20.721
  6     1.343 52419.25462433 34.66  83.077515  70.330151 28.978
  8     1.352 52489.25461935 21.83  83.127738  70.365413 11.062
  8     0.239 52489.25462000 17.98  83.123168  70.362433 11.062
  8     0.112 52489.25462064 16.39  83.118598  70.359453 11.062
  8    -0.067 52489.25462129 15.94  83.114028  70.356483 11.062
  8     0.106 52489.25462193 14.78  83.109468  70.353503 11.062
  8    -0.043 52489.25462258 15.56  83.104898  70.350533 11.062
  8    -0.065 52489.25462322 15.78  83.100338  70.347553 11.062
  8    -0.080 52489.25462387 15.89  83.095778  70.344573 11.062
  8    -0.497 52489.25462451 18.63  83.091218  70.341603 11.062
  8    -0.289 52489.25462516 17.82  83.086658  70.338623 11.062
  8    -0.408 52489.25462580 19.74  83.082108  70.335643 11.062
  8     0.005 52489.25462645 21.46  83.077548  70.332673 11.062
  8     0.341 52489.25462709 24.34  83.072998  70.329693 11.062
  9     2.216 52524.25459650 14.29  83.109995  70.363187 14.169
  9     0.357 52524.25459715 13.85  83.105425  70.360207 14.169
  9     0.222 52524.25459779 13.42  83.100865  70.357227 14.169
  9     0.082 52524.25459844 12.70  83.096295  70.354257 14.169
  9     0.087 52524.25459908 13.12  83.091735  70.351277 14.169
  9     0.100 52524.25459973 14.08  83.087175  70.348307 14.169
  9    -0.166 52524.25460037 15.35  83.082615  70.345327 14.169
  9    -0.327 52524.25460102 16.64  83.078055  70.342347 14.169
  9    -0.621 52524.25460166 18.67  83.073495  70.339377 14.169
  9    -0.093 52524.25460231 21.91  83.068945  70.336397 14.169
  9     0.154 52524.25460295 26.29  83.064385  70.333417 14.169
  9     0.509 52524.25460360 31.03  83.059835  70.330437 14.169
 11    -0.855 52594.25464883 22.20  83.119475  70.364988  4.294
 11    -0.741 52594.25464948 22.64  83.114905  70.362018  4.294
 11    -0.745 52594.25465012 23.38  83.110335  70.359038  4.294
 11    -0.544 52594.25465077 24.19  83.105765  70.356068  4.294
 11    -0.730 52594.25465141 25.50  83.101205  70.353088  4.294
 11    -0.773 52594.25465206 25.53  83.096635  70.350118  4.294
 11    -0.689 52594.25465270 26.26  83.092075  70.347138  4.294
 11    -0.609 52594.25465335 25.91  83.087515  70.344158  4.294
 11    -0.577 52594.25465399 25.57  83.082955  70.341188  4.294
 11    -0.599 52594.25465464 27.23  83.078395  70.338208  4.294
 11    -0.564 52594.25465528 26.02  83.073835  70.335238  4.294
 11    -0.597 52594.25465593 25.99  83.069285  70.332258  4.294
 11    -0.528 52594.25465657 24.61  83.064725  70.329278  4.294
 13     0.157 52664.25461058 12.22  83.123364  70.364113  2.275
 13     0.193 52664.25461123 12.42  83.118794  70.361133  2.275
 13     0.071 52664.25461187 12.76  83.114224  70.358163  2.275
 13     0.166 52664.25461251 12.71  83.109664  70.355183  2.275
 13     0.193 52664.25461316 12.82  83.105094  70.352203  2.275
 13     0.117 52664.25461380 13.50  83.100534  70.349233  2.275
 13     0.117 52664.25461445 13.07  83.095974  70.346253  2.275
 13     0.025 52664.25461509 13.27  83.091414  70.343283  2.275
 13    -0.043 52664.25461574 14.00  83.086854  70.340303  2.275
 13    -0.073 52664.25461638 13.66  83.082294  70.337323  2.275
 13    -0.082 52664.25461703 13.57  83.077734  70.334353  2.275
 13     0.059 52664.25461767 13.41  83.073184  70.331373  2.275
 13     0.133 52664.25461832 13.14  83.068624  70.328393  2.275
 14    -0.529 52699.25458189  9.70  83.166546  70.373661  1.775
 14    -0.479 52699.25458254  9.97  83.161966  70.370691  1.775
 14    -0.273 52699.25458318  9.80  83.157396  70.367721  1.775
 14    -0.233 52699.25458383 10.01  83.152827  70.364737  2.954
 14    -0.098 52699.25458447 10.03  83.148247  70.361767  2.954
 14    -0.186 52699.25458512 10.23  83.143677  70.358787  2.954
 14    -0.207 52699.25458576 10.38  83.139107  70.355817  2.954
 14    -0.354 52699.25458641 10.79  83.134537  70.352837  2.954
 14    -0.410 52699.25458705 10.39  83.129977  70.349867  2.954
 14    -0.397 52699.25458769 10.93  83.125407  70.346887  2.954
 14    -0.379 52699.25458834 11.15  83.120847  70.343917  2.954
 14    -0.494 52699.25458898 11.55  83.116277  70.340937  2.954
 14    -0.583 52699.25458963 12.00  83.111717  70.337967  2.954
 14    -0.486 52699.25459027 11.67  83.107157  70.334987  2.954
 14    -0.575 52699.25459092 11.96  83.102597  70.332017  2.954
 14    -0.340 52699.25459156 11.03  83.098037  70.329037  2.954
 14    -0.125 52699.25459221 11.63  83.093477  70.326057  2.954
 14     0.236 52699.25459285 12.71  83.088927  70.323087  2.954
 14     0.327 52699.25459350 14.59  83.084367  70.320107  2.954
 14     0.520 52699.25459414 12.81  83.079817  70.317127  2.954
 15     0.002 52734.25461123 10.58  83.129564  70.365287  1.787
 15     0.097 52734.25461187 10.50  83.124994  70.362317  1.787
 15     0.028 52734.25461252 10.60  83.120424  70.359337  2.076
 15     0.107 52734.25461316 10.80  83.115864  70.356367  2.076
 15    -0.047 52734.25461381 11.06  83.111294  70.353387  2.076
 15    -0.016 52734.25461445 10.88  83.106734  70.350417  2.076
 15    -0.089 52734.25461510 11.28  83.102174  70.347437  2.076
 15    -0.000 52734.25461574 11.19  83.097614  70.344457  2.076
 15    -0.009 52734.25461639 11.67  83.093054  70.341487  2.076
 15    -0.015 52734.25461703 11.20  83.088494  70.338507  2.076
 15     0.021 52734.25461768 11.55  83.083934  70.335537  2.076
 15     0.126 52734.25461832 10.72  83.079384  70.332557  2.076
 15     0.289 52734.25461897 10.83  83.074824  70.329577  2.076
 16    -0.936 52769.25460852 20.34  83.105564  70.363766 14.637
 16    -0.012 52769.25460916 16.15  83.100994  70.360786 14.637
 16     0.180 52769.25460981 16.06  83.096434  70.357816 14.637
 16     0.395 52769.25461045 18.19  83.091874  70.354836 14.637
 16     0.421 52769.25461109 22.44  83.087304  70.351856 14.637
 16     0.435 52769.25461174 24.77  83.082744  70.348886 14.637
 16     0.272 52769.25461238 24.85  83.078184  70.345906 14.637
 16     0.071 52769.25461303 25.19  83.073624  70.342926 14.637
 16    -0.148 52769.25461367 26.40  83.069074  70.339956 14.637
 16    -0.530 52769.25461432 23.09  83.064514  70.336976 14.637
 16    -0.961 52769.25461496 23.09  83.059964  70.333996 14.637
 16    -0.024 52769.25461561 20.85  83.055404  70.331026 14.637
 17     3.226 52804.25463413 20.37  83.156050  70.371122  7.147
 17     2.769 52804.25463477 20.37  83.151470  70.368142  7.147
 17     2.348 52804.25463542 19.96  83.146900  70.365172  7.147
 17     1.923 52804.25463606 18.78  83.142330  70.362192  7.147
 17     1.124 52804.25463670 18.89  83.137760  70.359222  7.147
 17     2.489 52804.25463735 17.03  83.133180  70.356242  7.147
 17     3.831 52804.25463799 15.80  83.128620  70.353272  7.147
 17     3.659 52804.25463864 15.89  83.124050  70.350292  7.147
 17     4.016 52804.25463928 15.95  83.119480  70.347322  7.147
 17     4.184 52804.25463993 14.92  83.114920  70.344342  7.147
 17     4.277 52804.25464057 15.22  83.110360  70.341372  7.147
 17     4.060 52804.25464122 17.32  83.105790  70.338392  7.147
 17     3.762 52804.25464186 21.24  83.101230  70.335412  7.147
 17     4.125 52804.25464251 24.05  83.096670  70.332442  7.147
 17     4.192 52804.25464315 28.65  83.092110  70.329462  7.147
 17     4.297 52804.25464380 32.88  83.087556  70.326491 18.379
 17     4.413 52804.25464444 35.87  83.082996  70.323511 18.379
 17     4.388 52804.25464509 33.58  83.078446  70.320531 18.379
 17     4.403 52804.25464573 32.62  83.073896  70.317561 18.379
 18     2.491 52839.25469630 16.07  83.153463  70.372837  5.101
 18     2.225 52839.25469694 14.23  83.148893  70.369857  5.101
 18     1.685 52839.25469759 12.81  83.144313  70.366887  5.101
 18     1.202 52839.25469823 12.09  83.139743  70.363907  5.101
 18     0.491 52839.25469888 12.63  83.135173  70.360937  5.101
 18     0.211 52839.25469952 11.29  83.130603  70.357957  5.101
 18    -0.014 52839.25470016 11.36  83.126033  70.354987  5.101
 18     0.199 52839.25470081 10.90  83.121473  70.352007  5.101
 18    -0.023 52839.25470145 11.85  83.116903  70.349037  5.101
 18     0.003 52839.25470210 12.57  83.112343  70.346057  5.101
 18    -0.361 52839.25470274 14.00  83.107773  70.343087  5.101
 18    -1.951 52839.25470339 15.17  83.103213  70.340107  5.101
 18    -2.014 52839.25470403 16.31  83.098653  70.337127  5.101
 18    -1.852 52839.25470468 19.62  83.094093  70.334157  5.101
 18    -0.935 52839.25470532 20.98  83.089533  70.331177  5.101
 18    -0.612 52839.25470597 23.38  83.084983  70.328207  5.101
 18    -0.493 52839.25470661 25.69  83.080423  70.325227  5.101
 18    -0.267 52839.25470726 25.32  83.075869  70.322249  7.713
 18     0.449 52839.25470790 24.69  83.071319  70.319279  7.713
 19     2.598 52874.25473601 18.82  83.147270  70.372937  6.176
 19     2.138 52874.25473665 18.68  83.142700  70.369957  6.176
 19     0.317 52874.25473730 19.82  83.138130  70.366987  6.176
 19     0.171 52874.25473794 17.38  83.133560  70.364007  6.176
 19     0.089 52874.25473858 14.48  83.128990  70.361037  6.176
 19     0.113 52874.25473923 13.07  83.124420  70.358057  6.176
 19     0.124 52874.25473987 13.02  83.119850  70.355087  6.176
 19     0.073 52874.25474052 13.24  83.115290  70.352107  6.176
 19     0.098 52874.25474116 12.89  83.110720  70.349137  6.176
 19     0.006 52874.25474181 14.25  83.106160  70.346157  6.176
 19    -0.064 52874.25474245 14.62  83.101600  70.343187  6.176
 19     0.040 52874.25474310 14.37  83.097040  70.340207  6.176
 19    -0.144 52874.25474374 15.79  83.092480  70.337227  6.176
 19    -0.095 52874.25474439 16.59  83.087920  70.334257  6.176
 19    -0.102 52874.25474503 19.07  83.083360  70.331277  6.176
 19     0.194 52874.25474568 21.54  83.078810  70.328307  6.176
 19     0.320 52874.25474632 24.97  83.074250  70.325327  6.176
 19     0.394 52874.25474697 26.74  83.069692  70.322346 13.270
 19     0.485 52874.25474761 33.45  83.065142  70.319376 13.270
 21     0.043 52944.25464783 27.78  83.162512  70.369248  3.754
 21     0.211 52944.25464847 28.39  83.157932  70.366278  3.754
 21     0.254 52944.25464912 30.85  83.153365  70.363295  9.603
 21     0.213 52944.25464976 29.34  83.148795  70.360325  9.603
 21     0.138 52944.25465041 29.66  83.144225  70.357355  9.603
 21     0.305 52944.25465105 31.57  83.139655  70.354375  9.603
 21     0.033 52944.25465169 31.23  83.135085  70.351405  9.603
 21     0.044 52944.25465234 32.30  83.130515  70.348425  9.603
 21     0.026 52944.25465298 35.29  83.125955  70.345445  9.603
 21     0.300 52944.25465363 38.82  83.121385  70.342475  9.603
 21     0.215 52944.25465427 39.11  83.116825  70.339495  9.603
 21     0.254 52944.25465492 41.07  83.112265  70.336525  9.603
 21     0.013 52944.25465556 35.38  83.107705  70.333545  9.603
 21     0.005 52944.25465621 32.56  83.103145  70.330575  9.603
 21    -0.065 52944.25465685 30.15  83.098585  70.327595  9.603
 21     0.035 52944.25465750 28.43  83.094035  70.324615  9.603
 21     0.088 52944.25465814 26.49  83.089475  70.321645  9.603
 21     0.189 52944.25465879 25.43  83.084925  70.318665  9.603
 21     0.100 52944.25465943 24.48  83.080375  70.315695  9.603
 22     0.115 52979.25470126 17.25  83.151160  70.372410  2.313
 22     0.244 52979.25470190 17.32  83.146590  70.369440  2.313
 22     0.274 52979.25470255 17.51  83.142020  70.366460  2.313
 22     0.240 52979.25470319 17.98  83.137440  70.363490  2.313
 22     0.193 52979.25470384 18.25  83.132870  70.360510  2.313
 22     0.290 52979.25470448 18.55  83.128304  70.357538  2.993
 22     0.265 52979.25470513 18.43  83.123734  70.354558  2.993
 22     0.242 52979.25470577 19.17  83.119174  70.351588  2.993
 22     0.455 52979.25470642 18.87  83.114604  70.348608  2.993
 22     0.536 52979.25470706 18.99  83.110044  70.345638  2.993
 22     0.541 52979.25470771 18.70  83.105484  70.342658  2.993
 22     0.576 52979.25470835 18.99  83.100914  70.339688  2.993
 22     0.457 52979.25470900 19.60  83.096354  70.336708  2.993
 22     0.388 52979.25470964 19.67  83.091804  70.333728  2.993
 22     0.406 52979.25471028 19.25  83.087244  70.330758  2.993
 22     0.242 52979.25471093 19.36  83.082684  70.327778  2.993
 22     0.410 52979.25471157 18.99  83.078134  70.324808  2.993
 22     0.450 52979.25471222 18.58  83.073574  70.321828  2.993
 22     0.390 52979.25471286 18.49  83.069024  70.318848  2.993
 23    -0.187 53014.25470196 13.36  83.114235  70.362978  2.098
 23     0.020 53014.25470260 13.62  83.109665  70.360008  2.098
 23     0.123 53014.25470325 13.59  83.105105  70.357028  2.098
 23     0.121 53014.25470389 13.72  83.100535  70.354058  2.098
 23     0.160 53014.25470454 14.02  83.095975  70.351078  2.098
 23     0.077 53014.25470518 14.32  83.091415  70.348098  2.098
 23     0.079 53014.25470583 14.05  83.086855  70.345128  2.098
 23     0.045 53014.25470647 14.04  83.082295  70.342148  2.098
 23     0.040 53014.25470712 14.29  83.077735  70.339178  2.098
 23    -0.059 53014.25470776 14.37  83.073175  70.336198  2.098
 23     0.013 53014.25470841 14.40  83.068625  70.333218  2.098
 23     0.242 53014.25470905 14.50  83.064075  70.330248  2.098
 24    -0.333 53049.25467131 12.43  83.153492  70.371783  1.930
 24    -0.338 53049.25467196 12.54  83.148912  70.368813  1.930
 24    -0.136 53049.25467260 12.49  83.144342  70.365833  1.930
 24    -0.142 53049.25467325 12.57  83.139772  70.362863  1.930
 24    -0.100 53049.25467389 12.91  83.135192  70.359883  1.930
 24    -0.226 53049.25467454 12.96  83.130632  70.356913  1.930
 24    -0.145 53049.25467518 13.13  83.126062  70.353933  1.930
 24    -0.217 53049.25467582 13.22  83.121492  70.350963  1.930
 24    -0.244 53049.25467647 13.71  83.116932  70.347983  1.930
 24    -0.185 53049.25467711 13.39  83.112362  70.345013  1.930
 24    -0.251 53049.25467776 13.83  83.107802  70.342033  1.930
 24    -0.176 53049.25467840 13.68  83.103242  70.339063  1.930
 24    -0.201 53049.25467905 13.55  83.098682  70.336083  1.930
 24    -0.103 53049.25467969 13.60  83.094122  70.333113  1.930
 24    -0.142 53049.25468034 13.29  83.089562  70.330133  1.930
 24    -0.065 53049.25468098 13.23  83.085002  70.327153  1.930
 24    -0.189 53049.25468163 12.65  83.080452  70.324183  1.930
 24    -0.069 53049.25468227 12.19  83.075892  70.321203  1.930
 24     0.044 53049.25468292 11.95  83.071342  70.318223  1.930
 25    -0.449 53084.25470983 11.02  83.110248  70.363219  1.941
 25    -0.193 53084.25471047 11.16  83.105678  70.360239  1.941
 25    -0.458 53084.25471112 11.26  83.101118  70.357269  1.941
 25    -0.408 53084.25471176 11.51  83.096548  70.354289  1.941
 25    -0.301 53084.25471241 11.54  83.091988  70.351319  1.941
 25    -0.442 53084.25471305 11.85  83.087428  70.348339  1.941
 25    -0.398 53084.25471370 11.75  83.082868  70.345369  1.941
 25    -0.284 53084.25471434 11.63  83.078308  70.342389  1.941
 25    -0.327 53084.25471499 11.45  83.073748  70.339409  1.941
 25    -0.491 53084.25471563 11.36  83.069188  70.336439  1.941
 25    -0.590 53084.25471628 11.16  83.064638  70.333459  1.941
 25    -0.152 53084.25471692 11.26  83.060078  70.330479  1.941
 26    -0.355 53119.25467724  9.82  83.148460  70.372883  1.848
 26    -0.603 53119.25467788  9.93  83.143890  70.369903  1.848
 26    -0.603 53119.25467853 10.12  83.139310  70.366933  1.848
 26    -0.584 53119.25467917 10.09  83.134740  70.363953  1.848
 26    -0.500 53119.25467981 10.28  83.130170  70.360983  1.848
 26    -0.352 53119.25468046 10.31  83.125600  70.358003  1.848
 26    -0.674 53119.25468110 10.58  83.121030  70.355033  1.848
 26    -1.015 53119.25468175 10.92  83.116470  70.352053  1.848
 26    -0.895 53119.25468239 11.16  83.111900  70.349083  1.848
 26    -1.448 53119.25468304 11.30  83.107340  70.346103  1.848
 26    -0.647 53119.25468368 10.97  83.102780  70.343133  1.848
 26    -0.547 53119.25468433 10.83  83.098210  70.340153  1.848
 26    -0.623 53119.25468497 11.26  83.093650  70.337173  1.848
 26    -1.014 53119.25468562 10.91  83.089090  70.334203  1.848
 26    -0.428 53119.25468626 10.46  83.084540  70.331223  1.848
 26    -0.439 53119.25468691 10.27  83.079980  70.328253  1.848
 26    -0.414 53119.25468755 10.13  83.075420  70.325273  1.848
 26    -0.261 53119.25468820  9.72  83.070870  70.322293  1.848
 26    -0.058 53119.25468884  9.58  83.066320  70.319323  1.848
 27     1.501 53154.25473084 35.69  83.127344  70.364880 16.004
 27     1.347 53154.25473149 29.05  83.122774  70.361900 16.004
 27     1.216 53154.25473213 25.13  83.118204  70.358930 16.004
 27     1.214 53154.25473278 22.96  83.113634  70.355950 16.004
 27     1.101 53154.25473342 20.85  83.109064  70.352980 16.004
 27     1.044 53154.25473407 18.84  83.104504  70.350000 16.004
 27     0.701 53154.25473471 19.10  83.099934  70.347030 16.004
 27     0.642 53154.25473535 17.75  83.095374  70.344050 16.004
 27     0.281 53154.25473600 17.57  83.090814  70.341070 16.004
 27     0.702 53154.25473664 20.29  83.086254  70.338100 16.004
 27     1.200 53154.25473729 23.34  83.081694  70.335120 16.004
 27     1.416 53154.25473793 27.10  83.077144  70.332150 16.004
 27     1.525 53154.25473858 30.76  83.072584  70.329170 16.004
 28     2.599 53189.25471832 19.85  83.147724  70.372387  9.111
 28     2.379 53189.25471897 16.52  83.143154  70.369407  9.111
 28     2.015 53189.25471961 13.73  83.138584  70.366437  9.111
 28     1.638 53189.25472026 13.26  83.134014  70.363457  9.111
 28     0.985 53189.25472090 13.08  83.129444  70.360487  9.111
 28     0.683 53189.25472155 13.32  83.124874  70.357507  9.111
 28     0.608 53189.25472219 12.59  83.120304  70.354537  9.111
 28     0.667 53189.25472284 12.01  83.115744  70.351557  9.111
 28     0.670 53189.25472348 11.87  83.111174  70.348587  9.111
 28     0.690 53189.25472413 12.08  83.106614  70.345607  9.111
 28     0.676 53189.25472477 12.26  83.102054  70.342627  9.111
 28     0.624 53189.25472541 12.74  83.097494  70.339657  9.111
 28     0.582 53189.25472606 12.82  83.092934  70.336677  9.111
 28     0.579 53189.25472670 13.95  83.088374  70.333707  9.111
 28     0.490 53189.25472735 15.77  83.083824  70.330727  9.111
 28     0.445 53189.25472799 19.39  83.079264  70.327747  9.111
 28     0.843 53189.25472864 21.91  83.074714  70.324777  9.111
 28     0.813 53189.25472928 25.29  83.070165  70.321793 12.360
 28     1.101 53189.25472993 27.66  83.065605  70.318823 12.360
 29     2.141 53224.25473368 11.50  83.125786  70.366321 10.775
 29     1.299 53224.25473432 10.46  83.121216  70.363341 10.775
 29     0.744 53224.25473497 10.95  83.116656  70.360371 10.775
 29     0.734 53224.25473561 10.37  83.112086  70.357391 10.775
 29     0.711 53224.25473626 10.04  83.107526  70.354421 10.775
 29     0.878 53224.25473690  9.60  83.102956  70.351441 10.775
 29     0.862 53224.25473754  9.27  83.098396  70.348461 10.775
 29     0.820 53224.25473819  9.44  83.093836  70.345491 10.775
 29     0.834 53224.25473883  9.88  83.089276  70.342511 10.775
 29     0.691 53224.25473948  9.94  83.084716  70.339541 10.775
 29     0.818 53224.25474012 10.19  83.080156  70.336561 10.775
 29     0.644 53224.25474077 11.73  83.075606  70.333581 10.775
 29     0.748 53224.25474141 13.53  83.071046  70.330611 10.775
 30     0.255 53259.25470963 22.40  83.107102  70.364295 15.531
 30     0.170 53259.25471027 16.79  83.102532  70.361325 15.531
 30    -0.045 53259.25471092 14.47  83.097972  70.358345 15.531
 30     0.022 53259.25471156 13.98  83.093402  70.355375 15.531
 30    -0.146 53259.25471221 14.70  83.088842  70.352395 15.531
 30    -0.215 53259.25471285 15.64  83.084282  70.349415 15.531
 30    -0.291 53259.25471350 15.84  83.079722  70.346445 15.531
 30    -0.500 53259.25471414 16.89  83.075162  70.343465 15.531
 30    -0.762 53259.25471479 19.26  83.070602  70.340495 15.531
 30    -0.278 53259.25471543 22.60  83.066052  70.337515 15.531
 30     0.123 53259.25471608 24.65  83.061492  70.334535 15.531
 30     0.421 53259.25471672 31.20  83.056942  70.331555 15.531
 31     0.146 53294.25473203 24.53  83.144968  70.373554  9.312
 31    -0.052 53294.25473332 28.34  83.135818  70.367604  9.312
 31    -0.012 53294.25473396 27.30  83.131248  70.364634  9.312
 31    -0.282 53294.25473461 26.61  83.126678  70.361654  9.312
 31    -0.300 53294.25473525 22.69  83.122108  70.358684  9.312
 31    -0.616 53294.25473590 20.33  83.117538  70.355704  9.312
 31    -0.825 53294.25473654 18.55  83.112968  70.352734  9.312
 31    -1.307 53294.25473719 17.01  83.108408  70.349754  9.312
 31    -2.138 53294.25473783 17.26  83.103838  70.346784  9.312
 31    -2.802 53294.25473848 17.46  83.099278  70.343804  9.312
 31    -2.677 53294.25473912 17.71  83.094718  70.340834  9.312
 31    -1.067 53294.25473976 16.76  83.090158  70.337854  9.312
 31    -0.421 53294.25474041 17.12  83.085598  70.334874  9.312
 31    -0.062 53294.25474105 19.48  83.081038  70.331904  9.312
 31     0.183 53294.25474170 22.03  83.076478  70.328924  9.312
 32     0.056 53329.25470739 15.50  83.127421  70.364782  2.061
 32     0.121 53329.25470803 15.63  83.122851  70.361802  2.061
 32     0.078 53329.25470868 15.71  83.118281  70.358832  2.061
 32    -0.071 53329.25470932 16.01  83.113721  70.355852  2.061
 32    -0.193 53329.25470997 16.33  83.109151  70.352882  2.061
 32    -0.306 53329.25471061 16.35  83.104591  70.349902  2.061
 32    -0.320 53329.25471126 16.47  83.100031  70.346932  2.061
 32    -0.322 53329.25471190 16.58  83.095471  70.343952  2.061
 32    -0.186 53329.25471255 16.44  83.090901  70.340972  2.061
 32    -0.046 53329.25471319 16.47  83.086351  70.338002  2.061
 32    -0.019 53329.25471384 16.23  83.081791  70.335022  2.061
 32     0.137 53329.25471448 15.84  83.077231  70.332052  2.061
 32     0.312 53329.25471513 15.63  83.072681  70.329072  2.061
 34    -0.398 53399.25468060 10.65  83.147289  70.372527  2.003
 34    -0.424 53399.25468125 10.77  83.142719  70.369557  2.003
 34    -0.221 53399.25468189 10.64  83.138149  70.366577  2.003
 34    -0.137 53399.25468254 10.92  83.133569  70.363607  2.003
 34    -0.134 53399.25468318 11.07  83.128999  70.360627  2.003
 34    -0.288 53399.25468383 11.51  83.124439  70.357657  2.003
 34    -0.302 53399.25468447 11.81  83.119869  70.354677  2.003
 34    -0.402 53399.25468512 11.99  83.115299  70.351707  2.003
 34    -0.623 53399.25468576 12.07  83.110739  70.348727  2.003
 34    -1.252 53399.25468640 12.48  83.106169  70.345757  2.003
 34    -0.896 53399.25468705 11.96  83.101609  70.342777  2.003
 34    -0.768 53399.25468769 12.09  83.097049  70.339797  2.003
 34    -0.457 53399.25468834 11.61  83.092489  70.336827  2.003
 34    -0.415 53399.25468898 11.65  83.087929  70.333847  2.003
 34    -0.287 53399.25468963 11.35  83.083369  70.330877  2.003
 34    -0.470 53399.25469027 11.12  83.078819  70.327897  2.003
 34    -0.196 53399.25469092 10.91  83.074259  70.324917  2.003
 34     0.218 53399.25469156 10.76  83.069709  70.321947  2.003
 34     0.392 53399.25469221 10.20  83.065154  70.318965  1.676
 35    -0.400 53434.25467306 10.52  83.119504  70.365605  1.943
 35    -0.487 53434.25467370 10.47  83.114944  70.362625  1.943
 35    -0.507 53434.25467435 10.68  83.110374  70.359655  1.943
 35    -0.944 53434.25467499 10.68  83.105804  70.356675  1.943
 35    -1.255 53434.25467564 10.90  83.101244  70.353705  1.943
 35    -1.329 53434.25467628 11.07  83.096684  70.350725  1.943
 35    -1.485 53434.25467693 11.70  83.092124  70.347755  1.943
 35    -1.535 53434.25467757 11.27  83.087564  70.344775  1.943
 35    -1.550 53434.25467821 11.53  83.083004  70.341795  1.943
 35    -1.089 53434.25467886 11.17  83.078444  70.338825  1.943
 35    -0.729 53434.25467950 10.79  83.073894  70.335845  1.943
 35    -1.247 53434.25468015 10.88  83.069334  70.332865  1.943
 35    -0.413 53434.25468079 10.44  83.064784  70.329895  1.943
 36    -0.555 53469.25471322  9.44  83.152178  70.373227  1.932
 36    -0.334 53469.25471386  9.42  83.147598  70.370257  1.932
 36    -0.111 53469.25471451  9.48  83.143028  70.367277  1.932
 36     0.010 53469.25471515  9.67  83.138458  70.364307  1.932
 36     0.123 53469.25471580  9.80  83.133888  70.361327  1.932
 36     0.166 53469.25471644 10.18  83.129318  70.358357  1.932
 36     0.336 53469.25471709 10.38  83.124748  70.355377  1.932
 36     0.274 53469.25471773 10.61  83.120178  70.352407  1.932
 36     0.072 53469.25471838 11.33  83.115618  70.349427  1.932
 36    -0.477 53469.25471902 10.93  83.111048  70.346457  1.932
 36    -0.449 53469.25471967 10.78  83.106488  70.343477  1.932
 36    -1.193 53469.25472031 11.01  83.101928  70.340507  1.932
 36    -1.129 53469.25472096 10.76  83.097368  70.337527  1.932
 36    -0.701 53469.25472160 10.60  83.092808  70.334547  1.932
 36    -0.710 53469.25472224 10.36  83.088248  70.331577  1.932
 36    -0.172 53469.25472289  9.95  83.083688  70.328597  1.932
 36     0.040 53469.25472353  9.74  83.079138  70.325627  1.932
 36     0.073 53469.25472418  9.49  83.074578  70.322647  1.932
 36    -0.083 53469.25472482  9.05  83.070023  70.319668  1.637
 37     3.169 53504.25475879 10.50  83.124270  70.366323  1.941
 37     2.474 53504.25475943 10.89  83.119700  70.363353  1.941
 37     0.870 53504.25476008 11.15  83.115130  70.360373  1.941
 37     1.238 53504.25476072 11.20  83.110570  70.357393  1.941
 37     0.837 53504.25476136 11.44  83.106000  70.354423  1.941
 37     0.492 53504.25476201 12.07  83.101440  70.351443  1.941
 37     0.620 53504.25476265 12.00  83.096880  70.348473  1.941
 37     0.654 53504.25476330 11.69  83.092310  70.345493  1.941
 37     0.537 53504.25476394 11.59  83.087750  70.342513  1.941
 37     0.693 53504.25476459 11.90  83.083190  70.339543  1.941
 37     0.636 53504.25476523 11.73  83.078630  70.336563  1.941
 37     1.014 53504.25476588 11.93  83.074080  70.333583  1.941
 37     1.999 53504.25476652 11.59  83.069520  70.330613  1.941
 38     2.800 53539.25475685 25.47  83.126472  70.366166 15.404
 38     2.310 53539.25475749 24.46  83.121902  70.363196 15.404
 38     1.662 53539.25475814 23.49  83.117332  70.360216 15.404
 38     0.947 53539.25475878 21.85  83.112772  70.357236 15.404
 38     0.113 53539.25475943 20.15  83.108202  70.354266 15.404
 38    -0.710 53539.25476007 18.88  83.103642  70.351286 15.404
 38    -0.265 53539.25476072 17.47  83.099082  70.348316 15.404
 38     0.919 53539.25476136 15.82  83.094512  70.345336 15.404
 38     0.811 53539.25476201 16.35  83.089952  70.342356 15.404
 38     0.927 53539.25476265 15.25  83.085392  70.339386 15.404
 38     1.119 53539.25476330 15.78  83.080842  70.336406 15.404
 38     0.943 53539.25476394 16.53  83.076282  70.333426 15.404
 38     1.018 53539.25476458 19.19  83.071722  70.330456 15.404
 39     0.150 53574.25475471 36.87  83.117390  70.365687 19.120
 39    -0.019 53574.25475535 32.24  83.112820  70.362717 19.120
 39    -0.222 53574.25475600 27.51  83.108250  70.359737 19.120
 39    -0.611 53574.25475664 25.11  83.103690  70.356757 19.120
 39    -1.222 53574.25475729 22.54  83.099120  70.353787 19.120
 39    -1.923 53574.25475793 20.62  83.094560  70.350807 19.120
 39    -2.772 53574.25475858 19.54  83.090000  70.347837 19.120
 39    -2.620 53574.25475922 20.93  83.085440  70.344857 19.120
 39    -1.642 53574.25475987 19.52  83.080880  70.341877 19.120
 39    -0.569 53574.25476051 20.95  83.076320  70.338907 19.120
 39    -0.145 53574.25476116 23.86  83.071760  70.335927 19.120
 39     0.110 53574.25476180 29.82  83.067210  70.332947 19.120
 39     0.382 53574.25476245 36.39  83.062650  70.329977 19.120
 40     0.644 53609.25470585 11.80  83.102717  70.361942 11.198
 40     0.481 53609.25470649 11.17  83.098147  70.358962 11.198
 40     0.538 53609.25470714 10.91  83.093587  70.355992 11.198
 40     0.525 53609.25470778 10.53  83.089027  70.353012 11.198
 40     0.515 53609.25470843 10.89  83.084467  70.350042 11.198
 40     0.498 53609.25470907 11.50  83.079907  70.347062 11.198
 40     0.470 53609.25470972 11.92  83.075347  70.344082 11.198
 40     0.417 53609.25471036 12.63  83.070787  70.341112 11.198
 40     0.455 53609.25471101 13.72  83.066237  70.338132 11.198
 40     0.515 53609.25471165 16.01  83.061677  70.335152 11.198
 40     0.879 53609.25471230 20.41  83.057127  70.332182 11.198
 41     2.407 53644.25470519 12.54  83.153416  70.371384  4.267
 41     1.835 53644.25470583 11.50  83.148836  70.368414  4.267
 41     1.575 53644.25470648 10.71  83.144266  70.365434  4.267
 41     0.653 53644.25470712 10.69  83.139696  70.362464  4.267
 41     0.393 53644.25470777 10.22  83.135126  70.359484  4.267
 41     0.233 53644.25470841  9.94  83.130556  70.356514  4.267
 41     0.284 53644.25470906  9.79  83.125986  70.353534  4.267
 41     0.256 53644.25470970 10.01  83.121416  70.350564  4.267
 41     0.271 53644.25471035 10.39  83.116856  70.347584  4.267
 41     0.280 53644.25471099 10.35  83.112286  70.344614  4.267
 41     0.283 53644.25471164 10.79  83.107726  70.341634  4.267
 41     0.244 53644.25471228 11.07  83.103166  70.338664  4.267
 41     0.219 53644.25471293 12.00  83.098606  70.335684  4.267
 41    -0.284 53644.25471357 14.34  83.094046  70.332704  4.267
 41    -0.274 53644.25471421 16.53  83.089486  70.329734  4.267
 41    -0.298 53644.25471486 18.47  83.084926  70.326754  4.267
 41     0.067 53644.25471550 20.80  83.080376  70.323784  4.267
 41     0.372 53644.25471615 22.26  83.075816  70.320804  4.267
 41     0.746 53644.25471679 21.41  83.071266  70.317826  8.962
 42     0.435 53679.25472551 31.90  83.116265  70.363181  9.519
 42     0.420 53679.25472615 32.39  83.111705  70.360201  9.519
 42     0.349 53679.25472680 32.86  83.107135  70.357231  9.519
 42     0.364 53679.25472744 34.03  83.102565  70.354251  9.519
 42     0.437 53679.25472809 34.37  83.098005  70.351281  9.519
 42     0.420 53679.25472873 34.31  83.093445  70.348301  9.519
 42     0.488 53679.25472937 33.85  83.088885  70.345331  9.519
 42     0.478 53679.25473002 34.66  83.084325  70.342351  9.519
 42     0.446 53679.25473066 35.73  83.079765  70.339371  9.519
 42     0.376 53679.25473131 35.49  83.075205  70.336401  9.519
 42     0.411 53679.25473195 33.92  83.070645  70.333421  9.519
 42     0.384 53679.25473260 33.14  83.066095  70.330441  9.519
 43    -0.369 53714.25465338 16.15  83.117688  70.365187  2.522
 43    -0.210 53714.25465402 16.22  83.113118  70.362217  2.522
 43    -0.352 53714.25465467 16.39  83.108558  70.359237  2.522
 43    -0.441 53714.25465531 16.76  83.103988  70.356257  2.522
 43    -0.400 53714.25465596 16.71  83.099428  70.353287  2.522
 43    -0.261 53714.25465660 16.81  83.094868  70.350307  2.522
 43    -0.359 53714.25465725 17.03  83.090308  70.347337  2.522
 43    -0.313 53714.25465789 16.52  83.085748  70.344357  2.522
 43    -0.351 53714.25465854 16.71  83.081188  70.341377  2.522
 43    -0.376 53714.25465918 16.87  83.076638  70.338407  2.522
 43    -0.009 53714.25465983 16.96  83.072078  70.335427  2.522
 43     0.440 53714.25466047 17.17  83.067528  70.332447  2.522
 43     0.793 53714.25466111 17.14  83.062968  70.329477  2.522
 44     0.086 53749.25456578 14.31  83.165605  70.372584  3.042
 44     0.127 53749.25456643 14.55  83.161035  70.369604  3.042
 44     0.042 53749.25456707 14.58  83.156455  70.366634  3.042
 44     0.006 53749.25456772 14.71  83.151885  70.363654  3.042
 44    -0.083 53749.25456836 14.87  83.147315  70.360684  3.042
 44    -0.083 53749.25456901 14.97  83.142745  70.357704  3.042
 44    -0.004 53749.25456965 15.34  83.138175  70.354734  3.042
 44     0.037 53749.25457029 15.40  83.133605  70.351754  3.042
 44    -0.205 53749.25457094 15.93  83.129035  70.348784  3.042
 44    -0.145 53749.25457158 15.41  83.124475  70.345804  3.042
 44    -0.306 53749.25457223 15.25  83.119905  70.342834  3.042
 44    -0.595 53749.25457287 15.81  83.115345  70.339854  3.042
 44    -0.765 53749.25457352 15.78  83.110785  70.336884  3.042
 44    -1.298 53749.25457416 16.08  83.106225  70.333904  3.042
 44    -1.078 53749.25457481 17.12  83.101665  70.330924  3.042
 44    -0.379 53749.25457545 16.25  83.097105  70.327954  3.042
 44    -0.111 53749.25457610 15.33  83.092545  70.324974  3.042
 44     0.320 53749.25457674 17.55  83.087995  70.322004  3.042
 44     0.483 53749.25457739 17.33  83.083435  70.319024  3.042
 44     0.680 53749.25457803 16.66  83.078886  70.316047  2.270
 45     0.478 53784.25459826 12.47  83.131198  70.367276  2.085
 45     0.356 53784.25459891 12.39  83.126638  70.364296  2.085
 45     0.360 53784.25459955 12.75  83.122068  70.361326  2.085
 45     0.208 53784.25460020 12.57  83.117498  70.358346  2.085
 45     0.159 53784.25460084 12.92  83.112938  70.355366  2.085
 45     0.264 53784.25460149 13.07  83.108368  70.352396  2.085
 45     0.272 53784.25460213 13.33  83.103808  70.349416  2.085
 45     0.310 53784.25460277 13.11  83.099248  70.346446  2.085
 45     0.232 53784.25460342 13.47  83.094688  70.343466  2.085
 45     0.147 53784.25460406 13.78  83.090128  70.340486  2.085
 45    -0.154 53784.25460471 13.51  83.085568  70.337516  2.085
 45    -0.028 53784.25460535 13.31  83.081008  70.334536  2.085
 45     0.097 53784.25460600 13.27  83.076458  70.331556  2.085
 45     0.519 53784.25460664 12.92  83.071898  70.328586  2.085
 46     0.022 53819.25456104 11.71  83.102499  70.361983  1.951
 46    -0.222 53819.25456168 11.75  83.097929  70.359003  1.951
 46    -0.471 53819.25456233 12.02  83.093369  70.356023  1.951
 46    -0.548 53819.25456297 11.99  83.088809  70.353053  1.951
 46    -0.475 53819.25456362 11.99  83.084249  70.350073  1.951
 46    -0.482 53819.25456426 12.04  83.079689  70.347103  1.951
 46    -0.561 53819.25456491 12.54  83.075129  70.344123  1.951
 46    -0.507 53819.25456555 12.27  83.070579  70.341143  1.951
 46    -0.456 53819.25456620 12.32  83.066019  70.338163  1.951
 46    -0.425 53819.25456684 12.09  83.061469  70.335193  1.951
 46     0.056 53819.25456749 11.96  83.056909  70.332213  1.951
 47     0.038 53854.25463857  9.93  83.143640  70.371231  1.901
 47     0.021 53854.25463921 10.17  83.139070  70.368261  1.901
 47    -0.078 53854.25463986 10.05  83.134490  70.365281  1.901
 47    -0.187 53854.25464050 10.40  83.129920  70.362311  1.901
 47    -0.172 53854.25464115 10.51  83.125350  70.359331  1.901
 47    -0.045 53854.25464179 10.70  83.120790  70.356361  1.901
 47    -0.035 53854.25464244 10.58  83.116220  70.353381  1.901
 47     0.057 53854.25464308 10.73  83.111650  70.350411  1.901
 47     0.012 53854.25464373 11.19  83.107090  70.347431  1.901
 47    -0.126 53854.25464437 11.03  83.102530  70.344461  1.901
 47    -0.209 53854.25464501 11.38  83.097960  70.341481  1.901
 47    -0.439 53854.25464566 11.12  83.093400  70.338511  1.901
 47    -0.671 53854.25464630 11.29  83.088840  70.335531  1.901
 47    -0.581 53854.25464695 11.58  83.084280  70.332551  1.901
 47    -0.283 53854.25464759 10.97  83.079730  70.329581  1.901
 47     0.067 53854.25464824 10.57  83.075170  70.326601  1.901
 47     0.417 53854.25464888 10.32  83.070620  70.323621  1.901
 47     0.480 53854.25464953  9.99  83.066060  70.320651  1.901
 48     1.944 53889.25464662 28.49  83.151630  70.373759 21.027
 48     2.010 53889.25464727 25.88  83.147060  70.370789 21.027
 48     2.130 53889.25464791 27.58  83.142480  70.367809 21.027
 48     2.067 53889.25464856 21.19  83.137910  70.364839 21.027
 48     1.943 53889.25464920 18.60  83.133340  70.361859 21.027
 48     1.918 53889.25464985 19.05  83.128770  70.358889 21.027
 48     2.073 53889.25465049 18.79  83.124210  70.355909 21.027
 48     2.161 53889.25465114 22.99  83.119640  70.352939 21.027
 48     2.200 53889.25465178 25.06  83.115080  70.349959 21.027
 48     2.250 53889.25465243 21.92  83.110520  70.346989 21.027
 48     1.931 53889.25465307 20.30  83.105950  70.344009 21.027
 48     1.761 53889.25465372 16.89  83.101390  70.341029 21.027
 48     1.428 53889.25465436 15.56  83.096830  70.338059 21.027
 48     1.388 53889.25465500 18.56  83.092280  70.335079 21.027
 48     1.870 53889.25465565 21.00  83.087720  70.332109 21.027
 48     2.155 53889.25465629 29.70  83.083160  70.329129 21.027
 48     2.258 53889.25465694 35.94  83.078610  70.326149 21.027
 48     2.425 53889.25465758 36.11  83.074050  70.323179 21.027
 48     1.972 53889.25465823 33.34  83.069502  70.320204 21.120
 49     1.831 53924.25471589 13.35  83.121034  70.364699 11.609
 49     1.279 53924.25471654 12.64  83.116464  70.361719 11.609
 49     0.385 53924.25471718 11.93  83.111894  70.358749 11.609
 49     0.159 53924.25471783 12.10  83.107334  70.355769 11.609
 49     0.007 53924.25471847 12.61  83.102764  70.352799 11.609
 49     0.067 53924.25471912 12.76  83.098204  70.349819 11.609
 49    -0.016 53924.25471976 14.06  83.093644  70.346849 11.609
 49    -0.044 53924.25472041 15.39  83.089074  70.343869 11.609
 49    -0.274 53924.25472105 16.22  83.084514  70.340889 11.609
 49    -0.665 53924.25472169 18.66  83.079954  70.337919 11.609
 49    -0.214 53924.25472234 21.71  83.075394  70.334939 11.609
 49     0.327 53924.25472298 22.27  83.070844  70.331959 11.609
 49     0.482 53924.25472363 28.86  83.066284  70.328989 11.609
 50     0.205 53959.25470686 32.03  83.111836  70.364474 20.241
 50    -0.062 53959.25470751 27.81  83.107276  70.361494 20.241
 50    -0.424 53959.25470815 23.10  83.102706  70.358524 20.241
 50    -0.887 53959.25470880 20.23  83.098146  70.355544 20.241
 50    -1.201 53959.25470944 17.34  83.093576  70.352574 20.241
 50    -2.005 53959.25471009 17.15  83.089016  70.349594 20.241
 50    -2.353 53959.25471073 18.32  83.084456  70.346624 20.241
 50    -1.478 53959.25471138 18.34  83.079896  70.343644 20.241
 50    -0.883 53959.25471202 21.10  83.075336  70.340664 20.241
 50    -0.376 53959.25471267 28.30  83.070776  70.337694 20.241
 50     0.073 53959.25471331 30.33  83.066226  70.334714 20.241
 50     0.230 53959.25471396 34.20  83.061666  70.331734 20.241
 51    -2.378 53994.25463955 21.22  83.141808  70.353899 11.534
 51    -2.744 53994.25464020 19.85  83.137238  70.350919 11.534
 51    -3.406 53994.25464084 18.94  83.132668  70.347949 11.534
 51    -3.639 53994.25464149 18.44  83.128108  70.344969 11.534
 51    -0.624 53994.25464213 17.78  83.123538  70.341999 11.534
 51    -3.562 53994.25464278 19.47  83.118978  70.339019 11.534
 51    -1.630 53994.25464342 18.15  83.114418  70.336049 11.534
 51    -2.040 53994.25464406 19.24  83.109848  70.333069 11.534
 51    -1.635 53994.25464471 20.95  83.105288  70.330099 11.534
 51    -1.109 53994.25464535 22.74  83.100728  70.327119 11.534
 51    -0.842 53994.25464600 24.72  83.096178  70.324139 11.534
 51    -0.495 53994.25464664 27.10  83.091618  70.321169 11.534
 51    -0.093 53994.25464729 26.75  83.087068  70.318189 11.534
 51     0.246 53994.25464793 34.48  83.082512  70.315213 15.520
 52     0.028 54029.25469470 35.86  83.155285  70.372361 30.046
 52    -0.141 54029.25469534 41.08  83.150715  70.369381 30.046
 52    -0.016 54029.25469599 40.57  83.146135  70.366411 30.046
 52    -0.025 54029.25469663 49.35  83.141565  70.363431 30.046
 52     0.036 54029.25469728 47.04  83.136995  70.360461 30.046
 52    -0.020 54029.25469792 48.27  83.132425  70.357481 30.046
 52    -0.058 54029.25469857 43.08  83.127855  70.354511 30.046
 52    -0.102 54029.25469921 37.49  83.123295  70.351531 30.046
 52    -0.007 54029.25469986 42.33  83.118725  70.348561 30.046
 52     0.034 54029.25470050 38.62  83.114165  70.345581 30.046
 52     0.028 54029.25470115 39.37  83.109605  70.342611 30.046
 52     0.045 54029.25470179 41.14  83.105035  70.339631 30.046
 52     0.034 54029.25470244 44.88  83.100475  70.336651 30.046
 52     0.092 54029.25470308 45.32  83.095915  70.333681 30.046
 52     0.109 54029.25470373 45.31  83.091355  70.330701 30.046
 52     0.065 54029.25470437 51.75  83.086805  70.327731 30.046
 52     0.015 54029.25470502 42.71  83.082245  70.324751 30.046
 52    -0.106 54029.25470566 35.63  83.077695  70.321781 30.046
 52    -0.071 54029.25470630 29.48  83.073145  70.318801 30.046
 53     0.030 54064.25469010 18.62  83.131253  70.367455  3.052
 53     0.146 54064.25469075 18.83  83.126683  70.364485  3.052
 53     0.161 54064.25469139 19.45  83.122113  70.361505  3.052
 53     0.093 54064.25469204 19.97  83.117543  70.358535  3.052
 53     0.134 54064.25469268 20.36  83.112983  70.355555  3.052
 53     0.139 54064.25469333 20.68  83.108413  70.352575  3.052
 53     0.040 54064.25469397 20.80  83.103853  70.349605  3.052
 53    -0.014 54064.25469462 21.16  83.099293  70.346625  3.052
 53     0.104 54064.25469526 20.83  83.094733  70.343655  3.052
 53     0.035 54064.25469591 20.69  83.090173  70.340675  3.052
 53     0.132 54064.25469655 20.17  83.085613  70.337695  3.052
 53     0.163 54064.25469719 19.47  83.081053  70.334725  3.052
 53     0.101 54064.25469784 19.45  83.076503  70.331745  3.052
 53     0.126 54064.25469848 18.68  83.071943  70.328765  3.052
 54    -0.172 54099.25465755 15.08  83.112115  70.364257  2.275
 54    -0.037 54099.25465820 15.28  83.107545  70.361287  2.275
 54     0.097 54099.25465884 15.08  83.102985  70.358307  2.275
 54     0.249 54099.25465949 15.51  83.098415  70.355327  2.275
 54     0.178 54099.25466013 15.51  83.093855  70.352357  2.275
 54     0.172 54099.25466078 15.47  83.089295  70.349377  2.275
 54     0.037 54099.25466142 15.80  83.084735  70.346407  2.275
 54     0.031 54099.25466207 15.87  83.080175  70.343427  2.275
 54    -0.139 54099.25466271 16.02  83.075615  70.340447  2.275
 54    -0.010 54099.25466335 15.57  83.071065  70.337477  2.275
 54    -0.007 54099.25466400 15.91  83.066505  70.334497  2.275
 54    -0.076 54099.25466464 15.55  83.061955  70.331517  2.275
 55    -0.490 54134.25461265 13.09  83.156049  70.373452  2.184
 55    -0.530 54134.25461329 13.06  83.151469  70.370472  2.184
 55    -0.421 54134.25461394 13.36  83.146899  70.367502  2.184
 55    -0.299 54134.25461458 13.78  83.142329  70.364522  2.184
 55    -0.274 54134.25461523 13.74  83.137759  70.361552  2.184
 55    -0.172 54134.25461587 13.64  83.133189  70.358572  2.184
 55    -0.252 54134.25461652 14.11  83.128619  70.355602  2.184
 55    -0.337 54134.25461716 14.64  83.124049  70.352622  2.184
 55    -0.338 54134.25461781 14.42  83.119479  70.349652  2.184
 55    -0.389 54134.25461845 14.54  83.114919  70.346672  2.184
 55    -0.457 54134.25461910 14.68  83.110349  70.343702  2.184
 55    -0.438 54134.25461974 14.03  83.105789  70.340722  2.184
 55    -0.499 54134.25462038 14.39  83.101229  70.337742  2.184
 55    -0.643 54134.25462103 13.92  83.096669  70.334772  2.184
 55    -0.651 54134.25462167 14.35  83.092109  70.331792  2.184
 55    -0.429 54134.25462232 13.58  83.087549  70.328822  2.184
 55    -0.208 54134.25462296 13.02  83.082999  70.325842  2.184
 55    -0.207 54134.25462361 12.68  83.078439  70.322872  2.184
 55    -0.130 54134.25462425 12.65  83.073889  70.319892  2.184
 57     3.437 54204.25461697  5.78  83.154293  70.373258  2.012
 57     3.169 54204.25461761  6.05  83.149713  70.370278  2.012
 57     2.759 54204.25461826  6.29  83.145143  70.367308  2.012
 57     2.057 54204.25461890  6.74  83.140573  70.364328  2.012
 57     1.241 54204.25461955  6.78  83.136003  70.361358  2.012
 57     0.663 54204.25462019  7.70  83.131423  70.358378  2.012
 57     0.495 54204.25462084  7.80  83.126863  70.355408  2.012
 57     0.460 54204.25462148  7.85  83.122293  70.352428  2.012
 57     0.549 54204.25462213  7.67  83.117723  70.349458  2.012
 57     0.614 54204.25462277  7.62  83.113163  70.346478  2.012
 57     0.644 54204.25462341  7.65  83.108603  70.343508  2.012
 57     0.605 54204.25462406  7.83  83.104033  70.340528  2.012
 57     0.581 54204.25462470  7.86  83.099473  70.337548  2.012
 57     0.612 54204.25462535  7.39  83.094913  70.334578  2.012
 57     0.807 54204.25462599  7.48  83.090353  70.331598  2.012
 57     0.955 54204.25462664  7.08  83.085799  70.328626  2.442
 57     1.492 54204.25462728  6.88  83.081239  70.325646  2.442
 57     2.914 54204.25462793  6.47  83.076689  70.322676  2.442
 57    21.540 54204.25462857  6.33  83.072139  70.319696  2.442
 59     2.400 54274.25467048 23.09  83.129065  70.365860  6.001
 59     1.789 54274.25467113 23.38  83.124495  70.362880  6.001
 59     1.041 54274.25467177 23.73  83.119925  70.359910  6.001
 59     0.241 54274.25467242 23.69  83.115365  70.356930  6.001
 59    -0.490 54274.25467306 23.43  83.110795  70.353960  6.001
 59    -1.442 54274.25467371 23.14  83.106235  70.350980  6.001
 59    -2.906 54274.25467435 22.94  83.101665  70.348010  6.001
 59    -3.808 54274.25467500 22.66  83.097105  70.345030  6.001
 59    -4.199 54274.25467564 22.34  83.092545  70.342050  6.001
 59    -1.204 54274.25467629 21.64  83.087985  70.339080  6.001
 59     0.511 54274.25467693 21.49  83.083425  70.336100  6.001
 59     1.050 54274.25467758 21.09  83.078875  70.333120  6.001
 59     1.221 54274.25467822 20.75  83.074315  70.330150  6.001
 60    -0.083 54309.25467181 29.60  83.134595  70.367363 13.272
 60    -0.169 54309.25467245 29.34  83.130025  70.364383 13.272
 60    -0.415 54309.25467310 31.38  83.125455  70.361413 13.272
 60    -0.541 54309.25467374 29.06  83.120895  70.358433 13.272
 60    -0.964 54309.25467439 25.83  83.116325  70.355463 13.272
 60    -1.446 54309.25467503 23.59  83.111765  70.352483 13.272
 60    -2.230 54309.25467568 21.26  83.107195  70.349513 13.272
 60    -3.251 54309.25467632 19.97  83.102635  70.346533 13.272
 60    -2.906 54309.25467697 19.90  83.098075  70.343553 13.272
 60    -1.753 54309.25467761 18.77  83.093515  70.340583 13.272
 60    -0.966 54309.25467825 19.38  83.088955  70.337603 13.272
 60    -0.497 54309.25467890 21.54  83.084395  70.334633 13.272
 60    -0.108 54309.25467954 24.30  83.079835  70.331653 13.272
 60     0.173 54309.25468019 28.53  83.075279  70.328675 13.990
 61     0.099 54344.25465032 32.16  83.110912  70.362666 14.266
 61    -0.171 54344.25465096 27.26  83.106352  70.359686 14.266
 61    -0.673 54344.25465161 24.41  83.101782  70.356716 14.266
 61    -1.279 54344.25465225 22.18  83.097222  70.353736 14.266
 61    -1.766 54344.25465290 20.42  83.092662  70.350756 14.266
 61    -0.662 54344.25465354 18.89  83.088102  70.347786 14.266
 61    -0.608 54344.25465419 19.57  83.083542  70.344806 14.266
 61    -0.614 54344.25465483 19.13  83.078982  70.341826 14.266
 61    -0.635 54344.25465548 21.08  83.074422  70.338856 14.266
 61    -0.038 54344.25465612 23.17  83.069872  70.335876 14.266
 61     0.191 54344.25465677 28.44  83.065312  70.332896 14.266
 61     0.401 54344.25465741 35.62  83.060758  70.329919 14.443
 62     2.608 54379.25460623 18.32  83.150334  70.373075  7.790
 62     2.416 54379.25460688 15.91  83.145764  70.370105  7.790
 62     1.942 54379.25460752 14.88  83.141194  70.367125  7.790
 62     1.489 54379.25460817 14.59  83.136624  70.364155  7.790
 62     1.237 54379.25460881 13.08  83.132044  70.361175  7.790
 62     1.018 54379.25460946 13.06  83.127484  70.358205  7.790
 62     1.220 54379.25461010 12.01  83.122914  70.355225  7.790
 62     1.152 54379.25461074 11.42  83.118344  70.352255  7.790
 62     1.192 54379.25461139 11.65  83.113784  70.349275  7.790
 62     1.209 54379.25461203 11.37  83.109214  70.346305  7.790
 62     1.211 54379.25461268 11.38  83.104654  70.343325  7.790
 62     1.254 54379.25461332 11.77  83.100094  70.340345  7.790
 62     1.229 54379.25461397 12.64  83.095534  70.337375  7.790
 62     0.865 54379.25461461 14.64  83.090974  70.334395  7.790
 62     0.776 54379.25461526 16.30  83.086421  70.331422 11.290
 62     0.582 54379.25461590 18.59  83.081861  70.328442 11.290
 62     0.961 54379.25461655 19.95  83.077301  70.325472 11.290
 62     1.316 54379.25461719 21.64  83.072751  70.322492 11.290
 62     1.755 54379.25461784 23.71  83.068201  70.319512 11.290
 63    -0.046 54414.25459749 27.56  83.124647  70.366061  6.385
 63     0.112 54414.25459814 28.70  83.120087  70.363081  6.385
 63     0.179 54414.25459878 28.93  83.115517  70.360111  6.385
 63     0.278 54414.25459943 29.36  83.110947  70.357131  6.385
 63     0.038 54414.25460007 30.54  83.106387  70.354161  6.385
 63     0.187 54414.25460072 30.51  83.101817  70.351181  6.385
 63     0.068 54414.25460136 29.14  83.097257  70.348201  6.385
 63     0.029 54414.25460201 26.98  83.092697  70.345231  6.385
 63    -0.128 54414.25460265 25.76  83.088137  70.342251  6.385
 63    -0.184 54414.25460330 25.24  83.083577  70.339281  6.385
 63    -0.395 54414.25460394 25.01  83.079017  70.336301  6.385
 63    -0.586 54414.25460459 24.63  83.074465  70.333322  3.317
 63    -0.507 54414.25460523 24.31  83.069905  70.330352  3.317
 64    -0.029 54449.25457311 16.80  83.154938  70.373011  3.213
 64     0.157 54449.25457375 17.06  83.150358  70.370041  3.213
 64     0.287 54449.25457440 17.67  83.145788  70.367061  3.213
 64     0.206 54449.25457504 18.17  83.141218  70.364091  3.213
 64     0.303 54449.25457569 18.37  83.136638  70.361111  3.213
 64     0.204 54449.25457633 18.25  83.132068  70.358141  3.213
 64     0.244 54449.25457698 18.67  83.127508  70.355161  3.213
 64     0.234 54449.25457762 18.02  83.122938  70.352191  3.213
 64     0.155 54449.25457827 17.76  83.118368  70.349211  3.213
 64     0.072 54449.25457891 17.71  83.113808  70.346241  3.213
 64    -0.157 54449.25457955 17.48  83.109248  70.343261  3.213
 64    -0.294 54449.25458020 17.22  83.104678  70.340281  3.213
 64    -0.439 54449.25458084 17.07  83.100118  70.337311  3.213
 64    -0.611 54449.25458149 16.76  83.095558  70.334331  3.213
 64    -0.324 54449.25458213 16.29  83.091000  70.331360  1.764
 64    -0.086 54449.25458278 16.40  83.086450  70.328380  1.764
 64     0.105 54449.25458342 16.03  83.081890  70.325410  1.764
 64     0.315 54449.25458407 15.59  83.077330  70.322430  1.764
 64     0.315 54449.25458471 15.02  83.072780  70.319450  1.764
 65     0.062 54484.25458987 11.63  83.144776  70.373776  2.307
 65     0.456 54484.25459116 11.52  83.135626  70.367826  2.307
 65     0.417 54484.25459180 11.93  83.131056  70.364856  2.307
 65     0.282 54484.25459245 12.12  83.126486  70.361876  2.307
 65     0.207 54484.25459309 12.48  83.121916  70.358906  2.307
 65     0.062 54484.25459374 12.34  83.117356  70.355926  2.307
 65    -0.003 54484.25459438 13.05  83.112786  70.352956  2.307
 65     0.072 54484.25459503 13.06  83.108226  70.349976  2.307
 65    -0.123 54484.25459567 13.19  83.103666  70.347006  2.307
 65    -0.290 54484.25459632 13.64  83.099096  70.344026  2.307
 65    -0.586 54484.25459696 13.21  83.094536  70.341046  2.307
 65    -0.916 54484.25459761 13.29  83.089976  70.338076  2.307
 65    -1.004 54484.25459825 13.05  83.085426  70.335096  2.307
 65    -0.749 54484.25459890 13.02  83.080866  70.332126  2.307
 65    -0.762 54484.25459954 12.76  83.076306  70.329146  2.307
 66    -0.341 54519.25458682 10.38  83.152729  70.373106  1.990
 66    -0.240 54519.25458746 10.40  83.148159  70.370136  1.990
 66    -0.024 54519.25458811 10.59  83.143579  70.367156  1.990
 66     0.069 54519.25458875 10.70  83.139009  70.364186  1.990
 66     0.049 54519.25458940 10.85  83.134439  70.361206  1.990
 66     0.034 54519.25459004 11.22  83.129869  70.358236  1.990
 66     0.005 54519.25459069 11.28  83.125309  70.355256  1.990
 66    -0.089 54519.25459133 11.56  83.120739  70.352286  1.990
 66    -0.224 54519.25459198 12.17  83.116169  70.349306  1.990
 66    -0.322 54519.25459262 12.11  83.111609  70.346336  1.990
 66    -0.422 54519.25459327 12.36  83.107049  70.343356  1.990
 66    -0.746 54519.25459391 12.25  83.102489  70.340376  1.990
 66    -1.219 54519.25459455 12.59  83.097919  70.337406  1.990
 66    -1.323 54519.25459520 12.42  83.093369  70.334426  1.990
 66    -0.949 54519.25459584 11.92  83.088809  70.331456  1.990
 66    -0.869 54519.25459649 11.70  83.084249  70.328476  1.990
 66    -0.210 54519.25459713 11.17  83.079693  70.325500  1.588
 66    -0.138 54519.25459778 11.16  83.075143  70.322520  1.588
 66     0.071 54519.25459842 11.14  83.070593  70.319550  1.588
 67    -0.125 54554.25460396  9.86  83.115705  70.364422  1.993
 67    -0.235 54554.25460461  9.99  83.111135  70.361452  1.993
 67    -0.139 54554.25460525 10.13  83.106575  70.358472  1.993
 67    -0.249 54554.25460590 10.46  83.102005  70.355502  1.993
 67    -0.378 54554.25460654 10.90  83.097445  70.352522  1.993
 67    -0.519 54554.25460719 11.03  83.092885  70.349552  1.993
 67    -0.365 54554.25460783 10.93  83.088325  70.346572  1.993
 67    -0.537 54554.25460847 11.29  83.083765  70.343592  1.993
 67    -0.586 54554.25460912 10.96  83.079205  70.340622  1.993
 67    -0.444 54554.25460976 11.11  83.074645  70.337642  1.993
 67    -0.316 54554.25461041 10.83  83.070095  70.334662  1.993
 67    -0.042 54554.25461105 10.76  83.065535  70.331692  1.993
 68     0.681 54589.25458303  7.05  83.143647  70.371500  1.817
 68     0.427 54589.25458368  7.36  83.139077  70.368530  1.817
 68     0.388 54589.25458432  7.44  83.134507  70.365550  1.817
 68     0.318 54589.25458497  7.41  83.129937  70.362580  1.817
 68     0.179 54589.25458561  7.57  83.125367  70.359600  1.817
 68     0.168 54589.25458626  7.64  83.120797  70.356630  1.817
 68     0.051 54589.25458690  8.08  83.116237  70.353650  1.817
 68    -0.127 54589.25458755  8.23  83.111667  70.350680  1.817
 68    -0.268 54589.25458819  8.52  83.107107  70.347700  1.817
 68    -0.320 54589.25458884  8.27  83.102537  70.344730  1.817
 68    -0.259 54589.25458948  8.46  83.097977  70.341750  1.817
 68    -0.164 54589.25459013  8.40  83.093417  70.338770  1.817
 68    -0.200 54589.25459077  8.47  83.088857  70.335800  1.817
 68     0.063 54589.25459142  7.95  83.084307  70.332820  1.817
 68     0.269 54589.25459206  7.93  83.079747  70.329840  1.817
 68     0.926 54589.25459335  7.00  83.070637  70.323888  2.693
 68     0.913 54589.25459399  7.09  83.066087  70.320918  2.693
 69     4.490 54624.25460177 19.24  83.126727  70.366206 11.382
 69     4.054 54624.25460242 18.69  83.122157  70.363236 11.382
 69     3.905 54624.25460306 18.55  83.117587  70.360256 11.382
 69     2.849 54624.25460371 19.41  83.113017  70.357286 11.382
 69     3.225 54624.25460435 20.67  83.108457  70.354306 11.382
 69     3.381 54624.25460500 22.16  83.103887  70.351336 11.382
 69     4.511 54624.25460564 23.31  83.099327  70.348356 11.382
 69     4.705 54624.25460628 20.82  83.094767  70.345386 11.382
 69     4.852 54624.25460693 18.74  83.090207  70.342406 11.382
 69     4.847 54624.25460757 20.71  83.085647  70.339426 11.382
 69     4.856 54624.25460822 19.31  83.081087  70.336456 11.382
 69     4.655 54624.25460886 21.90  83.076537  70.333476 11.382
 69     4.701 54624.25460951 25.42  83.071977  70.330496 11.382
 70     1.776 54659.25461042 15.73  83.128507  70.366036 17.927
 70     1.131 54659.25461107 14.84  83.123937  70.363066 17.927
 70     0.685 54659.25461171 13.11  83.119367  70.360086 17.927
 70     0.395 54659.25461236 13.25  83.114807  70.357116 17.927
 70     0.394 54659.25461300 13.15  83.110237  70.354136 17.927
 70     0.292 54659.25461365 13.38  83.105667  70.351156 17.927
 70     0.388 54659.25461429 13.24  83.101107  70.348186 17.927
 70     0.413 54659.25461494 12.82  83.096547  70.345206 17.927
 70     0.381 54659.25461558 12.75  83.091981  70.342236 16.301
 70     0.284 54659.25461622 13.39  83.087421  70.339256 16.301
 70     0.247 54659.25461687 13.69  83.082871  70.336286 16.301
 70     0.304 54659.25461751 15.11  83.078311  70.333306 16.301
 70     0.442 54659.25461816 18.87  83.073751  70.330326 16.301
 71     0.196 54694.25459091 33.96  83.121126  70.365059 18.738
 71     0.214 54694.25459155 34.43  83.116556  70.362079 18.738
 71     0.186 54694.25459220 37.22  83.111986  70.359109 18.738
 71     0.224 54694.25459284 40.28  83.107426  70.356129 18.738
 71     0.303 54694.25459349 40.25  83.102856  70.353149 18.738
 71     0.331 54694.25459413 40.62  83.098296  70.350179 18.738
 71     0.300 54694.25459478 42.62  83.093736  70.347199 18.738
 71     0.257 54694.25459542 43.97  83.089176  70.344229 18.738
 71     0.196 54694.25459607 44.13  83.084616  70.341249 18.738
 71     0.173 54694.25459671 44.60  83.080056  70.338269 18.738
 71     0.226 54694.25459736 43.53  83.075506  70.335299 18.738
 71     0.276 54694.25459800 44.46  83.070946  70.332319 18.738
 71     0.334 54694.25459865 46.13  83.066396  70.329339 18.738
 72     2.262 54729.25456279 14.32  83.151399  70.373277  5.801
 72     1.777 54729.25456343 13.48  83.146829  70.370297  5.801
 72     1.429 54729.25456408 12.10  83.142249  70.367327  5.801
 72     0.532 54729.25456472 12.58  83.137679  70.364347  5.801
 72     0.311 54729.25456537 12.16  83.133109  70.361377  5.801
 72     0.281 54729.25456601 11.48  83.128539  70.358397  5.801
 72     0.356 54729.25456666 10.91  83.123969  70.355427  5.801
 72     0.297 54729.25456730 10.85  83.119409  70.352447  5.801
 72     0.276 54729.25456795 10.88  83.114839  70.349477  5.801
 72     0.283 54729.25456859 11.19  83.110279  70.346497  5.801
 72     0.416 54729.25456924 11.02  83.105719  70.343517  5.801
 72     0.396 54729.25456988 11.62  83.101149  70.340547  5.801
 72     0.348 54729.25457052 12.16  83.096589  70.337567  5.801
 72     0.082 54729.25457117 13.85  83.092029  70.334597  5.801
 72     0.102 54729.25457181 13.90  83.087479  70.331617  5.801
 72     0.106 54729.25457246 19.84  83.082919  70.328647  5.801
 72     0.201 54729.25457310 22.80  83.078359  70.325667  5.801
 72     0.421 54729.25457375 22.56  83.073809  70.322688 11.416
 72     0.392 54729.25457439 23.65  83.069259  70.319718 11.416
 73     0.939 54764.25456850 36.33  83.130373  70.366750 29.909
 73     1.030 54764.25456915 35.94  83.125803  70.363770 29.909
 73     1.146 54764.25456979 44.38  83.121233  70.360800 29.909
 73     1.145 54764.25457043 40.71  83.116673  70.357820 29.909
 73     1.104 54764.25457108 40.10  83.112103  70.354850 29.909
 73     1.147 54764.25457172 39.51  83.107543  70.351870 29.909
 73     1.180 54764.25457237 42.31  83.102983  70.348900 29.909
 73     1.178 54764.25457301 43.44  83.098413  70.345920 29.909
 73     1.180 54764.25457366 45.86  83.093853  70.342950 29.909
 73     1.138 54764.25457430 46.07  83.089293  70.339970 29.909
 73     1.075 54764.25457495 43.27  83.084733  70.336990 29.909
 73     1.001 54764.25457559 34.90  83.080183  70.334020 29.909
 73     0.903 54764.25457624 29.29  83.075623  70.331040 29.909
 73     0.948 54764.25457688 32.77  83.071073  70.328060 29.909
 74    -0.547 54799.25455631 17.09  83.155360  70.373193  2.627
 74    -0.489 54799.25455695 17.30  83.150780  70.370223  2.627
 74    -0.280 54799.25455760 17.63  83.146210  70.367243  2.627
 74    -0.173 54799.25455824 17.66  83.141640  70.364273  2.627
 74    -0.208 54799.25455889 18.02  83.137070  70.361293  2.627
 74    -0.131 54799.25455953 18.23  83.132500  70.358323  2.627
 74    -0.331 54799.25456017 19.86  83.127930  70.355343  2.627
 74    -0.281 54799.25456082 19.69  83.123360  70.352373  2.627
 74    -0.295 54799.25456146 19.36  83.118790  70.349393  2.627
 74    -0.423 54799.25456211 19.74  83.114230  70.346423  2.627
 74    -0.394 54799.25456275 19.57  83.109660  70.343443  2.627
 74    -0.460 54799.25456340 19.64  83.105100  70.340473  2.627
 74    -0.414 54799.25456404 19.20  83.100540  70.337493  2.627
 74    -0.470 54799.25456469 18.72  83.095980  70.334513  2.627
 74    -0.473 54799.25456533 18.25  83.091420  70.331543  2.627
 74    -0.505 54799.25456598 17.75  83.086870  70.328563  2.627
 74    -0.813 54799.25456662 17.06  83.082309  70.325590  1.824
 74    -0.732 54799.25456727 16.90  83.077759  70.322610  1.824
 74    -1.540 54799.25456791 16.92  83.073199  70.319640  1.824
 75     0.644 54834.25455926 14.65  83.127898  70.366439  2.357
 75     0.480 54834.25455991 14.92  83.123328  70.363459  2.357
 75     0.301 54834.25456055 15.30  83.118758  70.360489  2.357
 75     0.081 54834.25456120 15.62  83.114198  70.357509  2.357
 75     0.079 54834.25456184 16.40  83.109628  70.354539  2.357
 75    -0.020 54834.25456249 16.26  83.105068  70.351559  2.357
 75    -0.040 54834.25456313 16.87  83.100508  70.348589  2.357
 75    -0.120 54834.25456378 16.48  83.095938  70.345609  2.357
 75    -0.263 54834.25456442 16.04  83.091378  70.342639  2.357
 75    -0.418 54834.25456506 15.95  83.086818  70.339659  2.357
 75    -0.324 54834.25456571 15.41  83.082268  70.336679  2.357
 75    -0.399 54834.25456635 15.30  83.077708  70.333709  2.357
 75    -0.355 54834.25456700 15.15  83.073148  70.330729  2.357
 76    -0.184 54869.25455310 12.79  83.156148  70.373080  2.141
 76     0.117 54869.25455374 13.03  83.151568  70.370110  2.141
 76     0.144 54869.25455439 13.20  83.146998  70.367130  2.141
 76     0.255 54869.25455503 13.30  83.142428  70.364160  2.141
 76     0.091 54869.25455568 13.99  83.137848  70.361180  2.141
 76    -0.054 54869.25455632 14.35  83.133278  70.358210  2.141
 76    -0.146 54869.25455696 14.12  83.128718  70.355230  2.141
 76    -0.257 54869.25455761 14.60  83.124148  70.352260  2.141
 76    -0.378 54869.25455825 15.13  83.119578  70.349280  2.141
 76    -0.386 54869.25455890 15.12  83.115018  70.346310  2.141
 76    -0.403 54869.25455954 14.60  83.110448  70.343330  2.141
 76    -0.617 54869.25456019 14.83  83.105888  70.340360  2.141
 76    -0.553 54869.25456083 14.78  83.101328  70.337380  2.141
 76    -0.521 54869.25456148 14.35  83.096768  70.334400  2.141
 76    -0.523 54869.25456212 13.94  83.092208  70.331430  2.141
 76    -0.444 54869.25456277 13.55  83.087658  70.328450  2.141
 76    -0.184 54869.25456341 13.12  83.083100  70.325477  1.559
 76    -0.092 54869.25456406 12.93  83.078540  70.322497  1.559
 76     0.176 54869.25456470 12.69  83.073990  70.319527  1.559
 77     0.065 54904.25456965 12.42  83.111025  70.363546  2.085
 77     0.026 54904.25457029 12.29  83.106465  70.360566  2.085
 77    -0.073 54904.25457094 12.52  83.101895  70.357596  2.085
 77    -0.154 54904.25457158 12.98  83.097335  70.354616  2.085
 77    -0.115 54904.25457223 12.92  83.092775  70.351646  2.085
 77    -0.168 54904.25457287 13.11  83.088205  70.348666  2.085
 77    -0.242 54904.25457352 12.95  83.083645  70.345686  2.085
 77    -0.449 54904.25457416 13.01  83.079095  70.342716  2.085
 77    -0.471 54904.25457481 13.03  83.074535  70.339736  2.085
 77    -0.425 54904.25457545 12.76  83.069975  70.336756  2.085
 77    -0.476 54904.25457610 12.52  83.065425  70.333786  2.085
 77    -0.292 54904.25457674 12.09  83.060865  70.330806  2.085
 78     0.371 54939.25454431 10.47  83.149373  70.373122  1.726
 78     0.249 54939.25454496 10.58  83.144793  70.370142  1.726
 78     0.402 54939.25454560 10.67  83.140223  70.367172  1.726
 78     0.509 54939.25454625 11.00  83.135653  70.364192  1.726
 78     0.544 54939.25454689 11.00  83.131083  70.361222  1.726
 78     0.407 54939.25454754 11.56  83.126513  70.358242  1.726
 78     0.411 54939.25454818 11.41  83.121943  70.355272  1.726
 78     0.360 54939.25454883 11.81  83.117383  70.352292  1.726
 78     0.159 54939.25454947 12.09  83.112813  70.349322  1.726
 78     0.112 54939.25455012 12.17  83.108253  70.346342  1.726
 78     0.219 54939.25455076 11.79  83.103683  70.343362  1.726
 78     0.169 54939.25455140 12.08  83.099125  70.340393  1.946
 78     0.215 54939.25455205 11.76  83.094565  70.337413  1.946
 78     0.235 54939.25455269 11.65  83.090005  70.334433  1.946
 78     0.391 54939.25455334 11.27  83.085445  70.331463  1.946
 78     0.460 54939.25455398 10.92  83.080895  70.328483  1.946
 78     0.601 54939.25455463 10.49  83.076335  70.325513  1.946
 78     0.782 54939.25455527 10.54  83.071785  70.322533  1.946
 78     0.825 54939.25455592 10.24  83.067235  70.319553  1.946
 79     1.258 54974.25457665 31.97  83.133540  70.366489 17.214
 79     1.081 54974.25457729 30.12  83.128970  70.363519 17.214
 79     0.841 54974.25457794 27.45  83.124400  70.360539 17.214
 79     0.536 54974.25457858 24.95  83.119830  70.357569 17.214
 79     0.184 54974.25457923 22.19  83.115270  70.354589 17.214
 79    -0.238 54974.25457987 20.21  83.110700  70.351619 17.214
 79    -0.885 54974.25458052 19.06  83.106140  70.348639 17.214
 79    -1.694 54974.25458116 17.65  83.101580  70.345669 17.214
 79    -1.292 54974.25458181 15.76  83.097010  70.342689 17.214
 79    -0.123 54974.25458245 15.37  83.092450  70.339709 17.214
 79     0.605 54974.25458309 14.89  83.087890  70.336739 17.214
 79     0.809 54974.25458374 20.03  83.083340  70.333759 17.214
 79     1.041 54974.25458438 24.25  83.078780  70.330779 17.214
 79     1.173 54974.25458503 26.18  83.074220  70.327809 17.214
 80     2.214 55009.25459108 23.18  83.121374  70.364167  7.334
 80     1.546 55009.25459173 23.08  83.116804  70.361197  7.334
 80     1.313 55009.25459237 24.20  83.112244  70.358217  7.334
 80     1.303 55009.25459302 23.28  83.107674  70.355247  7.334
 80     1.359 55009.25459366 22.99  83.103114  70.352267  7.334
 80     1.339 55009.25459431 23.53  83.098554  70.349297  7.334
 80     1.294 55009.25459495 22.64  83.093984  70.346317  7.334
 80     1.254 55009.25459560 22.67  83.089424  70.343337  7.334
 80     1.267 55009.25459624 22.35  83.084864  70.340367  7.334
 80     1.185 55009.25459689 22.71  83.080314  70.337387  7.334
 80     1.253 55009.25459753 22.87  83.075754  70.334407  7.334
 80     1.127 55009.25459817 23.85  83.071194  70.331437  7.334
 80     1.279 55009.25459882 25.24  83.066644  70.328457  7.334
 81     0.961 55044.25458022 17.71  83.133199  70.366954  7.806
 81     0.272 55044.25458087 17.94  83.128629  70.363984  7.806
 81     0.058 55044.25458151 15.68  83.124059  70.361004  7.806
 81     0.117 55044.25458216 14.49  83.119489  70.358024  7.806
 81     0.156 55044.25458280 13.08  83.114919  70.355054  7.806
 81     0.169 55044.25458345 12.76  83.110359  70.352074  7.806
 81     0.120 55044.25458409 12.85  83.105789  70.349104  7.806
 81     0.090 55044.25458474 13.83  83.101229  70.346124  7.806
 81     0.121 55044.25458538 13.74  83.096669  70.343154  7.806
 81     0.133 55044.25458602 13.95  83.092109  70.340174  7.806
 81    -0.015 55044.25458667 14.80  83.087549  70.337194  7.806
 81    -0.091 55044.25458731 17.35  83.082989  70.334224  7.806
 81    -0.061 55044.25458796 21.67  83.078439  70.331244  7.806
 81     0.309 55044.25458860 24.91  83.073879  70.328264  7.806
 82     0.162 55079.25455777 28.03  83.114951  70.364120 16.351
 82    -0.097 55079.25455842 27.00  83.110381  70.361140 16.351
 82    -0.396 55079.25455906 24.53  83.105821  70.358170 16.351
 82    -0.750 55079.25455971 19.40  83.101251  70.355190 16.351
 82    -1.240 55079.25456035 15.49  83.096691  70.352220 16.351
 82    -0.096 55079.25456100 14.27  83.092131  70.349240 16.351
 82    -0.185 55079.25456164 14.82  83.087571  70.346270 16.351
 82    -0.155 55079.25456229 15.54  83.083011  70.343290 16.351
 82    -0.764 55079.25456293 17.45  83.078451  70.340310 16.351
 82    -0.287 55079.25456358 19.73  83.073891  70.337340 16.351
 82     0.065 55079.25456422 21.99  83.069341  70.334360 16.351
 82     0.306 55079.25456486 26.89  83.064791  70.331380 16.351
 83     0.165 55114.25451119 32.06  83.148094  70.372770 13.663
 83     0.038 55114.25451184 33.60  83.143524  70.369800 13.663
 83    -0.303 55114.25451248 32.88  83.138954  70.366820 13.663
 83    -0.360 55114.25451313 31.37  83.134374  70.363850 13.663
 83    -0.577 55114.25451377 30.70  83.129804  70.360870 13.663
 83    -0.748 55114.25451442 28.91  83.125244  70.357900 13.663
 83    -1.020 55114.25451506 27.27  83.120674  70.354920 13.663
 83    -1.665 55114.25451570 25.47  83.116104  70.351950 13.663
 83    -2.299 55114.25451635 22.99  83.111544  70.348970 13.663
 83    -3.309 55114.25451699 20.66  83.106984  70.346000 13.663
 83    -3.700 55114.25451764 21.45  83.102414  70.343020 13.663
 83    -2.440 55114.25451828 21.50  83.097854  70.340050 13.663
 83    -1.508 55114.25451893 20.31  83.093294  70.337070 13.663
 83    -0.763 55114.25451957 22.02  83.088734  70.334090 13.663
 83    -0.306 55114.25452022 23.71  83.084184  70.331120 13.663
 83    -0.012 55114.25452086 26.57  83.079624  70.328140 13.663
 83     0.135 55114.25452151 30.98  83.075074  70.325160 13.663
 83     0.040 55114.25452215 34.74  83.070514  70.322190 13.663
 83     0.241 55114.25452280 37.81  83.065962  70.319209 13.160
 84    -0.431 55149.25451341 20.37  83.125055  70.364597  4.672
 84    -0.566 55149.25451406 20.56  83.120485  70.361627  4.672
 84    -0.560 55149.25451470 21.12  83.115915  70.358647  4.672
 84    -0.648 55149.25451535 21.79  83.111345  70.355677  4.672
 84    -0.698 55149.25451599 23.05  83.106785  70.352697  4.672
 84    -0.736 55149.25451664 23.56  83.102215  70.349727  4.672
 84    -0.681 55149.25451728 23.24  83.097655  70.346747  4.672
 84    -0.525 55149.25451792 24.81  83.093095  70.343777  4.672
 84    -0.491 55149.25451857 24.70  83.088535  70.340797  4.672
 84    -0.506 55149.25451921 26.75  83.083975  70.337817  4.672
 84    -0.559 55149.25451986 26.59  83.079415  70.334847  4.672
 84    -0.510 55149.25452050 26.71  83.074865  70.331867  4.672
 84    -0.431 55149.25452115 25.75  83.070305  70.328887  4.672
 85    -0.636 55184.25449396 15.17  83.153411  70.372573  2.533
 85    -0.253 55184.25449460 15.33  83.148841  70.369603  2.533
 85    -0.342 55184.25449525 15.39  83.144271  70.366623  2.533
 85    -0.246 55184.25449589 15.71  83.139691  70.363653  2.533
 85    -0.299 55184.25449654 16.10  83.135121  70.360673  2.533
 85    -0.355 55184.25449718 15.99  83.130551  70.357703  2.533
 85    -0.259 55184.25449783 16.25  83.125991  70.354723  2.533
 85    -0.292 55184.25449847 15.87  83.121421  70.351753  2.533
 85    -0.366 55184.25449912 16.72  83.116851  70.348773  2.533
 85    -0.348 55184.25449976 16.70  83.112291  70.345803  2.533
 85    -0.294 55184.25450041 17.21  83.107731  70.342823  2.533
 85    -0.355 55184.25450105 17.04  83.103161  70.339853  2.533
 85    -0.345 55184.25450170 16.77  83.098601  70.336873  2.533
 85    -0.357 55184.25450234 17.04  83.094041  70.333893  2.533
 85    -0.339 55184.25450299 16.95  83.089481  70.330923  2.533
 85    -0.247 55184.25450363 16.68  83.084931  70.327943  2.533
 85    -0.286 55184.25450427 16.35  83.080378  70.324968  1.983
 85    -0.258 55184.25450492 16.10  83.075818  70.321988  1.983
 85    -0.223 55184.25450556 15.86  83.071268  70.319018  1.983
 86     0.854 55219.25451140 21.68  83.120746  70.364167  4.806
 86     0.603 55219.25451205 20.06  83.116176  70.361197  4.806
 86     0.465 55219.25451269 19.66  83.111616  70.358217  4.806
 86     0.180 55219.25451334 18.25  83.107046  70.355247  4.806
 86    -0.115 55219.25451398 18.49  83.102486  70.352267  4.806
 86    -0.651 55219.25451463 18.17  83.097926  70.349297  4.806
 86     0.091 55219.25451527 19.00  83.093356  70.346317  4.806
 86     0.161 55219.25451592 18.38  83.088796  70.343337  4.806
 86     0.286 55219.25451656 17.62  83.084236  70.340367  4.806
 86     0.408 55219.25451720 19.09  83.079686  70.337387  4.806
 86     0.655 55219.25451785 19.13  83.075126  70.334407  4.806
 86     0.836 55219.25451849 19.59  83.070576  70.331437  4.806
 86     0.929 55219.25451914 20.06  83.066016  70.328457  4.806
 87     0.711 55254.25449037 12.95  83.150538  70.371781  2.064
 87     0.626 55254.25449101 13.00  83.145968  70.368801  2.064
 87     0.384 55254.25449166 13.20  83.141398  70.365831  2.064
 87     0.381 55254.25449230 13.10  83.136818  70.362851  2.064
 87     0.161 55254.25449295 13.33  83.132248  70.359881  2.064
 87    -0.203 55254.25449359 13.36  83.127688  70.356901  2.064
 87    -0.361 55254.25449424 13.52  83.123118  70.353931  2.064
 87    -0.580 55254.25449488 13.87  83.118548  70.350951  2.064
 87    -0.527 55254.25449553 14.26  83.113988  70.347981  2.064
 87    -0.565 55254.25449617 14.14  83.109418  70.345001  2.064
 87    -0.555 55254.25449682 13.92  83.104858  70.342021  2.064
 87    -0.503 55254.25449746 14.19  83.100298  70.339051  2.064
 87    -0.393 55254.25449811 13.67  83.095738  70.336071  2.064
 87    -0.284 55254.25449875 13.69  83.091178  70.333101  2.064
 87    -0.055 55254.25449940 13.65  83.086628  70.330121  2.064
 87     0.035 55254.25450004 13.79  83.082070  70.327147  1.748
 87     0.403 55254.25450068 12.89  83.077510  70.324167  1.748
 87     0.615 55254.25450133 12.72  83.072960  70.321197  1.748
 87     0.722 55254.25450197 12.39  83.068410  70.318217  1.748
 88     0.586 55289.25450146 12.50  83.110982  70.363416  2.001
 88     0.337 55289.25450211 12.56  83.106412  70.360436  2.001
 88     0.091 55289.25450275 12.65  83.101842  70.357456  2.001
 88    -0.091 55289.25450340 12.67  83.097282  70.354486  2.001
 88    -0.170 55289.25450404 12.95  83.092722  70.351506  2.001
 88    -0.214 55289.25450469 13.26  83.088162  70.348536  2.001
 88    -0.096 55289.25450533 13.25  83.083602  70.345556  2.001
 88    -0.176 55289.25450598 13.29  83.079042  70.342576  2.001
 88    -0.140 55289.25450662 13.34  83.074482  70.339606  2.001
 88     0.034 55289.25450726 13.11  83.069922  70.336626  2.001
 88     0.154 55289.25450791 12.96  83.065372  70.333646  2.001
 88     0.494 55289.25450855 12.66  83.060822  70.330676  2.001
 89     0.713 55324.25447849  9.07  83.129766  70.367099  1.763
 89     0.684 55324.25447913  9.25  83.125196  70.364119  1.763
 89     0.512 55324.25447978  9.20  83.120626  70.361149  1.763
 89     0.330 55324.25448042  9.42  83.116056  70.358169  1.763
 89     0.267 55324.25448107  9.32  83.111486  70.355199  1.763
 89     0.055 55324.25448171  9.67  83.106926  70.352219  1.763
 89     0.064 55324.25448235  9.88  83.102356  70.349249  1.763
 89     0.092 55324.25448300  9.77  83.097796  70.346269  1.763
 89     0.194 55324.25448364  9.87  83.093236  70.343289  1.763
 89     0.074 55324.25448429  9.81  83.088676  70.340319  1.763
 89     0.092 55324.25448493  9.88  83.084116  70.337339  1.763
 89     0.254 55324.25448558  9.31  83.079556  70.334359  1.763
 89     0.443 55324.25448622  9.01  83.075006  70.331389  1.763
 89     0.846 55324.25448687  8.60  83.070446  70.328409  1.763
 90     3.378 55359.25447735 21.79  83.123243  70.364625 29.143
 90     3.739 55359.25447799 23.54  83.118683  70.361655 29.143
 90     3.638 55359.25447864 26.03  83.114113  70.358675 29.143
 90     3.960 55359.25447928 29.58  83.109543  70.355705 29.143
 90     3.996 55359.25447992 32.49  83.104983  70.352725 29.143
 90     4.170 55359.25448057 37.90  83.100413  70.349755 29.143
 90     4.131 55359.25448121 36.00  83.095853  70.346775 29.143
 90     3.747 55359.25448186 23.46  83.091293  70.343795 29.143
 90     3.795 55359.25448250 26.51  83.086733  70.340825 29.143
 90     3.935 55359.25448315 29.06  83.082173  70.337845 29.143
 90     4.002 55359.25448379 32.10  83.077623  70.334875 29.143
 90     4.021 55359.25448444 31.50  83.073063  70.331895 29.143
 90     4.052 55359.25448508 35.42  83.068513  70.328915 29.143
 91     2.103 55394.25447954 24.25  83.146583  70.372017 13.826
 91     0.235 55394.25448019 24.48  83.142003  70.369047 13.826
 91    -0.463 55394.25448083 26.74  83.137433  70.366067 13.826
 91    -0.423 55394.25448148 24.67  83.132863  70.363097 13.826
 91    -0.671 55394.25448212 25.46  83.128293  70.360117 13.826
 91    -0.884 55394.25448277 21.91  83.123723  70.357147 13.826
 91    -1.364 55394.25448341 21.12  83.119163  70.354167 13.826
 91    -2.002 55394.25448406 19.53  83.114593  70.351197 13.826
 91    -2.580 55394.25448470 16.60  83.110033  70.348217 13.826
 91    -3.549 55394.25448534 17.32  83.105463  70.345247 13.826
 91    -2.716 55394.25448599 17.26  83.100903  70.342267 13.826
 91    -1.893 55394.25448663 20.05  83.096343  70.339287 13.826
 91    -1.370 55394.25448728 21.97  83.091783  70.336317 13.826
 91    -0.773 55394.25448792 26.40  83.087223  70.333337 13.826
 91    -0.301 55394.25448857 29.95  83.082663  70.330367 13.826
 91     0.004 55394.25448921 30.11  83.078113  70.327387 13.826
 91     0.128 55394.25448986 30.96  83.073563  70.324408  9.822
 91     0.558 55394.25449050 29.69  83.069003  70.321438  9.822
 91     1.066 55394.25449115 30.03  83.064453  70.318458  9.822
 92     2.153 55429.25449213 12.48  83.134682  70.367625  9.307
 92     1.698 55429.25449278 12.13  83.130112  70.364655  9.307
 92     0.941 55429.25449342 12.53  83.125542  70.361675  9.307
 92     0.372 55429.25449407 11.97  83.120972  70.358705  9.307
 92     0.276 55429.25449471 11.92  83.116412  70.355725  9.307
 92     0.330 55429.25449536 11.69  83.111842  70.352755  9.307
 92     0.246 55429.25449600 11.84  83.107282  70.349775  9.307
 92     0.320 55429.25449665 12.24  83.102722  70.346805  9.307
 92     0.260 55429.25449729 13.03  83.098152  70.343825  9.307
 92     0.216 55429.25449794 13.10  83.093592  70.340845  9.307
 92     0.113 55429.25449858 14.81  83.089032  70.337875  9.307
 92    -0.051 55429.25449922 16.47  83.084482  70.334895  9.307
 92     0.190 55429.25449987 17.47  83.079922  70.331915  9.307
 92     0.268 55429.25450051 21.36  83.075362  70.328945  9.307
 93     0.066 55464.25445610 35.32  83.113587  70.364615 11.952
 93    -0.138 55464.25445674 29.03  83.109017  70.361645 11.952
 93    -0.269 55464.25445739 24.94  83.104457  70.358665 11.952
 93    -0.749 55464.25445803 22.96  83.099887  70.355685 11.952
 93    -1.291 55464.25445868 23.48  83.095327  70.352715 11.952
 93    -1.002 55464.25445932 20.43  83.090767  70.349735 11.952
 93    -2.515 55464.25445997 21.00  83.086207  70.346765 11.952
 93    -1.066 55464.25446061 19.92  83.081647  70.343785 11.952
 93    -0.686 55464.25446126 19.80  83.077087  70.340805 11.952
 93    -0.414 55464.25446190 21.00  83.072537  70.337835 11.952
 93    -0.050 55464.25446254 23.08  83.067977  70.334855 11.952
 93     0.225 55464.25446319 26.11  83.063427  70.331875 11.952
