-132074.317   219.115     0.00   15.38
-131699.124   222.782     9.77   15.26
-131323.997   222.744    -0.10   14.81
-130948.935   221.115    -4.34   12.92
-130573.940   222.290     3.13   12.87
-130199.010   226.945    12.42   15.45
-129824.146   234.910    21.25   17.44
-129449.347   244.528    25.66   14.96
-129074.615   252.457    21.16    9.33
-128699.948   254.715     6.03    7.20
-128325.346   253.415    -3.47    8.56
-127950.811   250.748    -7.12    9.31
-127576.340   249.241    -4.02    9.09
-127201.936   246.550    -7.19   10.61
-126827.596   243.695    -7.63   11.29
-126453.323   240.354    -8.93   10.53
-126079.114   236.846    -9.37    7.27
-125704.971   235.215    -4.36    4.74
-125330.894   234.291    -2.47    5.01
-124956.881   232.771    -4.06    7.02
-124582.934   231.003    -4.73    7.66
-124209.052   230.670    -0.89    8.73
-123835.236   232.753     5.57   11.36
-123461.484   235.379     7.03   13.89
-123087.798   235.303    -0.20   17.09
-122714.177   230.199   -13.66   21.71
-122340.621   211.978   -48.78   33.38
-121967.130   195.171   -45.00   34.16
-121593.704   191.515    -9.79   31.22
-121220.342   200.432    23.89   35.98
-120847.046   225.723    67.76   33.15
-120473.815   245.289    52.43   13.61
-120100.649   252.015    18.03   10.44
-119727.547   257.667    15.15   14.48
-119354.510   264.081    17.20   16.07
-118981.538   272.302    22.05   13.30
-118608.631   278.303    16.09   10.70
-118235.788   282.505    11.27    9.12
-117863.010   290.106    20.39   10.02
-117490.297   297.518    19.89    8.40
-117117.648   301.772    11.42    6.40
-116745.064   303.908     5.73    4.22
-116372.545   302.439    -3.94    4.73
-116000.090   299.835    -6.99    5.05
-115627.699   298.007    -4.91    4.41
-115255.373   296.545    -3.93    4.30
-114883.111   294.928    -4.34    5.23
-114510.914   291.565    -9.04    6.55
-114138.780   285.779   -15.55    8.97
-113766.712   280.209   -14.97    8.72
-113394.707   275.790   -11.88    6.49
-113022.767   273.262    -6.80    3.29
-112650.890   272.553    -1.91    2.99
-112279.078   270.835    -4.62    5.19
-111907.331   266.986   -10.35    7.77
-111535.647   262.030   -13.34    7.98
-111164.027   258.040   -10.74    7.00
-110792.471   254.434    -9.71    7.07
-110420.980   252.253    -5.87    6.47
-110049.552   251.757    -1.34    5.58
-109678.188   253.584     4.92    5.58
-109306.888   256.627     8.20    4.85
-108935.652   257.115     1.32    4.70
-108564.480   253.894    -8.68    7.26
-108193.371   248.215   -15.30    8.88
-107822.327   240.653   -20.38    8.96
-107451.346   233.389   -19.58    9.53
-107080.428   224.523   -23.90   12.62
-106709.575   211.140   -36.09   19.54
-106338.785   192.026   -51.56   25.71
-105968.058   175.065   -45.75   25.97
-105597.396   166.328   -23.57   22.11
-105226.796   173.120    18.33   25.61
-104856.261   190.209    46.12   27.78
-104485.788   210.140    53.81   19.81
-104115.379   222.640    33.75   12.99
-103745.034   231.019    22.63    6.91
-103374.752   236.118    13.77    5.28
-103004.533   240.636    12.21    5.59
-102634.377   244.734    11.07    4.91
-102264.285   245.865     3.06    5.14
-101894.256   244.572    -3.50    7.06
-101524.290   239.501   -13.71   10.57
-101154.388   230.355   -24.73   13.10
-100784.548   221.612   -23.64   14.72
-100414.772   213.275   -22.55   15.67
-100045.058   206.340   -18.76   16.17
 -99675.408   200.910   -14.69   17.89
 -99305.821   194.698   -16.81   20.08
 -98936.296   184.750   -26.92   24.11
 -98566.835   172.478   -33.22   21.82
 -98197.436   161.437   -29.89   18.01
 -97828.101   149.636   -31.95   17.93
 -97458.828   133.955   -42.47   24.09
 -97089.618   123.822   -27.45   22.06
 -96720.471   116.731   -19.21   20.09
 -96351.387   120.540    10.32   21.48
 -95982.365   129.264    23.64   18.21
 -95613.406   136.215    18.84   14.81
 -95244.510   133.815    -6.51   18.00
 -94875.676   119.328   -39.28   29.93
 -94506.905   103.033   -44.19   34.52
 -94138.196    76.278   -72.57   29.04
 -93769.550    55.353   -56.77   19.12
 -93400.966    41.126   -38.60   13.23
 -93032.445    30.757   -28.14   12.14
 -92663.986    19.665   -30.10   13.55
 -92295.590    11.110   -23.22   13.68
 -91927.256     3.128   -21.67   10.12
 -91558.984    -1.734   -13.20    6.43
 -91190.775    -1.222     1.39   10.23
 -90822.628     4.809    16.38   14.50
 -90454.543    15.500    29.05   17.92
 -90086.521    25.957    28.42   18.14
 -89718.560    41.936    43.43   14.20
 -89350.662    55.414    36.64   16.83
 -88982.826    69.910    39.41   17.75
 -88615.051    84.151    38.72   20.30
 -88247.339   102.213    49.12   22.30
 -87879.689   118.940    45.50   22.14
 -87512.101   135.184    44.19   18.87
 -87144.575   144.515    25.39   16.69
 -86777.111   147.926     9.28   17.68
 -86409.708   144.953    -8.09   18.55
 -86042.368   141.086   -10.53   18.12
 -85675.089   136.290   -13.06   14.87
 -85307.872   134.626    -4.53   11.08
 -84939.599   135.451     2.24    8.11
 -84559.640   135.289    -0.43    5.15
 -84179.748   137.202     5.04    3.72
 -83799.923   138.238     2.73    3.81
 -83420.165   140.578     6.16    5.85
 -83040.473   144.186     9.50    6.31
 -82660.847   145.240     2.78    6.98
 -82281.289   138.703   -17.22   15.33
 -81901.796   121.847   -44.42   25.46
 -81522.370    98.417   -61.76   30.88
 -81143.011    75.065   -61.56   25.53
 -80763.718    54.503   -54.22   21.95
 -80384.491    36.234   -48.18   19.57
 -80005.331    22.215   -36.98   17.73
 -79626.237    10.275   -31.50   13.49
 -79247.209     4.328   -15.69   12.29
 -78868.247     0.226   -10.83   10.60
 -78489.352    -3.609   -10.12    6.30
 -78110.522    -5.399    -4.73    1.36
 -77731.759    -5.659    -0.69    0.16
 -77353.062    -5.052     1.60    2.36
 -76974.431    -4.140     2.41    3.81
 -76595.866    -3.960     0.48    3.80
 -76217.367    -3.415     1.44    4.13
 -75838.934    -4.110    -1.83    3.63
 -75460.567    -4.982    -2.31    2.23
 -75082.265    -5.475    -1.30    1.19
 -74704.030    -5.630    -0.41    0.46
 -74325.860    -4.938     1.83    4.34
 -73947.756    -3.659     3.38    7.15
 -73569.718    -2.047     4.26   10.42
 -73191.745    -0.053     5.28   12.69
 -72813.838     2.103     5.71   13.90
 -72435.997     3.147     2.76   14.60
 -72058.221     2.431    -1.89   13.42
 -71680.511     1.878    -1.46   12.56
 -71302.867     2.118     0.64   10.76
 -70925.288     3.341     3.24    9.65
 -70547.774     8.368    13.32   12.94
 -70170.326    19.903    30.56   20.21
 -69792.943    32.658    33.80   23.37
 -69415.626    50.440    47.13   28.05
 -69038.373    65.065    38.77   27.13
 -68661.187    74.783    25.76   22.61
 -68284.065    70.761   -10.66   29.11
 -67907.009    55.465   -40.57   31.84
 -67530.017    47.921   -20.01   27.89
 -67153.091    62.515    38.72   39.35
 -66776.230    99.069    97.00   43.31
 -66399.435   132.126    87.74   34.57
 -66022.704   153.797    57.53   23.84
 -65646.038   166.878    34.73   15.17
 -65269.437   175.936    24.05   10.14
 -64892.901   180.710    12.68    9.12
 -64516.430   181.189     1.27   10.21
 -64140.024   178.931    -6.00   10.88
 -63763.683   175.733    -8.50    9.91
 -63387.407   172.999    -7.27    7.93
 -63011.195   173.391     1.04    7.27
 -62635.048   174.582     3.17    6.94
 -62258.966   175.615     2.75    8.19
 -61882.948   178.045     6.46   11.24
 -61506.995   181.903    10.26   13.70
 -61131.107   182.613     1.89   15.36
 -60755.283   181.134    -3.94   16.11
 -60379.524   179.421    -4.56   15.84
 -60003.830   179.290    -0.35   14.07
 -59628.199   178.158    -3.02   15.00
 -59252.634   176.940    -3.24   15.68
 -58877.132   176.829    -0.30   19.06
 -58501.695   177.043     0.57   21.80
 -58126.323   180.553     9.35   19.27
 -57751.014   181.265     1.90   14.30
 -57375.770   175.986   -14.07   12.65
 -57000.591   168.562   -19.79   10.79
 -56625.475   164.645   -10.44    9.51
 -56250.424   165.043     1.06   11.73
 -55875.436   167.834     7.45   13.78
 -55500.513   172.692    12.96   13.06
 -55125.654   172.418    -0.73   12.91
 -54750.859   172.559     0.38   12.45
 -54376.128   174.746     5.84   12.83
 -54001.461   175.235     1.31   13.14
 -53626.858   168.565   -17.81   19.67
 -53252.319   155.248   -35.56   24.32
 -52877.843   158.865     9.66   27.72
 -52503.432   164.605    15.33   31.05
 -52129.084   178.380    36.80   26.86
 -51754.800   191.856    36.01   11.44
 -51380.580   187.890   -10.60   13.74
 -51006.424   176.384   -30.75   18.29
 -50632.331   158.578   -47.60   27.87
 -50258.302   142.750   -42.32   24.73
 -49884.336   137.050   -15.24   23.73
 -49510.434   142.252    13.91   30.17
 -49136.596   158.923    44.60   30.34
 -48762.821   177.796    50.49   21.54
 -48389.110   186.847    24.22   21.29
 -48015.462   189.445     6.95   31.60
 -47641.877   186.214    -8.65   35.99
 -47268.356   181.484   -12.66   33.47
 -46894.898   182.640     3.10   26.30
 -46521.504   191.740    24.37   25.37
 -46148.173   198.003    16.78   24.94
 -45774.905   204.200    16.60   16.45
 -45401.700   201.939    -6.06   16.53
 -45028.559   194.751   -19.26   13.31
 -44655.480   191.250    -9.39   11.28
 -44282.465   196.238    13.37   11.72
 -43909.513   201.240    13.41   12.45
 -43536.624   207.721    17.38   12.13
 -43163.798   212.160    11.91    8.12
 -42791.035   210.632    -4.10    8.35
 -42418.335   207.750    -7.73    9.11
 -42045.698   203.615   -11.09   10.35
 -41673.123   199.355   -11.43   10.96
 -41300.612   193.098   -16.80   13.34
 -40928.164   189.315   -10.15   14.01
 -40555.778   188.444    -2.34   11.37
 -40183.455   185.769    -7.18    9.89
 -39811.195   178.100   -20.60   17.65
 -39438.997   164.062   -37.72   23.41
 -39066.862   146.890   -46.15   21.38
 -38694.790   132.155   -39.60   16.54
 -38322.780   119.834   -33.12   17.17
 -37950.833   111.653   -22.00   16.44
 -37578.949   103.328   -22.39   16.57
 -37207.127    94.521   -23.69   12.22
 -36835.368    86.865   -20.59   12.82
 -36463.671    78.494   -22.52    9.89
 -36092.036    72.753   -15.45    8.32
 -35720.464    68.640   -11.07    7.04
 -35348.954    65.928    -7.30    8.18
 -34977.506    63.055    -7.73    9.51
 -34606.121    63.939     2.38   11.37
 -34234.798    69.464    14.88   15.97
 -33863.538    78.378    24.01   19.42
 -33492.339    89.788    30.74   17.68
 -33121.203    98.565    23.65   20.70
 -32750.128    98.275    -0.78   26.85
 -32379.116    90.890   -19.90   33.09
 -32008.166    79.055   -31.91   32.53
 -31637.278    66.497   -33.86   21.03
 -31266.452    65.165    -3.59   19.67
 -30895.688    70.290    13.83   24.51
 -30524.986    76.694    17.27   25.58
 -30154.346    80.165     9.37   25.08
 -29783.768    80.559     1.06   23.99
 -29413.251    75.953   -12.43   21.38
 -29042.797    69.599   -17.15   17.83
 -28672.404    63.861   -15.49   15.37
 -28302.073    58.685   -13.98    9.52
 -27931.803    57.012    -4.52    7.00
 -27561.596    56.626    -1.04    7.31
 -27191.450    56.553    -0.20    7.86
 -26821.365    57.024     1.27    7.84
 -26451.343    56.590    -1.17    8.45
 -26081.381    54.653    -5.24    9.72
 -25711.482    51.848    -7.58    9.70
 -25341.644    47.856   -10.79    6.14
 -24971.867    51.592    10.10   12.05
 -24602.152    61.978    28.09   19.04
 -24232.498    70.415    22.83   18.06
 -23862.906    76.440    16.30   14.21
 -23493.375    72.140   -11.64   16.67
 -23123.905    63.653   -22.97   13.49
 -22754.496    63.513    -0.38   13.55
 -22385.149    67.439    10.63   17.97
 -22015.863    75.848    22.77   22.34
 -21646.639    84.788    24.21   21.51
 -21277.475    92.540    21.00   21.05
 -20908.373    96.000     9.37   20.01
 -20539.331    95.853    -0.40   18.75
 -20170.351    96.180     0.89   16.97
 -19801.432    94.572    -4.36   13.16
 -19432.574    97.505     7.95   12.12
 -19063.777   105.406    21.43   14.38
 -18695.040   118.451    35.38   19.34
 -18326.365   135.572    46.44   23.28
 -17957.751   153.449    48.50   22.91
 -17589.197   167.915    39.25   15.68
 -17220.704   174.035    16.61    9.79
 -16852.272   171.240    -7.59   10.73
 -16483.901   165.013   -16.90   10.07
 -16115.591   157.533   -20.31    9.28
 -15747.341   154.147    -9.20    8.95
 -15379.152   151.328    -7.65   11.53
 -15011.024   148.105    -8.76   11.29
 -14642.956   143.594   -12.26   10.36
 -14274.949   139.342   -11.55    9.83
 -13907.002   134.531   -13.08   12.03
 -13539.116   128.763   -15.68   12.52
 -13171.290   123.123   -15.33   12.01
 -12803.525   119.607    -9.56    9.88
 -12435.821   118.353    -3.41    9.71
 -12068.176   119.957     4.36   13.00
 -11700.592   124.354    11.96   16.28
 -11333.069   125.108     2.05   15.00
 -10965.606   121.737    -9.17   15.10
 -10598.203   115.961   -15.72   14.23
 -10230.860   110.329   -15.33   11.64
  -9852.562   109.796    -1.41   12.03
  -9472.807   118.075    21.80   15.62
  -9093.117   126.227    21.47   15.62
  -8713.491   129.894     9.66   11.71
  -8333.930   128.381    -3.99   11.36
  -7954.435   126.417    -5.18   10.22
  -7575.003   126.413    -0.01    9.69
  -7195.637   127.518     2.91    8.62
  -6816.335   125.124    -6.31   10.17
  -6437.098   116.290   -23.29   13.30
  -6057.926   107.095   -24.25   14.52
  -5678.818    97.739   -24.68   17.56
  -5299.775    84.480   -34.98   21.74
  -4920.796    72.636   -31.25   23.44
  -4541.882    58.328   -37.76   20.70
  -4163.033    46.223   -31.95   16.25
  -3784.247    36.615   -25.37   14.22
  -3405.527    30.342   -16.56   13.61
  -3026.870    25.999   -11.47   13.18
  -2648.278    21.843   -10.98   13.26
  -2269.750    14.913   -18.31   10.93
  -1891.287     9.194   -15.11    7.71
  -1512.887     6.355    -7.50    6.23
  -1134.552     5.635    -1.90    7.27
   -756.281     4.290    -3.56    6.95
   -378.075     1.947    -6.20    4.96
      0.068     0.526    -3.76    3.45
    378.147     0.095    -1.14    2.17
    756.161     0.618     1.38    2.68
   1134.112     2.640     5.35    4.45
   1511.998     6.173     9.35    7.37
   1889.821     9.079     7.69    9.44
   2267.580    13.507    11.72   11.27
   2645.274    16.553     8.06   10.98
   3022.905    18.521     5.21   10.48
   3400.473    22.378    10.22    8.17
   3777.976    24.475     5.56    6.73
   4155.416    23.662    -2.16    6.23
   4532.792    20.502    -8.37    6.41
   4910.104    18.212    -6.07    4.12
   5287.352    17.328    -2.34    2.59
   5664.537    17.546     0.58    2.35
   6041.659    17.264    -0.75    2.10
   6418.717    16.565    -1.85    1.80
   6795.711    16.480    -0.23    1.84
   7172.642    16.437    -0.11    1.93
   7549.509    16.690     0.67    1.77
   7926.313    16.761     0.19    1.80
   8303.054    16.513    -0.66    1.72
   8679.731    16.510    -0.01    1.73
   9056.345    17.783     3.38    3.82
   9432.895    19.072     3.42    4.54
   9809.383    19.764     1.84    3.93
  10185.807    19.289    -1.26    3.71
  10562.168    16.834    -6.52    5.41
  10938.466    12.855   -10.58    5.80
  11314.700     9.918    -7.81    4.12
  11690.872     7.658    -6.01    2.36
  12066.980     7.277    -1.01    2.76
  12443.026     8.809     4.07    4.70
  12819.008     9.679     2.31    5.51
  13194.927    12.144     6.56    6.58
  13570.784    15.408     8.68    5.97
  13946.578    18.585     8.45    4.50
  14322.308    21.355     7.37    2.30
  14697.976    22.490     3.02    2.07
  15073.581    21.913    -1.54    2.22
  15449.124    20.440    -3.92    3.56
  15824.603    18.451    -5.30    5.13
  16200.020    17.658    -2.11    6.17
  16575.374    16.891    -2.04    6.67
  16950.666    17.789     2.39    6.18
  17325.894    19.513     4.59    4.95
  17701.061    20.777     3.37    3.61
  18076.164    22.013     3.29    1.67
  18451.206    22.380     0.98    1.47
  18826.184    23.144     2.04    1.68
  19201.101    23.622     1.27    1.72
  19575.954    24.160     1.43    1.76
  19950.746    23.757    -1.07    2.22
  20325.475    22.263    -3.99    3.78
  20700.142    20.789    -3.93    3.98
  21074.746    20.381    -1.09    3.90
  21449.288    21.579     3.20    2.86
  21823.768    23.315     4.64    2.81
  22198.186    25.475     5.77    3.01
  22572.541    27.115     4.38    4.02
  22946.835    29.232     5.65    4.94
  23321.066    29.910     1.81    6.81
  23695.235    30.315     1.08    7.18
  24069.342    30.223    -0.25    5.27
  24443.387    29.607    -1.65    3.99
  24817.370    29.588    -0.05    3.74
  25191.291    28.775    -2.17    3.97
  25565.151    27.631    -3.06    2.89
  25938.948    26.897    -1.97    2.06
  26312.683    27.100     0.55    2.21
  26686.357    27.180     0.21    2.52
  27059.969    25.834    -3.60    3.95
  27433.519    25.079    -2.02    4.55
  27807.007    23.796    -3.43    4.32
  28180.434    23.458    -0.90    4.17
  28553.798    24.887     3.83    4.62
  28927.102    25.898     2.71    5.25
  29300.343    26.627     1.95    5.15
  29673.523    27.431     2.15    4.65
  30046.642    28.460     2.76    4.10
  30419.699    30.588     5.70    4.56
  30792.694    32.502     5.13    4.14
  31165.628    34.880     6.37    2.79
  31538.501    36.026     3.07    1.85
  31911.312    35.110    -2.46    2.78
  32284.062    34.582    -1.42    2.87
  32656.750    33.223    -3.65    2.69
  33029.377    32.908    -0.85    2.92
  33401.943    33.894     2.65    3.45
  33774.448    35.489     4.28    3.62
  34146.891    37.079     4.27    3.30
  34519.273    38.192     2.99    3.07
  34891.594    38.665     1.27    2.61
  35263.854    38.913     0.66    2.40
  35636.053    38.885    -0.07    2.73
  36008.191    38.399    -1.31    3.32
  36380.267    37.421    -2.63    3.96
  36752.283    35.996    -3.83    3.63
  37124.238    35.710    -0.77    2.75
  37496.132    35.701    -0.02    2.00
  37867.964    36.487     2.11    1.64
  38239.736    36.631     0.39    1.68
  38611.448    36.731     0.27    1.87
  38983.098    37.589     2.31    1.99
  39354.687    38.365     2.09    2.21
  39726.216    38.748     1.03    2.47
  40097.684    38.227    -1.40    3.32
  40469.092    36.532    -4.56    3.52
  40840.438    35.341    -3.21    2.61
  41211.724    34.915    -1.15    2.22
  41582.950    35.342     1.15    2.50
  41954.114    35.969     1.69    1.98
  42325.219    35.889    -0.22    2.11
  42696.262    36.158     0.72    2.05
  43067.246    36.995     2.26    2.92
  43438.168    38.755     4.75    3.10
  43809.031    39.986     3.32    2.61
  44179.833    40.532     1.47    2.13
  44550.574    40.860     0.88    2.31
  44921.256    41.579     1.94    2.71
  45291.877    42.815     3.34    2.81
  45662.437    43.689     2.36    2.23
  46032.938    44.052     0.98    1.75
  46403.378    44.582     1.43    1.87
  46773.758    44.689     0.29    2.22
  47144.078    45.955     3.42    2.98
  47514.337    47.523     4.23    3.14
  47884.537    47.908     1.04    3.61
  48254.677    48.239     0.89    3.81
  48624.756    47.729    -1.38    3.96
  48994.775    47.367    -0.98    3.99
  49364.735    47.462     0.26    3.15
  49734.634    48.809     3.64    3.18
  50104.474    50.671     5.03    3.83
  50474.254    52.065     3.77    3.81
  50843.974    53.447     3.74    4.88
  51213.634    52.862    -1.58    6.10
  51583.234    51.618    -3.37    7.12
  51952.774    50.197    -3.85    7.27
  52322.255    48.513    -4.56    5.66
  52691.676    48.861     0.94    4.85
  53061.037    51.369     6.79    3.76
  53430.339    53.777     6.52    4.46
  53799.581    55.856     5.63    3.55
  54168.763    57.469     4.37    3.14
  54537.886    59.579     5.71    3.69
  54906.949    60.960     3.74    4.55
  55275.953    62.356     3.78    3.90
  55644.897    63.049     1.88    3.43
  56013.782    64.209     3.14    3.73
  56382.607    65.675     3.98    3.98
  56751.373    67.815     5.80    3.73
  57120.080    69.341     4.14    2.82
  57488.727    69.889     1.48    2.68
  57857.315    70.059     0.46    2.50
  58225.844    71.005     2.57    4.43
  58594.314    74.457     9.37    6.83
  58962.724    78.329    10.51    6.48
  59331.075    81.533     8.70    3.77
  59699.367    82.182     1.76    2.73
  60067.599    81.065    -3.03    3.31
  60435.773    80.734    -0.90    4.14
  60803.888    81.262     1.43    4.63
  61171.943    83.663     6.52    5.41
  61539.940    85.921     6.14    6.15
  61907.877    88.653     7.43    5.96
  62275.756    90.737     5.66    4.52
  62643.575    91.484     2.03    4.05
  63011.336    90.674    -2.20    4.75
  63379.038    90.871     0.53    5.34
  63746.681    91.467     1.62    6.11
  64114.265    92.496     2.80    6.83
  64481.790    95.105     7.10    5.97
  64857.540    95.454     0.93    4.55
  65237.160    93.862    -4.19    4.89
  65616.717    91.262    -6.85    4.16
  65996.210    89.261    -5.27    3.39
  66375.641    88.802    -1.21    3.16
  66755.008    89.160     0.94    2.53
  67134.312    90.276     2.94    2.54
  67513.554    91.449     3.09    2.24
  67892.732    92.174     1.91    2.86
  68271.847    93.190     2.68    3.15
  68650.900    93.024    -0.44    3.26
  69029.889    92.065    -2.53    3.43
  69408.816    90.442    -4.28    4.23
  69787.680    89.680    -2.01    4.42
  70166.480    89.585    -0.25    4.68
  70545.219    91.394     4.78    5.37
  70923.894    93.419     5.35    5.07
  71302.507    94.631     3.20    4.79
  71681.057    95.409     2.05    4.01
  72059.544    95.315    -0.25    3.08
  72437.969    93.721    -4.21    4.09
  72816.332    91.542    -5.76    4.79
  73194.631    89.149    -6.33    3.44
  73572.868    88.144    -2.66    2.41
  73951.043    88.288     0.38    1.96
  74329.155    88.771     1.28    2.28
  74707.205    90.180     3.73    3.57
  75085.193    91.406     3.24    3.83
  75463.118    91.795     1.03    3.33
  75840.980    92.129     0.88    3.05
  76218.781    91.723    -1.07    2.77
  76596.519    91.978     0.67    2.82
  76974.195    93.151     3.11    2.65
  77351.808    93.428     0.73    2.48
  77729.360    93.862     1.15    2.62
  78106.849    93.815    -0.12    2.70
  78484.277    92.592    -3.24    2.91
  78861.642    91.163    -3.79    2.74
  79238.945    90.303    -2.28    2.28
  79616.186    89.099    -3.19    2.22
  79993.365    89.160     0.16    2.18
  80370.482    88.761    -1.06    2.42
  80747.538    87.809    -2.53    2.27
  81124.531    87.039    -2.04    2.30
  81501.462    85.342    -4.50    2.23
  81878.332    83.763    -4.19    2.82
  82255.140    81.586    -5.78    3.45
  82631.886    78.969    -6.95    3.17
  83008.570    76.752    -5.88    3.26
  83385.193    73.609    -8.35    4.31
  83761.754    71.215    -6.36    3.85
  84138.253    69.960    -3.33    3.10
  84514.691    69.247    -1.89    3.09
  84891.067    68.763    -1.29    3.58
  85267.381    67.022    -4.63    3.91
  85643.634    64.303    -7.23    4.49
  86019.826    60.815    -9.27    3.88
  86395.956    58.761    -5.46    3.03
  86772.025    57.182    -4.20    2.69
  87148.032    55.982    -3.19    2.20
  87523.978    54.406    -4.19    3.19
  87899.862    52.515    -5.03    3.15
  88275.685    50.290    -5.92    3.19
  88651.447    47.987    -6.13    2.49
  89027.148    46.395    -4.24    2.41
  89402.787    44.801    -4.24    2.10
  89778.365    44.209    -1.58    2.04
  90153.882    44.558     0.93    2.68
  90529.338    43.881    -1.80    3.45
  90904.733    43.466    -1.11    3.40
  91280.067    42.394    -2.86    2.79
  91655.340    42.449     0.14    2.53
  92030.551    42.572     0.33    2.81
  92405.702    41.883    -1.84    2.79
  92780.792    41.671    -0.57    2.92
  93155.821    41.924     0.67    3.42
  93530.789    43.222     3.46    3.44
  93905.696    43.131    -0.24    2.99
  94280.542    41.184    -5.19    3.46
  94655.328    39.684    -4.00    3.11
  95030.052    39.248    -1.16    2.79
  95404.716    40.140     2.38    3.81
  95779.320    41.538     3.73    3.91
  96153.862    42.355     2.18    4.38
  96528.344    43.087     1.95    5.60
  96902.765    46.289     8.55    8.75
  97277.126    53.677    19.73   12.62
  97651.426    64.710    29.48   14.84
  98025.666    77.301    33.64   13.28
  98399.845    87.065    26.09   12.60
  98773.964    93.754    17.88   11.57
  99148.022    96.835     8.24   13.40
  99522.020    98.510     4.48   17.15
  99895.957    99.978     3.93   18.73
 100269.834   101.978     5.35   19.55
 100643.651   100.750    -3.28   20.17
 101017.408    99.555    -3.19   18.40
 101391.104    98.789    -2.05   15.49
 101764.740   102.013     8.63   13.03
 102138.316   106.142    11.05   12.15
 102511.831   112.261    16.38   11.99
 102885.287   117.153    13.10   12.40
 103258.682   122.535    14.41   10.43
 103632.018   126.110     9.58    7.65
 104005.293   127.755     4.41    5.18
 104378.508   126.261    -4.00    6.78
 104751.663   120.769   -14.72    9.76
 105124.759   114.996   -15.47    9.00
 105497.794   110.144   -13.00    7.68
 105870.769   106.732    -9.15    9.01
 106243.685   106.176    -1.49    9.30
 106616.541   106.302     0.34    7.79
 106989.336   107.880     4.23    6.57
 107362.073   111.496     9.70    6.39
 107734.749   116.039    12.19    6.48
 108107.365   119.006     7.96    4.65
 108479.922   116.609    -6.43    9.73
 108852.420   109.425   -19.28   13.47
 109224.857   103.782   -15.15   12.63
 109597.235    98.959   -12.95    8.40
 109969.553    99.973     2.72    6.79
 110341.812   104.329    11.70    7.25
 110714.012   107.370     8.17    7.29
 111086.151   110.891     9.46    7.79
 111458.232   114.555     9.85    7.47
 111830.253   118.129     9.60    6.15
 112202.214   120.776     7.12    4.19
 112574.116   121.129     0.95    4.73
 112945.959   119.394    -4.66    6.29
 113317.742   117.409    -5.34    6.37
 113689.467   116.140    -3.41    5.31
 114061.131   116.261     0.33    4.71
 114432.737   117.059     2.15    4.89
 114804.283   117.829     2.07    4.52
 115175.771   118.275     1.20    3.91
 115547.199   118.460     0.50    2.91
 115918.568   118.842     1.03    2.39
 116289.878   118.684    -0.43    2.79
 116661.128   117.775    -2.45    3.51
 117032.320   115.870    -5.13    3.64
 117403.453   114.905    -2.60    3.12
 117774.527   114.548    -0.96    2.55
 118145.542   114.452    -0.26    2.69
 118516.498   113.247    -3.25    4.43
 118887.395   110.494    -7.42    5.49
 119258.233   107.424    -8.28    4.69
 119629.012   102.857   -12.31    7.57
 119999.733    96.929   -15.99   10.72
 120370.394    92.690   -11.43   10.51
 120740.997    88.902   -10.22    8.40
 121111.542    86.865    -5.50    6.34
 121482.027    87.237     1.00    6.13
 121852.454    89.704     6.66    5.33
 122222.822    91.341     4.42    4.36
 122593.132    93.024     4.54    3.13
 122963.383    93.926     2.44    2.93
 123333.576    93.510    -1.12    3.27
 123703.710    93.022    -1.32    3.26
 124073.785    91.579    -3.90    2.88
 124443.802    90.947    -1.71    2.37
 124813.761    89.987    -2.60    1.99
 125183.661    88.460    -4.13    3.11
 125553.503    86.530    -5.22    3.16
 125923.287    84.542    -5.37    2.83
 126293.012    82.787    -4.75    2.39
 126662.679    81.569    -3.29    3.32
 127032.287    79.544    -5.48    3.94
 127401.838    77.862    -4.55    3.39
 127771.330    76.901    -2.60    3.31
 128140.764    76.022    -2.38    3.31
 128510.139    75.721    -0.81    3.34
 128879.457    75.342    -1.03    2.83
 129248.717    72.456    -7.81    6.65
 129617.918    66.635   -15.76    9.84
 129987.062    61.428   -14.10    8.44
 130356.147    58.222    -8.69    5.43
 130725.175    57.315    -2.46    3.12
 131094.144    59.367     5.56    4.12
 131463.056    61.454     5.66    4.63
 131831.909    64.144     7.29    4.18
 132200.705    67.371     8.75    2.85
 132569.443    69.929     6.94    4.10
 132938.123    72.569     7.16    4.07
 133306.745    75.049     6.73    3.23
 133675.310    76.766     4.66    2.16
 134043.817    78.697     5.24    2.50
 134412.266    81.727     8.22    5.47
 134780.657    85.942    11.44    6.19
 135148.991    89.087     8.54    4.31
 135517.267    89.875     2.14    3.44
 135885.486    90.401     1.43    3.72
 136253.647    90.969     1.54    4.31
 136621.750    89.287    -4.57    7.57
 136989.796    87.035    -6.12    8.78
 137357.784    84.601    -6.61    8.66
 137725.715    84.662     0.17    7.73
 138093.589    88.801    11.25    5.41
 138461.405    90.079     3.47    4.93
 138829.164    89.040    -2.82    6.58
 139196.865    85.862    -8.64    8.48
 139570.285    84.541    -3.54    8.84
 139949.774    84.022    -1.37    8.37
 140329.202    83.754    -0.71    8.43
 140708.567    83.783     0.08    7.80
 141087.872    84.275     1.30    7.67
 141467.115    84.464     0.50    7.87
 141846.297    85.410     2.49    8.01
 142225.417    87.153     4.60    7.76
 142604.476    86.978    -0.46    7.57
 142983.473    86.617    -0.95    7.15
 143362.410    88.329     4.52    7.00
 143741.285    89.829     3.96    7.67
 144120.099    92.502     7.05    8.10
 144498.852    96.190     9.74    7.89
 144877.543   100.947    12.56    6.32
 145256.174   104.464     9.29    5.02
 145634.743   105.437     2.57    4.76
 146013.251   104.667    -2.03    5.76
 146391.699   104.042    -1.65    5.92
 146770.085   104.932     2.35    5.69
 147148.410   106.603     4.42    5.69
 147526.675   109.769     8.37    4.74
 147904.878   111.173     3.71    4.54
 148283.021   111.049    -0.33    4.13
 148661.102   109.844    -3.19    5.29
 149039.123   108.005    -4.87    5.41
 149417.083   104.863    -8.31    5.33
 149794.983   104.329    -1.41    5.38
 150172.821   105.099     2.04    5.03
 150550.599   105.140     0.11    5.07
 150928.317   105.235     0.25    5.21
 151305.973   104.781    -1.20    4.98
 151683.569   105.328     1.45    4.50
 152061.105   106.329     2.65    3.37
 152438.580   106.542     0.56    2.83
 152815.994   104.635    -5.05    4.11
 153193.348   102.223    -6.39    5.03
 153570.641    99.038    -8.44    4.84
 153947.874    96.815    -5.89    4.05
 154325.047    95.478    -3.55    3.53
 154702.159    94.529    -2.52    2.98
 155079.211    93.424    -2.93    2.70
 155456.202    92.599    -2.19    2.31
 155833.134    91.849    -1.99    1.38
 156210.005    92.165     0.84    1.29
 156586.815    92.742     1.53    1.25
 156963.566    92.992     0.66    1.31
 157340.256    93.569     1.53    1.08
 157716.887    94.139     1.51    1.67
 158093.457    96.155     5.35    4.63
 158469.967    98.044     5.02    5.79
 158846.417    98.329     0.76    6.25
 159222.807    98.083    -0.65    7.01
 159599.137    97.083    -2.66    7.14
 159975.407    94.288    -7.42    5.63
 160351.617    92.595    -4.50    3.77
 160727.767    91.075    -4.04    1.68
 161103.858    91.425     0.93    3.45
 161479.888    91.603     0.47    3.99
 161855.859    91.399    -0.54    3.81
 162231.770    91.653     0.68    3.15
 162607.621    92.615     2.56    3.60
 162983.412    95.689     8.18    5.16
 163359.144    99.095     9.06    5.01
 163734.816   101.221     5.66    3.80
 164110.428   101.773     1.47    3.42
 164485.981    99.035    -7.29    5.29
 164861.474    96.220    -7.50    5.75
 165236.908    94.329    -5.04    5.34
 165612.282    91.822    -6.68    3.38
 165987.597    91.435    -1.03    2.05
 166362.852    93.069     4.35    3.28
 166738.047    94.315     3.32    3.69
 167113.184    95.451     3.03    3.55
 167488.261    96.315     2.31    3.24
 167863.278    96.223    -0.25    3.11
 168238.236    95.454    -2.05    3.62
 168613.135    95.118    -0.90    4.51
 168987.975    94.802    -0.84    4.89
 169362.755    94.435    -0.98    4.56
 169737.477    95.302     2.31    4.31
 170112.139    96.755     3.88    4.77
 170486.742    99.607     7.61    6.42
 170861.285   101.697     5.58    5.87
 171235.770   103.124     3.81    4.83
 171610.196   102.197    -2.47    4.77
 171984.562   100.151    -5.46    4.67
 172358.870    98.395    -4.69    4.34
 172733.118    98.072    -0.86    4.49
 173107.308    97.005    -2.85    4.94
 173481.439    96.991    -0.04    5.62
 173855.510    97.398     1.09    5.36
 174229.523    97.545     0.39    5.51
 174603.477    97.836     0.78    5.19
 174977.373    98.274     1.17    4.93
 175351.209    98.535     0.70    4.52
 175724.987    99.370     2.23    4.45
 176098.706   100.144     2.07    4.56
 176472.366    99.929    -0.58    4.70
 176845.968    99.558    -0.99    5.13
 177219.511    98.715    -2.26    5.81
 177592.995    98.687    -0.08    6.65
 177966.421    97.129    -4.17    6.44
 178339.788    94.794    -6.25    4.90
 178713.097    94.398    -1.06    5.20
 179086.347    94.231    -0.45    5.84
 179459.539    93.631    -1.61    5.40
 179832.672    93.024    -1.63    5.15
 180205.747    92.274    -2.01    5.42
 180578.764    90.658    -4.33    4.62
 180951.722    91.870     3.25    8.40
 181324.621    94.507     7.07   11.30
 181697.463    96.110     4.30   12.23
 182070.246    96.110     0.00   12.51
 182442.971    93.194    -7.82   10.94
 182815.638    90.775    -6.49    7.17
 183188.246    91.795     2.74    6.68
 183560.797    94.937     8.43    7.08
 183933.289    96.024     2.92    6.70
 184305.723    95.343    -1.83    6.76
 184678.099    92.963    -6.39    6.32
 185050.417    90.502    -6.61    5.53
 185422.677    87.915    -6.95    3.57
 185794.879    86.395    -4.08    1.90
 186167.023    85.544    -2.29    1.80
 186539.109    85.235    -0.83    2.13
 186911.138    84.992    -0.66    2.40
 187283.108    85.435     1.19    3.09
 187655.020    86.527     2.93    3.82
 188026.875    87.889     3.66    4.38
 188398.672    88.538     1.74    4.38
 188770.411    88.356    -0.49    4.50
 189142.092    87.617    -1.99    4.41
 189513.715    86.382    -3.32    3.64
 189885.281    84.982    -3.77    3.19
 190256.789    84.835    -0.39    3.09
 190628.240    85.275     1.18    3.02
 190999.633    85.237    -0.10    2.85
 191370.968    84.397    -2.26    3.23
 191742.246    83.526    -2.34    3.45
 192113.466    82.032    -4.02    3.27
 192484.629    80.586    -3.90    2.71
 192855.734    80.424    -0.44    3.22
 193226.782    80.491     0.18    3.45
 193597.772    80.572     0.22    3.45
 193968.705    80.518    -0.15    3.72
 194339.581    79.494    -2.76    3.72
 194710.399    78.384    -2.99    2.14
 195081.160    78.288    -0.26    1.99
 195451.864    78.548     0.70    2.01
 195822.511    78.653     0.28    1.85
 196193.100    78.726     0.20    1.84
 196563.632    78.475    -0.68    1.88
 196934.107    78.468    -0.02    2.03
 197304.524    78.487     0.05    2.21
 197674.885    78.482    -0.01    2.21
 198045.188    78.862     1.03    2.87
 198415.435    79.583     1.95    3.11
 198785.624    80.089     1.37    3.62
 199155.757    80.935     2.29    3.98
 199525.832    81.195     0.70    4.13
 199895.850    80.794    -1.08    4.36
 200265.812    79.464    -3.59    3.70
 200635.716    78.851    -1.66    3.56
 201005.564    78.113    -1.99    3.86
 201375.355    76.558    -4.20    3.18
 201745.089    75.329    -3.32    2.77
 202114.766    74.404    -2.50    2.54
 202484.387    75.599     3.23    4.15
 202853.950    77.580     5.36    5.42
 203223.457    79.194     4.37    5.63
 203592.908    81.360     5.86    5.08
 203962.301    82.045     1.86    4.17
 204331.638    81.948    -0.26    3.39
 204700.919    80.875    -2.90    3.85
 205070.143    79.948    -2.51    3.68
 205439.310    79.715    -0.63    3.18
 205808.421    79.213    -1.36    1.63
 206177.475    79.782     1.54    1.24
 206546.472    80.110     0.89    0.78
 206915.414    79.809    -0.82    0.94
 207284.299    79.418    -1.06    0.88
 207653.127    79.089    -0.89    0.89
 208021.899    78.874    -0.58    0.90
 208390.615    78.742    -0.36    0.87
 208759.274    78.536    -0.56    0.91
 209127.878    78.609     0.20    0.91
 209496.424    78.536    -0.20    0.99
 209864.915    78.689     0.41    0.96
 210233.349    78.992     0.82    0.78
 210601.728    79.115     0.34    0.70
 210970.050    79.227     0.30    0.73
 211338.316    79.155    -0.19    0.77
 211706.526    79.168     0.04    0.78
 212074.679    79.075    -0.25    0.82
 212442.777    78.963    -0.31    0.86
 212810.819    79.102     0.38    1.06
 213178.804    79.227     0.34    1.17
 213546.734    79.529     0.82    1.08
 213914.608    79.830     0.82    0.94
 214285.918    80.182     0.95    0.84
 214665.277    80.562     1.00    0.74
 215044.576    80.905     0.90    0.74
 215423.815    81.190     0.75    0.75
 215802.994    81.383     0.51    0.69
 216182.114    81.631     0.65    0.68
 216561.173    81.746     0.30    0.78
 216940.173    82.028     0.74    0.89
 217319.114    82.244     0.57    0.82
 217697.994    82.155    -0.23    0.82
 218076.815    82.227     0.19    0.86
 218455.577    82.167    -0.16    0.90
 218834.278    82.399     0.61    1.24
 219212.920    83.425     2.71    1.85
 219591.503    86.165     7.24    5.56
 219970.026    88.466     6.08    9.03
 220348.490    94.721    16.52   14.68
 220726.894   100.843    16.18   16.82
 221105.238   109.000    21.56   16.62
 221483.524   117.431    22.28   11.42
 221861.750   122.289    12.84    5.34
 222239.916   124.213     5.09    3.65
 222618.023   123.829    -1.01    5.03
 222996.071   124.358     1.40    5.80
 223374.060   122.685    -4.42    7.59
 223751.990   119.603    -8.15    8.61
 224129.860   117.110    -6.60    7.94
 224507.671   116.603    -1.34    6.84
 224885.423   120.802    11.11    7.92
 225263.116   126.644    15.47    7.73
 225640.750   130.895    11.25    6.21
 226018.325   131.370     1.26    5.73
 226395.840   131.933     1.49    4.91
 226773.297   130.951    -2.60    4.67
 227150.695   129.944    -2.67    3.79
 227528.034   130.192     0.66    3.78
 227905.314   130.357     0.44    3.85
 228282.535   130.754     1.05    4.10
 228659.697   131.548     2.11    4.15
 229036.800   132.121     1.52    4.05
 229413.845   133.565     3.83    3.72
 229790.830   135.246     4.46    2.46
 230167.757   135.640     1.04    1.97
 230544.626   135.757     0.31    1.84
 230921.435   134.409    -3.58    2.47
 231298.186   132.683    -4.58    3.31
 231674.878   130.370    -6.14    3.96
 232051.512   128.104    -6.01    3.81
 232428.087   126.288    -4.82    3.58
 232804.604   124.857    -3.80    4.42
 233181.062   122.524    -6.20    6.36
 233557.461   117.146   -14.28   10.08
 233933.802   111.399   -15.27   11.48
 234310.085   104.274   -18.93   11.18
 234686.309    99.885   -11.66    9.71
 235062.475    98.951    -2.48    7.75
 235438.583    97.565    -3.68    5.69
 235814.632    96.815    -1.99    4.55
 236190.623    97.315     1.33    3.51
 236566.555    97.856     1.44    3.77
 236942.430    99.597     4.63    4.48
 237318.246   102.440     7.56    4.94
 237694.004   106.118     9.79    5.73
 238069.704   109.667     9.44    5.93
 238445.345   113.589    10.44    4.41
 238820.929   116.178     6.89    4.01
 239196.454   118.775     6.91    3.50
 239571.922   120.165     3.70    3.03
 239947.331   120.862     1.86    2.69
 240322.683   120.865     0.01    3.86
 240697.976   120.579    -0.76    5.34
 241073.212   120.090    -1.30    6.22
 241448.389   122.001     5.09    5.92
 241823.509   122.935     2.49    5.90
 242198.571   123.837     2.40    5.71
 242573.575   125.968     5.68    4.93
 242948.521   126.518     1.47    4.77
 243323.410   126.829     0.83    4.19
 243698.240   127.383     1.48    3.85
 244073.013   128.685     3.47    3.71
 244447.729   130.151     3.91    3.09
 244822.386   131.822     4.46    2.14
 245196.986   132.398     1.54    1.70
 245571.529   132.489     0.24    1.91
 245946.014   132.440    -0.13    2.07
 246320.441   132.356    -0.23    2.07
 246694.811   131.658    -1.86    2.40
 247069.123   131.014    -1.72    2.82
 247443.378   130.360    -1.75    2.82
 247817.575   129.959    -1.07    2.59
 248191.715   128.963    -2.66    2.91
 248565.797   126.946    -5.39    3.82
 248939.822   125.203    -4.66    4.38
 249313.790   123.885    -3.52    4.72
 249687.701   123.020    -2.31    4.59
 250061.554   122.288    -1.96    6.31
 250435.350   118.052   -11.33   10.09
 250809.089   114.899    -8.43   10.49
 251182.770   113.456    -3.86    9.33
 251556.394   113.597     0.38    8.13
 251929.962   115.932     6.25    7.21
 252303.472   118.615     7.18    4.94
 252676.925   120.425     4.84    4.38
 253050.320   122.130     4.56    3.46
 253423.659   123.918     4.79    1.78
 253796.941   124.402     1.30    1.99
 254170.166   124.126    -0.74    2.49
 254543.334   123.786    -0.91    3.20
 254916.445   122.835    -2.55    3.91
 255289.499   120.918    -5.14    3.97
 255662.496   119.889    -2.76    3.80
 256035.436   119.286    -1.62    4.06
 256408.320   119.562     0.74    3.46
 256781.147   120.217     1.76    2.42
 257153.916   121.220     2.69    2.50
 257526.630   122.527     3.51    2.43
 257899.286   123.562     2.78    2.39
 258271.886   124.654     2.93    2.22
 258644.429   125.010     0.96    1.88
 259016.915   124.857    -0.41    1.94
 259389.345   124.042    -2.19    2.40
 259761.718   122.055    -5.33    3.93
 260134.035   120.104    -5.24    5.14
 260506.295   117.137    -7.97    5.89
 260878.499   114.315    -7.58    5.59
 261250.646   110.802    -9.44    6.98
 261622.737   107.343    -9.29    6.73
 261994.771   104.788    -6.87    5.55
 262366.749   102.766    -5.43    4.78
 262738.670   102.052    -1.92    4.28
 263110.535   101.273    -2.09    4.37
 263482.344    99.593    -4.52    4.80
 263854.097    97.065    -6.80    5.60
 264225.793    94.104    -7.97    5.30
 264597.433    92.007    -5.64    3.97
 264969.017    91.215    -2.13    4.01
 265340.544    91.901     1.85    5.63
 265712.016    92.773     2.35    6.79
 266083.431    93.954     3.18    8.03
 266454.790    95.288     3.59    8.49
 266826.093    96.569     3.45    7.95
 267197.340    97.178     1.64    6.87
 267568.531    98.217     2.80    4.66
 267939.666    97.870    -0.94    3.32
 268310.745    97.093    -2.09    2.90
 268681.768    96.802    -0.79    2.61
 269052.735    95.815    -2.66    2.75
 269423.646    94.760    -2.85    2.85
 269794.502    93.593    -3.15    2.55
 270165.301    92.899    -1.87    2.20
 270536.045    91.823    -2.90    2.29
 270906.733    90.301    -4.10    2.98
 271277.365    87.885    -6.52    4.29
 271647.941    85.090    -7.54    4.91
 272018.461    80.069   -13.55    6.18
 272388.926    75.858   -11.36    5.69
 272759.335    72.905    -7.97    4.10
 273129.689    71.428    -3.99    3.21
 273499.987    70.987    -1.19    3.02
 273870.229    70.794    -0.52    2.77
 274240.416    70.822     0.08    2.67
 274610.547    70.442    -1.03    2.20
 274980.623    71.220     2.10    2.43
 275350.643    71.944     1.96    2.22
 275720.608    72.302     0.97    2.50
 276090.517    72.713     1.11    2.96
 276460.371    74.059     3.64    3.65
 276830.170    74.837     2.10    3.41
 277199.913    74.761    -0.20    3.24
 277569.601    73.698    -2.88    2.84
 277939.233    72.410    -3.48    1.77
 278308.810    72.874     1.26    2.22
 278678.332    74.964     5.65    4.11
 279047.799    75.477     1.39    4.63
 279417.210    74.935    -1.47    4.59
 279786.567    73.463    -3.99    3.54
 280155.868    73.431    -0.08    2.69
 280525.114    75.154     4.66    2.65
 280894.305    76.287     3.07    2.09
 281263.441    75.958    -0.89    2.47
 281632.521    74.958    -2.71    2.50
 282001.547    73.963    -2.70    1.85
 282370.518    73.844    -0.32    0.96
 282739.434    74.286     1.20    1.12
 283108.294    75.161     2.37    1.57
 283477.100    77.654     6.76    5.29
 283845.851    84.232    17.84   10.56
 284214.547    92.388    22.12   12.18
 284583.188    99.899    20.37    8.91
 284951.775   103.953    11.00    3.39
 285320.306   102.897    -2.87    3.59
 285688.783    99.982    -7.91    4.23
 286057.205    95.991   -10.83    5.55
 286425.572    91.786   -11.41    5.81
 286793.885    89.532    -6.12    5.02
 287162.143    89.492    -0.11    5.14
 287530.346    91.726     6.07    5.41
 287898.495    95.127     9.23    4.25
 288266.589    96.836     4.64    2.83
 288634.628    97.431     1.62    2.71
 289004.015    98.233     2.17    2.97
 289383.248    99.744     3.98    2.73
 289762.423   100.863     2.95    3.06
 290141.540   102.538     4.42    3.37
 290520.598   104.217     4.43    4.00
 290899.598   106.428     5.83    3.60
 291278.540   108.230     4.75    2.95
 291657.424   108.959     1.93    1.82
 292036.250   107.801    -3.06    2.71
 292415.018   105.428    -6.26    3.42
 292793.727   102.958    -6.52    3.01
 293172.379   100.954    -5.29    2.62
 293550.972    98.760    -5.79    2.48
 293929.507    96.565    -5.80    3.21
 294307.985    93.521    -8.04    4.67
 294686.404    90.101    -9.03    5.21
 295064.766    86.865    -8.55    4.55
 295443.069    84.860    -5.30    2.61
 295821.315    86.101     3.28    3.50
 296199.503    87.918     4.80    4.36
 296577.633    91.274     8.87    4.49
 296955.706    94.851     9.46    3.33
 297333.720    96.843     5.27    3.45
 297711.677    98.456     4.27    2.97
 298089.576    99.161     1.86    3.05
 298467.418    99.494     0.88    3.20
 298845.202   100.044     1.46    3.23
 299222.928   100.586     1.43    3.01
 299600.596   101.194     1.61    2.69
 299978.207   101.662     1.24    2.51
 300355.761   101.948     0.76    2.34
 300733.257   103.028     2.86    2.79
 301110.695   103.658     1.67    2.81
 301488.076   103.963     0.81    2.43
 301865.400   104.625     1.75    2.05
 302242.666   104.865     0.63    2.24
 302619.875   105.399     1.42    2.81
 302997.026   105.644     0.65    3.11
 303374.121   105.259    -1.02    3.11
 303751.157   104.330    -2.46    2.47
 304128.137   103.707    -1.65    1.44
 304505.059   103.977     0.72    1.00
 304881.924   104.724     1.98    1.45
 305258.732   105.881     3.07    1.98
 305635.483   107.330     3.84    2.59
 306012.177   108.940     4.28    3.18
 306388.813   110.794     4.92    4.05
 306765.392   112.440     4.37    3.73
 307141.915   113.484     2.77    3.41
 307518.380   114.330     2.24    2.59
 307894.788   114.130    -0.53    2.45
 308271.140   113.315    -2.16    2.29
 308647.434   112.080    -3.28    2.14
 309023.672   111.155    -2.46    2.21
 309399.852   110.002    -3.07    2.32
 309775.976   108.850    -3.06    2.35
 310152.043   107.501    -3.58    2.94
 310528.053   106.093    -3.74    3.21
 310904.006   104.907    -3.15    4.36
 311279.902   104.766    -0.37    5.37
 311655.742   104.621    -0.39    6.43
 312031.525   105.587     2.57    6.45
 312407.251   106.038     1.20    5.56
 312782.921   105.544    -1.31    5.11
 313158.534   104.766    -2.07    4.31
 313534.090   104.565    -0.53    3.45
 313909.590   105.055     1.30    3.88
 314285.034   106.211     3.08    3.87
 314660.420   107.992     4.74    3.41
 315035.751   108.721     1.94    3.18
 315411.024   109.161     1.17    3.50
 315786.242   109.940     2.08    3.43
 316161.403   111.062     2.99    3.46
 316536.507   112.677     4.30    3.51
 316911.555   113.837     3.09    3.46
 317286.547   115.766     5.14    3.56
 317661.483   117.473     4.55    2.91
 318036.362   118.589     2.98    2.66
 318411.185   119.972     3.69    2.83
 318785.951   121.222     3.33    2.96
 319160.662   122.331     2.96    2.80
 319535.316   123.489     3.09    2.50
 319909.914   124.271     2.09    2.93
 320284.456   125.151     2.35    3.05
 320658.942   126.001     2.27    2.92
 321033.372   126.569     1.52    2.52
 321407.745   127.076     1.35    2.52
 321782.063   127.696     1.66    2.90
 322156.325   128.744     2.80    2.95
 322530.531   129.977     3.30    2.44
 322904.680   130.913     2.50    2.12
 323278.774   131.187     0.73    2.00
 323652.812   131.093    -0.25    1.64
 324026.794   131.101     0.02    1.52
 324400.720   131.358     0.69    1.68
 324774.591   131.654     0.79    1.82
 325148.405   131.118    -1.43    1.97
 325522.164   130.521    -1.60    2.30
 325895.867   129.640    -2.36    2.04
 326269.514   128.771    -2.32    1.44
 326643.106   128.740    -0.08    1.52
 327016.642   128.944     0.55    1.53
 327390.122   129.233     0.77    1.77
 327763.547   129.730     1.33    1.82
 328136.916   130.611     2.36    2.10
 328510.230   132.232     4.34    2.53
 328883.488   133.231     2.68    2.65
 329256.690   133.427     0.52    2.66
 329629.837   132.201    -3.28    3.20
 330002.929   129.273    -7.85    4.20
 330375.965   126.258    -8.08    4.51
 330748.945   122.639    -9.70    4.65
 331121.871   119.727    -7.81    4.17
 331494.741   116.939    -7.48    3.56
 331867.555   114.771    -5.81    2.88
 332240.314   112.924    -4.95    3.10
 332613.018   111.315    -4.31    3.10
 332985.667   109.541    -4.76    4.33
 333358.261   105.533   -10.75    6.68
 333730.799   100.440   -13.67    7.17
 334103.282    96.644   -10.19    5.21
 334475.710    95.398    -3.35    3.75
 334848.083    94.915    -1.29    3.13
 335220.400    95.918     2.69    3.83
 335592.663    99.040     8.38    5.80
 335964.870   101.893     7.66    5.80
 336337.023   104.565     7.18    4.70
 336709.120   107.245     7.20    3.64
 337081.163   109.468     5.97    4.87
 337453.150   112.273     7.54    4.94
 337825.083   115.428     8.48    4.32
 338196.961   117.873     6.57    2.81
 338568.784   119.090     3.27    2.63
 338940.552   119.536     1.20    2.09
 339312.265   119.445    -0.24    2.05
