# NaN NaN NaN ;Mean Elev.(m), Avg Gradient(m/km), RMS Gradient(m/km) - SRTM1     
#    6.345  -0.316   3.590 ;Mean Elev.(m), Avg Gradient(m/km), RMS Gradient(m/km) - ASTER GDEM
#    3.202   0.251   8.108 ;Mean Elev.(m), Avg Gradient(m/km), RMS Gradient(m/km) - GMTED2010 
  7    13.911 52453.61807258 23.38  87.825701  66.078235 22.229
  7    13.502 52453.61807322 23.42  87.822491  66.081325 22.229
  7    13.054 52453.61807387 22.36  87.819281  66.084415 22.229
  7    13.546 52453.61807451 22.35  87.816061  66.087495 22.229
  7    13.914 52453.61807516 21.95  87.812851  66.090585 22.229
  7    12.884 52453.61807580 22.99  87.809631  66.093675 22.229
  8     8.256 52488.61805154 16.37  87.834197  66.081204  8.491
  8     5.886 52488.61805219 16.10  87.830987  66.084284  8.491
  8     4.729 52488.61805283 17.15  87.827767  66.087374  8.491
  8     4.648 52488.61805348 18.19  87.824557  66.090464  8.491
  8     5.558 52488.61805412 16.59  87.821337  66.093544  8.491
  8     4.757 52488.61805477 17.76  87.818127  66.096634  8.491
  9     4.694 52523.61802572 23.29  87.838530  66.080437  8.668
  9     4.979 52523.61802637 25.57  87.835320  66.083517  8.668
  9     5.522 52523.61802701 26.38  87.832110  66.086607  8.668
  9     5.459 52523.61802766 39.54  87.828890  66.089697  8.668
  9     5.048 52523.61802830 40.84  87.825680  66.092777  8.668
  9     5.663 52523.61802894 29.75  87.822470  66.095867  8.668
 10     3.877 52558.61807609 30.44  87.819126  66.079239 12.981
 10     4.062 52558.61807673 33.00  87.815906  66.082319 12.981
 10     4.174 52558.61807738 36.13  87.812696  66.085409 12.981
 10     4.648 52558.61807802 37.64  87.809476  66.088499 12.981
 10     4.664 52558.61807867 40.10  87.806266  66.091579 12.981
 10     5.018 52558.61807931 39.37  87.803047  66.094664  9.578
 11     4.924 52593.61807669 33.17  87.824898  66.079479  9.100
 11     5.099 52593.61807734 28.06  87.821678  66.082559  9.100
 11     5.071 52593.61807798 25.42  87.818468  66.085649  9.100
 11     5.015 52593.61807991 28.05  87.808828  66.094909  9.100
 12     6.074 52628.61800182 16.17  87.821160  66.080133  3.383
 12     5.604 52628.61800246 17.26  87.817940  66.083213  3.383
 12     5.267 52628.61800311 16.97  87.814730  66.086303  3.383
 12     5.756 52628.61800375 16.04  87.811509  66.089386  3.481
 12     5.191 52628.61800440 15.72  87.808299  66.092476  3.481
 12    34.307 52628.61800504 14.59  87.805079  66.095566  3.481
 13    12.315 52663.61803881 14.64  87.828099  66.080413  2.891
 13    10.182 52663.61803945 14.72  87.824879  66.083503  2.891
 13     8.726 52663.61804009 15.05  87.821669  66.086583  2.891
 13    24.469 52663.61804074 14.42  87.818449  66.089673  2.891
 13    31.585 52663.61804138 13.60  87.815239  66.092763  2.891
 13    34.485 52663.61804203 12.85  87.812019  66.095843  2.891
 14    13.626 52698.61801405 13.35  87.818567  66.078965  2.864
 14     9.209 52698.61801469 13.95  87.815347  66.082045  2.864
 14     6.638 52698.61801534 13.88  87.812127  66.085135  2.864
 14     7.107 52698.61801598 13.54  87.808917  66.088225  2.864
 14    30.990 52698.61801663 13.32  87.805697  66.091305  2.864
 14    35.364 52698.61801727 12.50  87.802477  66.094395  2.864
 15    10.755 52733.61803666 13.55  87.840278  66.080135  3.398
 15     6.177 52733.61803731 14.10  87.837068  66.083225  3.398
 15     5.385 52733.61803795 14.78  87.833858  66.086305  3.398
 15    52.029 52733.61803924 10.54  87.827428  66.092485  3.398
 15    56.927 52733.61803989  6.56  87.824208  66.095565  3.398
 16     4.584 52768.61803962 12.04  87.840283  66.080577 10.729
 16     6.437 52768.61804026  7.85  87.837073  66.083657 10.729
 16    28.206 52768.61804091  7.51  87.833863  66.086747 10.729
 16    27.801 52768.61804155  8.46  87.830653  66.089837 10.729
 16     4.644 52768.61804219 12.05  87.827432  66.092923  7.757
 16     4.884 52768.61804284 16.82  87.824222  66.096013  7.757
 17    16.383 52803.61806241 48.86  87.814062  66.078811 26.774
 17    16.231 52803.61806306 50.44  87.810842  66.081901 26.774
 17    16.272 52803.61806370 41.25  87.807632  66.084981 26.774
 17    16.312 52803.61806435 40.74  87.804412  66.088071 26.774
 17    16.317 52803.61806499 43.00  87.801192  66.091151 26.774
 17    16.397 52803.61806564 47.83  87.797982  66.094241 26.774
 18     4.539 52838.61812511 26.62  87.824017  66.077180 14.674
 18     4.233 52838.61812576 27.57  87.820807  66.080270 14.674
 18     4.268 52838.61812640 30.28  87.817587  66.083350 14.674
 18     4.340 52838.61812705 31.42  87.814377  66.086440 14.674
 18     4.725 52838.61812769 31.87  87.811157  66.089530 14.674
 18     4.870 52838.61812834 34.10  87.807937  66.092610 14.674
 18     4.755 52838.61812898 35.76  87.804727  66.095700 14.674
 19     1.911 52873.61816484 23.25  87.827290  66.077459 17.627
 19     2.579 52873.61816548 23.19  87.824080  66.080549 17.627
 19     3.151 52873.61816613 24.88  87.820860  66.083629 17.627
 19     3.587 52873.61816677 25.84  87.817650  66.086719 17.627
 19     3.725 52873.61816741 26.42  87.814430  66.089809 17.627
 19     3.969 52873.61816806 26.38  87.811220  66.092889 17.627
 19     3.892 52873.61816870 27.56  87.808000  66.095979 17.627
 21     3.363 52943.61807595 39.84  87.820412  66.080100 15.494
 21     3.279 52943.61807660 46.43  87.817202  66.083180 15.494
 21     3.149 52943.61807724 45.71  87.813982  66.086270 15.494
 21     3.258 52943.61807789 42.32  87.810762  66.089350 15.494
 21     3.356 52943.61807853 43.94  87.807552  66.092440 15.494
 21     3.056 52943.61807918 43.44  87.804332  66.095530 15.494
 23    12.600 53013.61813141 14.19  87.833513  66.078419  2.328
 23    12.278 53013.61813205 14.67  87.830301  66.081504  2.999
 23     9.810 53013.61813270 15.17  87.827091  66.084594  2.999
 23     4.481 53013.61813334 16.18  87.823871  66.087674  2.999
 23     3.800 53013.61813399 15.66  87.820661  66.090764  2.999
 23     4.540 53013.61813463 14.17  87.817441  66.093854  2.999
 24     3.851 53048.61810232 26.66  87.819520  66.078500  8.389
 24     3.725 53048.61810296 27.84  87.816300  66.081590  8.389
 24     3.853 53048.61810361 27.22  87.813090  66.084670  8.389
 24     3.823 53048.61810425 28.27  87.809870  66.087760  8.389
 24     3.815 53048.61810490 26.60  87.806650  66.090850  8.389
 24     3.731 53048.61810554 24.51  87.803440  66.093930  8.389
 25    12.718 53083.61813764 13.67  87.827827  66.079436  2.805
 25    12.485 53083.61813828 13.65  87.824607  66.082526  2.805
 25     9.841 53083.61813893 14.42  87.821397  66.085616  2.805
 25     5.847 53083.61813957 15.30  87.818187  66.088696  2.805
 25    26.270 53083.61814022 13.71  87.814967  66.091786  2.805
 25    35.775 53083.61814086 12.17  87.811757  66.094876  2.805
 26     4.808 53118.61810793 16.03  87.818645  66.077523  3.686
 26     5.101 53118.61810857 17.12  87.815425  66.080603  3.686
 26     4.891 53118.61810922 17.34  87.812215  66.083693  3.686
 26     4.770 53118.61810986 17.73  87.808995  66.086783  3.686
 26     4.846 53118.61811051 17.27  87.805785  66.089863  3.686
 26     4.705 53118.61811115 16.43  87.802565  66.092953  3.686
 26    36.168 53118.61811180 15.34  87.799345  66.096033  3.686
 27    17.816 53153.61815907 53.74  87.820145  66.079275 37.760
 27    17.944 53153.61815971 52.52  87.816935  66.082355 37.760
 27    17.875 53153.61816036 53.35  87.813715  66.085445 37.760
 27    17.795 53153.61816100 50.62  87.810505  66.088535 37.760
 27    17.815 53153.61816165 54.46  87.807285  66.091615 37.760
 27    17.865 53153.61816229 52.07  87.804075  66.094705 37.760
 28     7.310 53188.61814705 21.82  87.835093  66.078301 10.445
 28    11.387 53188.61814769 16.97  87.831883  66.081381 10.445
 28    10.715 53188.61814834 15.62  87.828663  66.084471 10.445
 28     9.552 53188.61814898 14.88  87.825453  66.087561 10.445
 28     8.082 53188.61814963 13.45  87.822233  66.090641 10.445
 29     6.509 53223.61816348 16.50  87.837307  66.078873  8.413
 29    10.669 53223.61816412 16.66  87.834087  66.081963  8.413
 31    11.751 53293.61816223 21.12  87.811989  66.078710  9.144
 31     4.625 53293.61816288 21.96  87.808769  66.081800  9.144
 31     3.855 53293.61816352 22.61  87.805559  66.084890  9.144
 31     4.317 53293.61816417 22.06  87.802339  66.087970  9.144
 31     4.600 53293.61816481 21.59  87.799129  66.091060  9.144
 31     4.809 53293.61816546 26.93  87.795909  66.094150  9.144
 32     7.439 53328.61813539 22.90  87.832313  66.079780 14.362
 32     7.422 53328.61813603 21.73  87.829103  66.082860 14.362
 32     7.456 53328.61813668 20.96  87.825883  66.085950 14.362
 32     7.440 53328.61813732 23.95  87.822673  66.089040 14.362
 32     7.475 53328.61813797 26.44  87.819453  66.092120 14.362
 32     7.571 53328.61813861 32.88  87.816243  66.095210 14.362
 33    11.621 53363.61808778 12.46  87.842665  66.079907  5.001
 33    10.276 53363.61808843 12.63  87.839455  66.082997  5.001
 33     5.724 53363.61808907 13.19  87.836245  66.086087  5.001
 33     5.884 53363.61808972 13.10  87.833035  66.089167  5.001
 34    12.549 53398.61811128 14.95  87.821088  66.079468  5.014
 34     6.885 53398.61811193 14.88  87.817878  66.082548  5.014
 34     7.622 53398.61811257 14.59  87.814658  66.085638  5.014
 34     6.888 53398.61811322 13.06  87.811448  66.088728  5.014
 34    31.532 53398.61811386 12.48  87.808228  66.091808  5.014
 34    35.952 53398.61811451 11.62  87.805018  66.094898  5.014
 35    12.261 53433.61810195 11.24  87.838775  66.081959  2.919
 35    24.153 53433.61810259 10.94  87.835565  66.085049  2.919
 35    26.596 53433.61810324 11.85  87.832355  66.088129  2.919
 35    29.051 53433.61810388 10.19  87.829135  66.091219  2.919
 35    32.930 53433.61810453  9.35  87.825925  66.094309  2.919
 36    17.503 53468.61814213 10.63  87.817685  66.078798  2.475
 36    14.351 53468.61814277 11.25  87.814475  66.081888  2.475
 36    25.331 53468.61814342 10.81  87.811255  66.084968  2.475
 36    28.515 53468.61814406 10.40  87.808045  66.088058  2.475
 36    35.556 53468.61814471 10.24  87.804825  66.091148  2.475
 37     7.760 53503.61818829 19.33  87.827302  66.077480  8.378
 37     7.557 53503.61818893 18.35  87.824092  66.080570  8.378
 37     7.222 53503.61818958 14.34  87.820882  66.083650  8.378
 37     6.900 53503.61819022 14.45  87.817662  66.086740  8.378
 37     7.391 53503.61819087 13.00  87.814452  66.089830  8.378
 37     7.844 53503.61819151 10.22  87.811232  66.092910  8.378
 37     7.890 53503.61819216  8.56  87.808022  66.096000  8.378
 38     9.557 53538.61818493 25.53  87.830126  66.079630 12.344
 38     9.657 53538.61818558 22.70  87.826916  66.082720 12.344
 38     9.677 53538.61818622 21.72  87.823706  66.085810 12.344
 38     9.475 53538.61818686 20.66  87.820486  66.088890 12.344
 38     9.591 53538.61818751 19.50  87.817276  66.091980 12.344
 38     9.581 53538.61818815 18.50  87.814056  66.095070 12.344
 39     4.173 53573.61818426 20.01  87.831643  66.078851 13.304
 39     5.315 53573.61818490 17.91  87.828423  66.081941 13.304
 39     4.704 53573.61818555 18.83  87.825213  66.085031 13.304
 39     4.711 53573.61818619 18.01  87.822003  66.088111 13.304
 39     4.874 53573.61818683 18.29  87.818783  66.091201 13.304
 39     4.668 53573.61818748 18.01  87.815573  66.094291 13.304
 40     8.735 53608.61813367 17.21  87.843649  66.079260 10.168
 40     6.163 53608.61813431 18.71  87.840439  66.082350 10.168
 40     4.101 53608.61813496 19.68  87.837229  66.085440 10.168
 40     4.175 53608.61813560 21.36  87.834019  66.088520 10.168
 40     4.067 53608.61813624 21.62  87.830799  66.091610 10.168
 40     4.297 53608.61813689 20.09  87.827589  66.094700 10.168
 41     4.289 53643.61813642 38.38  87.815383  66.079666 15.583
 41     4.305 53643.61813707 41.79  87.812163  66.082746 15.583
 41     4.313 53643.61813771 42.59  87.808953  66.085836 15.583
 41     4.162 53643.61813836 44.16  87.805733  66.088926 15.583
 41     4.279 53643.61813900 42.43  87.802513  66.092006 15.583
 41     4.409 53643.61813965 48.10  87.799293  66.095096 15.583
 42     4.554 53678.61815428 48.70  87.825857  66.079858 16.270
 42     4.383 53678.61815493 44.85  87.822647  66.082948 16.270
 42     4.553 53678.61815557 43.32  87.819437  66.086028 16.270
 42     4.512 53678.61815622 44.68  87.816217  66.089118 16.270
 42     4.585 53678.61815686 44.19  87.813007  66.092208 16.270
 42     4.624 53678.61815751 40.01  87.809787  66.095288 16.270
 43     4.202 53713.61808232 18.59  87.843435  66.080151  3.940
 43     4.334 53713.61808297 19.08  87.840225  66.083241  3.940
 43     4.265 53713.61808361 19.88  87.837015  66.086331  3.940
 43     4.302 53713.61808425 19.99  87.833805  66.089411  3.940
 43     4.375 53713.61808490 18.75  87.830585  66.092501  3.940
 43     4.349 53713.61808554 18.85  87.827375  66.095591  3.940
 44    12.293 53748.61799667 18.05  87.819276  66.077530  4.681
 44     4.453 53748.61799732 20.09  87.816066  66.080620  4.681
 44     4.784 53748.61799796 20.09  87.812846  66.083700  4.681
 44     4.556 53748.61799861 20.92  87.809636  66.086790  4.681
 44     4.616 53748.61799925 19.53  87.806416  66.089880  4.681
 45     6.501 53783.61802727 18.54  87.836264  66.079581  5.028
 45     4.678 53783.61802791 19.13  87.833054  66.082671  5.028
 45     4.672 53783.61802856 18.92  87.829844  66.085751  5.028
 45     4.499 53783.61802920 19.67  87.826624  66.088841  5.028
 46    10.542 53818.61798957 14.48  87.850339  66.080627  2.563
 46     9.797 53818.61799021 14.45  87.847133  66.083718  3.199
 46     6.866 53818.61799086 15.94  87.843923  66.086798  3.199
 46     4.903 53818.61799150 14.93  87.840703  66.089888  3.199
 46    29.673 53818.61799215 14.06  87.837493  66.092978  3.199
 46    31.494 53818.61799279 13.12  87.834283  66.096058  3.199
 47    14.226 53853.61806773 13.49  87.819118  66.076912  3.676
 47    12.515 53853.61806837 13.94  87.815908  66.080002  3.676
 47     5.446 53853.61806902 14.90  87.812688  66.083092  3.676
 47     4.215 53853.61806966 16.28  87.809478  66.086172  3.676
 47     5.531 53853.61807031 14.92  87.806258  66.089262  3.676
 47     4.820 53853.61807095 13.78  87.803048  66.092352  3.676
 47    33.073 53853.61807160 12.80  87.799828  66.095432  3.676
 48    19.721 53888.61807537 29.45  87.835880  66.078542 25.786
 48    18.792 53888.61807602 27.03  87.832670  66.081632 25.786
 48    18.680 53888.61807666 28.69  87.829460  66.084722 25.786
 48    17.826 53888.61807731 28.84  87.826240  66.087802 25.786
 48    19.965 53888.61807795 26.00  87.823030  66.090892 25.786
 48    20.381 53888.61807860 29.52  87.819810  66.093982 25.786
 49     5.870 53923.61814407 48.36  87.818861  66.077487 17.052
 49     5.782 53923.61814471 48.70  87.815641  66.080577 17.052
 49     5.881 53923.61814536 44.99  87.812431  66.083657 17.052
 49     5.819 53923.61814600 44.05  87.809211  66.086747 17.052
 49     5.747 53923.61814665 45.49  87.806001  66.089837 17.052
 49     5.792 53923.61814729 49.82  87.802781  66.092917 17.052
 49     5.826 53923.61814794 45.90  87.799571  66.096007 17.052
 50     5.259 53958.61813574 32.99  87.829238  66.077923  6.579
 50     5.057 53958.61813639 30.75  87.826028  66.081003  6.579
 50     4.844 53958.61813703 32.46  87.822818  66.084093  6.579
 50     4.918 53958.61813767 32.84  87.819598  66.087183  6.579
 50     5.149 53958.61813832 33.88  87.816388  66.090263  6.579
 50     5.274 53958.61813896 36.03  87.813178  66.093353  6.579
 50     5.164 53958.61813961 38.28  87.809958  66.096443  6.579
 51     8.096 53993.61806526 17.74  87.812939  66.077727 25.622
 51     6.682 53993.61806591 18.40  87.809719  66.080817 25.622
 51     5.525 53993.61806655 19.38  87.806509  66.083897 25.622
 51     5.500 53993.61806720 18.43  87.803289  66.086987 25.622
 51     5.639 53993.61806784 17.45  87.800069  66.090077 25.622
 51     5.734 53993.61806849 22.52  87.796849  66.093157 25.622
 52     3.502 54028.61812517 45.03  87.821936  66.077710 17.086
 52     3.541 54028.61812582 48.75  87.818726  66.080790 17.086
 52     3.510 54028.61812646 47.15  87.815516  66.083880 17.086
 52     3.532 54028.61812711 46.85  87.812296  66.086970 17.086
 52     3.672 54028.61812775 43.23  87.809076  66.090050 17.086
 52     3.529 54028.61812839 42.18  87.805866  66.093140 17.086
 52     3.192 54028.61812904 38.11  87.802646  66.096230 17.086
 53    13.129 54063.61811854 12.05  87.837255  66.078914  2.972
 53    12.557 54063.61811918 11.80  87.834045  66.082004  2.972
 53    24.107 54063.61811983 11.91  87.830825  66.085084  2.972
 53    26.250 54063.61812047 11.67  87.827615  66.088174  2.972
 53    33.170 54063.61812112 10.34  87.824395  66.091254  2.972
 54     5.076 54098.61808675 22.89  87.838578  66.081634  5.089
 54     4.837 54098.61808740 22.12  87.835368  66.084714  5.089
 54     4.565 54098.61808804 21.83  87.832158  66.087804  5.089
 54     5.173 54098.61808933 17.80  87.825728  66.093974  5.089
 55    14.913 54133.61804253 13.93  87.820238  66.077211  3.598
 55     7.389 54133.61804318 14.68  87.817028  66.080301  3.598
 55     9.112 54133.61804382 14.84  87.813818  66.083391  3.598
 55    26.069 54133.61804447 14.49  87.810598  66.086471  3.598
 55    34.596 54133.61804511 13.70  87.807378  66.089561  3.598
 56    20.508 54168.61806092 11.32  87.835281  66.080925  3.225
 56    23.985 54168.61806156 11.47  87.832071  66.084015  3.225
 56     6.283 54168.61806221 12.57  87.828851  66.087095  3.225
 56    29.523 54168.61806285 11.05  87.825641  66.090185  3.225
 56    33.177 54168.61806350 10.65  87.822421  66.093275  3.225
 56    35.500 54168.61806414 10.12  87.819211  66.096355  3.225
 57    15.018 54203.61804654 20.01  87.819527  66.077993  7.964
 57    14.590 54203.61804718 20.78  87.816317  66.081083  7.964
 57    12.493 54203.61804783 19.64  87.813097  66.084173  7.964
 58    18.258 54238.61808168 52.71  87.827952  66.079936 35.209
 58    18.199 54238.61808233 52.57  87.824732  66.083016 35.209
 58    18.192 54238.61808297 52.75  87.821522  66.086106 35.209
 58    18.182 54238.61808362 51.31  87.818302  66.089196 35.209
 58    18.182 54238.61808426 53.04  87.815092  66.092276 35.209
 58    18.197 54238.61808491 52.25  87.811872  66.095366 35.209
 59    11.240 54273.61809903 27.57  87.832772  66.077992 18.761
 59    10.947 54273.61809967 24.39  87.829562  66.081082 18.761
 59    10.876 54273.61810031 22.29  87.826342  66.084162 18.761
 59    10.808 54273.61810096 21.71  87.823132  66.087252 18.761
 59    10.944 54273.61810160 21.12  87.819912  66.090342 18.761
 59    11.075 54273.61810225 20.06  87.816702  66.093422 18.761
 59    11.153 54273.61810289 18.90  87.813482  66.096512 18.761
 60     4.742 54308.61810143 21.96  87.827046  66.080602 21.305
 60     5.246 54308.61810207 16.83  87.823826  66.083682 21.305
 60     4.727 54308.61810271 15.50  87.820616  66.086772 21.305
 60     4.970 54308.61810465 14.40  87.810966  66.096032 21.305
 61     6.789 54343.61807887 21.67  87.841733  66.079570 13.732
 61     6.342 54343.61807951 22.63  87.838523  66.082660 13.732
 61     6.936 54343.61808015 19.67  87.835313  66.085750 13.732
 61     7.115 54343.61808080 19.56  87.832093  66.088830 13.732
 61     7.218 54343.61808144 18.64  87.828883  66.091920 13.732
 61     7.161 54343.61808209 18.74  87.825663  66.095010 13.732
 62     7.625 54378.61803675 20.34  87.823457  66.078567 10.818
 62    13.900 54378.61803740 15.33  87.820247  66.081647 10.818
 62    13.201 54378.61803804 15.76  87.817027  66.084737 10.818
 62    11.739 54378.61803869 14.46  87.813817  66.087827 10.818
 63     4.401 54413.61802686 49.20  87.832659  66.079736 15.610
 63     4.269 54413.61802751 51.68  87.829449  66.082826 15.610
 63     4.428 54413.61802815 41.44  87.826239  66.085906 15.610
 63     4.670 54413.61802880 43.50  87.823019  66.088996 15.610
 63     4.494 54413.61802944 43.60  87.819809  66.092086 15.610
 63     4.352 54413.61803009 38.85  87.816589  66.095166 15.610
 64     4.069 54448.61800351 23.47  87.818099  66.079586  5.818
 64     4.096 54448.61800416 24.14  87.814879  66.082676  5.818
 64     4.147 54448.61800480 23.94  87.811669  66.085766  5.818
 64     4.326 54448.61800545 23.68  87.808449  66.088846  5.818
 64     4.260 54448.61800609 23.58  87.805239  66.091936  5.818
 64     4.190 54448.61800674 22.83  87.802019  66.095026  5.818
 65     3.671 54483.61802027 21.05  87.832061  66.078022  5.049
 65     3.758 54483.61802092 22.25  87.828851  66.081112  5.049
 65     3.817 54483.61802156 22.50  87.825641  66.084202  5.049
 65     3.793 54483.61802221 23.24  87.822421  66.087282  5.049
 65     3.838 54483.61802285 22.68  87.819211  66.090372  5.049
 65     4.014 54483.61802350 21.01  87.815991  66.093452  5.049
 65     3.893 54483.61802414 21.28  87.812781  66.096542  5.049
 66    12.917 54518.61801663 16.30  87.824009  66.077304  4.976
 66     4.513 54518.61801727 18.36  87.820789  66.080394  4.976
 66     4.467 54518.61801792 19.01  87.817579  66.083484  4.976
 66     4.462 54518.61801856 19.59  87.814359  66.086564  4.976
 66     4.454 54518.61801921 17.78  87.811149  66.089654  4.976
 66     4.604 54518.61801985 18.14  87.807929  66.092744  4.976
 67     6.289 54553.61803285 13.61  87.836098  66.081686  3.759
 67     4.531 54553.61803350 14.25  87.832888  66.084776  3.759
 67     4.902 54553.61803414 14.28  87.829678  66.087856  3.759
 67     4.649 54553.61803479 13.52  87.826458  66.090946  3.759
 67     4.738 54553.61803543 13.31  87.823248  66.094036  3.759
 68    14.791 54588.61801277  1.97  87.826172  66.078670  2.608
 68    12.169 54588.61801342  2.92  87.822952  66.081760  2.608
 68    10.022 54588.61801406  3.46  87.819742  66.084850  2.608
 68     8.711 54588.61801471  3.38  87.816522  66.087930  2.608
 68    25.010 54588.61801535  3.51  87.813312  66.091020  2.608
 68    27.300 54588.61801600  2.58  87.810092  66.094110  2.608
 69    18.709 54623.61803013 39.38  87.832273  66.078712 14.077
 69    18.683 54623.61803077 40.52  87.829053  66.081792 14.077
 69    18.617 54623.61803142 40.03  87.825843  66.084882 14.077
 69    18.624 54623.61803206 39.94  87.822633  66.087972 14.077
 69    18.635 54623.61803271 38.99  87.819413  66.091052 14.077
 69    18.679 54623.61803335 37.78  87.816203  66.094142 14.077
 70     6.871 54658.61803912 22.41  87.828361  66.078539 12.259
 70     7.181 54658.61803977 16.57  87.825151  66.081629 12.259
 70     6.581 54658.61804041 16.99  87.821941  66.084709 12.259
 71     5.444 54693.61802029 28.39  87.835219  66.079469 11.450
 71     6.164 54693.61802093 28.49  87.832009  66.082549 11.450
 71     6.456 54693.61802157 28.66  87.828799  66.085639 11.450
 71     6.892 54693.61802222 34.85  87.825579  66.088729 11.450
 71     6.745 54693.61802286 43.96  87.822369  66.091809 11.450
 71     6.837 54693.61802351 46.03  87.819149  66.094899 11.450
 72     4.827 54728.61799319 22.36  87.823092  66.078502 12.292
 72     6.512 54728.61799383 16.86  87.819872  66.081592 12.292
 72     5.104 54728.61799448 16.64  87.816662  66.084682 12.292
 72     4.506 54728.61799512 17.64  87.813442  66.087762 12.292
 72     4.479 54728.61799577 17.20  87.810232  66.090852 12.292
 72     4.775 54728.61799641 16.77  87.807012  66.093942 12.292
 73     6.754 54763.61799795 21.04  87.829666  66.079103  5.157
 73     6.036 54763.61799859 20.20  87.826456  66.082193  5.157
 73     4.981 54763.61799924 21.51  87.823236  66.085283  5.157
 73     4.008 54763.61800117 19.19  87.813596  66.094543  5.157
 74     5.345 54798.61798674 20.71  87.816435  66.079275  4.977
 74     5.019 54798.61798739 20.76  87.813225  66.082365  4.977
 74     5.750 54798.61798803 21.35  87.810005  66.085445  4.977
 74     5.137 54798.61798868 20.42  87.806795  66.088535  4.977
 74     5.123 54798.61798932 20.65  87.803575  66.091625  4.977
 74    35.007 54798.61798997 18.81  87.800355  66.094705  4.977
 75    13.744 54833.61798866 16.53  87.830197  66.080231  4.238
 75     5.655 54833.61798931 17.38  87.826977  66.083321  4.238
 75     4.679 54833.61798995 18.60  87.823767  66.086401  4.238
 75     4.602 54833.61799060 17.14  87.820547  66.089491  4.238
 75     4.794 54833.61799124 16.41  87.817337  66.092581  4.238
 76    14.129 54868.61798275 14.28  87.820765  66.077524  2.806
 76     7.254 54868.61798340 13.77  87.817555  66.080614  2.806
 76     5.844 54868.61798404 14.82  87.814335  66.083694  2.806
 76    25.792 54868.61798469 14.09  87.811125  66.086784  2.806
 76    32.340 54868.61798533 13.18  87.807905  66.089874  2.806
 76    34.759 54868.61798598 12.43  87.804685  66.092954  2.806
 76    35.858 54868.61798662 12.72  87.801465  66.096044  2.806
 77    12.401 54903.61799763 13.65  87.837943  66.078643  2.692
 77    11.251 54903.61799827 13.28  87.834733  66.081733  2.692
 77    23.852 54903.61799892 13.07  87.831523  66.084823  2.692
 77    26.733 54903.61799956 12.35  87.828313  66.087903  2.692
 77    28.240 54903.61800021 12.82  87.825093  66.090993  2.692
 77    31.835 54903.61800085 12.06  87.821883  66.094083  2.692
 78    12.447 54938.61797390 11.89  87.823567  66.079321  2.812
 78     6.417 54938.61797454 11.87  87.820347  66.082401  2.812
 78    11.605 54938.61797519 11.72  87.817137  66.085491  2.812
 78     5.929 54938.61797583 12.44  87.813917  66.088581  2.812
 78    25.487 54938.61797648 11.29  87.810707  66.091661  2.812
 79    14.108 54973.61800493 44.11  87.828007  66.077863 27.395
 79    14.082 54973.61800557 39.14  87.824787  66.080953 27.395
 79    14.058 54973.61800622 38.70  87.821577  66.084043 27.395
 79    14.034 54973.61800686 36.94  87.818357  66.087123 27.395
 79    14.009 54973.61800750 34.12  87.815147  66.090213 27.395
 79    13.984 54973.61800815 35.52  87.811927  66.093303 27.395
 79    13.969 54973.61800879 35.92  87.808707  66.096383 27.395
 80     9.507 55008.61802000 21.11  87.830381  66.080565 28.843
 80     9.054 55008.61802064 20.34  87.827161  66.083655 28.843
 80     9.780 55008.61802129 18.31  87.823951  66.086745 28.843
 80     9.396 55008.61802193 17.07  87.820732  66.089827  9.414
 80     9.695 55008.61802258 15.61  87.817522  66.092917  9.414
 81     6.982 55043.61800980 14.41  87.827526  66.080781 13.260
 81     5.349 55043.61801044 15.76  87.824306  66.083871 13.260
 81    17.950 55043.61801108 15.39  87.821096  66.086951 13.260
 82     6.236 55078.61798703 17.33  87.837289  66.080484 10.565
 82     5.535 55078.61798767 16.62  87.834079  66.083564 10.565
 82     3.766 55078.61798832 16.49  87.830869  66.086654 10.565
 82     3.813 55078.61798896 16.98  87.827649  66.089744 10.565
 82     3.231 55078.61798961 17.12  87.824439  66.092824 10.565
 82     3.003 55078.61799025 16.69  87.821219  66.095914 10.565
 83     7.676 55113.61794153 18.63  87.826040  66.077489  9.624
 83     7.125 55113.61794217 17.56  87.822820  66.080579  9.624
 84    20.025 55148.61794249 18.43  87.828220  66.080309  3.631
 84    26.636 55148.61794313 18.40  87.825000  66.083399  3.631
 84    27.883 55148.61794378 17.67  87.821790  66.086479  3.631
 84    32.836 55148.61794442 17.74  87.818570  66.089569  3.631
 84    34.856 55148.61794507 16.21  87.815360  66.092659  3.631
 84    36.489 55148.61794571 16.01  87.812140  66.095739  3.631
 85    17.040 55183.61792405 11.94  87.818884  66.078490  2.789
 85    18.282 55183.61792469 12.46  87.815674  66.081580  2.789
 85    20.897 55183.61792534 12.78  87.812454  66.084660  2.789
 85    27.707 55183.61792598 12.20  87.809244  66.087750  2.789
 85    33.191 55183.61792663 11.67  87.806024  66.090840  2.789
 86    18.180 55218.61793977 12.10  87.833658  66.078481  2.602
 86    21.091 55218.61794041 11.92  87.830438  66.081561  2.602
 86    22.957 55218.61794106 11.99  87.827228  66.084651  2.602
 86    25.534 55218.61794170 11.62  87.824018  66.087741  2.602
 86    29.428 55218.61794235 10.96  87.820798  66.090821  2.602
 86    32.803 55218.61794299 10.48  87.817588  66.093911  2.602
 87    18.909 55253.61791995 11.17  87.822945  66.079041  2.234
 87    20.555 55253.61792060 11.27  87.819735  66.082131  2.234
 87    23.690 55253.61792124 11.41  87.816515  66.085211  2.234
 87    31.308 55253.61792189 10.42  87.813305  66.088301  2.234
 87    37.870 55253.61792253 10.05  87.810085  66.091391  2.234
 88    20.082 55288.61793002 12.26  87.838331  66.080082  2.645
 88    22.581 55288.61793066 12.06  87.835121  66.083172  2.645
 88    24.529 55288.61793130 12.24  87.831911  66.086262  2.645
 88    27.135 55288.61793195 11.95  87.828701  66.089342  2.645
 88    29.618 55288.61793259 11.34  87.825481  66.092432  2.645
 88    32.891 55288.61793324 10.47  87.822271  66.095522  2.645
 89     5.362 55323.61790772 25.36  87.827861  66.079611 23.250
 89     5.001 55323.61790837 19.97  87.824651  66.082691 23.250
 89     4.649 55323.61790901 16.26  87.821431  66.085781 23.250
 89     7.730 55323.61790966 13.28  87.818221  66.088871 23.250
 89     5.476 55323.61791030 20.03  87.815001  66.091951 23.250
 89     5.366 55323.61791095 21.06  87.811791  66.095041 23.250
 90    15.990 55358.61790599 47.19  87.831145  66.079450 17.827
 90    16.025 55358.61790664 47.01  87.827935  66.082540 17.827
 90    15.989 55358.61790728 47.53  87.824725  66.085620 17.827
 90    16.012 55358.61790793 44.80  87.821505  66.088710 17.827
 90    15.962 55358.61790857 42.33  87.818295  66.091800 17.827
 90    15.983 55358.61790922 46.06  87.815075  66.094880 17.827
 91     7.821 55393.61790989 19.61  87.822199  66.080224 25.808
 91     5.711 55393.61791118 19.22  87.815779  66.086404 25.808
 91     5.209 55393.61791182 20.65  87.812559  66.089484 25.808
 91     3.801 55393.61791246 21.09  87.809341  66.092570  6.353
 91     1.847 55393.61791311 23.26  87.806121  66.095660  6.353
 92     7.903 55428.61792175 21.06  87.830762  66.078097 15.879
 92     7.714 55428.61792240 15.27  87.827552  66.081187 15.879
 93     7.368 55463.61788517 19.30  87.842079  66.080368  6.424
 93     7.110 55463.61788582 16.94  87.838869  66.083458  6.424
 93     6.561 55463.61788646 16.32  87.835659  66.086548  6.424
 93    15.975 55463.61788711 16.24  87.832449  66.089628  6.424
 93    19.291 55463.61788775 16.19  87.829229  66.092718  6.424
 93    22.100 55463.61788839 15.31  87.826019  66.095808  6.424
