# NaN NaN NaN ;Mean Elev.(m), Avg Gradient(m/km), RMS Gradient(m/km) - SRTM1     
#   40.145  -0.808   6.349 ;Mean Elev.(m), Avg Gradient(m/km), RMS Gradient(m/km) - ASTER GDEM
#   59.572  -1.062   3.493 ;Mean Elev.(m), Avg Gradient(m/km), RMS Gradient(m/km) - GMTED2010 
  7    60.264 52475.62264405 44.41  91.373018  59.162954 15.596
  7    60.054 52475.62264470 47.78  91.370918  59.166134 15.596
  7    59.963 52475.62264534 43.78  91.368818  59.169314 15.596
  7    59.773 52475.62264599 41.79  91.366718  59.172484 15.596
  7    59.680 52475.62264663 42.13  91.364618  59.175664 15.596
  7    59.772 52475.62264728 44.99  91.362518  59.178844 15.596
  8    58.733 52510.62259895 53.85  91.389918  59.161850 24.203
  8    58.795 52510.62259960 54.31  91.387818  59.165030 24.203
  8    58.836 52510.62260024 52.87  91.385718  59.168200 24.203
  8    58.889 52510.62260089 49.54  91.383618  59.171380 24.203
  9    62.028 52545.62261458 21.69  91.370612  59.165532 17.186
  9    58.529 52545.62261522 20.94  91.368512  59.168702 17.186
  9    58.263 52545.62261587 19.30  91.366412  59.171882 17.186
  9    57.986 52545.62261651 18.06  91.364312  59.175062 17.186
  9    57.849 52545.62261716 17.75  91.362212  59.178232 17.186
 10    58.777 52580.62264132 47.59  91.373864  59.164123 20.758
 10    57.655 52580.62264196 42.98  91.371764  59.167293 20.758
 10    57.769 52580.62264261 46.11  91.369664  59.170473 20.758
 10    57.780 52580.62264325 45.48  91.367564  59.173653 20.758
 10    57.840 52580.62264390 45.02  91.365464  59.176833 20.758
 11    61.212 52615.62260934 18.76  91.384412  59.160626  7.337
 11    61.339 52615.62260999 19.39  91.382312  59.163806  7.337
 11    60.861 52615.62261063 20.73  91.380212  59.166986  7.337
 11    61.000 52615.62261128 19.54  91.378112  59.170166  7.337
 11    60.986 52615.62261192 19.97  91.376012  59.173336  7.337
 12    62.050 52650.62258762 10.74  91.380122  59.162036  4.847
 12    61.653 52650.62258826 11.98  91.378022  59.165216  4.847
 12    61.774 52650.62258891 11.63  91.375922  59.168386  4.847
 12    61.834 52650.62258955 11.08  91.373822  59.171566  4.847
 12    61.789 52650.62259020 11.84  91.371722  59.174746  4.847
 13    61.082 52685.62257502 16.51  91.389560  59.162013  7.527
 13    60.862 52685.62257567 15.59  91.387460  59.165193  7.527
 13    60.425 52685.62257631 16.39  91.385360  59.168373  7.527
 13    60.671 52685.62257696 13.34  91.383260  59.171553  7.527
 14    60.859 52720.62262649 16.32  91.375400  59.163957  5.513
 14    60.724 52720.62262714 16.53  91.373300  59.167127  5.513
 14    60.502 52720.62262778 16.40  91.371200  59.170307  5.513
 14    60.510 52720.62262843 15.42  91.369100  59.173487  5.513
 14    60.143 52720.62262907 16.30  91.367000  59.176667  5.513
 15    60.704 52755.62265063 31.25  91.371522  59.165438 15.943
 15    60.902 52755.62265128 35.11  91.369432  59.168618 15.943
 15    60.704 52755.62265192 47.05  91.367332  59.171788 15.943
 15    60.963 52755.62265257 36.75  91.365232  59.174968 15.943
 15    60.521 52755.62265321 28.59  91.363132  59.178148 15.943
 16    60.389 52790.62260007 47.94  91.365059  59.166401 11.967
 16    60.437 52790.62260072 49.01  91.362959  59.169581 11.967
 16    60.552 52790.62260136 47.54  91.360859  59.172761 11.967
 16    60.540 52790.62260200 48.73  91.358763  59.175935 40.912
 16    60.369 52790.62260265 48.46  91.356653  59.179105 40.912
 16    60.428 52790.62260329 51.92  91.354553  59.182285 40.912
 17    59.552 52825.62266893 41.28  91.372387  59.164104 11.421
 17    59.202 52825.62266957 43.52  91.370287  59.167274 11.421
 17    58.985 52825.62267022 37.52  91.368187  59.170454 11.421
 17    58.766 52825.62267086 35.16  91.366087  59.173634 11.421
 17    58.848 52825.62267151 37.60  91.363987  59.176814 11.421
 17    58.786 52825.62267215 38.22  91.361882  59.179989 19.289
 18    58.603 52860.62271430 17.52  91.376056  59.162567  9.608
 18    61.301 52860.62271495 18.90  91.373956  59.165737  9.608
 18    58.567 52860.62271559 18.13  91.371856  59.168917  9.608
 18    58.579 52860.62271624 17.87  91.369756  59.172097  9.608
 18    58.669 52860.62271688 16.18  91.367656  59.175277  9.608
 18    58.537 52860.62271752 15.95  91.365556  59.178447  9.608
 19    58.289 52895.62274498 25.11  91.377672  59.163741  7.094
 19    58.239 52895.62274563 23.99  91.375572  59.166921  7.094
 19    58.188 52895.62274627 24.72  91.373472  59.170091  7.094
 19    58.269 52895.62274692 25.17  91.371372  59.173271  7.094
 19    58.139 52895.62274756 23.44  91.369272  59.176451  7.094
 20    58.576 52930.62269298 52.35  91.386809  59.162425 20.835
 20    58.333 52930.62269363 52.04  91.384709  59.165605 20.835
 20    58.123 52930.62269427 49.99  91.382609  59.168775 20.835
 20    58.290 52930.62269492 50.93  91.380519  59.171955 20.835
 21    57.627 52965.62268739 33.49  91.371175  59.164718 29.592
 21    57.783 52965.62268803 42.99  91.369075  59.167898 29.592
 21    58.874 52965.62268868 47.07  91.366975  59.171068 29.592
 21    57.770 52965.62268932 45.59  91.364875  59.174248 29.592
 21    57.745 52965.62268997 39.52  91.362775  59.177428 29.592
 21    57.665 52965.62269061 33.71  91.360665  59.180598 29.592
 23    61.329 53035.62266807 14.45  91.386822  59.160471  7.045
 23    61.234 53035.62266871 13.26  91.384722  59.163651  7.045
 23    61.214 53035.62266936 12.27  91.382632  59.166831  7.045
 23    60.972 53035.62267000 13.72  91.380532  59.170011  7.045
 23    60.555 53035.62267065 13.94  91.378432  59.173181  7.045
 24    61.041 53070.62268857 15.01  91.378681  59.161561  4.291
 24    61.146 53070.62268921 15.68  91.376581  59.164741  4.291
 24    61.170 53070.62268986 15.69  91.374481  59.167918  7.969
 24    60.985 53070.62269050 16.72  91.372381  59.171088  7.969
 24    60.716 53070.62269115 16.59  91.370281  59.174268  7.969
 24    60.659 53070.62269179 16.69  91.368181  59.177448  7.969
 25    61.873 53105.62266906 18.15  91.390420  59.159271  6.969
 25    61.827 53105.62266971 16.91  91.388320  59.162451  6.969
 25    61.620 53105.62267035 16.60  91.386220  59.165631  6.969
 25    61.589 53105.62267100 15.65  91.384130  59.168811  6.969
 25    61.490 53105.62267164 15.13  91.382030  59.171981  6.969
 26    61.573 53140.62269620 49.88  91.373103  59.164878 22.477
 26    61.612 53140.62269684 51.25  91.371003  59.168058 22.477
 26    61.567 53140.62269749 48.13  91.368903  59.171238 22.477
 26    61.597 53140.62269813 46.86  91.366803  59.174408 22.477
 26    61.346 53140.62269878 50.03  91.364703  59.177588 22.477
 27    59.966 53175.62272772 34.11  91.377568  59.162039  7.514
 27    59.797 53175.62272836 33.95  91.375478  59.165219  7.514
 27    59.550 53175.62272901 33.11  91.373378  59.168399  7.514
 27    59.450 53175.62272965 33.02  91.371278  59.171569  7.514
 27    59.790 53175.62273030 33.33  91.369178  59.174749  7.514
 27    59.762 53175.62273094 32.85  91.367068  59.177929  7.514
 28    58.770 53210.62274635 27.50  91.377644  59.163654  7.396
 28    58.926 53210.62274700 27.32  91.375544  59.166824  7.396
 28    59.026 53210.62274764 26.18  91.373444  59.170004  7.396
 28    59.060 53210.62274829 26.69  91.371344  59.173184  7.396
 28    59.236 53210.62274893 26.20  91.369244  59.176364  7.396
 29    60.059 53245.62271358 50.05  91.386416  59.160685 18.457
 29    59.033 53245.62271422 48.83  91.384316  59.163865 18.457
 29    58.940 53245.62271487 48.57  91.382226  59.167035 18.457
 29    58.769 53245.62271551 52.35  91.380126  59.170215 18.457
 29    58.867 53245.62271615 48.52  91.378026  59.173395 18.457
 30    59.271 53280.62269903 43.90  91.363863  59.167182 22.589
 30    59.034 53280.62269967 39.50  91.361753  59.170362 22.589
 30    59.070 53280.62270032 37.21  91.359653  59.173542 22.589
 30    59.056 53280.62270096 35.51  91.357553  59.176712 22.589
 30    59.225 53280.62270161 38.12  91.355453  59.179892 22.589
 30    59.034 53280.62270225 39.71  91.353353  59.183072 22.589
 31    58.589 53315.62271299 52.70  91.375928  59.163710 19.885
 31    58.721 53315.62271363 52.71  91.373828  59.166890 19.885
 31    58.596 53315.62271427 52.03  91.371728  59.170060 19.885
 31    58.655 53315.62271492 50.17  91.369628  59.173240 19.885
 31    58.473 53315.62271556 47.83  91.367528  59.176420 19.885
 32    59.140 53350.62267806 42.15  91.387149  59.162059 16.431
 32    59.108 53350.62267870 45.49  91.385059  59.165239 16.431
 32    58.988 53350.62267934 43.96  91.382959  59.168419 16.431
 32    58.864 53350.62267999 36.65  91.380859  59.171599 16.431
 33    63.574 53385.62266135 22.86  91.366495  59.166645  8.383
 33    63.935 53385.62266200 24.09  91.364395  59.169815  8.383
 33    63.559 53385.62266264 21.68  91.362292  59.172999  9.614
 33    63.181 53385.62266329 21.80  91.360192  59.176169  9.614
 33    62.978 53385.62266393 20.57  91.358092  59.179349  9.614
 33    62.314 53385.62266458 21.08  91.355982  59.182529  9.614
 34    63.155 53420.62266409 14.65  91.387991  59.161682  7.332
 34    62.966 53420.62266473 16.39  91.385891  59.164862  7.332
 34    62.536 53420.62266538 18.16  91.383791  59.168032  7.332
 34    62.532 53420.62266602 17.80  91.381691  59.171212  7.332
 35    63.214 53455.62267072 11.13  91.369331  59.164312  4.760
 35    63.025 53455.62267137 12.10  91.367231  59.167492  4.760
 35    62.871 53455.62267201 12.12  91.365131  59.170672  4.760
 35    62.977 53455.62267266 11.22  91.363031  59.173842  4.760
 35    62.690 53455.62267330 10.95  91.360934  59.177024  4.493
 35    62.126 53455.62267395 12.28  91.358824  59.180204  4.493
 36    62.064 53490.62275618 49.99  91.367896  59.164886 12.745
 36    62.077 53490.62275682 46.46  91.365796  59.168066 12.745
 36    61.813 53490.62275747 47.53  91.363696  59.171246 12.745
 36    61.961 53490.62275811 42.65  91.361598  59.174423 28.049
 36    61.697 53490.62275876 44.62  91.359498  59.177593 28.049
 36    61.554 53490.62275940 37.49  91.357398  59.180773 28.049
 37    60.102 53525.62273903 34.17  91.383043  59.161614 11.596
 37    59.973 53525.62273967 37.99  91.380943  59.164794 11.596
 37    60.006 53525.62274032 35.93  91.378843  59.167974 11.596
 37    60.123 53525.62274096 34.19  91.376743  59.171144 11.596
 37    60.099 53525.62274161 42.71  91.374643  59.174324 11.596
 38    59.319 53560.62276738 30.64  91.374614  59.163712  9.806
 38    59.009 53560.62276803 30.46  91.372514  59.166882  9.806
 38    58.952 53560.62276867 30.05  91.370414  59.170062  9.806
 38    59.029 53560.62276932 28.86  91.368314  59.173242  9.806
 38    59.166 53560.62276996 31.63  91.366214  59.176422  9.806
 39    59.604 53595.62270430 52.35  91.394645  59.158717 19.513
 39    59.187 53595.62270494 51.18  91.392545  59.161897 19.513
 39    59.176 53595.62270558 51.48  91.390445  59.165077 19.513
 39    59.055 53595.62270623 50.27  91.388355  59.168247 19.513
 40    58.879 53630.62270090 52.51  91.357030  59.168346 11.299
 40    58.980 53630.62270154 51.67  91.354930  59.171516 11.299
 40    59.018 53630.62270219 49.98  91.352825  59.174699 43.011
 40    59.000 53630.62270283 50.04  91.350725  59.177879 43.011
 40    58.903 53630.62270348 48.13  91.348625  59.181049 43.011
 40    58.829 53630.62270412 50.43  91.346525  59.184229 43.011
 40    58.862 53630.62270477 49.18  91.344415  59.187409 43.011
 41    59.078 53665.62272257 45.00  91.373727  59.162567 12.871
 41    59.169 53665.62272321 47.53  91.371627  59.165737 12.871
 41    58.958 53665.62272386 47.36  91.369527  59.168917 12.871
 41    58.985 53665.62272450 45.85  91.367427  59.172097 12.871
 41    58.928 53665.62272515 49.63  91.365327  59.175277 12.871
 41    58.775 53665.62272579 48.99  91.363223  59.178453 22.532
 42    58.016 53700.62267461 48.80  91.387807  59.159991 20.794
 42    58.893 53700.62267526 50.31  91.385707  59.163171 20.794
 42    58.345 53700.62267590 46.55  91.383607  59.166341 20.794
 42    58.013 53700.62267655 48.40  91.381507  59.169521 20.794
 42    58.155 53700.62267719 40.75  91.379417  59.172701 20.794
 43    62.791 53735.62259597 19.40  91.399911  59.158274  8.140
 43    62.678 53735.62259662 20.10  91.397811  59.161454  8.140
 43    62.587 53735.62259726 20.59  91.395721  59.164624  8.140
 43    62.585 53735.62259791 21.01  91.393621  59.167804  8.140
 44    62.393 53770.62258708 22.43  91.382434  59.161369  9.156
 44    62.546 53770.62258772 21.64  91.380334  59.164549  9.156
 44    62.257 53770.62258836 23.68  91.378234  59.167719  9.156
 44    62.198 53770.62258901 22.11  91.376134  59.170899  9.156
 44    62.194 53770.62258965 22.01  91.374034  59.174079  9.156
 45    62.129 53805.62257894 12.75  91.393702  59.158793  5.195
 45    61.901 53805.62257959 13.99  91.391602  59.161973  5.195
 45    61.774 53805.62258023 13.73  91.389502  59.165153  5.195
 45    61.738 53805.62258088 14.02  91.387402  59.168333  5.195
 45    61.383 53805.62258152 14.98  91.385302  59.171503  5.195
 47    63.437 53875.62264744 47.94  91.377292  59.163379 15.368
 47    63.539 53875.62264809 46.32  91.375192  59.166549 15.368
 47    63.289 53875.62264873 46.47  91.373092  59.169729 15.368
 47    63.460 53875.62264938 47.34  91.370992  59.172909 15.368
 47    63.176 53875.62265002 50.87  91.368892  59.176089 15.368
 48    60.651 53910.62269580 49.24  91.367967  59.165710 18.107
 48    60.491 53910.62269644 48.08  91.365867  59.168890 18.107
 48    60.188 53910.62269709 38.61  91.363767  59.172070 18.107
 48    59.939 53910.62269773 38.17  91.361667  59.175240 18.107
 48    60.004 53910.62269837 37.88  91.359567  59.178420 18.107
 48    60.058 53910.62269902 42.50  91.357467  59.181600 18.107
 49    62.100 53945.62271473 32.97  91.371492  59.163460  8.217
 49    61.735 53945.62271537 32.71  91.369392  59.166630  8.217
 49    61.531 53945.62271602 32.99  91.367292  59.169810  8.217
 49    61.348 53945.62271666 33.11  91.365192  59.172990  8.217
 49    61.305 53945.62271731 32.53  91.363092  59.176170  8.217
 49    61.405 53945.62271795 31.18  91.360992  59.179340  8.217
 50    60.711 53980.62266027 52.38  91.385750  59.161801 18.332
 50    60.633 53980.62266091 44.01  91.383650  59.164981 18.332
 50    60.172 53980.62266156 38.62  91.381550  59.168161 18.332
 50    59.970 53980.62266220 39.54  91.379450  59.171341 18.332
 50    60.025 53980.62266285 35.60  91.377350  59.174511 18.332
 51    61.902 54015.62268088 22.20  91.369096  59.164028  6.419
 51    58.860 54015.62268152 23.30  91.366996  59.167208  6.419
 51    58.529 54015.62268217 23.82  91.364896  59.170388  6.419
 51    58.450 54015.62268281 24.44  91.362796  59.173558  6.419
 51    58.672 54015.62268346 20.82  91.360696  59.176738  6.419
 51    58.675 54015.62268410 19.00  91.358586  59.179918  6.419
 52    58.250 54050.62268114 13.65  91.385937  59.162302  6.558
 52    58.187 54050.62268179 15.95  91.383837  59.165482  6.558
 52    58.202 54050.62268243 16.57  91.381737  59.168662  6.558
 52    58.277 54050.62268308 15.59  91.379637  59.171842  6.558
 53    60.220 54085.62267307 42.51  91.385373  59.160850 19.324
 53    59.921 54085.62267371 47.23  91.383273  59.164030 19.324
 53    60.086 54085.62267436 46.33  91.381173  59.167210 19.324
 53    60.161 54085.62267500 41.45  91.379073  59.170390 19.324
 53    60.065 54085.62267565 35.03  91.376973  59.173560 19.324
 54    64.156 54120.62259928 46.80  91.396694  59.160194 15.014
 54    64.019 54120.62259992 38.97  91.394604  59.163364 15.014
 54    64.156 54120.62260056 29.29  91.392504  59.166544 15.014
 54    64.031 54120.62260121 22.01  91.390404  59.169724 15.014
 55    63.619 54155.62263170 15.84  91.379314  59.161499  7.656
 55    63.362 54155.62263234 17.07  91.377214  59.164679  7.656
 55    63.379 54155.62263299 17.46  91.375114  59.167849  7.656
 55    63.300 54155.62263363 18.08  91.373014  59.171029  7.656
 55    63.203 54155.62263428 18.48  91.370914  59.174209  7.656
 55    62.905 54155.62263492 17.97  91.368814  59.177389  7.656
 56    64.093 54190.62259617 20.44  91.393260  59.158916  6.942
 56    63.946 54190.62259681 18.12  91.391160  59.162096  6.942
 56    63.859 54190.62259746 16.72  91.389060  59.165276  6.942
 56    63.727 54190.62259810 16.81  91.386970  59.168446  6.942
 56    63.224 54190.62259875 16.34  91.384870  59.171626  6.942
 57    68.822 54225.62264346 24.48  91.374922  59.163840 18.970
 57    64.298 54225.62264411 25.90  91.372822  59.167020 18.970
 57    63.716 54225.62264475 26.94  91.370722  59.170200 18.970
 57    64.000 54225.62264540 26.79  91.368622  59.173370 18.970
 57    67.071 54225.62264604 25.21  91.366522  59.176550 18.970
 58    60.708 54260.62266311 34.26  91.379806  59.161213  8.429
 58    60.670 54260.62266375 32.73  91.377706  59.164383  8.429
 58    60.680 54260.62266439 32.54  91.375606  59.167563  8.429
 58    60.594 54260.62266504 32.50  91.373506  59.170743  8.429
 58    60.607 54260.62266568 32.98  91.371406  59.173923  8.429
 58    60.558 54260.62266633 33.68  91.369306  59.177093  8.429
 59    59.847 54295.62266707 52.43  91.380885  59.162113 22.870
 59    59.534 54295.62266771 53.43  91.378785  59.165293 22.870
 59    59.541 54295.62266836 50.92  91.376685  59.168473 22.870
 59    59.456 54295.62266900 48.74  91.374585  59.171653 22.870
 59    59.439 54295.62266964 50.63  91.372485  59.174823 22.870
 60    59.623 54330.62265927 36.22  91.386312  59.162093 11.640
 60    59.063 54330.62265992 30.21  91.384212  59.165263 11.640
 60    58.802 54330.62266056 31.25  91.382112  59.168443 11.640
 60    58.650 54330.62266121 29.15  91.380012  59.171623 11.640
 61    59.461 54365.62260299 43.62  91.392079  59.160403 14.001
 61    58.872 54365.62260364 35.01  91.389979  59.163583 14.001
 61    58.698 54365.62260428 38.95  91.387879  59.166763 14.001
 61    58.670 54365.62260493 43.24  91.385789  59.169933 14.001
 62    58.060 54400.62260118 33.52  91.381086  59.162693 22.671
 62    58.157 54400.62260183 33.98  91.378986  59.165873 22.671
 62    58.203 54400.62260247 35.25  91.376886  59.169053 22.671
 62    58.409 54400.62260312 37.83  91.374796  59.172233 22.671
 62    58.201 54400.62260376 45.15  91.372686  59.175403 22.671
 63    58.032 54435.62255796 45.74  91.389149  59.160769 17.275
 63    59.245 54435.62255861 47.25  91.387059  59.163949 17.275
 63    57.963 54435.62255925 46.63  91.384959  59.167129 17.275
 63    58.071 54435.62255990 40.40  91.382859  59.170309 17.275
 63    57.976 54435.62256054 33.02  91.380759  59.173479 17.275
 64    62.914 54470.62258520 12.08  91.376610  59.162474  7.988
 64    62.932 54470.62258584 12.15  91.374510  59.165654  7.988
 64    63.261 54470.62258648 12.69  91.372410  59.168834  7.988
 64    62.925 54470.62258713 15.21  91.370310  59.172014  7.988
 64    62.948 54470.62258777 13.86  91.368210  59.175184  7.988
 64    62.555 54470.62258842 14.12  91.366110  59.178364  7.988
 65    63.570 54505.62257154  9.12  91.389442  59.161708  5.783
 65    63.193 54505.62257218 10.11  91.387342  59.164888  5.783
 65    62.510 54505.62257282 11.36  91.385242  59.168068  5.783
 65    61.682 54505.62257347 12.42  91.383138  59.171238  5.866
 66    65.834 54540.62259967 10.69  91.382979  59.161094  5.125
 66    62.104 54540.62260031 10.83  91.380879  59.164274  5.125
 66    62.941 54540.62260096 10.51  91.378779  59.167454  5.125
 66    62.341 54540.62260160 10.45  91.376677  59.170631  5.403
 66    62.192 54540.62260225 10.00  91.374577  59.173801  5.403
 67    70.107 54575.62257245  5.24  91.392144  59.159350  3.455
 67    69.290 54575.62257309  5.30  91.390044  59.162530  3.455
 67    68.216 54575.62257374  5.63  91.387944  59.165700  3.455
 67    66.633 54575.62257438  6.49  91.385844  59.168880  3.455
 67    66.094 54575.62257503  6.42  91.383744  59.172060  3.455
 68    69.803 54610.62259185 20.24  91.381705  59.161014 10.532
 68    69.078 54610.62259249 19.48  91.379605  59.164194 10.532
 68    68.269 54610.62259314 19.34  91.377505  59.167374 10.532
 68    68.534 54610.62259378 19.17  91.375405  59.170554 10.532
 68    68.083 54610.62259443 19.18  91.373305  59.173723 23.337
 68    67.999 54610.62259507 20.73  91.371205  59.176903 23.337
 69    62.091 54645.62259938 17.43  91.380486  59.161819  9.657
 69    61.889 54645.62260003 17.62  91.378396  59.164989  9.657
 69    61.510 54645.62260067 17.21  91.376296  59.168169  9.657
 69    58.858 54645.62260132 18.70  91.374196  59.171349  9.657
 69    58.882 54645.62260196 17.86  91.372096  59.174527  7.541
 70    58.709 54680.62260103 18.94  91.380353  59.163487 11.370
 70    58.517 54680.62260168 17.45  91.378263  59.166667 11.370
 70    61.109 54680.62260232 16.32  91.376163  59.169847 11.370
 70    58.223 54680.62260296 16.55  91.374063  59.173027 11.370
 70    58.132 54680.62260361 16.26  91.371961  59.176205  5.822
 71    58.809 54715.62255043 38.56  91.392647  59.161356 12.149
 71    58.320 54715.62255107 36.41  91.390547  59.164536 12.149
 71    58.427 54715.62255172 35.15  91.388447  59.167716 12.149
 71    58.535 54715.62255236 34.57  91.386357  59.170886 12.149
 72    58.672 54750.62257167 44.44  91.375593  59.162147 11.511
 72    58.777 54750.62257231 46.17  91.373503  59.165327 11.511
 72    58.825 54750.62257296 40.54  91.371403  59.168507 11.511
 72    58.506 54750.62257360 37.97  91.369297  59.171683 16.630
 72    58.908 54750.62257425 30.00  91.367197  59.174853 16.630
 72    58.297 54750.62257489 26.98  91.365097  59.178033 16.630
 73    58.467 54785.62253955 49.02  91.386640  59.162348 16.137
 73    58.313 54785.62254020 49.02  91.384540  59.165518 16.137
 73    58.162 54785.62254084 45.66  91.382440  59.168698 16.137
 73    58.248 54785.62254148 43.26  91.380340  59.171878 16.137
 74    62.202 54820.62256498 13.57  91.376124  59.162559  4.165
 74    62.201 54820.62256563 13.39  91.374024  59.165739  4.165
 74    62.297 54820.62256627 13.88  91.371924  59.168916  8.233
 74    62.214 54820.62256692 14.85  91.369824  59.172086  8.233
 74    62.128 54820.62256756 14.64  91.367724  59.175266  8.233
 74    62.011 54820.62256821 16.04  91.365624  59.178446  8.233
 75    63.936 54855.62253586 14.18  91.387340  59.161293  9.617
 75    63.786 54855.62253651 13.44  91.385240  59.164473  9.617
 75    63.565 54855.62253715 12.49  91.383150  59.167653  9.617
 75    63.576 54855.62253780 11.69  91.381050  59.170823  9.617
 75    63.583 54855.62253844  9.44  91.378950  59.174003  9.617
 76    63.629 54890.62256884 10.71  91.379506  59.163392  6.996
 76    63.280 54890.62256948 10.92  91.377406  59.166572  6.996
 76    63.687 54890.62257013  9.19  91.375306  59.169752  6.996
 76    63.363 54890.62257077  9.22  91.373202  59.172929  6.191
 76    63.193 54890.62257141  8.62  91.371102  59.176099  6.191
 77    64.343 54925.62253438 26.86  91.391672  59.159921 17.964
 77    64.318 54925.62253502 22.14  91.389572  59.163101 17.964
 77    64.119 54925.62253566 17.01  91.387482  59.166281 17.964
 77    64.077 54925.62253631 15.96  91.385382  59.169451 17.964
 78    70.088 54960.62256758 21.91  91.374701  59.163685 11.481
 78    69.386 54960.62256823 21.86  91.372601  59.166865 11.481
 78    66.697 54960.62256887 23.31  91.370500  59.170044 22.115
 78    66.827 54960.62256952 22.78  91.368400  59.173214 22.115
 78    66.920 54960.62257016 23.43  91.366300  59.176394 22.115
 79    67.678 54995.62258860 20.89  91.378531  59.162004 10.478
 79    67.864 54995.62258925 17.16  91.376431  59.165184 10.478
 79    66.749 54995.62258989 18.11  91.374331  59.168364 10.478
 79    67.532 54995.62259054 16.04  91.372227  59.171543 18.098
 79    66.707 54995.62259118 16.61  91.370137  59.174713 18.098
 79    67.524 54995.62259183 16.77  91.368027  59.177893 18.098
 80    58.977 55030.62257843 33.16  91.380599  59.162965  7.580
 80    58.890 55030.62257908 32.29  91.378499  59.166145  7.580
 80    58.883 55030.62257972 32.32  91.376399  59.169325  7.580
 80    58.815 55030.62258037 32.46  91.374295  59.172503 10.814
 80    58.984 55030.62258101 38.28  91.372195  59.175673 10.814
 81    59.717 55065.62256861 47.93  91.384795  59.162105 14.925
 81    59.576 55065.62256926 47.58  91.382705  59.165275 14.925
 81    59.420 55065.62256990 42.00  91.380605  59.168455 14.925
 81    59.516 55065.62257055 45.31  91.378505  59.171635 14.925
 81    59.336 55065.62257119 45.72  91.376405  59.174815 14.925
 82    59.422 55100.62251060 48.47  91.391817  59.161319 20.289
 82    59.311 55100.62251125 51.57  91.389717  59.164499 20.289
 82    59.340 55100.62251189 53.24  91.387617  59.167679 20.289
 82    59.231 55100.62251254 45.65  91.385517  59.170859 20.289
 83    59.613 55135.62251407 48.12  91.376609  59.162942 11.632
 83    59.528 55135.62251472 39.92  91.374509  59.166122 11.632
 83    58.741 55135.62251536 35.94  91.372409  59.169302 11.632
 83    58.839 55135.62251601 37.50  91.370315  59.172477 26.329
 83    58.647 55135.62251665 38.10  91.368215  59.175657 26.329
 84    60.648 55170.62247682 47.19  91.388423  59.162233 18.233
 84    60.449 55170.62247746 48.66  91.386323  59.165413 18.233
 84    60.250 55170.62247811 45.40  91.384223  59.168583 18.233
 84    60.389 55170.62247875 46.02  91.382123  59.171763 18.233
 85    63.195 55205.62250745 13.26  91.376479  59.162161  4.550
 85    63.367 55205.62250809 13.44  91.374379  59.165341  4.550
 85    63.365 55205.62250874 13.84  91.372279  59.168521  4.550
 85    63.250 55205.62250938 14.79  91.370184  59.171698  6.636
 85    63.313 55205.62251003 15.32  91.368084  59.174868  6.636
 85    63.197 55205.62251067 15.07  91.365984  59.178048  6.636
 86    63.284 55240.62248229 10.49  91.389989  59.159831  3.835
 86    63.382 55240.62248293 10.60  91.387889  59.163011  3.835
 86    63.231 55240.62248358 11.53  91.385789  59.166191  3.835
 86    62.967 55240.62248422 12.06  91.383699  59.169361  3.835
 86    62.704 55240.62248487 11.62  91.381599  59.172541  3.835
 87    62.565 55275.62250112 10.00  91.382953  59.161987  3.460
 87    62.547 55275.62250176 10.06  91.380853  59.165167  3.460
 87    62.530 55275.62250241  9.93  91.378753  59.168347  3.460
 87    62.262 55275.62250305  9.97  91.376656  59.171525  4.402
 87    62.248 55275.62250370 10.24  91.374556  59.174695  4.402
 88    62.315 55310.62246682 19.12  91.391021  59.160623 18.027
 88    62.284 55310.62246746 20.39  91.388931  59.163803 18.027
 88    62.290 55310.62246811 18.26  91.386831  59.166983 18.027
 88    62.270 55310.62246875 16.97  91.384731  59.170153 18.027
 89    61.418 55345.62247040 50.87  91.382079  59.162790 19.823
 89    61.660 55345.62247105 47.98  91.379979  59.165970 19.823
 89    61.831 55345.62247169 50.08  91.377879  59.169140 19.823
 89    61.828 55345.62247234 48.13  91.375779  59.172320 19.823
 89    61.308 55345.62247298 50.37  91.373679  59.175500 19.823
 90    60.248 55380.62246315 26.38  91.385187  59.161959  7.548
 90    60.041 55380.62246380 27.07  91.383087  59.165139  7.548
 90    60.080 55380.62246444 26.11  91.380987  59.168319  7.548
 90    60.181 55380.62246509 23.52  91.378887  59.171499  7.548
 90    60.220 55380.62246573 23.04  91.376787  59.174678  5.650
 91    59.917 55415.62249023 48.41  91.375106  59.163335 10.455
 91    59.813 55415.62249087 50.35  91.373006  59.166515 10.455
 91    59.639 55415.62249152 48.75  91.370902  59.169692 18.637
 91    59.603 55415.62249216 44.53  91.368802  59.172862 18.637
 91    59.609 55415.62249281 45.66  91.366702  59.176042 18.637
 92    59.928 55450.62247466 17.80  91.387502  59.161476 16.857
 92    59.116 55450.62247530 19.04  91.385402  59.164656 16.857
 92    59.292 55450.62247594 19.29  91.383312  59.167836 16.857
 92    59.336 55450.62247659 24.61  91.381212  59.171006 16.857
 93    59.202 55485.62239814 34.49  91.397024  59.158274 12.443
 93    62.735 55485.62239878 20.31  91.394924  59.161444 12.443
 93    66.186 55485.62239943 16.51  91.392824  59.164624 12.443
 93    65.771 55485.62240007 15.98  91.390724  59.167804 12.443
