# NaN NaN NaN ;Mean Elev.(m), Avg Gradient(m/km), RMS Gradient(m/km) - SRTM1     
#    3.058     NaN     NaN ;Mean Elev.(m), Avg Gradient(m/km), RMS Gradient(m/km) - ASTER GDEM
#    0.000  -0.021   2.058 ;Mean Elev.(m), Avg Gradient(m/km), RMS Gradient(m/km) - GMTED2010 
  7     4.517 52469.61699259 19.58  83.081320  70.406203 10.277
  7     3.844 52469.61699323 18.68  83.076730  70.409183 10.277
  7     3.396 52469.61699387 17.01  83.072150  70.412153 10.277
  7     0.868 52469.61699452 17.32  83.067560  70.415123 10.277
  7     0.295 52469.61699516 17.73  83.062970  70.418103 10.277
  7    -0.037 52469.61699581 19.11  83.058370  70.421073 10.277
  7     0.228 52469.61699645 19.75  83.053776  70.424047 19.067
  7     0.294 52469.61699710 19.98  83.049186  70.427017 19.067
  7     0.365 52469.61699774 20.79  83.044586  70.429997 19.067
  7     2.413 52469.61699839 20.11  83.039996  70.432967 19.067
  7     2.790 52469.61699903 21.47  83.035396  70.435937 19.067
  8    -1.668 52504.61697740 34.83  83.087019  70.405306 15.403
  8    -1.977 52504.61697804 25.44  83.082429  70.408276 15.403
  8    -2.510 52504.61697869 26.70  83.077839  70.411246 15.403
  8    -2.815 52504.61697933 25.91  83.073249  70.414226 15.403
  8    -3.373 52504.61697997 27.97  83.068659  70.417196 15.403
  8    -2.828 52504.61698062 27.32  83.064069  70.420176 15.403
  8    -2.554 52504.61698126 28.57  83.059479  70.423146 15.403
  8    -2.099 52504.61698191 29.69  83.054889  70.426116 15.403
  8    -2.028 52504.61698255 31.67  83.050289  70.429096 15.403
  8    -1.960 52504.61698320 31.85  83.045689  70.432066 15.403
  8    -1.858 52504.61698384 32.54  83.041093  70.435034 26.507
  9     4.144 52539.61695960 24.57  83.075381  70.397753  9.398
  9     3.941 52539.61696024 21.05  83.070801  70.400723  9.398
  9     3.614 52539.61696088 17.37  83.066211  70.403693  9.398
  9     2.917 52539.61696153 17.55  83.061621  70.406673  9.398
  9     2.369 52539.61696217 16.41  83.057031  70.409643  9.398
  9     1.070 52539.61696282 17.40  83.052431  70.412613  9.398
  9     0.507 52539.61696346 17.97  83.047841  70.415593  9.398
  9     0.513 52539.61696411 18.42  83.043249  70.418557 13.212
  9     0.730 52539.61696475 17.51  83.038649  70.421537 13.212
  9     0.963 52539.61696540 17.78  83.034049  70.424507 13.212
  9     2.758 52539.61696604 17.60  83.029449  70.427477 13.212
 10     0.221 52574.61700434 32.36  83.080143  70.402717 11.957
 10     0.160 52574.61700498 36.17  83.075553  70.405687 11.957
 10     0.046 52574.61700563 33.89  83.070973  70.408667 11.957
 10    -0.071 52574.61700627 32.25  83.066383  70.411637 11.957
 10    -0.052 52574.61700692 32.31  83.061793  70.414607 11.957
 10    -0.093 52574.61700756 32.09  83.057193  70.417587 11.957
 10    -0.108 52574.61700821 32.65  83.052603  70.420557 11.957
 10    -0.039 52574.61700885 32.73  83.048013  70.423527 11.957
 10    -0.045 52574.61700950 32.16  83.043413  70.426507 11.957
 10     0.006 52574.61701014 31.75  83.038823  70.429477 11.957
 10    -0.048 52574.61701079 29.57  83.034223  70.432447 11.957
 10    -0.185 52574.61701143 28.12  83.029623  70.435417 11.957
 11     0.328 52609.61696491 17.02  83.086216  70.407453  2.388
 11     0.146 52609.61696555 17.64  83.081625  70.410427  3.612
 11     0.133 52609.61696620 18.54  83.077035  70.413397  3.612
 11     0.066 52609.61696684 18.93  83.072445  70.416367  3.612
 11     0.071 52609.61696749 18.82  83.067855  70.419347  3.612
 11     0.038 52609.61696813 18.68  83.063265  70.422317  3.612
 11     0.208 52609.61696878 18.38  83.058675  70.425287  3.612
 11     0.285 52609.61696942 18.11  83.054075  70.428267  3.612
 11     0.344 52609.61697007 18.37  83.049485  70.431237  3.612
 11     0.217 52609.61697071 18.29  83.044885  70.434207  3.612
 12     0.610 52644.61695532 12.81  83.081176  70.400087  2.242
 12     0.269 52644.61695596 12.90  83.076586  70.403057  2.242
 12     0.164 52644.61695661 13.81  83.071996  70.406037  2.242
 12     0.123 52644.61695725 14.13  83.067406  70.409007  2.242
 12     0.267 52644.61695790 14.14  83.062816  70.411977  2.242
 12     0.133 52644.61695854 14.14  83.058226  70.414957  2.242
 12     0.130 52644.61695919 13.79  83.053636  70.417927  2.242
 12     0.115 52644.61695983 13.91  83.049045  70.420897  2.278
 12     0.092 52644.61696048 14.01  83.044445  70.423877  2.278
 12     0.121 52644.61696112 13.92  83.039845  70.426847  2.278
 12     0.140 52644.61696177 13.52  83.035255  70.429817  2.278
 12     0.212 52644.61696241 13.27  83.030655  70.432787  2.278
 15     0.520 52749.61700528  8.90  83.085463  70.404979  1.808
 15     0.488 52749.61700592  8.83  83.080873  70.407959  1.808
 15     0.292 52749.61700657  9.34  83.076287  70.410927  2.379
 15     0.220 52749.61700721  9.83  83.071707  70.413907  2.379
 15     0.233 52749.61700786  9.57  83.067117  70.416877  2.379
 15     0.225 52749.61700850  9.93  83.062527  70.419847  2.379
 15     0.146 52749.61700915 10.19  83.057927  70.422827  2.379
 15     0.152 52749.61700979 10.14  83.053337  70.425797  2.379
 15     0.183 52749.61701043  9.72  83.048747  70.428767  2.379
 15     0.272 52749.61701108  9.08  83.044147  70.431747  2.379
 15     0.193 52749.61701172  9.02  83.039557  70.434717  2.379
 16     2.303 52784.61694568 47.33  83.076196  70.393490 17.912
 16     1.641 52784.61694633 31.45  83.071616  70.396460 17.912
 16     1.431 52784.61694697 27.68  83.067026  70.399440 17.912
 16     1.233 52784.61694762 25.91  83.062436  70.402410 17.912
 16     1.187 52784.61694826 23.70  83.057851  70.405385 13.537
 16     1.131 52784.61694891 25.17  83.053251  70.408355 13.537
 16     0.870 52784.61694955 25.86  83.048661  70.411335 13.537
 16     1.083 52784.61695020 25.88  83.044071  70.414305 13.537
 16     1.320 52784.61695084 27.64  83.039471  70.417275 13.537
 16     1.415 52784.61695149 30.62  83.034881  70.420245 13.537
 16     1.641 52784.61695213 31.79  83.030281  70.423225 13.537
 16     1.748 52784.61695278 39.28  83.025681  70.426195 13.537
 17     4.173 52819.61702207 24.72  83.075479  70.396475 17.527
 17     3.745 52819.61702272 20.28  83.070889  70.399445 17.527
 17     3.690 52819.61702336 14.63  83.066302  70.402423 17.086
 17     3.298 52819.61702401 13.70  83.061712  70.405393 17.086
 17     2.227 52819.61702465 13.99  83.057122  70.408363 17.086
 17     0.834 52819.61702530 15.01  83.052532  70.411343 17.086
 17     0.580 52819.61702594 15.65  83.047932  70.414313 17.086
 17     0.698 52819.61702659 15.63  83.043342  70.417283 17.086
 17     1.315 52819.61702723 15.50  83.038742  70.420263 17.086
 17     2.734 52819.61702787 16.09  83.034152  70.423233 17.086
 17     3.597 52819.61702852 17.98  83.029552  70.426203 17.086
 17     3.686 52819.61702916 23.55  83.024952  70.429173 17.086
 18     0.509 52854.61707173 29.65  83.078260  70.402913 18.540
 18     0.557 52854.61707238 40.58  83.073673  70.405893 40.298
 18     0.611 52854.61707302 44.97  83.069083  70.408863 40.298
 18     0.500 52854.61707366 47.86  83.064493  70.411833 40.298
 18     0.512 52854.61707431 44.80  83.059903  70.414813 40.298
 18     0.588 52854.61707495 46.79  83.055303  70.417783 40.298
 18     0.480 52854.61707560 43.20  83.050713  70.420753 40.298
 18     0.603 52854.61707624 47.48  83.046113  70.423733 40.298
 18     0.511 52854.61707689 46.82  83.041523  70.426703 40.298
 18     0.458 52854.61707753 46.61  83.036923  70.429673 40.298
 18     0.560 52854.61707818 38.62  83.032323  70.432643 40.298
 20     4.594 52924.61705949 26.10  83.090166  70.410016 17.275
 20     3.747 52924.61706013 25.67  83.085576  70.412996 17.275
 20     3.323 52924.61706078 24.45  83.080986  70.415966 17.275
 20     3.035 52924.61706142 23.41  83.076396  70.418936 17.275
 20     2.453 52924.61706206 23.56  83.071806  70.421916 17.275
 20     2.046 52924.61706271 23.07  83.067216  70.424886 17.275
 20     0.605 52924.61706335 23.89  83.062626  70.427856 17.275
 20     0.572 52924.61706400 25.27  83.058026  70.430836 17.275
 20     0.271 52924.61706464 25.27  83.053436  70.433806 17.275
 20     0.201 52924.61706529 26.48  83.048836  70.436776 17.275
 20     0.369 52924.61706593 32.71  83.044236  70.439756 17.275
 21     0.332 52959.61702527 21.92  83.079349  70.401581  3.605
 21     0.246 52959.61702592 23.00  83.074759  70.404551  3.605
 21     0.206 52959.61702656 23.34  83.070169  70.407521  3.605
 21     0.268 52959.61702720 23.46  83.065579  70.410501  3.605
 21     0.309 52959.61702785 22.85  83.060989  70.413471  3.605
 21     0.251 52959.61702849 22.62  83.056395  70.416440  3.478
 21     0.237 52959.61702914 22.54  83.051805  70.419420  3.478
 21     0.201 52959.61702978 22.08  83.047205  70.422390  3.478
 21     0.190 52959.61703043 21.65  83.042605  70.425360  3.478
 21     0.135 52959.61703107 21.60  83.038005  70.428330  3.478
 21     0.213 52959.61703172 21.19  83.033405  70.431310  3.478
 21     0.109 52959.61703236 20.47  83.028805  70.434280  3.478
 22     0.514 52994.61705809 13.68  83.077877  70.405104  2.701
 22     0.168 52994.61705873 14.26  83.073287  70.408084  2.701
 22    -0.278 52994.61705937 15.23  83.068697  70.411054  2.701
 22    -0.103 52994.61706002 15.03  83.064107  70.414024  2.701
 22    -0.300 52994.61706066 15.50  83.059517  70.416994  2.701
 22    -0.461 52994.61706131 15.64  83.054927  70.419974  2.701
 22    -0.488 52994.61706195 15.16  83.050327  70.422944  2.701
 22    -0.527 52994.61706260 14.83  83.045737  70.425914  2.701
 22    -0.390 52994.61706324 14.70  83.041137  70.428894  2.701
 22    -0.395 52994.61706389 14.05  83.036537  70.431864  2.701
 22    -0.124 52994.61706453 13.93  83.031937  70.434834  2.701
 23     1.942 53029.61702272 11.72  83.090275  70.412079  2.706
 23     0.816 53029.61702337 12.38  83.085685  70.415049  2.706
 23     0.351 53029.61702401 12.95  83.081095  70.418029  2.706
 23     0.202 53029.61702466 13.45  83.076505  70.420999  2.706
 23     0.170 53029.61702530 13.38  83.071915  70.423969  2.706
 23    -0.045 53029.61702595 13.38  83.067325  70.426949  2.706
 23     0.122 53029.61702659 13.57  83.062725  70.429919  2.706
 23    -0.091 53029.61702724 13.67  83.058135  70.432889  2.706
 23    -0.088 53029.61702788 13.28  83.053535  70.435869  2.706
 23    -0.014 53029.61702853 12.46  83.048935  70.438839  2.706
 24    -0.114 53064.61702953 11.14  83.080056  70.406613  2.681
 24    -0.268 53064.61703018 11.85  83.075466  70.409583  2.681
 24    -0.482 53064.61703082 11.66  83.070876  70.412563  2.681
 24    -0.414 53064.61703147 11.50  83.066276  70.415533  2.681
 24    -0.756 53064.61703211 13.06  83.061686  70.418503  2.681
 24    -0.860 53064.61703276 12.46  83.057096  70.421473  2.681
 24    -0.905 53064.61703340 12.07  83.052496  70.424453  2.681
 24    -1.000 53064.61703404 12.20  83.047906  70.427423  2.681
 24    -0.996 53064.61703469 11.78  83.043306  70.430393  2.681
 24    -0.582 53064.61703533 11.68  83.038706  70.433373  2.681
 24    -0.383 53064.61703598 10.98  83.034106  70.436343  2.681
 25     0.089 53099.61703916 10.12  83.086960  70.409536  2.299
 25    -0.035 53099.61703980 10.18  83.082370  70.412506  2.299
 25     0.007 53099.61704045 10.08  83.077780  70.415486  2.299
 25     0.271 53099.61704109 10.00  83.073190  70.418456  2.299
 25    -0.243 53099.61704173 11.14  83.068600  70.421426  2.299
 25    -0.265 53099.61704238 10.47  83.064010  70.424406  2.299
 25    -0.444 53099.61704302 11.38  83.059420  70.427376  2.299
 25    -0.337 53099.61704367 10.89  83.054827  70.430351  2.376
 25    -0.670 53099.61704431 10.68  83.050227  70.433321  2.376
 25    -0.482 53099.61704496 10.80  83.045637  70.436301  2.376
 26     0.006 53134.61702912  9.76  83.081070  70.405844  2.720
 26    -0.043 53134.61702977  9.72  83.076480  70.408814  2.720
 26    -0.454 53134.61703041 10.39  83.071890  70.411794  2.720
 26    -0.395 53134.61703106 10.46  83.067300  70.414764  2.720
 26    -0.594 53134.61703170 10.72  83.062700  70.417734  2.720
 26    -0.547 53134.61703235 11.06  83.058110  70.420714  2.720
 26    -0.747 53134.61703299 10.99  83.053520  70.423684  2.720
 26    -0.644 53134.61703364 10.56  83.048920  70.426654  2.720
 26    -0.610 53134.61703428 10.32  83.044320  70.429634  2.720
 26    -0.477 53134.61703492  9.90  83.039720  70.432604  2.720
 26    -0.467 53134.61703557 10.04  83.035120  70.435574  2.720
 29     4.550 53239.61706826 20.93  83.090208  70.410758 21.167
 29     3.253 53239.61706890 17.14  83.085628  70.413738 21.167
 29     3.646 53239.61706954 15.58  83.081035  70.416701 19.037
 29     2.887 53239.61707019 16.61  83.076445  70.419681 19.037
 29    -0.003 53239.61707083 22.02  83.071855  70.422651 19.037
 29     0.200 53239.61707148 21.93  83.067255  70.425631 19.037
 29     0.492 53239.61707212 21.62  83.062665  70.428601 19.037
 29     0.505 53239.61707277 22.79  83.058075  70.431571 19.037
 29     0.433 53239.61707341 22.04  83.053475  70.434541 19.037
 29     0.226 53239.61707406 20.70  83.048875  70.437521 19.037
 29     0.369 53239.61707470 24.56  83.044275  70.440491 19.037
 31     0.230 53309.61708265 25.22  83.077704  70.401972  3.742
 31     0.344 53309.61708330 25.57  83.073114  70.404942  3.742
 31     0.410 53309.61708394 26.95  83.068534  70.407912  3.742
 31     0.477 53309.61708459 28.12  83.063938  70.410891  4.333
 31     0.300 53309.61708523 26.52  83.059348  70.413861  4.333
 31     0.164 53309.61708588 26.38  83.054758  70.416831  4.333
 31     0.160 53309.61708652 24.73  83.050168  70.419811  4.333
 31     0.147 53309.61708717 24.31  83.045568  70.422781  4.333
 31     0.148 53309.61708781 24.12  83.040978  70.425751  4.333
 31     0.169 53309.61708846 23.16  83.036378  70.428731  4.333
 31     0.144 53309.61708910 22.73  83.031778  70.431701  4.333
 32     0.055 53344.61704956 13.18  83.086279  70.407406  2.016
 32    -0.076 53344.61705020 13.83  83.081689  70.410386  2.016
 32    -0.088 53344.61705085 14.06  83.077102  70.413359  2.869
 32    -0.212 53344.61705149 14.72  83.072512  70.416329  2.869
 32    -0.284 53344.61705214 14.50  83.067922  70.419299  2.869
 32    -0.389 53344.61705278 15.40  83.063332  70.422279  2.869
 32    -0.403 53344.61705343 14.68  83.058742  70.425249  2.869
 32    -0.385 53344.61705407 13.95  83.054142  70.428219  2.869
 32    -0.318 53344.61705472 13.95  83.049552  70.431199  2.869
 32    -0.321 53344.61705536 14.11  83.044952  70.434169  2.869
 33    -0.406 53379.61699628  9.91  83.075784  70.395942  2.551
 33    -0.139 53379.61699692 10.05  83.071204  70.398922  2.551
 33    -0.279 53379.61699757 10.58  83.066614  70.401892  2.551
 33    -0.326 53379.61699821 10.94  83.062024  70.404862  2.551
 33    -0.450 53379.61699885 11.46  83.057434  70.407842  2.551
 33    -0.575 53379.61699950 11.45  83.052844  70.410812  2.551
 33    -0.562 53379.61700014 11.90  83.048244  70.413782  2.551
 33    -0.475 53379.61700079 11.23  83.043654  70.416752  2.551
 33    -0.609 53379.61700143 10.81  83.039054  70.419732  2.551
 33    -0.311 53379.61700208 10.60  83.034454  70.422702  2.551
 33    -0.272 53379.61700272 10.38  83.029864  70.425672  2.551
 33    -0.495 53379.61700337 10.35  83.025264  70.428642  2.551
 34     0.507 53414.61702634  9.67  83.086511  70.406731  1.903
 34     0.261 53414.61702698 10.22  83.081921  70.409701  1.903
 34     0.000 53414.61702763 10.50  83.077331  70.412682  2.838
 34    -0.410 53414.61702827 11.14  83.072741  70.415652  2.838
 34    -0.355 53414.61702892 11.19  83.068151  70.418622  2.838
 34    -0.615 53414.61702956 11.82  83.063551  70.421602  2.838
 34    -0.943 53414.61703021 12.40  83.058961  70.424572  2.838
 34    -0.810 53414.61703085 11.45  83.054371  70.427542  2.838
 34    -0.420 53414.61703150 10.82  83.049771  70.430512  2.838
 34    -0.804 53414.61703214 10.61  83.045171  70.433492  2.838
 34    -0.630 53414.61703279 10.63  83.040571  70.436462  2.838
 35    -0.383 53449.61701648  9.55  83.075820  70.393226  1.917
 35    -0.139 53449.61701712  9.46  83.071240  70.396206  1.917
 35    -0.221 53449.61701777  9.93  83.066650  70.399176  1.917
 35    -0.355 53449.61701841 10.13  83.062063  70.402150  2.465
 35    -0.287 53449.61701906 10.73  83.057473  70.405120  2.465
 35    -0.524 53449.61701970 10.83  83.052883  70.408100  2.465
 35    -0.271 53449.61702034 10.38  83.048283  70.411070  2.465
 35    -0.606 53449.61702099 11.04  83.043693  70.414040  2.465
 35    -0.503 53449.61702163 10.36  83.039093  70.417010  2.465
 35    -1.025 53449.61702228 10.05  83.034503  70.419990  2.465
 35    -0.371 53449.61702292 10.49  83.029903  70.422960  2.465
 35    -0.357 53449.61702357  9.68  83.025303  70.425930  2.465
 37     2.540 53519.61710092 36.33  83.083318  70.407563 25.741
 37     2.451 53519.61710156 27.95  83.078728  70.410543 25.741
 37     2.162 53519.61710221 22.16  83.074138  70.413513 25.741
 37     1.882 53519.61710285 22.07  83.069548  70.416493 25.741
 37     2.173 53519.61710350 23.43  83.064958  70.419463 25.741
 37     2.515 53519.61710414 26.39  83.060368  70.422433 25.741
 37     2.597 53519.61710479 36.57  83.055768  70.425403 25.741
 37     2.652 53519.61710543 38.41  83.051168  70.428383 25.741
 37     2.432 53519.61710608 30.99  83.046578  70.431353 25.741
 37     2.445 53519.61710672 32.28  83.041978  70.434323 25.741
 38     4.381 53554.61712294 20.82  83.080368  70.403225 19.550
 38     4.311 53554.61712359 14.90  83.075783  70.406192 12.286
 38     3.629 53554.61712423 14.98  83.071203  70.409172 12.286
 38     2.964 53554.61712488 14.81  83.066613  70.412142 12.286
 38     1.468 53554.61712552 15.65  83.062023  70.415122 12.286
 38     0.499 53554.61712617 16.72  83.057433  70.418092 12.286
 38     0.523 53554.61712681 16.44  83.052833  70.421062 12.286
 38     0.599 53554.61712746 15.40  83.048243  70.424042 12.286
 38     1.958 53554.61712810 15.87  83.043643  70.427012 12.286
 38     2.601 53554.61712875 16.56  83.039053  70.429982 12.286
 38     3.038 53554.61712939 17.48  83.034453  70.432952 12.286
 38     3.170 53554.61713004 20.30  83.029853  70.435932 12.286
 39     4.600 53589.61706909 19.69  83.090524  70.411251 21.619
 39     4.174 53589.61706974 16.74  83.085934  70.414231 21.619
 39     3.463 53589.61707038 17.88  83.081348  70.417204 23.596
 39     2.392 53589.61707103 17.80  83.076758  70.420174 23.596
 39     0.449 53589.61707167 19.24  83.072168  70.423144 23.596
 39     0.265 53589.61707232 21.22  83.067578  70.426124 23.596
 39     0.391 53589.61707296 26.76  83.062978  70.429094 23.596
 39     0.492 53589.61707361 30.33  83.058388  70.432064 23.596
 39     0.509 53589.61707425 26.47  83.053788  70.435044 23.596
 39     0.382 53589.61707489 20.52  83.049188  70.438014 23.596
 39     0.685 53589.61707554 25.92  83.044588  70.440984 23.596
 40     2.737 53624.61704708 13.13  83.056273  70.403454 14.995
 40     1.685 53624.61704772 13.39  83.051683  70.406424 14.995
 40     0.864 53624.61704837 14.20  83.047093  70.409404 14.995
 40     0.720 53624.61704901 14.71  83.042493  70.412374 14.995
 40     0.866 53624.61704965 15.25  83.037903  70.415344 14.995
 40     1.405 53624.61705030 15.70  83.033303  70.418324 14.995
 40     2.041 53624.61705094 16.30  83.028713  70.421294 14.995
 40     3.563 53624.61705159 19.48  83.024113  70.424264 14.995
 41     4.201 53659.61707218 22.76  83.080538  70.398762  9.541
 41     4.150 53659.61707282 20.60  83.075948  70.401732  9.541
 41     3.650 53659.61707347 20.13  83.071361  70.404712 14.657
 41     3.004 53659.61707411 20.23  83.066771  70.407682 14.657
 41     0.747 53659.61707476 20.99  83.062181  70.410652 14.657
 41     0.598 53659.61707540 21.75  83.057591  70.413632 14.657
 41    -0.353 53659.61707604 22.85  83.053001  70.416602 14.657
 41     0.012 53659.61707669 22.20  83.048411  70.419572 14.657
 41     0.352 53659.61707733 22.43  83.043811  70.422552 14.657
 41     0.367 53659.61707798 24.17  83.039221  70.425522 14.657
 41     0.396 53659.61707862 27.03  83.034621  70.428492 14.657
 41     0.540 53659.61707927 29.76  83.030021  70.431462 14.657
 42    -0.175 53694.61704968 20.77  83.085263  70.408868  2.624
 42    -0.324 53694.61705033 21.91  83.080673  70.411838  2.624
 42    -0.397 53694.61705097 22.18  83.076090  70.414821  5.613
 42    -0.493 53694.61705162 23.31  83.071500  70.417791  5.613
 42    -0.328 53694.61705226 22.87  83.066910  70.420761  5.613
 42    -0.146 53694.61705291 23.15  83.062310  70.423731  5.613
 42    -0.192 53694.61705355 24.43  83.057720  70.426711  5.613
 42    -0.280 53694.61705420 24.83  83.053120  70.429681  5.613
 42     0.005 53694.61705484 25.13  83.048530  70.432651  5.613
 42     0.188 53694.61705549 23.87  83.043930  70.435631  5.613
 43     0.473 53729.61697333 12.21  83.092395  70.413995  2.106
 43     0.232 53729.61697397 12.77  83.087809  70.416962  2.902
 43    -0.232 53729.61697462 13.14  83.083219  70.419942  2.902
 43    -0.390 53729.61697526 13.80  83.078629  70.422912  2.902
 43     0.075 53729.61697591 14.00  83.074039  70.425882  2.902
 43     0.301 53729.61697655 14.35  83.069439  70.428862  2.902
 43     0.393 53729.61697720 13.86  83.064849  70.431832  2.902
 43     0.253 53729.61697784 14.02  83.060249  70.434802  2.902
 43     0.065 53729.61697849 13.61  83.055659  70.437782  2.902
 43    -0.004 53729.61697913 13.53  83.051059  70.440752  2.902
 44     0.284 53764.61693594 11.27  83.081458  70.402318  2.174
 44     0.176 53764.61693658 11.21  83.076867  70.405297  2.478
 44    -0.075 53764.61693723 11.93  83.072277  70.408267  2.478
 44    -0.064 53764.61693787 12.41  83.067687  70.411237  2.478
 44    -0.112 53764.61693852 11.98  83.063097  70.414217  2.478
 44    -0.130 53764.61693916 12.45  83.058497  70.417187  2.478
 44    -0.009 53764.61693981 11.98  83.053907  70.420157  2.478
 44     0.279 53764.61694045 11.68  83.049317  70.423137  2.478
 44     0.234 53764.61694110 11.81  83.044717  70.426107  2.478
 44     0.184 53764.61694174 11.61  83.040117  70.429077  2.478
 44     0.097 53764.61694238 11.60  83.035517  70.432047  2.478
 44     0.076 53764.61694303 11.45  83.030917  70.435027  2.478
 45     0.047 53799.61694370  9.85  83.089484  70.412629  2.503
 45    -0.019 53799.61694434 10.04  83.084894  70.415609  2.503
 45     0.006 53799.61694499 10.23  83.080304  70.418579  2.503
 45    -0.065 53799.61694563 11.19  83.075714  70.421549  2.503
 45     0.146 53799.61694628 10.42  83.071124  70.424529  2.503
 45     0.230 53799.61694692 11.24  83.066534  70.427499  2.503
 45     0.272 53799.61694757 10.54  83.061934  70.430469  2.503
 45     0.118 53799.61694821 10.45  83.057334  70.433449  2.503
 45    -0.004 53799.61694886 10.16  83.052744  70.436419  2.503
 45     0.092 53799.61694950  9.83  83.048144  70.439389  2.503
 46    -0.149 53834.61694028  9.12  83.079502  70.394488  2.024
 46     0.037 53834.61694093  9.09  83.074912  70.397468  2.024
 46    -0.241 53834.61694157  9.34  83.070322  70.400438  2.024
 46    -0.430 53834.61694221  9.71  83.065742  70.403408  2.024
 46    -0.477 53834.61694286  9.43  83.061152  70.406388  2.024
 46    -0.654 53834.61694350 10.39  83.056562  70.409358  2.024
 46    -0.608 53834.61694415  9.77  83.051963  70.412329  2.116
 46    -0.415 53834.61694479  9.65  83.047373  70.415299  2.116
 46    -0.311 53834.61694544  9.46  83.042773  70.418279  2.116
 46    -0.366 53834.61694608  9.30  83.038183  70.421249  2.116
 46    -0.215 53834.61694673  9.24  83.033583  70.424219  2.116
 46     0.015 53834.61694737  9.14  83.028983  70.427199  2.116
 47     0.228 53869.61700343  6.83  83.079594  70.401446  1.940
 47     0.106 53869.61700407  7.01  83.075014  70.404426  1.940
 47    -0.088 53869.61700471  7.85  83.070424  70.407396  1.940
 47    -0.269 53869.61700536  7.38  83.065834  70.410366  1.940
 47    -0.049 53869.61700600  7.33  83.061244  70.413346  1.940
 47    -0.151 53869.61700665  7.57  83.056654  70.416316  1.940
 47    -0.141 53869.61700729  7.70  83.052058  70.419288  2.050
 47    -0.101 53869.61700794  7.70  83.047458  70.422258  2.050
 47     0.239 53869.61700858  6.35  83.042868  70.425238  2.050
 47    -0.046 53869.61700923  6.77  83.038268  70.428208  2.050
 47     0.140 53869.61700987  6.69  83.033668  70.431178  2.050
 47     0.213 53869.61701052  6.25  83.029068  70.434158  2.050
 48     3.687 53904.61703782 36.06  83.082189  70.402189 26.443
 48     3.520 53904.61703846 35.05  83.077609  70.405169 26.443
 48     3.515 53904.61703911 38.50  83.073019  70.408139 26.443
 48     3.493 53904.61703975 40.88  83.068429  70.411109 26.443
 48     3.496 53904.61704040 44.66  83.063839  70.414089 26.443
 48     3.486 53904.61704104 44.80  83.059249  70.417059 26.443
 48     3.501 53904.61704169 42.21  83.054659  70.420029 26.443
 48     3.498 53904.61704233 43.90  83.050059  70.423009 26.443
 48     3.514 53904.61704298 44.66  83.045469  70.425979 26.443
 48     3.524 53904.61704362 42.30  83.040869  70.428949 26.443
 48     3.468 53904.61704426 43.36  83.036269  70.431929 26.443
 48     3.481 53904.61704491 45.06  83.031669  70.434899 26.443
 49     0.183 53939.61707110 29.60  83.077324  70.400773 21.117
 49     0.039 53939.61707174 24.71  83.072734  70.403753 21.117
 49    -0.422 53939.61707239 22.48  83.068154  70.406723 21.117
 49    -0.701 53939.61707303 22.10  83.063564  70.409693 21.117
 49    -1.352 53939.61707368 23.26  83.058974  70.412673 21.117
 49    -0.772 53939.61707432 22.55  83.054384  70.415643 21.117
 49    -0.501 53939.61707497 24.15  83.049790  70.418620 29.352
 49    -0.342 53939.61707561 26.87  83.045200  70.421590 29.352
 49    -0.150 53939.61707626 28.72  83.040600  70.424570 29.352
 49    -0.001 53939.61707690 28.46  83.036010  70.427540 29.352
 49     0.277 53939.61707755 28.03  83.031410  70.430510 29.352
 49     0.322 53939.61707819 27.92  83.026810  70.433480 29.352
 50     3.639 53974.61703163 24.10  83.086504  70.409445 24.407
 50    -0.061 53974.61703227 21.15  83.081924  70.412425 24.407
 50    -0.146 53974.61703291 20.03  83.077334  70.415395 24.407
 50     0.168 53974.61703356 18.65  83.072744  70.418375 24.407
 50    -0.059 53974.61703420 20.65  83.068154  70.421345 24.407
 50     0.281 53974.61703485 22.18  83.063564  70.424315 24.407
 50     0.244 53974.61703549 29.47  83.058966  70.427293 27.349
 50     0.267 53974.61703614 30.26  83.054376  70.430263 27.349
 50     0.072 53974.61703678 25.11  83.049776  70.433243 27.349
 50     0.162 53974.61703743 24.78  83.045176  70.436213 27.349
 51     3.750 54009.61702445 24.65  83.076609  70.396399  8.952
 51     3.644 54009.61702510 22.96  83.072029  70.399379  8.952
 51     3.521 54009.61702574 18.88  83.067439  70.402349  8.952
 51     2.179 54009.61702639 20.32  83.062849  70.405319  8.952
 51     0.142 54009.61702703 20.03  83.058259  70.408299  8.952
 51     0.220 54009.61702768 20.74  83.053669  70.411269  8.952
 51     0.046 54009.61702832 20.26  83.049072  70.414239 20.997
 51     0.101 54009.61702897 20.76  83.044482  70.417219 20.997
 51     0.305 54009.61702961 21.29  83.039882  70.420189 20.997
 51     0.391 54009.61703026 23.56  83.035282  70.423159 20.997
 51     0.373 54009.61703090 25.88  83.030682  70.426129 20.997
 51     0.572 54009.61703154 29.68  83.026082  70.429109 20.997
 52    -0.240 54044.61704441 23.01  83.082675  70.403979  4.269
 52    -0.230 54044.61704506 24.02  83.078085  70.406949  4.269
 52    -0.234 54044.61704570 24.30  83.073495  70.409929  4.269
 52    -0.369 54044.61704634 25.29  83.068905  70.412899  4.269
 52    -0.446 54044.61704699 25.47  83.064315  70.415869  4.269
 52    -0.368 54044.61704763 25.44  83.059725  70.418839  4.269
 52    -0.307 54044.61704828 25.26  83.055125  70.421819  4.269
 52    -0.273 54044.61704892 24.48  83.050532  70.424787  3.163
 52    -0.304 54044.61704957 23.64  83.045932  70.427767  3.163
 52    -0.175 54044.61705021 22.88  83.041342  70.430737  3.163
 52    -0.275 54044.61705086 23.04  83.036742  70.433707  3.163
 52    -0.325 54044.61705150 21.90  83.032142  70.436677  3.163
 53     1.484 54079.61703860 15.45  83.085936  70.409168  2.343
 53     1.318 54079.61703925 16.23  83.081346  70.412148  2.343
 53     0.507 54079.61703989 16.59  83.076766  70.415118  2.343
 53     0.367 54079.61704054 16.73  83.072176  70.418088  2.343
 53     0.301 54079.61704118 16.90  83.067586  70.421068  2.343
 53     0.061 54079.61704183 17.05  83.062986  70.424038  2.343
 53     0.044 54079.61704247 17.03  83.058391  70.427012  2.423
 53     0.035 54079.61704312 17.18  83.053801  70.429982  2.423
 53     0.092 54079.61704376 17.04  83.049201  70.432962  2.423
 53    -0.012 54079.61704441 16.75  83.044611  70.435932  2.423
 54     2.140 54114.61697511 12.99  83.091349  70.413964  2.221
 54     1.684 54114.61697575 13.56  83.086759  70.416934  2.221
 54     1.298 54114.61697640 14.40  83.082169  70.419914  2.221
 54     0.043 54114.61697704 14.44  83.077589  70.422884  2.221
 54    -0.026 54114.61697769 14.24  83.072989  70.425854  2.221
 54    -0.216 54114.61697833 14.20  83.068397  70.428834  2.384
 54    -0.225 54114.61697898 14.24  83.063807  70.431804  2.384
 54    -0.389 54114.61697962 14.50  83.059207  70.434774  2.384
 54    -0.451 54114.61698027 14.02  83.054617  70.437754  2.384
 54    -0.340 54114.61698091 13.67  83.050017  70.440724  2.384
 56     1.795 54184.61696531 10.99  83.090984  70.412723  2.171
 56     0.874 54184.61696595 11.06  83.086404  70.415703  2.171
 56     0.124 54184.61696659 11.72  83.081814  70.418673  2.171
 56     0.239 54184.61696724 11.93  83.077224  70.421643  2.171
 56     0.102 54184.61696788 12.33  83.072634  70.424623  2.171
 56    -0.033 54184.61696853 12.48  83.068034  70.427593  2.171
 56    -0.119 54184.61696917 12.18  83.063442  70.430570  2.304
 56    -0.131 54184.61696982 12.17  83.058852  70.433540  2.304
 56    -0.083 54184.61697046 11.61  83.054252  70.436520  2.304
 56    -0.251 54184.61697111 11.69  83.049652  70.439490  2.304
 57     0.966 54219.61699370  6.54  83.078298  70.401053  1.938
 57     0.767 54219.61699434  6.63  83.073718  70.404023  1.938
 57     0.648 54219.61699499  6.71  83.069128  70.407003  1.938
 57     0.513 54219.61699563  6.49  83.064538  70.409973  1.938
 57     0.622 54219.61699628  6.79  83.059948  70.412943  1.938
 57     0.908 54219.61699692  6.53  83.055358  70.415913  1.938
 57     0.865 54219.61699757  6.57  83.050758  70.418893  1.938
 57     1.039 54219.61699821  6.56  83.046165  70.421862  1.824
 57     0.976 54219.61699886  6.31  83.041575  70.424832  1.824
 57     0.983 54219.61699950  6.37  83.036975  70.427812  1.824
 57     0.977 54219.61700015  6.33  83.032375  70.430782  1.824
 57     0.999 54219.61700079  6.32  83.027775  70.433752  1.824
 58     4.017 54254.61701828 31.01  83.083500  70.403744 25.888
 58     3.941 54254.61701893 25.43  83.078910  70.406714 25.888
 58     3.715 54254.61701957 22.80  83.074320  70.409694 25.888
 58     3.505 54254.61702022 22.61  83.069730  70.412664 25.888
 58     3.304 54254.61702086 22.27  83.065140  70.415634 25.888
 58     3.670 54254.61702151 20.38  83.060550  70.418614 25.888
 58     3.900 54254.61702215 20.56  83.055960  70.421584 25.888
 58     4.047 54254.61702279 28.12  83.051358  70.424558 40.364
 58     4.030 54254.61702344 26.67  83.046768  70.427528 40.364
 58     3.800 54254.61702408 29.08  83.042168  70.430508 40.364
 58     3.954 54254.61702473 38.15  83.037568  70.433478 40.364
 58     3.963 54254.61702537 45.30  83.032968  70.436448 40.364
 59     4.493 54289.61702149 20.75  83.084459  70.406438 15.215
 59     4.143 54289.61702213 16.88  83.079879  70.409408 15.215
 59     3.586 54289.61702278 15.48  83.075289  70.412388 15.215
 59     2.855 54289.61702342 15.83  83.070699  70.415358 15.215
 59     2.121 54289.61702407 15.47  83.066109  70.418328 15.215
 59     1.099 54289.61702471 16.26  83.061509  70.421308 15.215
 59     0.604 54289.61702535 15.42  83.056919  70.424278 15.215
 59     0.506 54289.61702600 15.71  83.052325  70.427249 15.841
 59     0.346 54289.61702664 15.30  83.047725  70.430219 15.841
 59     1.673 54289.61702729 15.08  83.043125  70.433199 15.841
 60     4.649 54324.61701878 20.89  83.086323  70.405398 14.083
 60     4.318 54324.61701943 18.77  83.081733  70.408368 14.083
 60     3.739 54324.61702007 15.51  83.077143  70.411348 14.083
 60     2.848 54324.61702072 15.21  83.072553  70.414318 14.083
 60     2.078 54324.61702136 16.16  83.067963  70.417288 14.083
 60     0.553 54324.61702201 16.50  83.063373  70.420268 14.083
 60     0.289 54324.61702265 16.65  83.058773  70.423238 14.083
 60     0.383 54324.61702330 17.03  83.054180  70.426210 20.330
 60     0.527 54324.61702394 18.23  83.049590  70.429180 20.330
 60     0.416 54324.61702459 17.16  83.044990  70.432160 20.330
 60     0.331 54324.61702523 17.53  83.040390  70.435130 20.330
 61     4.073 54359.61697480 19.35  83.090425  70.414566 21.592
 61     3.669 54359.61697544 17.39  83.085835  70.417546 21.592
 61     3.413 54359.61697608 16.28  83.081245  70.420516 21.592
 61     2.792 54359.61697673 15.81  83.076655  70.423496 21.592
 61     2.374 54359.61697737 14.83  83.072065  70.426466 21.592
 61     1.783 54359.61697802 15.31  83.067475  70.429436 21.592
 61     1.156 54359.61697866 14.84  83.062878  70.432413 21.352
 61     0.933 54359.61697931 14.74  83.058278  70.435383 21.352
 61     0.809 54359.61697995 15.28  83.053688  70.438363 21.352
 61     0.967 54359.61698060 17.31  83.049088  70.441333 21.352
 62     0.572 54394.61695873 30.67  83.082327  70.403991 16.290
 62     0.511 54394.61695937 25.15  83.077737  70.406961 16.290
 62     0.325 54394.61696002 24.85  83.073147  70.409931 16.290
 62    -0.120 54394.61696066 26.82  83.068557  70.412911 16.290
 62    -0.552 54394.61696131 29.64  83.063967  70.415881 16.290
 62    -0.402 54394.61696195 31.10  83.059377  70.418851 16.290
 62     0.078 54394.61696260 31.57  83.054777  70.421831 16.290
 62     0.156 54394.61696324 34.23  83.050187  70.424801 16.290
 62     0.214 54394.61696389 39.73  83.045587  70.427771 16.290
 62     0.558 54394.61696453 39.80  83.040997  70.430741 16.290
 62     0.661 54394.61696518 46.21  83.036392  70.433724 13.877
 62     0.768 54394.61696582 47.56  83.031792  70.436694 13.877
 63     3.354 54429.61692401 14.90  83.089407  70.409368  2.999
 63     1.388 54429.61692466 15.46  83.084817  70.412338  2.999
 63     0.828 54429.61692530 16.23  83.080227  70.415308  2.999
 63     0.789 54429.61692595 16.06  83.075637  70.418288  2.999
 63     0.216 54429.61692659 16.35  83.071047  70.421258  2.999
 63     0.086 54429.61692724 16.01  83.066457  70.424238  2.999
 63     0.065 54429.61692788 16.30  83.061857  70.427208  2.999
 63    -0.048 54429.61692853 16.48  83.057267  70.430178  2.999
 63    -0.072 54429.61692917 15.93  83.052667  70.433148  2.999
 63    -0.058 54429.61692981 15.85  83.048077  70.436128  2.999
 63    -0.067 54429.61693046 15.81  83.043473  70.439095  2.152
 64     0.583 54464.61693790 12.19  83.080464  70.402003  2.375
 64     0.432 54464.61693855 12.27  83.075874  70.404973  2.375
 64     0.396 54464.61693919 12.52  83.071284  70.407943  2.375
 64     0.348 54464.61693984 12.72  83.066694  70.410923  2.375
 64     0.390 54464.61694048 12.97  83.062104  70.413893  2.375
 64     0.077 54464.61694113 13.31  83.057514  70.416863  2.375
 64     0.063 54464.61694177 12.77  83.052914  70.419843  2.375
 64    -0.183 54464.61694241 13.72  83.048324  70.422813  2.375
 64    -0.050 54464.61694306 13.23  83.043724  70.425783  2.375
 64     0.071 54464.61694370 12.71  83.039134  70.428753  2.375
 64     0.167 54464.61694435 12.41  83.034529  70.431736  2.024
 64     0.259 54464.61694499 12.55  83.029929  70.434706  2.024
 65     0.394 54499.61693496  9.73  83.087359  70.408577  2.396
 65     0.278 54499.61693560 10.27  83.082769  70.411547  2.396
 65     0.110 54499.61693625 10.07  83.078179  70.414527  2.396
 65     0.084 54499.61693689 10.22  83.073589  70.417497  2.396
 65    -0.142 54499.61693753 11.16  83.068999  70.420467  2.396
 65    -0.295 54499.61693818 11.42  83.064409  70.423447  2.396
 65    -0.293 54499.61693882 10.77  83.059809  70.426417  2.396
 65    -0.416 54499.61693947 10.27  83.055219  70.429387  2.396
 65    -0.199 54499.61694011 10.21  83.050619  70.432367  2.396
 65    -0.109 54499.61694076  9.99  83.046019  70.435337  2.396
 66     0.371 54534.61695275  8.81  83.083604  70.405160  1.745
 66     0.117 54534.61695339  9.28  83.079017  70.408142  2.409
 66    -0.058 54534.61695404  9.71  83.074427  70.411112  2.409
 66    -0.233 54534.61695468 10.18  83.069837  70.414082  2.409
 66    -0.390 54534.61695533 10.34  83.065247  70.417062  2.409
 66    -0.299 54534.61695597 10.16  83.060657  70.420032  2.409
 66    -0.351 54534.61695662  9.84  83.056067  70.423002  2.409
 66    -0.360 54534.61695726  9.68  83.051467  70.425982  2.409
 66    -0.274 54534.61695790  9.78  83.046877  70.428952  2.409
 66    -0.205 54534.61695855  9.48  83.042277  70.431922  2.409
 66    -0.187 54534.61695919  9.26  83.037677  70.434892  2.409
 67     0.543 54569.61693888  8.89  83.090764  70.411898  1.794
 67     0.143 54569.61693953  8.72  83.086184  70.414868  1.794
 67     0.066 54569.61694017  8.97  83.081594  70.417838  1.794
 67    -0.144 54569.61694082  9.37  83.077004  70.420822  2.523
 67    -0.368 54569.61694146 10.06  83.072414  70.423792  2.523
 67    -0.275 54569.61694210  9.98  83.067814  70.426762  2.523
 67    -0.430 54569.61694275  9.62  83.063224  70.429742  2.523
 67    -0.311 54569.61694339  9.89  83.058624  70.432712  2.523
 67    -0.214 54569.61694404  9.26  83.054034  70.435682  2.523
 67    -0.156 54569.61694468  8.96  83.049434  70.438652  2.523
 68     1.231 54604.61694706  6.61  83.081565  70.403733  1.833
 68     0.881 54604.61694771  6.70  83.076975  70.406713  1.833
 68     0.629 54604.61694835  7.23  83.072394  70.409686  2.003
 68     0.698 54604.61694900  6.81  83.067794  70.412656  2.003
 68     0.847 54604.61694964  6.67  83.063204  70.415626  2.003
 68     0.962 54604.61695029  6.65  83.058614  70.418606  2.003
 68     1.099 54604.61695093  6.73  83.054024  70.421576  2.003
 68     1.002 54604.61695158  6.77  83.049424  70.424546  2.003
 68     0.879 54604.61695222  6.81  83.044834  70.427526  2.003
 68     1.102 54604.61695287  6.42  83.040234  70.430496  2.003
 68     1.297 54604.61695351  6.37  83.035634  70.433466  2.003
 68     1.365 54604.61695415  6.36  83.031034  70.436436  2.003
 69     4.522 54639.61695758 22.83  83.083909  70.406447 18.124
 69     4.113 54639.61695823 19.96  83.079319  70.409417 18.124
 69     3.670 54639.61695887 18.42  83.074729  70.412399 13.729
 69     2.828 54639.61695952 18.21  83.070149  70.415369 13.729
 69     2.317 54639.61696016 18.02  83.065549  70.418339 13.729
 69     1.710 54639.61696080 19.06  83.060959  70.421319 13.729
 69     1.596 54639.61696145 17.54  83.056369  70.424289 13.729
 69     2.003 54639.61696209 17.03  83.051769  70.427259 13.729
 69     2.428 54639.61696274 17.51  83.047179  70.430239 13.729
 69     3.100 54639.61696338 17.43  83.042579  70.433209 13.729
 70     4.641 54674.61695977 21.18  83.084684  70.404369 14.037
 70     4.287 54674.61696041 16.81  83.080094  70.407339 14.037
 70     3.584 54674.61696106 14.70  83.075514  70.410309 14.037
 70     2.821 54674.61696170 14.68  83.070920  70.413290 13.509
 70     1.869 54674.61696234 15.23  83.066330  70.416260 13.509
 70     0.391 54674.61696299 17.19  83.061740  70.419230 13.509
 70     0.028 54674.61696363 17.84  83.057140  70.422210 13.509
 70     0.303 54674.61696428 17.65  83.052550  70.425180 13.509
 70     0.263 54674.61696492 18.22  83.047960  70.428150 13.509
 70     0.261 54674.61696557 18.64  83.043360  70.431130 13.509
 70     0.256 54674.61696621 18.70  83.038760  70.434100 13.509
 71     4.070 54709.61691771 27.55  83.092257  70.409661 21.072
 71    -0.093 54709.61691835 25.56  83.087667  70.412641 21.072
 71    -1.758 54709.61691900 21.69  83.083077  70.415611 21.072
 71    -1.384 54709.61691964 23.50  83.078487  70.418581 21.072
 71    -0.413 54709.61692029 24.69  83.073900  70.421563 31.039
 71     0.038 54709.61692093 25.28  83.069300  70.424533 31.039
 71     0.284 54709.61692158 34.75  83.064710  70.427503 31.039
 71     0.338 54709.61692222 40.16  83.060120  70.430483 31.039
 71     0.186 54709.61692287 35.82  83.055520  70.433453 31.039
 71     0.005 54709.61692351 28.89  83.050920  70.436423 31.039
 71     0.369 54709.61692416 31.02  83.046320  70.439403 31.039
 72     0.345 54744.61692643 34.37  83.080984  70.403501 15.418
 72     0.042 54744.61692708 24.37  83.076394  70.406471 15.418
 72     2.988 54744.61692772 21.12  83.071803  70.409451 15.736
 72     2.006 54744.61692837 19.64  83.067213  70.412421 15.736
 72     0.605 54744.61692901 21.19  83.062623  70.415391 15.736
 72    -0.097 54744.61692966 20.83  83.058033  70.418371 15.736
 72    -0.209 54744.61693030 22.50  83.053443  70.421341 15.736
 72    -0.018 54744.61693095 23.78  83.048843  70.424311 15.736
 72    -0.014 54744.61693159 24.28  83.044253  70.427291 15.736
 72    -0.007 54744.61693224 23.80  83.039653  70.430261 15.736
 72     0.178 54744.61693288 27.58  83.035053  70.433231 15.736
 72     0.205 54744.61693353 34.91  83.030453  70.436201 15.736
 73    -0.457 54779.61690109 21.98  83.085358  70.408191  3.340
 73    -0.574 54779.61690173 22.47  83.080768  70.411161  3.340
 73    -0.512 54779.61690238 22.62  83.076182  70.414141  5.892
 73    -0.371 54779.61690302 23.84  83.071592  70.417111  5.892
 73    -0.357 54779.61690367 24.40  83.067002  70.420081  5.892
 73    -0.287 54779.61690431 24.42  83.062402  70.423061  5.892
 73    -0.091 54779.61690496 25.02  83.057812  70.426031  5.892
 73    -0.064 54779.61690560 25.13  83.053212  70.429001  5.892
 73    -0.027 54779.61690625 26.07  83.048622  70.431981  5.892
 73     0.071 54779.61690689 24.37  83.044022  70.434951  5.892
 74    -0.067 54814.61691969 13.51  83.078558  70.402560  2.457
 74    -0.026 54814.61692033 14.13  83.073968  70.405530  2.457
 74    -0.031 54814.61692098 14.06  83.069388  70.408510  2.457
 74    -0.189 54814.61692162 14.64  83.064798  70.411480  2.457
 74     0.142 54814.61692226 14.24  83.060198  70.414450  2.457
 74     0.119 54814.61692291 14.28  83.055608  70.417430  2.457
 74     0.073 54814.61692355 14.51  83.051018  70.420400  2.457
 74     0.135 54814.61692420 14.79  83.046418  70.423370  2.457
 74     0.154 54814.61692484 13.64  83.041828  70.426340  2.457
 74     0.188 54814.61692549 13.72  83.037228  70.429320  2.457
 74     0.184 54814.61692613 13.27  83.032628  70.432290  2.457
 76     0.206 54884.61692317 10.64  83.081427  70.402652  1.979
 76    -0.003 54884.61692382 10.91  83.076847  70.405622  1.979
 76     0.160 54884.61692446 11.11  83.072255  70.408602  2.464
 76     0.125 54884.61692510 11.76  83.067665  70.411572  2.464
 76     0.083 54884.61692575 11.76  83.063075  70.414542  2.464
 76     0.158 54884.61692639 11.66  83.058485  70.417522  2.464
 76     0.132 54884.61692704 11.07  83.053885  70.420492  2.464
 76     0.245 54884.61692768 11.14  83.049295  70.423462  2.464
 76     0.376 54884.61692833 10.72  83.044695  70.426442  2.464
 76     0.372 54884.61692897 10.29  83.040105  70.429412  2.464
 76     0.351 54884.61692962 10.21  83.035505  70.432382  2.464
 76     0.219 54884.61693026 10.54  83.030905  70.435352  2.464
 77     0.219 54919.61690233 10.25  83.092393  70.411378  1.855
 77     0.315 54919.61690298  9.97  83.087813  70.414348  1.855
 77     0.116 54919.61690362 10.50  83.083223  70.417328  1.855
 77    -0.064 54919.61690426 10.92  83.078632  70.420303  2.700
 77    -0.102 54919.61690491 10.54  83.074042  70.423273  2.700
 77    -0.343 54919.61690555 11.45  83.069452  70.426243  2.700
 77    -0.177 54919.61690620 10.91  83.064852  70.429223  2.700
 77    -0.090 54919.61690684 10.40  83.060262  70.432193  2.700
 77    -0.162 54919.61690749 11.16  83.055672  70.435163  2.700
 77     0.019 54919.61690813 10.45  83.051072  70.438133  2.700
 77    -0.080 54919.61690878 10.40  83.046472  70.441113  2.700
 78     0.683 54954.61691850  8.01  83.078976  70.403203  1.729
 78     0.549 54954.61691914  8.58  83.074386  70.406183  1.729
 78     0.505 54954.61691979  8.36  83.069801  70.409155  2.177
 78     0.557 54954.61692043  8.60  83.065211  70.412125  2.177
 78     0.566 54954.61692108  8.37  83.060621  70.415095  2.177
 78     0.528 54954.61692172  8.68  83.056021  70.418075  2.177
 78     0.620 54954.61692236  8.49  83.051431  70.421045  2.177
 78     0.588 54954.61692301  8.66  83.046831  70.424015  2.177
 78     0.598 54954.61692365  8.82  83.042241  70.426995  2.177
 78     0.569 54954.61692430  8.75  83.037641  70.429965  2.177
 78     0.610 54954.61692494  8.34  83.033041  70.432935  2.177
 79     3.539 54989.61694206 51.18  83.081733  70.402818 33.364
 79     3.566 54989.61694270 44.00  83.077143  70.405798 33.364
 79     3.534 54989.61694335 44.59  83.072554  70.408771 44.890
 79     3.618 54989.61694399 45.83  83.067964  70.411741 44.890
 79     3.670 54989.61694464 44.54  83.063374  70.414711 44.890
 79     3.656 54989.61694528 44.69  83.058784  70.417691 44.890
 79     3.591 54989.61694593 42.17  83.054184  70.420661 44.890
 79     3.558 54989.61694657 41.46  83.049594  70.423631 44.890
 79     3.484 54989.61694722 44.74  83.044994  70.426601 44.890
 79     3.473 54989.61694786 44.90  83.040404  70.429581 44.890
 79     3.431 54989.61694851 48.59  83.035804  70.432551 44.890
 79     3.408 54989.61694915 52.86  83.031204  70.435521 44.890
 80     4.230 55024.61693448 20.37  83.084879  70.408711 17.577
 80     3.848 55024.61693513 16.88  83.080293  70.411675 12.721
 80     3.212 55024.61693577 15.43  83.075703  70.414655 12.721
 80     2.449 55024.61693642 15.35  83.071113  70.417625 12.721
 80     1.878 55024.61693706 14.86  83.066523  70.420605 12.721
 80     1.374 55024.61693771 14.58  83.061923  70.423575 12.721
 80     0.780 55024.61693835 14.44  83.057333  70.426545 12.721
 80     0.695 55024.61693900 14.74  83.052733  70.429515 12.721
 80     1.521 55024.61693964 14.46  83.048143  70.432495 12.721
 80     2.126 55024.61694028 14.33  83.043543  70.435465 12.721
 81     3.665 55059.61692844 28.19  83.085326  70.405503 11.516
 81    -0.016 55059.61692908 26.42  83.080736  70.408473 11.516
 81     0.190 55059.61692973 28.04  83.076146  70.411443 11.516
 81     0.379 55059.61693037 30.09  83.071563  70.414424 30.654
 81     0.322 55059.61693102 40.82  83.066963  70.417394 30.654
 81     0.293 55059.61693166 49.60  83.062373  70.420364 30.654
 81     0.328 55059.61693231 51.65  83.057783  70.423344 30.654
 81     0.296 55059.61693295 46.84  83.053183  70.426314 30.654
 81     0.297 55059.61693360 47.71  83.048593  70.429284 30.654
 81     0.331 55059.61693424 50.95  83.043993  70.432264 30.654
 81     0.410 55059.61693489 48.68  83.039393  70.435234 30.654
 82    -0.229 55094.61688200 35.41  83.091446  70.412167 20.360
 82    -0.288 55094.61688265 31.16  83.086866  70.415147 20.360
 82    -0.743 55094.61688329 31.87  83.082276  70.418117 20.360
 82    -0.467 55094.61688394 28.82  83.077686  70.421097 20.360
 82    -0.001 55094.61688458 29.49  83.073095  70.424070 16.574
 82     0.191 55094.61688523 30.75  83.068505  70.427040 16.574
 82     0.336 55094.61688587 30.31  83.063905  70.430010 16.574
 82     0.350 55094.61688652 28.68  83.059315  70.432990 16.574
 82    -0.150 55094.61688716 31.56  83.054715  70.435960 16.574
 82    -0.084 55094.61688781 31.91  83.050115  70.438930 16.574
 82    -0.163 55094.61688845 34.05  83.045515  70.441910 16.574
 83     0.359 55129.61686962 44.32  83.082463  70.403489 15.325
 83     0.198 55129.61687027 38.92  83.077873  70.406459 15.325
 83     0.092 55129.61687091 36.51  83.073289  70.409438  9.434
 83    -0.354 55129.61687156 39.84  83.068699  70.412408  9.434
 83    -0.546 55129.61687220 37.68  83.064109  70.415378  9.434
 83    -0.688 55129.61687285 35.06  83.059519  70.418358  9.434
 83    -0.864 55129.61687349 32.96  83.054929  70.421328  9.434
 83    -1.129 55129.61687414 30.74  83.050329  70.424298  9.434
 83    -0.468 55129.61687478 29.09  83.045729  70.427278  9.434
 83    -0.602 55129.61687543 27.77  83.041139  70.430248  9.434
 83    -1.026 55129.61687607 29.77  83.036539  70.433218  9.434
 83    -0.241 55129.61687671 28.25  83.031939  70.436188  9.434
 84     0.433 55164.61684288 15.70  83.088260  70.406637  2.342
 84     0.173 55164.61684352 16.52  83.083670  70.409607  2.342
 84    -0.029 55164.61684417 16.79  83.079080  70.412587  2.342
 84    -0.145 55164.61684481 17.27  83.074490  70.415557  2.342
 84    -0.270 55164.61684545 17.66  83.069900  70.418527  2.342
 84    -0.140 55164.61684610 17.41  83.065312  70.421503  2.735
 84    -0.086 55164.61684674 17.40  83.060712  70.424473  2.735
 84    -0.066 55164.61684739 17.17  83.056122  70.427453  2.735
 84     0.053 55164.61684803 16.77  83.051522  70.430423  2.735
 84    -0.097 55164.61684868 16.18  83.046932  70.433393  2.735
 84    -0.120 55164.61684932 16.27  83.042332  70.436363  2.735
 85     0.212 55199.61686123 12.99  83.080580  70.402402  2.066
 85     0.120 55199.61686187 13.60  83.075990  70.405372  2.066
 85    -0.133 55199.61686252 13.77  83.071403  70.408353  2.735
 85    -0.279 55199.61686316 14.61  83.066813  70.411323  2.735
 85    -0.228 55199.61686381 14.55  83.062223  70.414293  2.735
 85    -0.291 55199.61686445 15.13  83.057633  70.417273  2.735
 85    -0.216 55199.61686510 14.33  83.053043  70.420243  2.735
 85    -0.242 55199.61686574 14.41  83.048443  70.423213  2.735
 85    -0.300 55199.61686638 14.63  83.043853  70.426193  2.735
 85    -0.193 55199.61686703 13.90  83.039253  70.429163  2.735
 85    -0.229 55199.61686767 14.09  83.034653  70.432133  2.735
 85    -0.058 55199.61686832 13.31  83.030053  70.435103  2.735
 86     0.563 55234.61684854 19.44  83.089629  70.409361  3.379
 86     0.497 55234.61684919 19.47  83.085039  70.412331  3.379
 86     0.304 55234.61684983 21.14  83.080449  70.415301  3.379
 86    -0.020 55234.61685048 21.07  83.075862  70.418283  5.042
 86    -0.274 55234.61685112 19.27  83.071272  70.421253  5.042
 86    -0.803 55234.61685177 19.76  83.066682  70.424223  5.042
 86    -0.594 55234.61685241 17.69  83.062092  70.427203  5.042
 86    -0.250 55234.61685306 17.72  83.057492  70.430173  5.042
 86     0.083 55234.61685370 16.39  83.052902  70.433143  5.042
 86     0.388 55234.61685435 15.37  83.048302  70.436123  5.042
 86     0.540 55234.61685499 15.44  83.043702  70.439093  5.042
 87     0.594 55269.61685631 13.42  83.081371  70.405715  2.046
 87     0.391 55269.61685696 14.68  83.076780  70.408697  3.679
 87     0.265 55269.61685760 14.37  83.072200  70.411667  3.679
 87    -0.187 55269.61685825 16.30  83.067610  70.414637  3.679
 87    -0.509 55269.61685889 15.56  83.063010  70.417617  3.679
 87    -0.661 55269.61685954 15.11  83.058420  70.420587  3.679
 87    -0.434 55269.61686018 14.69  83.053830  70.423557  3.679
 87    -0.112 55269.61686083 13.24  83.049230  70.426527  3.679
 87     0.195 55269.61686147 12.25  83.044640  70.429507  3.679
 87     0.390 55269.61686212 11.69  83.040040  70.432477  3.679
 87     0.470 55269.61686276 10.97  83.035440  70.435447  3.679
 88     0.720 55304.61682964  9.82  83.093554  70.411812  1.853
 88     0.672 55304.61683028 10.35  83.088964  70.414792  1.853
 88     0.625 55304.61683092 10.51  83.084376  70.417761  2.599
 88     0.122 55304.61683157 10.52  83.079786  70.420741  2.599
 88     0.066 55304.61683221 10.83  83.075196  70.423711  2.599
 88    -0.005 55304.61683286 11.02  83.070606  70.426681  2.599
 88    -0.000 55304.61683350 10.89  83.066016  70.429661  2.599
 88     0.050 55304.61683415 10.72  83.061416  70.432631  2.599
 88     0.066 55304.61683479 11.09  83.056826  70.435601  2.599
 88     0.245 55304.61683544 10.31  83.052226  70.438581  2.599
 88     0.504 55304.61683608  9.46  83.047626  70.441551  2.599
 89     0.863 55339.61682850  9.70  83.082446  70.406227 11.044
 89     0.955 55339.61682914  8.96  83.077856  70.409197 11.044
 89     0.896 55339.61682979 10.67  83.073276  70.412167 11.044
 89     0.648 55339.61683043 11.74  83.068681  70.415147  5.495
 89     0.949 55339.61683108  9.84  83.064091  70.418117  5.495
 89     0.393 55339.61683172 13.91  83.059501  70.421087  5.495
 89     0.434 55339.61683237 17.13  83.054901  70.424067  5.495
 89     0.484 55339.61683301 17.59  83.050311  70.427037  5.495
 89     0.363 55339.61683366 18.15  83.045711  70.430007  5.495
 89     0.205 55339.61683430 16.62  83.041111  70.432987  5.495
 89     0.186 55339.61683495 14.62  83.036511  70.435957  5.495
 90     4.369 55374.61682050 20.92  83.084933  70.408191 20.904
 90     3.885 55374.61682114 17.35  83.080353  70.411161 20.904
 90     3.524 55374.61682179 16.40  83.075763  70.414141 20.904
 90     2.634 55374.61682243 16.81  83.071173  70.417111 20.904
 90     2.058 55374.61682308 16.37  83.066573  70.420081 20.904
 90     1.529 55374.61682372 16.45  83.061983  70.423061 20.904
 90     1.151 55374.61682437 17.11  83.057393  70.426031 20.904
 90     1.280 55374.61682501 17.61  83.052798  70.429002 21.986
 90     2.459 55374.61682566 17.29  83.048198  70.431982 21.986
 90     2.478 55374.61682630 18.64  83.043598  70.434952 21.986
 91     4.556 55409.61684178 18.29  83.080085  70.404895 15.150
 91     4.055 55409.61684243 16.24  83.075496  70.407877 17.055
 91     3.028 55409.61684307 16.96  83.070906  70.410847 17.055
 91    -0.087 55409.61684372 19.11  83.066316  70.413817 17.055
 91    -0.648 55409.61684436 21.44  83.061726  70.416797 17.055
 91    -0.356 55409.61684501 22.48  83.057126  70.419767 17.055
 91    -0.020 55409.61684565 29.90  83.052536  70.422737 17.055
 91     0.153 55409.61684630 28.96  83.047936  70.425707 17.055
 91     0.122 55409.61684694 26.45  83.043346  70.428687 17.055
 91     0.020 55409.61684759 25.63  83.038746  70.431657 17.055
 91     0.055 55409.61684823 23.48  83.034146  70.434627 17.055
 92     4.521 55444.61683726 19.66  83.084448  70.407084 15.649
 92     3.819 55444.61683791 18.16  83.079868  70.410054 15.649
 92     2.691 55444.61683855 18.75  83.075278  70.413024 15.649
 92    -0.364 55444.61683920 22.03  83.070685  70.416006 24.838
 92    -0.394 55444.61683984 23.19  83.066095  70.418976 24.838
 92    -0.059 55444.61684049 25.39  83.061505  70.421946 24.838
 92     0.284 55444.61684113 32.14  83.056905  70.424926 24.838
 92     0.392 55444.61684178 37.10  83.052315  70.427896 24.838
 92     0.376 55444.61684242 33.98  83.047715  70.430866 24.838
 92     0.067 55444.61684307 27.69  83.043115  70.433846 24.838
 93     1.845 55479.61677391 32.64  83.096285  70.412620 14.784
 93     0.655 55479.61677455 32.91  83.091695  70.415590 14.784
 93     0.518 55479.61677520 33.35  83.087105  70.418570 14.784
 93     0.225 55479.61677584 32.36  83.082515  70.421540 14.784
 93     0.193 55479.61677649 31.88  83.077925  70.424520 14.784
 93     0.249 55479.61677713 30.67  83.073339  70.427492 16.617
 93     0.580 55479.61677778 30.52  83.068739  70.430462 16.617
 93     0.583 55479.61677842 31.75  83.064149  70.433432 16.617
 93     0.460 55479.61677907 29.52  83.059549  70.436412 16.617
 93     0.314 55479.61677971 29.25  83.054959  70.439382 16.617
 93     0.614 55479.61678036 34.23  83.050359  70.442352 16.617
