# NaN NaN NaN ;Mean Elev.(m), Avg Gradient(m/km), RMS Gradient(m/km) - SRTM1     
#  -37.256  -0.600  12.518 ;Mean Elev.(m), Avg Gradient(m/km), RMS Gradient(m/km) - ASTER GDEM
#    1.492   0.122   6.846 ;Mean Elev.(m), Avg Gradient(m/km), RMS Gradient(m/km) - GMTED2010 
  7  85.752398  69.207309     6.150     6.224  7 52445.24292792 19.097
  8  85.752979  69.206922     4.149     3.441  8 52480.24292027 16.552
  9  85.751703  69.207162     3.733     3.184  8 52515.24286919 16.203
 10  85.764907  69.202158     1.774     2.565  7 52550.24291585 22.282
 11  85.762451  69.204740     0.352     0.320  7 52585.24289330 18.629
 15  85.752993  69.199337    75.384    82.458  4 52725.24290203  2.018
 16  85.740119  69.210538    90.442    90.866  6 52760.24291851  0.333
 17  85.770990  69.199901    11.524    11.533  7 52795.24287592 50.117
 18  85.775449  69.201698     9.041    10.638  7 52830.24294226 14.233
 19  85.767186  69.200669     0.693     0.718  7 52865.24298680 49.723
 20  85.753087  69.207775     2.528     2.562  8 52900.24301486 19.046
 21  85.746143  69.211053     0.341    -0.403  8 52935.24295706 32.587
 22  85.765810  69.205130     5.406     3.204  7 52970.24297675 16.689
 23  85.746778  69.203094    88.377    87.928  4 53005.24299414  7.188
 24  85.771378  69.202593     9.023    10.350  7 53040.24294343 11.757
 25  85.752522  69.207506    86.567    86.499  7 53075.24297524  3.691
 26  85.765051  69.202182    85.110    85.766  7 53110.24294574  2.560
 27  85.760636  69.204786     1.675     1.251  7 53145.24298716 10.813
 28  85.761110  69.204998     5.692     5.665  7 53180.24299882 46.610
 29  85.756425  69.205745     2.464     2.431  8 53215.24302100 24.733
 30  85.748569  69.209858     1.971     2.449  8 53250.24299272 19.968
 31  85.764665  69.203054     3.326     3.069  7 53285.24298939 21.324
 32  85.765155  69.202172     1.402     1.392  7 53320.24297251 19.785
 33  85.752784  69.206743     6.337     2.995  8 53355.24294044 10.937
 34  85.767457  69.201287     8.359     9.309  7 53390.24294882 10.202
 35  85.763099  69.209169     7.475     8.717  5 53425.24294523  8.967
 36  85.771047  69.200009     4.023     3.896  7 53460.24295280  9.674
 37  85.756613  69.206595     4.390     4.166  6 53495.24303600  7.718
 38  85.759537  69.204427     7.957     8.043  7 53530.24301181 20.308
 39  85.750027  69.209278     1.167     1.141  8 53565.24304061 48.555
 40  85.751355  69.206858     2.167     2.263  8 53600.24298355 17.896
 41  85.763801  69.201902     4.660     5.051  7 53635.24298078 18.804
 42  85.756306  69.206167     0.775     0.814  7 53670.24300167 49.635
 43  85.754856  69.205013    -0.142    -0.146  7 53705.24293727 14.628
 44  85.744291  69.211250     0.586     0.558  7 53740.24284798 12.054
 45  85.764464  69.201929     0.501     0.305  7 53775.24286971 11.707
 46  85.746953  69.208803     0.570     0.523  7 53810.24285103 10.980
 47  85.764841  69.203941     2.453     0.073  7 53845.24289556 11.141
 48  85.764254  69.201767     0.974     1.068  7 53880.24292310 29.029
 49  85.753593  69.206720     2.660     2.652  7 53915.24297984 51.855
 50  85.749841  69.208942     1.441     0.924  7 53950.24298865 19.310
 51  85.748205  69.208117     1.538     1.162  7 53985.24292598 19.848
 52  85.768017  69.202695     4.403     3.548  7 54020.24296395 20.044
 53  85.765325  69.201885     0.513     0.573  7 54055.24295551 18.697
 54  85.751957  69.207746     0.882     0.838  7 54090.24294259 12.986
 55  85.771208  69.201067     3.636     2.166  7 54125.24287071 10.477
 57  85.768843  69.202179     1.158     0.936  7 54195.24287234  9.254
 58  85.760824  69.204899     2.443     2.453  8 54230.24292234 19.165
 59  85.760620  69.204794     5.995     6.134  7 54265.24294002 20.354
 61  85.754547  69.207448     3.019     3.089  7 54335.24293326 19.862
 63  85.755053  69.206237     1.460     1.469  7 54405.24287781 49.465
 64  85.772307  69.199483     3.454     1.512  7 54440.24283597 12.945
 65  85.761516  69.203917     3.434     0.969  8 54475.24286509 10.509
 66  85.769040  69.200665     0.603     0.593  7 54510.24285023  9.599
 67  85.756461  69.205816     1.938     1.225  8 54545.24287924  9.454
 68  85.763589  69.205133     5.691     5.969  7 54580.24284603  5.834
 69  85.759782  69.205913     7.066     7.143  7 54615.24286847 32.180
 70  85.759011  69.204828     6.135     6.934  7 54650.24288072 17.135
 71  85.752783  69.207187     8.131     6.705  8 54685.24287452 15.634
 72  85.769982  69.200242     0.652     0.742  7 54720.24282520 24.486
 73  85.758476  69.204850     3.018     2.777  7 54755.24284907 18.283
 74  85.769374  69.201730     0.302     0.304  7 54790.24281870 24.210
 75  85.764322  69.204819     0.778     0.756  7 54825.24284493 15.527
 76  85.771321  69.202202     0.715     0.823  7 54860.24281172 12.455
 77  85.755072  69.207367     0.547     0.610  7 54895.24284613 11.746
 78  85.766711  69.203017     2.068     2.504  7 54930.24281022  9.741
 79  85.758361  69.205097     1.741     1.600  8 54965.24284643 27.582
 80  85.755654  69.205546     7.207     6.783  7 55000.24286677 18.361
 81  85.762225  69.205180     4.755     3.753  7 55035.24285195 15.928
 82  85.751858  69.207961     0.431     0.091  7 55070.24284173 18.212
 83  85.769469  69.203159     3.195     3.355  7 55105.24278402 21.944
 84  85.757119  69.205800     0.571     0.562  8 55140.24279042 28.463
 85  85.773687  69.202217     0.582     0.543  7 55175.24275124 14.246
 86  85.759368  69.204011     1.351     0.710  7 55210.24278577 11.991
 87  85.764466  69.201504     1.798     1.545  7 55245.24275807 10.626
 88  85.753212  69.206353     7.299     2.681  7 55280.24277931  9.438
 89  85.760184  69.205599     3.950     3.942  7 55315.24274475  6.579
 90  85.755376  69.206974     6.922     6.993  8 55350.24275046 39.986
 91  85.765918  69.202155     4.705     4.491  7 55385.24274458 18.457
 92  85.758757  69.203813     0.951     0.934  7 55420.24276939 45.204
 93  85.751610  69.208484     3.769     2.856  8 55455.24274571 18.176
