# NaN NaN NaN ;Mean Elev.(m), Avg Gradient(m/km), RMS Gradient(m/km) - SRTM1     
#   -4.799   0.080  11.940 ;Mean Elev.(m), Avg Gradient(m/km), RMS Gradient(m/km) - ASTER GDEM
#   24.626  -0.145   8.592 ;Mean Elev.(m), Avg Gradient(m/km), RMS Gradient(m/km) - GMTED2010 
  9    89.616 52529.21632401  2.84  88.833644  62.497888  3.539
  9    88.842 52529.21632466  1.01  88.831114  62.494748  3.539
  9    87.848 52529.21632530  0.76  88.828584  62.491608  3.539
  9    86.950 52529.21632595  0.32  88.826054  62.488458  3.539
  9    87.196 52529.21632659  0.08  88.823514  62.485318  3.539
 11    55.199 52599.21637672  1.57  88.807492  62.496407  5.020
 11    51.520 52599.21637736  2.28  88.804962  62.493267  5.020
 14    83.514 52704.21632454  1.68  88.831636  62.496965  2.507
 14    82.539 52704.21632518  0.35  88.829106  62.493825  2.507
 14    81.424 52704.21632583  0.13  88.826576  62.490675  2.507
 15    80.590 52739.21636066  4.42  88.820101  62.505214  2.721
 15    79.781 52739.21636130  3.25  88.817571  62.502074  2.721
 15    78.747 52739.21636195  2.89  88.815041  62.498924  2.721
 15    77.599 52739.21636259  2.21  88.812511  62.495784  2.721
 15    85.503 52739.21636324  1.63  88.809981  62.492644  2.721
 16    87.077 52774.21631095 13.64  88.817614  62.504088  6.625
 16    86.677 52774.21631159 11.29  88.815084  62.500948  6.625
 16    85.977 52774.21631224 10.55  88.812554  62.497808  6.625
 16    85.195 52774.21631288  9.46  88.810024  62.494668  6.625
 16    84.386 52774.21631353  9.18  88.807504  62.491518  6.625
 19    21.494 52879.21647811 45.80  88.823335  62.501923 22.677
 19    19.765 52879.21647875 51.76  88.820805  62.498783 22.677
 19    19.797 52879.21647940 50.88  88.818275  62.495633 22.677
 19    19.917 52879.21648004 51.49  88.815735  62.492493 22.677
 19    19.998 52879.21648069 51.25  88.813205  62.489353 22.677
 21    18.608 52949.21639543 45.72  88.837617  62.496237 15.752
 21    18.942 52949.21639608 45.57  88.835077  62.493097 15.752
 21    18.587 52949.21639672 46.80  88.832547  62.489957 15.752
 21    18.522 52949.21639737 43.41  88.830017  62.486817 15.752
 21    18.492 52949.21639801 38.77  88.827487  62.483667 15.752
 25    77.971 53089.21643581  2.07  88.811645  62.509801  2.117
 25    77.069 53089.21643646  1.75  88.809105  62.506661  2.117
 25    83.906 53089.21643710  1.25  88.806575  62.503511  2.117
 25    75.001 53089.21643775  0.90  88.804045  62.500371  2.117
 26    88.675 53124.21640720  2.10  88.829460  62.499746  1.934
 26    87.886 53124.21640784  1.55  88.826930  62.496606  1.934
 26    87.824 53124.21640849  0.75  88.824400  62.493466  1.934
 26    87.232 53124.21640913  0.22  88.821870  62.490326  1.934
 27    87.534 53159.21646556 13.94  88.821967  62.504944  5.807
 27    87.053 53159.21646620 13.84  88.819437  62.501804  5.807
 27    86.508 53159.21646685 11.63  88.816907  62.498664  5.807
 27    86.155 53159.21646749  9.29  88.814377  62.495524  5.807
 27    85.568 53159.21646814  7.84  88.811847  62.492374  5.807
 29    88.059 53229.21645336  2.08  88.824747  62.502303  4.366
 29    87.491 53229.21645400  1.77  88.822217  62.499163  4.366
 30    86.008 53264.21642430  5.06  88.812538  62.508578  7.133
 30    85.549 53264.21642494  4.20  88.809998  62.505438  7.133
 30    85.255 53264.21642559  3.38  88.807468  62.502298  7.133
 30    84.490 53264.21642623  3.09  88.804938  62.499158  7.133
 30    83.893 53264.21642688  3.87  88.802408  62.496018  7.133
 32    79.417 53334.21644029  0.09  88.820624  62.500450  5.499
 32    54.789 53334.21644158  3.66  88.815554  62.494160  5.499
 36    81.556 53474.21646057  1.04  88.822942  62.500840  2.207
 36    80.484 53474.21646121  0.43  88.820412  62.497700  2.207
 37    87.730 53509.21648037 18.85  88.823040  62.502759  6.518
 37    87.528 53509.21648102 15.35  88.820500  62.499619  6.518
 37    87.062 53509.21648166 12.42  88.817970  62.496479  6.518
 37    86.202 53509.21648230 11.82  88.815440  62.493329  6.518
 37    85.549 53509.21648295 11.32  88.812910  62.490189  6.518
 40    20.381 53614.21642758 50.00  88.811978  62.506764 17.660
 40    20.302 53614.21642823 50.60  88.809448  62.503624 17.660
 40    20.151 53614.21642887 48.95  88.806918  62.500474 17.660
 40    19.869 53614.21642952 50.23  88.804388  62.497334 17.660
 40    19.973 53614.21643016 49.78  88.801858  62.494194 17.660
 41    88.705 53649.21643527  6.68  88.828784  62.498583  5.866
 41    87.738 53649.21643592  8.00  88.826254  62.495443  5.866
 41    87.223 53649.21643656  3.75  88.823724  62.492293  5.866
 41    85.949 53649.21643721  4.37  88.821194  62.489153  5.866
 41    54.997 53649.21643785  9.41  88.818664  62.486013  5.866
 42    63.958 53684.21644854  4.61  88.816855  62.504148  3.479
 42    77.918 53684.21644918  1.54  88.814325  62.501008  3.479
 42    57.225 53684.21644983  4.22  88.811785  62.497868  3.479
 42    72.199 53684.21645047  4.64  88.809255  62.494728  3.479
 42    74.003 53684.21645111  2.86  88.806725  62.491588  3.479
 43    60.918 53719.21637686  0.36  88.811360  62.496389  4.427
 43    56.595 53719.21637750  0.31  88.808830  62.493249  4.427
 48    88.361 53894.21639345  8.23  88.827246  62.499273  5.635
 48    87.718 53894.21639410  7.55  88.824716  62.496133  5.635
 48    87.200 53894.21639474  4.97  88.822186  62.492993  5.635
 48    86.395 53894.21639539  4.34  88.819646  62.489853  5.635
 48    87.238 53894.21639603  3.08  88.817116  62.486713  5.635
 49    23.186 53929.21644806  8.78  88.816334  62.506800  4.608
 49    24.655 53929.21644871  9.51  88.813804  62.503650  4.608
 49    26.040 53929.21644935 10.31  88.811274  62.500510  4.608
 49    28.031 53929.21645000 11.05  88.808733  62.497364  8.336
 49    28.511 53929.21645064 11.21  88.806203  62.494224  8.336
 51    89.002 53999.21638214  4.56  88.838576  62.496012  4.209
 51    89.027 53999.21638279  1.44  88.836036  62.492872  4.209
 54    86.271 54104.21637733  5.37  88.814964  62.507939  2.582
 54    86.076 54104.21637798  4.64  88.812434  62.504789  2.582
 54    85.814 54104.21637862  3.96  88.809904  62.501649  2.582
 54    85.152 54104.21637927  3.57  88.807374  62.498509  2.582
 54    84.824 54104.21637991  2.85  88.804844  62.495369  2.582
 54    85.235 54104.21638056  1.84  88.802311  62.492228  1.849
 55    88.891 54139.21635229  3.86  88.828108  62.501491  2.556
 55    88.658 54139.21635294  3.50  88.825570  62.498348  1.758
 55    87.934 54139.21635358  3.25  88.823040  62.495208  1.758
 55    87.081 54139.21635423  2.55  88.820510  62.492068  1.758
 55    86.397 54139.21635487  1.62  88.817980  62.488928  1.758
 56    86.682 54174.21635676  4.61  88.817528  62.505060  1.815
 56    86.684 54174.21635740  4.00  88.814998  62.501920  1.815
 56    85.793 54174.21635805  3.45  88.812468  62.498780  1.815
 56    85.167 54174.21635869  3.04  88.809938  62.495630  1.815
 56    84.931 54174.21635934  1.93  88.807408  62.492490  1.815
 57    23.714 54209.21635876 22.39  88.826303  62.500659 14.356
 57    23.546 54209.21635941 21.46  88.823773  62.497509 14.356
 57    24.143 54209.21636005 20.79  88.821243  62.494369 14.356
 57    23.840 54209.21636070 24.46  88.818713  62.491229 14.356
 57    24.630 54209.21636134 24.22  88.816173  62.488089 14.356
 58    87.906 54244.21638966 14.70  88.823391  62.501535  6.252
 58    87.498 54244.21639030 12.54  88.820851  62.498395  6.252
 58    86.901 54244.21639094 10.83  88.818321  62.495255  6.252
 58    86.242 54244.21639159  9.74  88.815791  62.492105  6.252
 58    86.183 54244.21639223  9.17  88.813261  62.488965  6.252
 60    87.901 54314.21640148  0.96  88.823484  62.503533  6.348
 60    87.040 54314.21640212  4.40  88.820954  62.500393  6.348
 60    85.895 54314.21640277  5.13  88.818424  62.497253  6.348
 60    85.351 54314.21640341  3.00  88.815894  62.494103  6.348
 61    86.593 54349.21637134  8.20  88.816018  62.504445  6.177
 61    86.030 54349.21637198  7.34  88.813488  62.501305  6.177
 61    85.663 54349.21637263  5.97  88.810958  62.498165  6.177
 61    84.548 54349.21637327  6.30  88.808428  62.495015  6.177
 61    84.052 54349.21637392  7.38  88.805898  62.491875  6.177
 62    88.216 54384.21634030  1.42  88.826274  62.499108  3.433
 62    87.579 54384.21634095  0.56  88.823744  62.495968  3.433
 62    86.108 54384.21634224  0.41  88.818684  62.489688  3.433
 63    65.377 54419.21632083  2.79  88.818167  62.505259  5.884
 63    77.227 54419.21632148  1.36  88.815627  62.502109  5.884
 63    54.189 54419.21632212  4.82  88.813097  62.498969  5.884
 63    50.456 54419.21632277  8.93  88.810567  62.495829  5.884
 63    50.174 54419.21632341  8.33  88.808037  62.492689  5.884
 67    87.503 54559.21632942  2.54  88.817976  62.504826  1.829
 67    87.109 54559.21633006  2.35  88.815436  62.501686  1.829
 67    86.364 54559.21633071  1.64  88.812906  62.498546  1.829
 67    85.793 54559.21633135  1.12  88.810376  62.495396  1.829
 68    24.472 54594.21631941 27.74  88.824154  62.503503 15.231
 68    24.468 54594.21632006 21.36  88.821624  62.500363 15.231
 68    24.081 54594.21632070 20.03  88.819094  62.497213 15.231
 68    23.961 54594.21632135 22.22  88.816564  62.494073 15.231
 68    23.995 54594.21632199 23.27  88.814024  62.490933 15.231
 69    87.495 54629.21633395  7.03  88.823069  62.504427  4.169
 69    87.307 54629.21633460  5.17  88.820539  62.501287  4.169
 69    86.786 54629.21633524  4.03  88.818009  62.498137  4.169
 69    86.374 54629.21633589  1.83  88.815479  62.494997  4.169
 69    85.798 54629.21633653  2.21  88.812949  62.491857  4.169
 72    88.672 54734.21629944  7.16  88.829444  62.500705  4.734
 72    88.316 54734.21630008  5.40  88.826914  62.497565  4.734
 72    87.705 54734.21630073  2.55  88.824384  62.494425  4.734
 72    86.837 54734.21630137  2.08  88.821844  62.491285  4.734
 72    86.720 54734.21630202  2.68  88.819314  62.488145  4.734
 74    81.770 54804.21629366  0.09  88.826970  62.499695  4.975
 74    43.712 54804.21629495  5.16  88.821910  62.493415  4.975
 74    44.055 54804.21629560  5.23  88.819370  62.490275  4.975
 74    43.719 54804.21629624  5.41  88.816840  62.487135  4.975
 78    45.101 54944.21628626  3.43  88.825610  62.499613  5.916
 78    44.901 54944.21628690  4.80  88.823080  62.496473  5.916
 78    45.560 54944.21628755  6.76  88.820540  62.493333  5.916
 78    45.362 54944.21628819  9.98  88.818010  62.490193  5.916
 79    87.785 54979.21631237 19.26  88.823229  62.504832  5.608
 79    87.512 54979.21631301 16.69  88.820699  62.501682  5.608
 79    87.085 54979.21631365 13.76  88.818169  62.498542  5.608
 79    86.179 54979.21631430 13.48  88.815639  62.495402  5.608
 79    85.709 54979.21631494 11.74  88.813099  62.492262  5.608
 79    87.118 54979.21631559  9.99  88.810569  62.489122  5.608
 80    87.357 55014.21631762  3.73  88.821158  62.501837  3.862
 80    86.946 55014.21631827  2.78  88.818628  62.498697  3.862
 80    86.557 55014.21631891  1.36  88.816088  62.495547  3.862
 80    85.640 55014.21631956  0.95  88.813568  62.492407  3.862
 80    86.438 55014.21632020  1.16  88.811028  62.489267  3.862
 83    88.867 55119.21624294  1.99  88.829881  62.500638  3.988
 83    88.352 55119.21624358  1.80  88.827351  62.497488  3.988
 83    86.108 55119.21624552  0.06  88.819751  62.488068  3.988
 88    79.559 55294.21622422  3.25  88.816490  62.505228  1.999
 88    78.492 55294.21622486  2.88  88.813960  62.502088  1.999
 88    85.909 55294.21622551  2.06  88.811430  62.498948  1.999
 88    84.856 55294.21622615  1.12  88.808900  62.495808  1.999
 88    84.399 55294.21622679  1.14  88.806370  62.492658  1.999
 89    87.560 55329.21621022 10.42  88.820962  62.501932  3.888
 89    87.101 55329.21621086  9.85  88.818432  62.498792  3.888
 89    86.339 55329.21621150  8.33  88.815902  62.495642  3.888
 89    85.372 55329.21621215  8.45  88.813372  62.492502  3.888
 89    84.314 55329.21621279  8.42  88.810832  62.489362  3.888
 90    87.264 55364.21620432  8.35  88.820712  62.505556  4.719
 90    86.952 55364.21620496  6.71  88.818182  62.502416  4.719
 90    86.362 55364.21620561  6.42  88.815652  62.499276  4.719
 90    85.892 55364.21620625  4.11  88.813112  62.496126  4.719
 90    85.308 55364.21620690  3.87  88.810592  62.492986  4.719
 91    85.668 55399.21621504  7.39  88.828701  62.500905  5.805
 91    87.647 55399.21621568  4.57  88.826171  62.497755  5.805
 91    86.058 55399.21621697  1.12  88.821101  62.491475  5.805
 92    88.076 55434.21622059  3.35  88.824605  62.503954  3.236
 92    87.754 55434.21622123  1.35  88.822075  62.500814  3.236
 92    87.114 55434.21622188  0.38  88.819545  62.497674  3.236
 92    86.520 55434.21622252  0.05  88.817005  62.494524  3.236
 92    85.648 55434.21622316  0.01  88.814475  62.491384  3.236
 93    86.486 55469.21617562  5.89  88.816030  62.508539  4.110
 93    86.172 55469.21617626  5.04  88.813500  62.505389  4.110
 93    85.808 55469.21617691  3.84  88.810970  62.502249  4.110
 93    85.221 55469.21617755  3.41  88.808440  62.499109  4.110
 93    84.469 55469.21617820  4.87  88.805910  62.495969  4.110
 93    74.477 55469.21617884  9.12  88.803380  62.492819  4.110
