# NaN NaN NaN ;Mean Elev.(m), Avg Gradient(m/km), RMS Gradient(m/km) - SRTM1     
#    0.518  -3.571   9.740 ;Mean Elev.(m), Avg Gradient(m/km), RMS Gradient(m/km) - ASTER GDEM
#    0.000  -4.019  11.394 ;Mean Elev.(m), Avg Gradient(m/km), RMS Gradient(m/km) - GMTED2010 
  8  83.598099  70.666862     0.877     0.787 10 52489.25455392 16.458
  9  83.589488  70.670598     1.377     1.601 12 52524.25452978 16.234
 11  83.594552  70.669396    41.742    41.374 12 52594.25458275  2.883
 13  83.574921  70.653694     0.644     0.644  2 52664.25454772 15.415
 14  83.588315  70.643898     9.002     0.197  3 52699.25452323  9.502
 15  83.590502  70.660810     1.700     1.912  8 52734.25454708 10.703
 16  83.587381  70.672674    12.736    14.663 13 52769.25454147 10.857
 17  83.605890  70.659146    65.840    66.719 11 52804.25457159  4.351
 18  83.600909  70.659395    -0.632    -0.622 10 52839.25463409 16.671
 19  83.601689  70.663954     0.820     0.621  9 52874.25467283 14.819
 21  83.593493  70.645416     0.461     0.415  5 52944.25458787 32.298
 22  83.591521  70.654521     6.794     0.200  7 52979.25464001 19.284
 23  83.586786  70.665929     4.922     0.458  9 53014.25463620 13.139
 24  83.589175  70.650930    -0.723    -0.730  5 53049.25461071 13.019
 25  83.585158  70.667647     2.002    -0.680 10 53084.25464375 10.957
 26  83.591207  70.656479     3.966    -0.930  8 53119.25461567 10.398
 27  83.614307  70.676684    67.140    68.996  3 53154.25466315  0.292
 28  83.585605  70.653044     1.878     1.974  6 53189.25465740 13.806
 29  83.596158  70.667771     1.695     1.498 10 53224.25466824 11.523
 30  83.586633  70.671713     1.498     1.133 12 53259.25464290 13.922
 32  83.602499  70.669187    25.951    31.298  8 53329.25464131 16.789
 34  83.585272  70.653170     4.272    -0.708  6 53399.25461968 12.975
 35  83.578007  70.659659    -1.046    -1.036  5 53434.25460923 12.964
 36  83.580867  70.647923    -0.778    -0.778  2 53469.25465359 11.983
 37  83.604145  70.673696    67.810    67.925  8 53504.25469206  0.840
 38  83.596920  70.667613    33.026    33.707 10 53539.25469141 11.841
 39  83.592405  70.670110     0.060    -0.055 12 53574.25468863 22.812
 40  83.586786  70.672340     1.570     1.698 12 53609.25463848 14.455
 41  83.610262  70.663869     0.815     0.849  6 53644.25464169 11.338
 42  83.586542  70.664634    13.535    10.809  8 53679.25466007 30.554
 43  83.594932  70.671109    30.829    31.413 11 53714.25458698 14.676
 44  83.587338  70.642809    -0.472    -0.350  3 53749.25450712 15.757
 45  83.575809  70.652405    -0.155    -0.028  3 53784.25453637 14.796
 46  83.570045  70.662016     7.439     6.079  5 53819.25449593 11.750
 47  83.583949  70.653360     6.063    -0.388  5 53854.25457732 10.622
 48  83.613074  70.669237     0.756     1.019  6 53889.25458248 22.136
 49  83.596214  70.669102     1.594     1.620 10 53924.25464981 13.984
 50  83.591508  70.671869     0.153    -0.278 12 53959.25464014 19.297
 51  83.612207  70.655307    -0.320    -0.156 14 53994.25457412 24.441
 52  83.586299  70.648543     0.333     0.255  5 54029.25463474 33.451
 53  83.587599  70.659999     0.056     0.055  8 54064.25462660 22.460
 54  83.596358  70.674632    31.018    35.001 10 54099.25459018 11.951
 55  83.580076  70.645181    -1.597    -1.597  2 54134.25455366 15.721
 57  83.580645  70.646464     1.252     1.259  3 54204.25455766  5.582
 59  83.611262  70.674713     2.919     3.029  5 54274.25460344 42.810
 60  83.602803  70.667303     0.329     0.032  9 54309.25460670 18.373
 61  83.592738  70.671567     0.880     0.818 11 54344.25458327 20.815
 62  83.595406  70.658159     1.157     1.190  9 54379.25454434 17.117
 63  83.585628  70.661575    10.629     7.883  8 54414.25453335 22.087
 64  83.578937  70.644743    -0.057    -0.057  2 54449.25451412 16.736
 65  83.592087  70.660360     4.450    -0.496  8 54484.25452766 13.226
 66  83.588420  70.652252    -1.296    -1.214  5 54519.25452622 13.702
 67  83.578864  70.661453     2.940    -1.222  7 54554.25453949 11.786
 68  83.581555  70.652162    -0.463    -0.435  4 54589.25452211 10.555
 69  83.573651  70.652830     4.292     4.292  2 54624.25453956 28.067
 70  83.601331  70.668956     1.773     1.792  9 54659.25454467 14.070
 71  83.593779  70.668002    -0.391    -0.594 11 54694.25452515 21.645
 72  83.608231  70.665767     0.906     0.895  8 54729.25449929 12.328
 73  83.586754  70.659280     6.489     2.336  8 54764.25450500 31.319
 74  83.586422  70.649362     7.755     5.250  5 54799.25449635 19.516
 75  83.581902  70.657502     7.942     5.446  5 54834.25449608 14.724
 76  83.582496  70.646283    -0.802    -0.814  3 54869.25449379 13.838
 77  83.576466  70.662052     3.193    -1.127  6 54904.25450486 12.464
 78  83.580344  70.649319     0.316     0.250  3 54939.25448436 12.204
 79  83.578247  70.651617     0.765     0.642  3 54974.25451476 10.217
 80  83.594031  70.667106     2.383     2.710 11 55009.25452533 18.651
 81  83.589635  70.659495     0.414     0.352  8 55044.25451672 13.960
 82  83.589839  70.668565     1.124     0.830 12 55079.25449169 15.488
 83  83.597810  70.660820    43.250    43.686 11 55114.25444866  3.581
 84  83.581331  70.657147    12.506     5.435  6 55149.25444991 23.068
 85  83.605582  70.662096    25.926    29.677  8 55184.25443110 14.557
 86  83.581643  70.659691     6.989     3.163  6 55219.25444726 19.543
 87  83.581467  70.647959     0.697     0.742  3 55254.25443041 14.270
 88  83.578760  70.663420     5.772    -0.418  7 55289.25443635 12.904
 89  83.574444  70.652233     0.321     0.308  3 55324.25441660 11.483
 90  83.598286  70.669041    34.648    37.472 10 55359.25441127 10.718
 91  83.603333  70.664522     0.592     0.423  8 55394.25441604 16.318
 92  83.598203  70.664615     1.354     1.239 11 55429.25442767 14.288
 93  83.590776  70.670546     0.604    -0.071 13 55464.25438970 26.031
