# NaN NaN NaN ;Mean Elev.(m), Avg Gradient(m/km), RMS Gradient(m/km) - SRTM1     
#  -58.648  -0.862  15.213 ;Mean Elev.(m), Avg Gradient(m/km), RMS Gradient(m/km) - ASTER GDEM
#    1.115  -1.154   9.637 ;Mean Elev.(m), Avg Gradient(m/km), RMS Gradient(m/km) - GMTED2010 
  7    36.788 52461.24097852 19.59  85.950503  68.808434 15.947
  7    39.859 52461.24097916 11.69  85.946513  68.805414 15.947
  7    41.658 52461.24097981  9.22  85.942534  68.802381 11.812
  7    41.606 52461.24098045  8.08  85.938564  68.799361 11.812
  7    41.673 52461.24098110  6.33  85.934584  68.796331 11.812
  7    40.829 52461.24098174  6.43  85.930604  68.793311 11.812
  7    40.415 52461.24098239  6.40  85.926634  68.790291 11.812
  7    38.989 52461.24098303  6.71  85.922654  68.787261 11.812
  7    37.717 52461.24098368  7.03  85.918684  68.784241 11.812
  7    37.735 52461.24098432  7.93  85.914714  68.781211 11.812
  7    38.222 52461.24098497 10.81  85.910744  68.778191 11.812
  8    36.869 52496.24097936 19.89  85.944527  68.810704 12.600
  8    37.422 52496.24098000 13.92  85.940547  68.807674 12.600
  8    38.132 52496.24098065 10.45  85.936566  68.804658 10.706
  8    39.757 52496.24098129  9.56  85.932586  68.801628 10.706
  8    40.383 52496.24098194  8.05  85.928606  68.798608 10.706
  8    37.736 52496.24098258  9.07  85.924636  68.795578 10.706
  8    38.182 52496.24098322  8.78  85.920656  68.792558 10.706
  8    37.289 52496.24098387  8.45  85.916686  68.789528 10.706
  8    36.998 52496.24098451  9.00  85.912716  68.786508 10.706
  8    37.209 52496.24098516 10.17  85.908736  68.783478 10.706
  9    37.907 52531.24096671 14.63  85.952760  68.801212 11.708
  9    38.220 52531.24096736 13.41  85.948780  68.798192 11.708
  9    37.245 52531.24096800 12.34  85.944800  68.795162 11.708
  9     2.191 52531.24096865 15.59  85.940820  68.792142 11.708
  9    31.816 52531.24096994 14.78  85.932870  68.786092 11.708
  9    35.716 52531.24097058 12.50  85.928890  68.783072 11.708
  9    37.279 52531.24097123 10.35  85.924920  68.780042 11.708
  9    38.103 52531.24097187 10.10  85.920940  68.777022 11.708
  9    38.071 52531.24097251 14.26  85.916970  68.773992 11.708
 10    43.715 52566.24098760 16.51  85.951540  68.802619  5.855
 10    43.465 52566.24098824 15.85  85.947570  68.799599  5.855
 10    42.791 52566.24098889 15.09  85.943590  68.796569  5.855
 10    42.966 52566.24098953 13.58  85.939610  68.793549  5.855
 10    42.543 52566.24099018 12.90  85.935630  68.790529  5.855
 10    41.532 52566.24099082 13.00  85.931660  68.787499  5.855
 10    39.834 52566.24099147 15.65  85.927680  68.784479  5.855
 10    39.093 52566.24099211 14.81  85.923710  68.781449  5.855
 10    37.646 52566.24099276 15.37  85.919740  68.778429  5.855
 10    37.030 52566.24099340 15.97  85.915770  68.775399  5.855
 11    40.905 52601.24100017 10.19  85.940413  68.815782  2.652
 11    40.870 52601.24100081  9.70  85.936423  68.812752  2.652
 11    40.494 52601.24100146  9.02  85.932444  68.809729  3.866
 11    39.431 52601.24100210  8.67  85.928464  68.806709  3.866
 11    38.427 52601.24100275  8.36  85.924484  68.803679  3.866
 11    38.606 52601.24100339  7.75  85.920514  68.800659  3.866
 11    37.169 52601.24100404  8.25  85.916534  68.797639  3.866
 11    33.368 52601.24100468 13.08  85.912564  68.794609  3.866
 12    43.364 52636.24096485  6.62  85.950041  68.805241  2.281
 12    43.101 52636.24096549  6.02  85.946061  68.802221  2.281
 12    43.132 52636.24096613  5.93  85.942081  68.799201  2.281
 12    42.910 52636.24096678  5.42  85.938101  68.796171  2.281
 12    42.460 52636.24096742  5.01  85.934121  68.793151  2.281
 12    41.188 52636.24096807  4.64  85.930141  68.790121  2.281
 12    39.254 52636.24096871  4.83  85.926171  68.787101  2.281
 12    39.601 52636.24096936  4.94  85.922191  68.784081  2.281
 12    37.957 52636.24097000  5.45  85.918221  68.781051  2.281
 12    37.313 52636.24097065  5.00  85.914251  68.778031  2.281
 13    41.481 52671.24096964  5.66  85.944901  68.812525  2.137
 13    41.931 52671.24097028  5.32  85.940921  68.809495  2.137
 13    40.590 52671.24097093  4.69  85.936941  68.806475  2.137
 13    40.044 52671.24097157  4.71  85.932961  68.803455  2.137
 13    40.611 52671.24097221  4.42  85.928981  68.800425  2.137
 13    39.192 52671.24097286  3.95  85.925001  68.797405  2.137
 13    38.628 52671.24097350  3.95  85.921021  68.794375  2.137
 13    36.806 52671.24097415  4.06  85.917051  68.791355  2.137
 13    36.593 52671.24097479  3.95  85.913081  68.788325  2.137
 13    37.003 52671.24097544  3.70  85.909101  68.785305  2.137
 13    35.975 52671.24097608  3.49  85.905131  68.782275  2.137
 14    43.691 52706.24096716  4.83  85.950859  68.804240  1.974
 14    43.849 52706.24096780  4.61  85.946879  68.801210  1.974
 14    43.499 52706.24096845  4.05  85.942899  68.798190  1.974
 14    42.078 52706.24096909  3.94  85.938919  68.795160  1.974
 14    42.514 52706.24096974  3.36  85.934939  68.792140  1.974
 14    41.458 52706.24097038  3.14  85.930969  68.789110  1.974
 14    40.630 52706.24097103  2.83  85.926989  68.786090  1.974
 14    39.448 52706.24097167  3.32  85.923019  68.783070  1.974
 14    38.765 52706.24097232  3.13  85.919049  68.780040  1.974
 14    37.902 52706.24097296  3.51  85.915069  68.777020  1.974
 15    41.981 52741.24099889  4.14  85.943431  68.814481  1.991
 15    41.499 52741.24099953  3.57  85.939451  68.811451  1.991
 15    40.882 52741.24100018  3.34  85.935471  68.808431  1.991
 15    39.386 52741.24100082  3.34  85.931491  68.805411  1.991
 15    40.023 52741.24100146  2.99  85.927511  68.802381  1.991
 15    39.014 52741.24100211  2.55  85.923531  68.799361  1.991
 15    38.470 52741.24100275  2.58  85.919561  68.796331  1.991
 15    37.650 52741.24100340  2.46  85.915581  68.793311  1.991
 15    37.329 52741.24100404  2.79  85.911611  68.790281  1.991
 15    36.628 52741.24100469  3.27  85.907631  68.787261  1.991
 15    36.638 52741.24100533  3.33  85.903661  68.784231  1.991
 16    39.144 52776.24094306 13.76  85.938641  68.815434 14.628
 16    38.671 52776.24094370 13.40  85.934661  68.812414 14.628
 16    38.526 52776.24094435 11.58  85.930691  68.809394 14.628
 16    35.769 52776.24094628 10.82  85.918751  68.800314 14.628
 17     5.713 52811.24102122 48.95  85.952090  68.805774 16.398
 17     6.566 52811.24102187 48.60  85.948110  68.802754 16.398
 17     6.033 52811.24102251 44.42  85.944130  68.799734 16.398
 17     5.858 52811.24102316 47.32  85.940150  68.796704 16.398
 17     5.791 52811.24102380 47.58  85.936170  68.793684 16.398
 17     5.784 52811.24102445 42.30  85.932190  68.790654 16.398
 17     5.717 52811.24102509 45.06  85.928220  68.787634 16.398
 17     5.839 52811.24102574 40.93  85.924240  68.784614 16.398
 17     5.937 52811.24102638 38.71  85.920270  68.781584 16.398
 17     5.788 52811.24102703 40.87  85.916290  68.778564 16.398
 18    35.723 52846.24107689 16.19  85.950857  68.803908 13.845
 18    37.660 52846.24107754 12.66  85.946877  68.800888 13.845
 18     2.843 52846.24107818 13.61  85.942897  68.797868 13.845
 18     3.518 52846.24107883 13.35  85.938917  68.794838 13.845
 18     3.486 52846.24107947 14.81  85.934937  68.791818 13.845
 18     4.227 52846.24108012 13.90  85.930957  68.788788 13.845
 18     3.367 52846.24108076 13.78  85.926987  68.785768 13.845
 18     2.912 52846.24108141 13.58  85.923007  68.782738 13.845
 18    35.970 52846.24108205 13.49  85.919037  68.779718 13.845
 18    38.283 52846.24108270 13.41  85.915067  68.776698 13.845
 19    36.987 52881.24111301 21.33  85.945363  68.810483  8.517
 19    38.678 52881.24111365 12.81  85.941383  68.807463  8.517
 19    40.245 52881.24111430 10.20  85.937403  68.804433  8.517
 19    40.333 52881.24111494  8.57  85.933423  68.801413  8.517
 19    40.544 52881.24111559  7.53  85.929453  68.798393  8.517
 19    38.598 52881.24111623  8.87  85.925473  68.795363  8.517
 19    38.014 52881.24111688  9.32  85.921493  68.792343  8.517
 19    37.095 52881.24111752  8.85  85.917523  68.789313  8.517
 19    37.161 52881.24111817  9.83  85.913543  68.786293  8.517
 19    37.744 52881.24111881 10.75  85.909573  68.783263  8.517
 20    36.578 52916.24106995 22.59  85.941371  68.812950  9.417
 20    36.210 52916.24107059 19.41  85.937391  68.809920  9.417
 20    35.734 52916.24107124 16.19  85.933411  68.806900  9.417
 20    35.127 52916.24107188 15.80  85.929431  68.803880  9.417
 20    37.166 52916.24107253 11.32  85.925461  68.800850  9.417
 20    35.319 52916.24107317 10.84  85.921481  68.797830  9.417
 20    34.905 52916.24107382 10.59  85.917511  68.794800  9.417
 20    34.204 52916.24107446 11.07  85.913531  68.791780  9.417
 20    35.718 52916.24107511 10.58  85.909561  68.788750  9.417
 20    35.852 52916.24107575 11.81  85.905591  68.785730  9.417
 20    36.918 52916.24107640 11.62  85.901621  68.782700  9.417
 21    45.451 52951.24103213 15.20  85.958501  68.801042  3.301
 21    45.127 52951.24103278 15.13  85.954521  68.798022  3.301
 21    45.055 52951.24103342 14.77  85.950541  68.794992  3.301
 21    44.681 52951.24103407 13.73  85.946561  68.791972  3.301
 21    43.866 52951.24103471 13.45  85.942581  68.788942  3.301
 21    43.331 52951.24103536 14.34  85.938611  68.785922  3.301
 21    42.357 52951.24103600 15.27  85.934631  68.782902  3.301
 21    41.108 52951.24103665 16.62  85.930661  68.779872  3.301
 21    39.683 52951.24103729 15.24  85.926681  68.776852  3.301
 21    38.328 52951.24103794 15.27  85.922711  68.773822  3.301
 22    43.459 52986.24105093  9.16  85.949501  68.805099  2.382
 22    43.594 52986.24105158  8.80  85.945521  68.802079  2.382
 22    42.983 52986.24105222  8.57  85.941541  68.799049  2.382
 22    42.109 52986.24105287  8.23  85.937571  68.796029  2.382
 22    41.765 52986.24105351  8.04  85.933591  68.793009  2.382
 22    41.000 52986.24105416  7.54  85.929611  68.789979  2.382
 22    40.271 52986.24105480  7.88  85.925641  68.786959  2.382
 22    38.763 52986.24105544  9.31  85.921671  68.783929  2.382
 22    38.004 52986.24105609  8.89  85.917691  68.780909  2.382
 22    36.643 52986.24105673  8.41  85.913721  68.777879  2.382
 23    42.041 53021.24103946  8.38  85.944732  68.812432  2.796
 23    41.255 53021.24104011  7.95  85.940754  68.809399  2.624
 23    40.783 53021.24104075  7.30  85.936774  68.806379  2.624
 23    40.466 53021.24104140  8.13  85.932804  68.803349  2.624
 23    39.926 53021.24104204  7.73  85.928824  68.800329  2.624
 23    38.807 53021.24104269  7.37  85.924844  68.797309  2.624
 23    38.410 53021.24104333  7.24  85.920874  68.794279  2.624
 23    38.015 53021.24104398  6.47  85.916894  68.791259  2.624
 23    36.594 53021.24104462  7.76  85.912924  68.788229  2.624
 23    36.010 53021.24104527  6.44  85.908954  68.785209  2.624
 23    35.291 53021.24104591  6.74  85.904984  68.782179  2.624
 24    44.145 53056.24103004  8.57  85.953123  68.804053  2.640
 24    43.808 53056.24103069  7.59  85.949143  68.801023  2.640
 24    43.281 53056.24103133  7.48  85.945163  68.798003  2.640
 24    42.811 53056.24103198  6.97  85.941183  68.794983  2.640
 24    42.536 53056.24103262  6.86  85.937213  68.791953  2.640
 24    41.747 53056.24103327  6.36  85.933233  68.788933  2.640
 24    41.018 53056.24103391  6.91  85.929263  68.785903  2.640
 24    39.785 53056.24103456  6.87  85.925283  68.782883  2.640
 24    38.521 53056.24103520  7.35  85.921313  68.779853  2.640
 24    37.586 53056.24103585  7.15  85.917343  68.776833  2.640
 25    39.879 53091.24106549  7.06  85.937712  68.819877  2.305
 25    39.765 53091.24106614  6.87  85.933732  68.816857  2.305
 25    38.763 53091.24106678  6.39  85.929752  68.813827  2.305
 25    38.774 53091.24106743  6.01  85.925772  68.810807  2.305
 25    37.754 53091.24106807  6.12  85.921792  68.807787  2.305
 25    37.180 53091.24106872  5.40  85.917812  68.804757  2.305
 25    36.779 53091.24106936  5.23  85.913832  68.801737  2.305
 25    35.277 53091.24107001  5.46  85.909862  68.798707  2.305
 25    35.333 53091.24107065  5.25  85.905882  68.795687  2.305
 25    33.715 53091.24107130  5.79  85.901912  68.792657  2.305
 25    32.697 53091.24107194  7.60  85.897932  68.789637  2.305
 26    43.878 53126.24103857  5.57  85.950720  68.802730  2.121
 26    43.531 53126.24103921  5.35  85.946740  68.799710  2.121
 26    42.648 53126.24103986  4.92  85.942760  68.796690  2.121
 26    41.731 53126.24104050  4.57  85.938780  68.793660  2.121
 26    41.127 53126.24104114  4.27  85.934800  68.790640  2.121
 26    39.729 53126.24104179  5.28  85.930830  68.787610  2.121
 26    38.925 53126.24104243  5.05  85.926850  68.784590  2.121
 26    37.993 53126.24104308  5.64  85.922880  68.781560  2.121
 26    37.908 53126.24104372  4.60  85.918910  68.778540  2.121
 26    37.458 53126.24104437  5.26  85.914930  68.775510  2.121
 27    13.255 53161.24109997 25.79  85.940725  68.808419 22.721
 27    12.933 53161.24110061 26.43  85.936745  68.805399 22.721
 27    12.822 53161.24110125 37.73  85.932765  68.802379 22.721
 27    13.151 53161.24110190 35.65  85.928785  68.799349 22.721
 27    12.743 53161.24110254 34.95  85.924815  68.796329 22.721
 27    12.921 53161.24110319 33.86  85.920835  68.793299 22.721
 27    12.761 53161.24110383 30.85  85.916855  68.790279 22.721
 27    12.788 53161.24110448 35.12  85.912885  68.787249 22.721
 27    12.777 53161.24110512 37.19  85.908905  68.784229 22.721
 27    12.792 53161.24110577 35.08  85.904935  68.781199 22.721
 28    36.655 53196.24109771 15.82  85.946750  68.808634 14.162
 28    36.188 53196.24109835 13.76  85.942770  68.805604 14.162
 28    36.242 53196.24109900 13.23  85.938790  68.802584 14.162
 28    34.238 53196.24109964 14.19  85.934820  68.799564 14.162
 28     2.060 53196.24110029 24.23  85.930840  68.796534 14.162
 28     3.041 53196.24110093 22.86  85.926860  68.793514 14.162
 28     1.655 53196.24110158 16.58  85.922890  68.790484 14.162
 29    36.917 53231.24108118 15.33  85.945114  68.807758 17.005
 29    37.048 53231.24108183 11.65  85.941134  68.804728 17.005
 29    41.031 53231.24108247  8.19  85.937164  68.801708 17.005
 29    41.357 53231.24108312  6.95  85.933184  68.798678 17.005
 29    40.733 53231.24108376  5.29  85.929204  68.795658 17.005
 29    39.859 53231.24108440  5.74  85.925234  68.792638 17.005
 29    38.174 53231.24108505  7.21  85.921254  68.789608 17.005
 29    38.356 53231.24108569  6.48  85.917284  68.786588 17.005
 29    37.150 53231.24108634  7.89  85.913314  68.783558 17.005
 29    37.277 53231.24108698  9.14  85.909334  68.780538 17.005
 30    39.206 53266.24104881 12.13  85.938793  68.821463 16.202
 30    39.073 53266.24104945 12.27  85.934803  68.818443 16.202
 30    38.738 53266.24105010 10.49  85.930823  68.815413 16.202
 30    37.845 53266.24105074 10.59  85.926843  68.812395  8.149
 30    37.622 53266.24105139  8.93  85.922873  68.809365  8.149
 30    37.158 53266.24105203  8.70  85.918893  68.806345  8.149
 30    35.411 53266.24105268  9.07  85.914913  68.803315  8.149
 30    33.879 53266.24105332 10.15  85.910943  68.800295  8.149
 30    34.645 53266.24105397 10.40  85.906963  68.797265  8.149
 30    35.332 53266.24105461 10.68  85.902993  68.794245  8.149
 30    36.034 53266.24105526 11.91  85.899023  68.791215  8.149
 30    36.751 53266.24105590 14.00  85.895053  68.788195  8.149
 31    43.304 53301.24110086 14.45  85.948577  68.811102 12.482
 31    42.012 53301.24110150 14.06  85.944597  68.808072 12.482
 31    42.386 53301.24110214 13.30  85.940607  68.805052 12.482
 31    42.065 53301.24110279 12.93  85.936627  68.802022 12.482
 31    40.777 53301.24110343 13.11  85.932647  68.799002 12.482
 31    40.270 53301.24110408 12.59  85.928677  68.795982 12.482
 32    42.603 53336.24107170  5.23  85.943655  68.810663  2.166
 32    42.201 53336.24107235  5.03  85.939675  68.807633  2.166
 32    41.703 53336.24107299  4.43  85.935695  68.804613  2.166
 32    41.291 53336.24107364  4.26  85.931725  68.801593  2.166
 32    40.228 53336.24107428  4.14  85.927745  68.798563  2.166
 32    39.572 53336.24107493  3.92  85.923765  68.795543  2.166
 32    38.801 53336.24107557  4.28  85.919795  68.792513  2.166
 32    38.057 53336.24107622  4.55  85.915815  68.789493  2.166
 32    37.300 53336.24107686  4.88  85.911845  68.786463  2.166
 32    36.143 53336.24107750  5.25  85.907875  68.783443  2.166
 33    40.584 53371.24100774  5.63  85.939372  68.817451  2.339
 33    40.133 53371.24100838  5.41  85.935392  68.814421  2.339
 33    39.871 53371.24100903  4.70  85.931412  68.811401  2.339
 33    39.489 53371.24100967  4.41  85.927432  68.808381  2.339
 33    38.596 53371.24101032  4.53  85.923462  68.805351  2.339
 33    38.060 53371.24101096  3.93  85.919482  68.802331  2.339
 33    37.258 53371.24101161  3.79  85.915502  68.799301  2.339
 33    35.641 53371.24101225  4.61  85.911532  68.796281  2.339
 33    35.930 53371.24101290  4.75  85.907562  68.793251  2.339
 33    35.010 53371.24101354  5.15  85.903582  68.790231  2.339
 33    34.141 53371.24101418  6.36  85.899612  68.787201  2.339
 35    40.663 53441.24102920  4.52  85.941499  68.818993  2.103
 35    40.854 53441.24102985  4.21  85.937519  68.815963  2.103
 35    39.695 53441.24103049  3.84  85.933539  68.812943  2.103
 35    38.897 53441.24103114  3.38  85.929559  68.809913  2.103
 35    38.637 53441.24103178  3.48  85.925579  68.806893  2.103
 35    37.887 53441.24103243  3.29  85.921599  68.803873  2.103
 35    37.438 53441.24103307  2.99  85.917629  68.800843  2.103
 35    37.335 53441.24103372  2.91  85.913649  68.797823  2.103
 35    36.256 53441.24103436  3.32  85.909679  68.794793  2.103
 35    35.721 53441.24103501  3.13  85.905699  68.791773  2.103
 35    35.460 53441.24103565  3.51  85.901729  68.788743  2.103
 35    35.738 53441.24103629  4.09  85.897759  68.785723  2.103
 36    42.430 53476.24109786  4.49  85.947700  68.809088  2.048
 36    42.379 53476.24109850  3.76  85.943710  68.806068  2.048
 36    42.241 53476.24109915  3.80  85.939730  68.803048  2.048
 36    42.008 53476.24109979  3.64  85.935750  68.800018  2.048
 36    41.590 53476.24110044  3.34  85.931780  68.796998  2.048
 36    40.915 53476.24110108  3.51  85.927800  68.793968  2.048
 36    40.279 53476.24110173  3.45  85.923820  68.790948  2.048
 36    39.508 53476.24110237  3.09  85.919850  68.787918  2.048
 36    38.676 53476.24110301  3.59  85.915870  68.784898  2.048
 36    38.357 53476.24110366  3.80  85.911900  68.781868  2.048
 36    39.237 53476.24110430  4.01  85.907920  68.778848  2.048
 38    36.717 53546.24112781 20.51  85.943933  68.815663  6.527
 38    38.522 53546.24112846 14.71  85.939953  68.812643  6.527
 38    38.058 53546.24112910 13.10  85.935973  68.809613  6.527
 38    38.899 53546.24112975  9.59  85.931993  68.806593  6.527
 38    39.971 53546.24113039  8.44  85.928013  68.803573  6.527
 38    39.566 53546.24113104  8.09  85.924033  68.800543  6.527
 38    38.113 53546.24113168  9.05  85.920053  68.797523  6.527
 38    36.161 53546.24113232  9.20  85.916083  68.794493  6.527
 38    35.977 53546.24113297  9.92  85.912103  68.791473  6.527
 38    36.475 53546.24113361 10.35  85.908133  68.788443  6.527
 38    37.265 53546.24113426 11.77  85.904163  68.785423  6.527
 39    36.573 53581.24110144 21.70  85.943545  68.814106  9.231
 39    36.455 53581.24110208 18.09  85.939565  68.811086  9.231
 39    37.902 53581.24110272 11.55  85.935585  68.808056  9.231
 39    39.273 53581.24110337  7.42  85.931605  68.805036  9.231
 39    38.966 53581.24110401  6.98  85.927625  68.802016  9.231
 39    39.275 53581.24110466  6.61  85.923655  68.798986  9.231
 39    37.831 53581.24110530  7.19  85.919675  68.795966  9.231
 39    35.849 53581.24110595  7.78  85.915705  68.792936  9.231
 39    36.008 53581.24110659  8.56  85.911725  68.789916  9.231
 39    36.567 53581.24110724  8.92  85.907755  68.786886  9.231
 39    37.680 53581.24110788  9.77  85.903785  68.783866  9.231
 40     0.977 53616.24105545 47.19  85.939090  68.820158  9.869
 40     1.587 53616.24105610 45.31  85.935110  68.817128  9.869
 40     1.003 53616.24105674 42.03  85.931130  68.814108  9.869
 40     1.013 53616.24105739 41.83  85.927150  68.811088  9.869
 40     1.055 53616.24105803 41.05  85.923170  68.808058  9.869
 40     0.953 53616.24105867 37.70  85.919190  68.805038  9.869
 40     0.658 53616.24105932 34.97  85.915220  68.802008  9.869
 40     0.308 53616.24105996 33.75  85.911240  68.798988  9.869
 40     0.228 53616.24106061 31.41  85.907270  68.795958  9.869
 40    -0.148 53616.24106125 29.81  85.903290  68.792938  9.869
 40    -0.794 53616.24106190 28.84  85.899320  68.789908  9.869
 40     0.027 53616.24106254 27.54  85.895350  68.786888  9.869
 41    38.269 53651.24107156 16.70  85.950339  68.806911 16.174
 41    37.874 53651.24107220 14.98  85.946359  68.803891 16.174
 41    37.511 53651.24107285 13.98  85.942379  68.800871 16.174
 41    36.830 53651.24107349 12.87  85.938399  68.797841 16.174
 41    36.231 53651.24107414 12.28  85.934419  68.794821 16.174
 41    39.770 53651.24107478 11.19  85.930449  68.791791 16.174
 41    38.893 53651.24107543 11.00  85.926469  68.788771 16.174
 41    37.824 53651.24107607 10.27  85.922499  68.785741 16.174
 41    38.047 53651.24107672 10.28  85.918519  68.782721 16.174
 41    38.362 53651.24107736 12.23  85.914549  68.779701 16.174
 42    41.841 53686.24107717  9.81  85.945275  68.814185  9.179
 42    41.765 53686.24107782 10.38  85.941295  68.811165  9.179
 42    41.003 53686.24107846  9.37  85.937315  68.808135  9.179
 42    40.135 53686.24107911  9.62  85.933335  68.805115  9.179
 42    39.330 53686.24107975  9.25  85.929355  68.802085  9.179
 42    39.126 53686.24108040  8.16  85.925375  68.799065  9.179
 42    38.249 53686.24108104  8.95  85.921395  68.796045  9.179
 43    41.184 53721.24100309  5.93  85.939373  68.815088  4.034
 43    39.694 53721.24100374  5.24  85.935393  68.812068  4.034
 43    40.102 53721.24100438  4.86  85.931423  68.809048  4.034
 43    39.260 53721.24100503  4.61  85.927443  68.806018  4.034
 43    38.382 53721.24100567  4.82  85.923463  68.802998  4.034
 43    37.926 53721.24100632  4.03  85.919483  68.799968  4.034
 43    36.963 53721.24100696  4.69  85.915513  68.796948  4.034
 43    36.269 53721.24100760  5.08  85.911543  68.793918  4.034
 44    44.890 53756.24093374  5.13  85.956087  68.801894  1.863
 44    44.488 53756.24093438  4.75  85.952107  68.798874  1.863
 44    43.717 53756.24093503  4.52  85.948127  68.795844  1.863
 44    43.543 53756.24093567  3.94  85.944157  68.792824  1.863
 44    42.844 53756.24093632  3.62  85.940177  68.789794  1.863
 44    42.532 53756.24093696  3.50  85.936197  68.786774  1.863
 44    41.414 53756.24093761  3.54  85.932227  68.783744  1.863
 44    40.168 53756.24093825  3.63  85.928247  68.780724  1.863
 44    39.196 53756.24093889  3.82  85.924277  68.777704  1.863
 44    38.016 53756.24093954  3.78  85.920307  68.774674  1.863
 45    42.745 53791.24095947  4.73  85.947001  68.810630  1.863
 45    41.399 53791.24096011  4.36  85.943021  68.807600  1.863
 45    41.231 53791.24096076  4.09  85.939041  68.804580  1.863
 45    40.530 53791.24096140  4.10  85.935071  68.801550  1.863
 45    40.630 53791.24096205  3.73  85.931091  68.798530  1.863
 45    39.123 53791.24096269  3.68  85.927111  68.795510  1.863
 45    39.082 53791.24096334  3.18  85.923141  68.792480  1.863
 45    37.708 53791.24096398  3.18  85.919161  68.789460  1.863
 45    37.147 53791.24096463  3.06  85.915191  68.786430  1.863
 45    36.763 53791.24096527  3.50  85.911221  68.783410  1.863
 45    36.560 53791.24096591  3.09  85.907251  68.780380  1.863
 46    45.298 53826.24092154  4.65  85.958178  68.800829  1.721
 46    45.184 53826.24092218  4.33  85.954198  68.797799  1.721
 46    44.305 53826.24092283  4.08  85.950218  68.794779  1.721
 46    44.743 53826.24092347  3.80  85.946248  68.791759  1.721
 46    44.085 53826.24092411  3.24  85.942268  68.788729  1.721
 46    42.588 53826.24092476  3.56  85.938288  68.785709  1.721
 46    41.545 53826.24092540  3.44  85.934318  68.782679  1.721
 46    40.789 53826.24092605  3.49  85.930338  68.779659  1.721
 46    39.278 53826.24092669  3.37  85.926368  68.776639  1.721
 46    39.183 53826.24092734  3.29  85.922398  68.773609  1.721
 47    42.969 53861.24101093  2.62  85.948989  68.808864  1.864
 47    42.238 53861.24101158  2.58  85.945009  68.805834  1.864
 47    41.695 53861.24101222  2.36  85.941029  68.802814  1.864
 47    42.449 53861.24101287  2.07  85.937049  68.799784  1.864
 47    41.641 53861.24101351  1.98  85.933069  68.796764  1.864
 47    40.943 53861.24101416  1.76  85.929089  68.793744  1.864
 47    40.172 53861.24101480  1.80  85.925119  68.790714  1.864
 47    39.423 53861.24101545  1.59  85.921139  68.787694  1.864
 47    38.335 53861.24101609  1.66  85.917169  68.784664  1.864
 47    37.872 53861.24101674  1.88  85.913189  68.781644  1.864
 47    37.063 53861.24101738  2.75  85.909219  68.778614  1.864
 48    12.119 53896.24103147 49.48  85.946846  68.805407 29.949
 48    12.072 53896.24103211 49.33  85.942866  68.802377 29.949
 48    12.087 53896.24103276 50.09  85.938886  68.799357 29.949
 48    11.987 53896.24103340 49.19  85.934916  68.796337 29.949
 48    12.123 53896.24103404 50.20  85.930936  68.793307 29.949
 48    12.050 53896.24103469 51.86  85.926956  68.790287 29.949
 48    12.101 53896.24103533 50.72  85.922986  68.787257 29.949
 48    11.996 53896.24103598 51.69  85.919006  68.784237 29.949
 48    12.069 53896.24103662 50.10  85.915036  68.781207 29.949
 48    12.063 53896.24103727 51.46  85.911066  68.778187 29.949
 49    36.667 53931.24108097 17.39  85.940783  68.814710  7.153
 49    37.370 53931.24108162 14.23  85.936803  68.811690  7.153
 49    37.667 53931.24108226 10.80  85.932823  68.808660  7.153
 49    38.167 53931.24108291  7.38  85.928843  68.805640  7.153
 49    38.058 53931.24108355  7.17  85.924863  68.802620  7.153
 49    38.099 53931.24108420  6.74  85.920883  68.799590  7.153
 49    36.075 53931.24108484  7.73  85.916903  68.796570  7.153
 49    35.550 53931.24108549  7.81  85.912933  68.793540  7.153
 49    35.593 53931.24108613  8.61  85.908953  68.790520  7.153
 49    36.191 53931.24108678  9.15  85.904983  68.787490  7.153
 49    36.666 53931.24108742 11.19  85.901013  68.784470  7.153
 50    36.234 53966.24105712 17.56  85.940921  68.816013  9.749
 50    36.305 53966.24105776 16.45  85.936941  68.812983  9.749
 50    38.315 53966.24105841  9.70  85.932961  68.809963  9.749
 50    37.539 53966.24105905  9.48  85.928981  68.806933  9.749
 50    38.200 53966.24105970  6.48  85.925001  68.803913  9.749
 50    32.994 53966.24106034 11.89  85.921021  68.800893  9.749
 50    32.716 53966.24106099 11.51  85.917051  68.797863  9.749
 50    32.520 53966.24106163 12.02  85.913071  68.794843  9.749
 50    33.819 53966.24106228 11.97  85.909101  68.791813  9.749
 50    35.607 53966.24106292 11.13  85.905121  68.788793  9.749
 50    36.338 53966.24106357 10.65  85.901151  68.785763  9.749
 51    38.361 54001.24102069 15.28  85.955792  68.797662 12.298
 51    37.887 54001.24102134 16.00  85.951812  68.794642 12.298
 51     1.656 54001.24102198 17.58  85.947832  68.791622 12.298
 51     1.619 54001.24102263 18.54  85.943852  68.788592 12.298
 51     1.682 54001.24102327 19.37  85.939872  68.785572 12.298
 51     1.430 54001.24102392 19.50  85.935892  68.782542 12.298
 51     1.416 54001.24102456 18.47  85.931922  68.779522 12.298
 51     1.715 54001.24102521 21.25  85.927952  68.776492 12.298
 51     1.652 54001.24102585 29.74  85.923972  68.773472 12.298
 52    43.810 54036.24106010  9.66  85.951011  68.807028  4.214
 52    43.356 54036.24106074  8.80  85.947021  68.803998  4.214
 52    42.927 54036.24106139  9.03  85.943051  68.800978  4.214
 52    42.336 54036.24106203  8.78  85.939071  68.797948  4.214
 52    41.854 54036.24106268  7.69  85.935091  68.794928  4.214
 52    41.492 54036.24106332  7.95  85.931111  68.791908  4.214
 52    40.754 54036.24106397  8.49  85.927141  68.788878  4.214
 52    39.517 54036.24106461  8.84  85.923161  68.785858  4.214
 52    38.637 54036.24106526  8.39  85.919191  68.782828  4.214
 52    37.420 54036.24106590  9.56  85.915221  68.779808  4.214
 52    36.720 54036.24106655  8.82  85.911241  68.776778  4.214
 53    42.702 54071.24105388  8.33  85.947560  68.811068  2.746
 53    42.247 54071.24105452  7.25  85.943580  68.808048  2.746
 53    41.794 54071.24105517  6.82  85.939600  68.805018  2.746
 53    41.094 54071.24105581  7.17  85.935620  68.801998  2.746
 53    40.466 54071.24105646  6.75  85.931640  68.798978  2.746
 53    39.929 54071.24105710  6.52  85.927670  68.795948  2.746
 53    39.098 54071.24105775  6.02  85.923690  68.792928  2.746
 53    38.543 54071.24105839  6.40  85.919720  68.789898  2.746
 53    37.484 54071.24105904  6.49  85.915740  68.786878  2.746
 53    36.030 54071.24105968  8.85  85.911770  68.783848  2.746
 53    35.768 54071.24106033  9.91  85.907800  68.780828  2.746
 54    40.529 54106.24100443  5.47  85.939474  68.820203  3.567
 54    39.805 54106.24100508  5.19  85.935494  68.817183  3.567
 54    39.634 54106.24100572  5.18  85.931514  68.814153  3.567
 54    39.178 54106.24100637  5.33  85.927534  68.811133  3.567
 54    38.881 54106.24100701  4.65  85.923554  68.808113  3.567
 54    38.323 54106.24100766  3.90  85.919584  68.805083  3.567
 54    36.779 54106.24100830  4.33  85.915604  68.802063  3.567
 54    36.228 54106.24100895  4.21  85.911624  68.799033  3.567
 54    35.003 54106.24100959  5.01  85.907654  68.796013  3.567
 54    32.695 54106.24101024  8.55  85.903684  68.792983  3.567
 54    30.771 54106.24101088 11.20  85.899704  68.789963  3.567
 55    43.067 54141.24098798  4.31  85.948030  68.805227  2.170
 55    42.600 54141.24098862  3.90  85.944050  68.802207  2.170
 55    42.111 54141.24098927  3.91  85.940070  68.799187  2.170
 55    41.667 54141.24098991  3.60  85.936090  68.796157  2.170
 55    41.544 54141.24099056  3.07  85.932120  68.793137  2.170
 55    40.939 54141.24099120  3.11  85.928140  68.790107  2.170
 55    39.732 54141.24099185  3.11  85.924160  68.787087  2.170
 55    38.816 54141.24099249  3.11  85.920190  68.784057  2.170
 55    37.964 54141.24099314  3.05  85.916220  68.781037  2.170
 55    37.117 54141.24099378  2.86  85.912240  68.778007  2.170
 56    40.044 54176.24098663  4.55  85.940256  68.814097  2.219
 56    40.413 54176.24098728  3.81  85.936276  68.811077  2.219
 56    40.114 54176.24098792  3.62  85.932296  68.808047  2.219
 56    39.284 54176.24098857  3.37  85.928326  68.805027  2.219
 56    38.607 54176.24098921  3.27  85.924346  68.801997  2.219
 56    38.071 54176.24098986  3.24  85.920366  68.798977  2.219
 56    37.243 54176.24099050  3.02  85.916396  68.795947  2.219
 56    36.146 54176.24099115  3.43  85.912416  68.792927  2.219
 56    36.823 54176.24099179  3.23  85.908449  68.789903  2.406
 56    36.391 54176.24099243  3.66  85.904469  68.786873  2.406
 56    36.528 54176.24099308  3.99  85.900499  68.783853  2.406
 57    47.660 54211.24099485  6.08  85.946323  68.805972  4.173
 57    42.920 54211.24099549  6.53  85.942343  68.802952  4.173
 57    42.435 54211.24099613  7.41  85.938363  68.799922  4.173
 57    41.394 54211.24099678  6.78  85.934393  68.796902  4.173
 57    40.726 54211.24099742  5.97  85.930413  68.793882  4.173
 57    38.932 54211.24099807  7.62  85.926433  68.790852  4.173
 57    37.562 54211.24099871  8.40  85.922464  68.787834  6.804
 57    35.401 54211.24099936  9.75  85.918484  68.784804  6.804
 57    36.350 54211.24100000 10.53  85.914514  68.781784  6.804
 57    36.434 54211.24100065  8.75  85.910544  68.778754  6.804
 58     9.775 54246.24102364 29.85  85.949071  68.810530 17.497
 58     9.523 54246.24102428 31.79  85.945091  68.807510 17.497
 58     9.510 54246.24102493 31.61  85.941111  68.804480 17.497
 58     9.422 54246.24102557 32.16  85.937131  68.801460 17.497
 58     9.684 54246.24102622 34.24  85.933151  68.798430 17.497
 58     9.690 54246.24102686 34.32  85.929181  68.795410 17.497
 58     9.655 54246.24102751 32.12  85.925201  68.792380 17.497
 58     9.671 54246.24102815 33.32  85.921221  68.789360 17.497
 58     9.689 54246.24102880 32.24  85.917254  68.786337 10.660
 58     9.699 54246.24102944 31.15  85.913274  68.783307 10.660
 58     9.665 54246.24103008 33.35  85.909304  68.780287 10.660
 60    36.743 54316.24103274 21.00  85.946982  68.812351 13.558
 60    36.575 54316.24103339 18.24  85.943002  68.809331 13.558
 60    39.737 54316.24103403 12.22  85.939022  68.806301 13.558
 60    40.041 54316.24103467  9.59  85.935042  68.803281 13.558
 60    40.205 54316.24103532  7.01  85.931072  68.800251 13.558
 60    39.527 54316.24103596  7.71  85.927092  68.797231 13.558
 60    37.406 54316.24103661  8.64  85.923112  68.794211 13.558
 60    35.416 54316.24103725  9.27  85.919142  68.791181 13.558
 60    36.205 54316.24103790 10.68  85.915166  68.788158 14.090
 60    37.080 54316.24103854 11.66  85.911196  68.785128 14.090
 60    37.784 54316.24103919 13.74  85.907226  68.782108 14.090
 61    38.683 54351.24099941 18.12  85.943214  68.816516 10.976
 61    38.556 54351.24100005 14.94  85.939224  68.813496 10.976
 61    38.775 54351.24100069 12.32  85.935244  68.810466 10.976
 61    37.547 54351.24100134 13.36  85.931274  68.807446 10.976
 61    38.496 54351.24100198  9.61  85.927294  68.804426 10.976
 61    37.251 54351.24100263 10.07  85.923314  68.801396 10.976
 61    35.872 54351.24100327 11.74  85.919334  68.798376 10.976
 61    34.960 54351.24100392 11.64  85.915364  68.795346 10.976
 61    35.786 54351.24100456 11.56  85.911384  68.792326 10.976
 61    36.179 54351.24100521 11.75  85.907413  68.789299 14.551
 61    37.120 54351.24100585 12.57  85.903443  68.786269 14.551
 62    36.850 54386.24097245 20.96  85.949630  68.808371 14.607
 62    37.878 54386.24097310 18.00  85.945650  68.805341 14.607
 62    37.501 54386.24097374 18.03  85.941670  68.802321 14.607
 62    41.501 54386.24097439 15.09  85.937690  68.799301 14.607
 62    41.391 54386.24097503 13.70  85.933710  68.796271 14.607
 62    40.818 54386.24097567 13.98  85.929733  68.793245 13.948
 62    38.319 54386.24097632 14.34  85.925753  68.790225 13.948
 62    34.787 54386.24097696 16.28  85.921783  68.787205 13.948
 62    35.345 54386.24097761 17.68  85.917803  68.784175 13.948
 62    36.116 54386.24097825 18.62  85.913833  68.781155 13.948
 62    36.959 54386.24097890 19.26  85.909863  68.778125 13.948
 63    41.570 54421.24094967  7.17  85.941910  68.814295  3.236
 63    41.264 54421.24095031  6.70  85.937930  68.811275  3.236
 63    40.537 54421.24095095  6.62  85.933950  68.808245  3.236
 63    40.800 54421.24095160  5.84  85.929970  68.805225  3.236
 63    39.363 54421.24095224  5.93  85.926000  68.802205  3.236
 63    39.131 54421.24095289  6.34  85.922020  68.799175  3.236
 63    37.711 54421.24095353  6.74  85.918046  68.796154  5.435
 63    36.473 54421.24095418  7.28  85.914066  68.793124  5.435
 63    35.326 54421.24095482  8.19  85.910096  68.790104  5.435
 63    31.416 54421.24095611 13.97  85.902146  68.784054  5.435
 64    44.695 54456.24094587  5.52  85.954005  68.803804  2.790
 64    44.874 54456.24094651  5.33  85.950025  68.800774  2.790
 64    43.608 54456.24094716  5.13  85.946045  68.797754  2.790
 64    43.742 54456.24094780  4.85  85.942065  68.794734  2.790
 64    42.890 54456.24094845  4.91  85.938087  68.791702  2.548
 64    42.133 54456.24094909  4.89  85.934107  68.788682  2.548
 64    41.644 54456.24094974  4.90  85.930137  68.785652  2.548
 64    40.333 54456.24095038  5.29  85.926157  68.782632  2.548
 64    39.382 54456.24095103  5.22  85.922187  68.779612  2.548
 64    38.257 54456.24095167  5.23  85.918217  68.776582  2.548
 65    42.566 54491.24095092  4.14  85.946295  68.814369  2.386
 65    42.850 54491.24095156  3.49  85.942315  68.811349  2.386
 65    42.026 54491.24095221  2.94  85.938335  68.808329  2.386
 65    40.765 54491.24095285  2.57  85.934355  68.805299  2.386
 65    40.911 54491.24095350  2.94  85.930385  68.802279  2.386
 65    39.574 54491.24095414  2.64  85.926405  68.799249  2.386
 65    38.592 54491.24095479  2.47  85.922425  68.796229  2.386
 65    37.818 54491.24095543  2.60  85.918455  68.793199  2.386
 65    37.088 54491.24095607  2.78  85.914475  68.790179  2.386
 65    36.648 54491.24095672  3.46  85.910505  68.787149  2.386
 65    35.669 54491.24095736  3.86  85.906535  68.784129  2.386
 66    43.919 54526.24095841  2.88  85.950015  68.806289  1.923
 66    44.228 54526.24095905  2.46  85.946035  68.803269  1.923
 66    43.275 54526.24095970  2.56  85.942055  68.800239  1.923
 66    42.876 54526.24096034  2.37  85.938075  68.797219  1.923
 66    42.610 54526.24096099  1.81  85.934095  68.794189  1.923
 66    41.165 54526.24096163  1.84  85.930125  68.791169  1.923
 66    40.422 54526.24096228  2.12  85.926145  68.788149  1.923
 66    39.771 54526.24096292  2.01  85.922175  68.785119  1.923
 66    38.963 54526.24096357  2.12  85.918195  68.782099  1.923
 66    39.198 54526.24096421  2.20  85.914225  68.779069  1.923
 67    41.735 54561.24095934  3.32  85.941653  68.815024  1.896
 67    41.855 54561.24095999  2.79  85.937673  68.811994  1.896
 67    41.578 54561.24096063  2.54  85.933693  68.808974  1.896
 67    41.261 54561.24096127  2.45  85.929713  68.805954  1.896
 67    40.808 54561.24096192  2.39  85.925733  68.802924  1.896
 67    39.411 54561.24096256  2.51  85.921753  68.799904  1.896
 67    39.123 54561.24096321  2.79  85.917783  68.796874  1.896
 67    38.306 54561.24096385  2.88  85.913803  68.793854  1.896
 67    37.991 54561.24096450  2.84  85.909833  68.790824  1.896
 67    38.184 54561.24096514  2.65  85.905863  68.787804  1.896
 67    38.418 54561.24096579  2.99  85.901893  68.784774  1.896
 68    43.642 54596.24095336  3.07  85.947161  68.810863  6.051
 68    43.663 54596.24095401  4.00  85.943181  68.807843  6.051
 68    46.833 54596.24095465  2.13  85.939201  68.804813  6.051
 68    43.454 54596.24095530  2.74  85.935221  68.801793  6.051
 68    41.664 54596.24095594  3.28  85.931241  68.798763  6.051
 68    40.256 54596.24095658  2.10  85.927261  68.795743  6.051
 68    39.518 54596.24095723  2.34  85.923291  68.792713  6.051
 68    37.645 54596.24095787  3.37  85.919311  68.789693  6.051
 68    35.767 54596.24095852  5.94  85.915341  68.786663  6.051
 68    37.495 54596.24095916  2.10  85.911361  68.783643  6.051
 68    36.081 54596.24095981  5.64  85.907391  68.780613  6.051
 69     8.310 54631.24096709 50.34  85.947030  68.811549 32.243
 69     8.750 54631.24096773 53.33  85.943050  68.808519 32.243
 69     8.534 54631.24096838 51.69  85.939070  68.805499 32.243
 69     8.467 54631.24096902 48.57  85.935090  68.802479 32.243
 69     8.297 54631.24096966 51.95  85.931110  68.799449 32.243
 69     8.412 54631.24097031 49.54  85.927130  68.796429 32.243
 69     8.323 54631.24097095 51.46  85.923150  68.793399 32.243
 69     8.421 54631.24097160 52.05  85.919180  68.790379 32.243
 69     8.279 54631.24097224 53.45  85.915210  68.787349 32.243
 69     8.310 54631.24097289 52.91  85.911230  68.784329 32.243
 69     8.384 54631.24097353 51.26  85.907260  68.781299 32.243
 70    36.601 54666.24097357 18.04  85.944390  68.810229  9.068
 70    39.771 54666.24097422 10.68  85.940410  68.807209  9.068
 70    40.170 54666.24097486  8.24  85.936430  68.804179  9.068
 70    40.760 54666.24097551  7.26  85.932450  68.801159  9.068
 70    40.267 54666.24097615  5.87  85.928470  68.798129  9.068
 70    39.649 54666.24097680  6.62  85.924490  68.795109  9.068
 70    39.133 54666.24097744  6.42  85.920520  68.792079  9.068
 70    37.841 54666.24097809  7.07  85.916540  68.789059  9.068
 70    36.311 54666.24097873  8.35  85.912570  68.786039  9.068
 70    37.020 54666.24097938  9.41  85.908590  68.783009  9.068
 71    36.412 54701.24094131 17.43  85.941440  68.815133  9.128
 71    37.400 54701.24094196 14.37  85.937460  68.812103  9.128
 71    37.978 54701.24094260 11.74  85.933480  68.809083  9.128
 71    36.899 54701.24094325 11.09  85.929500  68.806053  9.128
 71    33.638 54701.24094647 14.88  85.909620  68.790933  9.128
 71    35.457 54701.24094711 13.54  85.905650  68.787903  9.128
 71    36.374 54701.24094776 13.29  85.901680  68.784883  9.128
 72    38.222 54736.24093416 15.52  85.949916  68.804397 11.406
 72    41.638 54736.24093481 12.36  85.945936  68.801377 11.406
 72    42.411 54736.24093545 11.12  85.941956  68.798347 11.406
 72    42.361 54736.24093609  9.62  85.937976  68.795327 11.406
 72    41.659 54736.24093674  8.92  85.933996  68.792297 11.406
 72    41.247 54736.24093738  8.67  85.930026  68.789277 11.406
 72    39.133 54736.24093803  9.26  85.926046  68.786247 11.406
 72    37.764 54736.24093867  9.89  85.922076  68.783227 11.406
 72    38.124 54736.24093932 11.01  85.918096  68.780207 11.406
 72    38.273 54736.24093996 13.47  85.914126  68.777177 11.406
 73    36.874 54771.24092256 19.18  85.944301  68.812253 14.764
 73    37.135 54771.24092320 17.49  85.940321  68.809233 14.764
 73    40.325 54771.24092385 13.98  85.936341  68.806213 14.764
 73    39.155 54771.24092449 13.83  85.932361  68.803183 14.764
 73     1.750 54771.24092772 39.65  85.912481  68.788063 14.764
 73     1.382 54771.24092836 41.21  85.908511  68.785033 14.764
 73     1.587 54771.24092901 35.69  85.904541  68.782013 14.764
 74    43.149 54806.24092769 11.24  85.950488  68.805817  2.579
 74    43.220 54806.24092834 11.07  85.946508  68.802797  2.579
 74    42.398 54806.24092898 10.54  85.942528  68.799767  2.579
 74    41.949 54806.24092963 10.23  85.938548  68.796747  2.579
 74    41.668 54806.24093027  9.70  85.934568  68.793717  2.579
 74    41.126 54806.24093092  9.40  85.930598  68.790697  2.579
 74    40.305 54806.24093156  9.60  85.926618  68.787677  2.579
 74    39.195 54806.24093221  9.76  85.922648  68.784647  2.579
 74    38.295 54806.24093285  9.40  85.918668  68.781627  2.579
 74    37.103 54806.24093349  9.73  85.914698  68.778597  2.579
 75    42.613 54841.24091815  6.92  85.947191  68.811774  2.441
 75    42.226 54841.24091879  6.52  85.943211  68.808754  2.441
 75    41.531 54841.24091944  6.68  85.939231  68.805734  2.441
 75    41.028 54841.24092008  6.74  85.935251  68.802704  2.441
 75    40.617 54841.24092073  6.57  85.931281  68.799684  2.441
 75    39.870 54841.24092137  6.38  85.927301  68.796654  2.441
 75    39.124 54841.24092202  5.86  85.923321  68.793634  2.441
 75    38.255 54841.24092266  5.57  85.919351  68.790604  2.441
 75    37.590 54841.24092330  6.25  85.915371  68.787584  2.441
 75    37.046 54841.24092395  5.88  85.911401  68.784554  2.441
 75    35.783 54841.24092459  6.19  85.907431  68.781534  2.441
 76    42.593 54876.24092856  5.92  85.948360  68.808720  2.185
 76    42.239 54876.24092920  5.38  85.944380  68.805700  2.185
 76    41.751 54876.24092984  5.17  85.940400  68.802670  2.185
 76    41.290 54876.24093049  5.02  85.936420  68.799650  2.185
 76    40.408 54876.24093113  4.51  85.932440  68.796620  2.185
 76    39.846 54876.24093178  4.22  85.928470  68.793600  2.185
 76    39.083 54876.24093242  4.12  85.924490  68.790580  2.185
 76    38.546 54876.24093307  3.98  85.920520  68.787550  2.185
 76    37.247 54876.24093371  4.92  85.916540  68.784530  2.185
 76    36.757 54876.24093436  5.02  85.912570  68.781500  2.185
 76    36.473 54876.24093500  4.33  85.908600  68.778480  2.185
 77    41.358 54911.24092286  5.74  85.940954  68.816939  2.176
 77    39.860 54911.24092351  5.16  85.936974  68.813909  2.176
 77    40.101 54911.24092415  5.05  85.932994  68.810889  2.176
 77    39.447 54911.24092480  4.37  85.929014  68.807859  2.176
 77    38.678 54911.24092544  4.29  85.925034  68.804839  2.176
 77    37.854 54911.24092609  4.15  85.921054  68.801819  2.176
 77    36.850 54911.24092673  4.08  85.917084  68.798789  2.176
 77    36.337 54911.24092737  4.17  85.913104  68.795769  2.176
 77    35.962 54911.24092802  4.70  85.909134  68.792739  2.176
 77    35.531 54911.24092866  4.66  85.905164  68.789719  2.176
 77    34.976 54911.24092931  5.86  85.901184  68.786689  2.176
 78    44.949 54946.24092098  0.49  85.950065  68.808759  2.559
 78    42.660 54946.24092163  1.39  85.946085  68.805739  2.559
 78    43.725 54946.24092227  0.17  85.942105  68.802719  2.559
 78    38.809 54946.24092678  0.92  85.914265  68.781549  2.559
 78    37.077 54946.24092743  3.25  85.910295  68.778519  2.559
 79     6.342 54981.24094669 38.94  85.946481  68.811838 26.656
 79     6.282 54981.24094734 25.90  85.942501  68.808818 26.656
 79     6.261 54981.24094798 23.40  85.938521  68.805788 26.656
 79     6.321 54981.24094863 21.39  85.934541  68.802768 26.656
 79     6.626 54981.24094927 26.71  85.930561  68.799738 26.656
 79     6.536 54981.24094992 34.93  85.926581  68.796718 26.656
 79     6.687 54981.24095056 31.40  85.922611  68.793688 26.656
 79     6.402 54981.24095121 27.93  85.918631  68.790668 26.656
 79     6.507 54981.24095185 27.31  85.914661  68.787648 26.656
 79     6.578 54981.24095250 28.71  85.910681  68.784618 26.656
 79     6.577 54981.24095314 41.23  85.906711  68.781598 26.656
 80     2.769 55016.24094851 50.55  85.944074  68.808995 26.772
 80     2.678 55016.24094916 48.73  85.940094  68.805975 26.772
 80     2.506 55016.24094980 50.72  85.936114  68.802945 26.772
 80     2.568 55016.24095044 49.39  85.932144  68.799925 26.772
 80     2.485 55016.24095109 51.44  85.928164  68.796895 26.772
 80     2.377 55016.24095173 54.78  85.924184  68.793875 26.772
 80     2.504 55016.24095238 52.59  85.920214  68.790845 26.772
 80     2.417 55016.24095302 52.73  85.916234  68.787825 26.772
 80     2.398 55016.24095367 53.03  85.912264  68.784795 26.772
 80     2.498 55016.24095431 51.79  85.908294  68.781775 26.772
 81     2.115 55051.24094238 17.43  85.947799  68.812117  8.225
 81     1.385 55051.24094302 17.20  85.943819  68.809097  8.225
 81     0.992 55051.24094366 17.27  85.939839  68.806077  8.225
 81     1.177 55051.24094431 18.65  85.935859  68.803047  8.225
 81     1.154 55051.24094495 29.68  85.931889  68.800027  8.225
 81     1.324 55051.24094560 35.01  85.927909  68.796997  8.225
 81     1.282 55051.24094624 31.27  85.923929  68.793977  8.225
 81     0.987 55051.24094689 21.59  85.919959  68.790947  8.225
 81     0.823 55051.24094753 21.03  85.915979  68.787927  8.225
 81     1.036 55051.24094818 17.15  85.912009  68.784897  8.225
 81     1.432 55051.24094882 17.72  85.908039  68.781877  8.225
 82    38.902 55086.24090686 15.65  85.939468  68.817251 12.661
 82    39.286 55086.24090750 12.37  85.935488  68.814231 12.661
 82    38.374 55086.24090815 11.68  85.931508  68.811201 12.661
 82    39.011 55086.24090879  9.38  85.927528  68.808181 12.661
 82    38.335 55086.24090944  8.31  85.923558  68.805151 12.661
 82    36.704 55086.24091008  8.30  85.919578  68.802131 12.661
 82    35.754 55086.24091072  9.30  85.915603  68.799107  8.269
 82    34.907 55086.24091137 10.27  85.911623  68.796077  8.269
 82    35.753 55086.24091201 10.88  85.907653  68.793057  8.269
 82    36.645 55086.24091266 11.72  85.903683  68.790027  8.269
 82    37.303 55086.24091330 12.86  85.899713  68.787007  8.269
 83    42.684 55121.24087793 15.22  85.948241  68.803888 15.564
 83    41.748 55121.24087857 12.84  85.944261  68.800868 15.564
 83    42.247 55121.24087922 10.53  85.940281  68.797838 15.564
 83    41.350 55121.24087986 10.25  85.936301  68.794818 15.564
 83    40.074 55121.24088051 10.47  85.932321  68.791788 15.564
 83    35.881 55121.24088115 11.96  85.928351  68.788768 15.564
 83    34.723 55121.24088180 12.37  85.924371  68.785748 15.564
 83    35.674 55121.24088244 11.64  85.920401  68.782718 15.564
 83    36.187 55121.24088309 15.37  85.916431  68.779698 15.564
 83    36.812 55121.24088373 21.34  85.912461  68.776668 15.564
 84    41.825 55156.24086718 14.24  85.944830  68.815864  3.503
 84    41.559 55156.24086783 13.53  85.940850  68.812834  3.503
 84    41.399 55156.24086847 12.82  85.936870  68.809814  3.503
 84    40.322 55156.24086912 12.27  85.932890  68.806794  3.503
 84    40.153 55156.24086976 11.58  85.928910  68.803764  3.503
 84    39.511 55156.24087041 11.90  85.924932  68.800737  3.322
 84    38.625 55156.24087105 10.68  85.920962  68.797717  3.322
 84    37.352 55156.24087170 10.70  85.916982  68.794697  3.322
 84    35.942 55156.24087234 10.89  85.913012  68.791667  3.322
 84    34.157 55156.24087299 12.44  85.909032  68.788647  3.322
 84    33.563 55156.24087363 13.11  85.905062  68.785617  3.322
 85    44.240 55191.24086698  9.99  85.950574  68.805281  2.288
 85    43.563 55191.24086762  9.38  85.946594  68.802261  2.288
 85    42.226 55191.24086827  8.87  85.942614  68.799231  2.288
 85    42.153 55191.24086891  8.00  85.938634  68.796211  2.288
 85    41.157 55191.24086956  7.28  85.934654  68.793181  2.288
 85    40.892 55191.24087020  6.76  85.930684  68.790161  2.288
 85    40.221 55191.24087085  6.29  85.926704  68.787141  2.288
 85    38.975 55191.24087149  5.86  85.922724  68.784111  2.288
 85    38.392 55191.24087214  5.73  85.918754  68.781091  2.288
 85    36.788 55191.24087278  5.58  85.914784  68.778061  2.288
 86    40.498 55226.24086807  7.81  85.944019  68.814114  2.422
 86    40.569 55226.24086872  7.03  85.940039  68.811084  2.422
 86    40.558 55226.24086936  6.46  85.936059  68.808064  2.422
 86    39.469 55226.24087001  6.25  85.932079  68.805034  2.422
 86    39.599 55226.24087065  5.94  85.928100  68.802018  2.239
 86    39.120 55226.24087130  5.77  85.924120  68.798988  2.239
 86    38.358 55226.24087194  5.69  85.920150  68.795968  2.239
 86    36.978 55226.24087259  5.26  85.916170  68.792938  2.239
 86    35.639 55226.24087323  6.85  85.912200  68.789918  2.239
 86    35.231 55226.24087388  6.82  85.908230  68.786888  2.239
 86    34.997 55226.24087452  7.33  85.904250  68.783868  2.239
 87    41.886 55261.24086197  7.01  85.948837  68.810108  2.561
 87    41.552 55261.24086262  6.50  85.944857  68.807088  2.561
 87    40.998 55261.24086326  5.97  85.940877  68.804058  1.971
 87    40.374 55261.24086391  6.16  85.936897  68.801038  1.971
 87    39.408 55261.24086455  5.52  85.932917  68.798008  1.971
 87    40.127 55261.24086520  5.36  85.928947  68.794988  1.971
 87    39.583 55261.24086584  4.43  85.924967  68.791958  1.971
 87    39.107 55261.24086649  3.72  85.920997  68.788938  1.971
 87    37.817 55261.24086713  3.95  85.917017  68.785918  1.971
 87    37.310 55261.24086778  3.68  85.913047  68.782888  1.971
 87    36.696 55261.24086842  3.74  85.909077  68.779868  1.971
 88    39.775 55296.24085318  7.40  85.940239  68.814260  2.371
 88    39.561 55296.24085382  6.76  85.936259  68.811230  2.371
 88    39.111 55296.24085447  6.29  85.932279  68.808210  2.371
 88    38.484 55296.24085511  6.21  85.928299  68.805180  2.371
 88    37.978 55296.24085575  6.03  85.924319  68.802160  2.371
 88    37.125 55296.24085640  5.28  85.920349  68.799137  2.132
 88    35.739 55296.24085704  5.46  85.916369  68.796107  2.132
 88    35.409 55296.24085769  5.53  85.912399  68.793087  2.132
 88    36.235 55296.24085833  5.00  85.908419  68.790057  2.132
 88    36.311 55296.24085898  4.47  85.904449  68.787037  2.132
 88    35.510 55296.24085962  5.50  85.900479  68.784007  2.132
 89    23.252 55331.24084485  8.75  85.928586  68.798981 12.956
 89    32.792 55331.24084549  7.49  85.924616  68.795961 12.956
 89    38.881 55331.24084614  0.74  85.920636  68.792931 12.956
 90    38.877 55366.24083513 18.86  85.944340  68.813011  8.468
 90    38.719 55366.24083578 14.69  85.940360  68.809991  8.468
 90    39.219 55366.24083642 12.76  85.936380  68.806971  8.468
 90    38.270 55366.24083706 10.05  85.932400  68.803941  8.468
 90    39.371 55366.24083771  9.11  85.928425  68.800924 10.025
 90    39.385 55366.24083835  9.42  85.924445  68.797894 10.025
 90    34.557 55366.24083900 11.11  85.920475  68.794874 10.025
 90    35.732 55366.24083964 11.17  85.916495  68.791844 10.025
 90    36.774 55366.24084029 11.41  85.912525  68.788824 10.025
 90    37.802 55366.24084093 12.77  85.908555  68.785794 10.025
 90    38.419 55366.24084158 14.50  85.904575  68.782774 10.025
 91    38.178 55401.24084924 14.37  85.949852  68.805230 17.804
 91    37.877 55401.24084989 14.29  85.945877  68.802201 11.702
 91    41.909 55401.24085053 11.60  85.941897  68.799181 11.702
 91    42.227 55401.24085118  8.81  85.937917  68.796151 11.702
 91    41.766 55401.24085182  8.67  85.933937  68.793131 11.702
 91    40.865 55401.24085247  8.74  85.929957  68.790101 11.702
 91    40.301 55401.24085311  8.71  85.925987  68.787081 11.702
 91    37.560 55401.24085376  9.61  85.922007  68.784061 11.702
 91    38.356 55401.24085440 10.38  85.918037  68.781031 11.702
 91    38.607 55401.24085505 12.37  85.914067  68.778011 11.702
 92    38.576 55436.24085251 18.04  85.945052  68.811204 11.991
 92    38.516 55436.24085315 12.93  85.941072  68.808174 11.991
 92    40.203 55436.24085380  9.44  85.937092  68.805154 11.991
 92    41.035 55436.24085444  8.40  85.933112  68.802134 11.991
 92    39.986 55436.24085509  7.70  85.929142  68.799104 11.991
 92    39.519 55436.24085573  8.16  85.925162  68.796084 11.991
 92    38.347 55436.24085638  8.66  85.921182  68.793054 11.991
 92    36.554 55436.24085702  9.27  85.917212  68.790034 11.991
 92    36.957 55436.24085767  9.53  85.913242  68.787004 11.991
 92    37.599 55436.24085831 11.11  85.909262  68.783984 11.991
 93    38.385 55471.24080314 17.02  85.941431  68.818797 11.828
 93    37.803 55471.24080378 16.60  85.937451  68.815767 11.828
 93    38.005 55471.24080443 13.56  85.933471  68.812747 11.828
 93    37.576 55471.24080507 11.26  85.929491  68.809717 11.828
 93    38.110 55471.24080572  8.73  85.925511  68.806697 11.828
 93    37.885 55471.24080636  8.00  85.921531  68.803677 11.828
 93    35.387 55471.24080701  9.10  85.917561  68.800647 11.828
 93    34.508 55471.24080765  9.64  85.913581  68.797627 11.828
 93    34.892 55471.24080830  9.97  85.909611  68.794597 11.828
 93    35.811 55471.24080894 10.08  85.905631  68.791577 11.828
