# NaN NaN NaN ;Mean Elev.(m), Avg Gradient(m/km), RMS Gradient(m/km) - SRTM1     
#   38.507 -17.113  19.492 ;Mean Elev.(m), Avg Gradient(m/km), RMS Gradient(m/km) - ASTER GDEM
#   61.793  -8.452  15.694 ;Mean Elev.(m), Avg Gradient(m/km), RMS Gradient(m/km) - GMTED2010 
  8  90.940982  59.529377    58.268    57.083  4 52485.20499647 15.413
  9  90.939993  59.531728    61.452    61.121  4 52520.20496046 24.872
 11  90.941512  59.529424    53.038    53.080  5 52590.20499999 40.681
 12  90.942895  59.530043    56.366    56.420  4 52625.20493181 16.529
 13  90.944369  59.527027    56.572    56.583  5 52660.20496640 11.719
 14  90.954089  59.520809    56.770    56.525  4 52695.20494714 11.674
 15  90.947400  59.524968    60.700    60.231  5 52730.20497776 11.524
 17  90.954462  59.520994    60.332    61.962  4 52800.20497861 25.812
 18  90.952863  59.521938    54.104    53.952  5 52835.20504647 42.450
 19  90.949543  59.524374    57.553    54.199  5 52870.20508762 17.407
 22  90.947195  59.525017    55.428    55.446  5 52975.20506772 14.526
 23  90.940474  59.530309    58.995    59.033  4 53010.20507163  9.996
 24  90.949084  59.524652    58.599    58.618  4 53045.20503423  9.710
 25  90.937857  59.530015    59.178    58.938  4 53080.20506769 12.488
 26  90.947309  59.526485    67.026    67.738  4 53115.20503845  2.977
 27  90.942414  59.528514    62.899    62.911  4 53150.20508493 23.145
 28  90.951484  59.523635    55.475    55.616  5 53185.20507647 37.039
 29  90.942843  59.528298    59.051    58.977  5 53220.20510156 12.149
 30  90.934668  59.533761    55.696    54.166  4 53255.20507767 25.550
 31  90.946851  59.527105    66.515    65.257  4 53290.20508783 14.343
 32  90.947418  59.526850    53.335    53.397  5 53325.20506299 33.154
 34  90.949610  59.524912    57.855    57.967  5 53395.20504160 10.605
 35  90.941623  59.528647    58.971    59.024  4 53430.20503407  9.720
 36  90.952123  59.522530    57.473    57.443  4 53465.20506207  6.136
 37  90.940051  59.529920    61.165    60.887  5 53500.20512267 27.423
 39  90.938808  59.531061    57.227    55.643  4 53570.20512126 27.102
 40  90.936434  59.530182    54.675    54.655  4 53605.20506873 30.852
 41  90.949059  59.524885    68.320    68.122  5 53640.20506868 10.647
 42  90.941733  59.529405    54.082    54.143  5 53675.20508798 35.059
 43  90.941012  59.528995    53.114    53.137  4 53710.20501824 35.682
 45  90.947979  59.525334    63.647    59.322  4 53780.20495920 11.699
 46  90.936469  59.532129    56.745    56.797  4 53815.20492859 11.699
 47  90.948161  59.526426    64.858    65.690  5 53850.20499359  7.209
 49  90.937676  59.529359    57.431    55.359  4 53920.20507257 27.110
 50  90.936932  59.531399    55.841    55.841  2 53955.20507126 27.017
 51  90.939965  59.531499    60.489    60.668  4 53990.20498954 24.410
 52  90.951621  59.523617    55.050    54.267  4 54025.20505562 17.823
 53  90.949063  59.524225    53.881    53.955  5 54060.20504889 42.872
 54  90.937635  59.531545    60.926    60.667  4 54095.20502335 26.836
 55  90.953470  59.522233    59.548    59.505  5 54130.20496882 10.470
 56  90.940665  59.530044    61.337    61.418  5 54165.20499487  9.832
 57  90.950186  59.524855    60.403    60.468  5 54200.20497145 14.353
 58  90.946824  59.524015    58.272    58.341  4 54235.20500994 41.560
 60  90.946328  59.527628    60.092    59.560  5 54305.20503260 17.740
 62  90.948301  59.525503    57.881    57.938  4 54375.20496714 29.653
 63  90.943124  59.527647    53.861    53.884  4 54410.20496195 25.014
 64  90.952913  59.522991    53.599    53.583  5 54445.20493061 36.425
 65  90.945231  59.526261    57.302    57.356  4 54480.20495298 10.803
 66  90.952985  59.523393    58.062    58.019  5 54515.20494502 11.901
 67  90.940855  59.529964    57.516    57.621  5 54550.20496558 11.739
 68  90.947112  59.526193    58.079    58.052  4 54585.20494009 27.705
 69  90.945763  59.528014    62.895    62.882  5 54620.20495939 23.001
 71  90.940586  59.527253    59.411    59.480  4 54690.20495652 12.288
 72  90.951857  59.523174    66.707    66.326  4 54725.20492083 16.346
 73  90.944375  59.530421    55.052    55.082  4 54760.20493257 34.777
 74  90.952024  59.522772    53.009    53.025  4 54795.20491441 32.461
 76  90.952034  59.524450    59.429    59.353  5 54865.20490886  8.563
 78  90.949021  59.526006    63.239    63.297  5 54935.20490052 10.557
 79  90.949411  59.531302    69.621    69.621  2 54970.20493251 24.677
 80  90.942424  59.527987    56.470    56.371  4 55005.20495317 25.610
 81  90.945740  59.527761    56.861    56.923  4 55040.20494065 11.540
 83  90.948820  59.523699    66.528    65.657  5 55110.20487398 13.372
 84  90.942068  59.528540    53.862    53.890  4 55145.20487631 39.252
 85  90.953025  59.522414    58.823    58.880  4 55180.20485007  7.169
 86  90.943794  59.529379    59.717    59.752  4 55215.20487063  7.616
 87  90.950207  59.522997    60.508    60.694  5 55250.20484741  6.629
 88  90.938422  59.527354    60.147    60.147  2 55285.20486480 10.598
 89  90.942988  59.528070    63.338    61.494  4 55320.20483708 24.415
 91  90.949065  59.525659    59.642    57.590  5 55390.20483827 38.959
