# NaN NaN NaN ;Mean Elev.(m), Avg Gradient(m/km), RMS Gradient(m/km) - SRTM1     
#   -9.507  -0.655  12.827 ;Mean Elev.(m), Avg Gradient(m/km), RMS Gradient(m/km) - ASTER GDEM
#    2.119  -0.176  10.629 ;Mean Elev.(m), Avg Gradient(m/km), RMS Gradient(m/km) - GMTED2010 
  7  86.445733  66.700327     2.871     2.833  9 52472.62020043 36.142
  8  86.450100  66.703888     1.615     1.311  8 52507.62017396 27.174
  9  86.443108  66.699305   330.927   330.085  9 52542.62015584 16.923
 10  86.444487  66.697653     2.006     3.131  9 52577.62020639 33.245
 11  86.449779  66.704278     5.395     3.244  8 52612.62017162 17.506
 12  86.444574  66.700178     6.008     4.656  8 52647.62015490 15.851
 13  86.457905  66.705624     6.865     5.596  8 52682.62012816 12.456
 14  86.444573  66.697197     6.094     6.214 10 52717.62018489 12.620
 15  86.446560  66.700849     5.658     5.950  8 52752.62021055 12.949
 16  86.435644  66.694014    18.874    17.272  9 52787.62015516 20.427
 17  86.438689  66.697766     6.858     4.065 10 52822.62022789 18.780
 18  86.442520  66.700057     2.651     2.280  8 52857.62027506 19.440
 19  86.444610  66.700212     1.558     1.409  9 52892.62030699 27.878
 20  86.456287  66.705111     6.894     7.234  8 52927.62025899 18.790
 21  86.446277  66.695986     0.660     0.634 10 52962.62023066 23.706
 22  86.443248  66.700888     4.484     3.622  8 52997.62027232 17.213
 23  86.463218  66.698050     3.419     1.879  8 53032.62022825 16.897
 24  86.446947  66.700447     5.332     3.966  9 53067.62024074 15.522
 25  86.463137  66.699077     3.235     2.238  8 53102.62023144 14.933
 26  86.445011  66.700819     1.559     1.407  9 53137.62024419 12.156
 27  86.442283  66.700232    13.913    13.925  7 53172.62028993 30.078
 28  86.447459  66.701202     3.420     3.483  7 53207.62030486 25.142
 29  86.456069  66.702647     2.239     2.202  7 53242.62027251 26.227
 30  86.435947  66.695615     4.303     3.557 10 53277.62024606 24.452
 31  86.443374  66.700069     2.903     2.767  8 53312.62027999 27.477
 32  86.457953  66.697217     3.055     3.112  8 53347.62024482 13.083
 33  86.438747  66.696207     4.768     3.720 10 53382.62021040 11.095
 34  86.452635  66.704096     5.777     4.170  8 53417.62022514 13.194
 35  86.436053  66.695379     4.499     3.781  9 53452.62022539 10.770
 36  86.442276  66.695848     2.935     2.845 10 53487.62031061 10.444
 37  86.454957  66.697129    16.929    17.012  8 53522.62030082 36.762
 38  86.444123  66.699953     3.390     3.334  8 53557.62032691 50.332
 39  86.468744  66.698922     3.183     2.022  8 53592.62026303 22.581
 40  86.427315  66.695991     2.664     1.972  9 53627.62025438 16.690
 41  86.446012  66.696102     3.744     3.496 10 53662.62027888 26.810
 42  86.458917  66.698106     2.681     2.531  8 53697.62024320 24.593
 43  86.468666  66.700250     4.560     3.914  8 53732.62016588 15.383
 44  86.448191  66.700791     5.497     3.979  9 53767.62014350 15.890
 45  86.458182  66.705537     6.434     4.654  8 53802.62014339 13.904
 46  86.437061  66.696495     5.980     6.239 10 53837.62015513 12.928
 47  86.444432  66.700633     1.871     1.803  8 53872.62020733 35.933
 48  86.442727  66.697637     9.969     9.986 10 53907.62024805 26.948
 49  86.443248  66.696893     3.578     2.711 10 53942.62027409 19.478
 50  86.460528  66.698438     1.746     1.778  8 53977.62022653 45.846
 51  86.436776  66.695918     3.952     4.056 10 54012.62023407 20.505
 52  86.449995  66.702914     3.961     2.616  7 54047.62024513 16.574
 54  86.468470  66.699705     6.157     5.178  8 54117.62016793 12.739
 55  86.445987  66.701518     6.989     5.812  8 54152.62019062  9.783
 56  86.465084  66.699586     6.798     5.824  8 54187.62016160 11.671
 57  86.445848  66.696191     3.409     3.432 10 54222.62019959 22.423
 58  86.448614  66.700770    12.415    12.759  9 54257.62022254 21.825
 59  86.446860  66.702831     7.037     6.651  7 54292.62022525 13.166
 60  86.451740  66.703783     2.642     2.711  8 54327.62022121 21.640
 61  86.461541  66.704838     3.985     3.988  9 54362.62017032 45.975
 62  86.447519  66.700324     3.107     2.891  9 54397.62016047 42.567
 63  86.464482  66.698723     1.016     1.018  8 54432.62011875 26.043
 64  86.443625  66.700002     1.306     1.330  8 54467.62014233 22.898
 65  86.461185  66.698112     2.506     2.570  8 54502.62013402 19.329
 66  86.451417  66.700970     4.746     3.849  9 54537.62015784 16.325
 67  86.458677  66.704296     8.082     7.180  9 54572.62013672 10.734
 68  86.446611  66.701569    15.960    15.859  8 54607.62015156 38.966
 69  86.447837  66.703935     8.092     7.856  8 54642.62016053 48.250
 70  86.447212  66.701088     3.534     3.493  8 54677.62016196 48.267
 71  86.466833  66.699101     2.494     2.455  8 54712.62011480 45.423
 72  86.443910  66.700535     2.559     2.574  8 54747.62013066 51.669
 73  86.458338  66.697841     2.471     2.624  8 54782.62010109 29.386
 74  86.443292  66.701271     1.654     1.574  8 54817.62012359 21.420
 75  86.459406  66.698206     6.143     6.206  8 54852.62009866 13.778
 76  86.447087  66.700262     5.858     4.066  8 54887.62012763 13.063
 77  86.459914  66.705243     6.461     4.756  8 54922.62010028 12.564
 78  86.443184  66.699304     2.498     2.431  9 54957.62012436 21.449
 79  86.448239  66.698884    13.700    14.085  7 54992.62014680 20.359
 80  86.456612  66.697878     3.036     3.014  8 55027.62013680 21.215
 81  86.451310  66.700673     1.582     1.589  9 55062.62013008 48.869
 82  86.461415  66.705035     6.967     5.216  9 55097.62007800 16.899
 83  86.444179  66.701074     2.490     2.225  8 55132.62007364 41.920
 84  86.454618  66.703716     5.886     6.015  8 55167.62004021 18.823
 85  86.444721  66.700297     5.263     3.542  8 55202.62006598 15.296
 86  86.455573  66.703982     5.914     4.568  8 55237.62004753 13.621
 87  86.448725  66.702505     4.179     4.466  7 55272.62006031 13.829
 88  86.478205  66.688711     4.352     1.674  3 55307.62002672  6.307
 89  86.446953  66.703201     9.389     9.367  8 55342.62003003 34.696
 90  86.454956  66.701591     6.049     6.059  9 55377.62002334 51.963
 91  86.444426  66.700729     3.881     3.969  9 55412.62004749 15.819
 92  86.457944  66.697424     3.859     3.864  8 55447.62003689 48.494
 93  86.470756  66.700033     4.848     5.246  8 55482.61996648 22.415
