-127593.727    61.862     0.00    5.29
-127227.461    63.886     5.53    6.74
-126861.286    66.720     7.74    8.84
-126495.203    68.708     5.43    7.82
-126129.210    72.059     9.16    8.16
-125763.307    73.878     4.97    8.75
-125397.496    74.233     0.97    8.93
-125031.775    76.608     6.49    7.55
-124666.145    80.080     9.49    7.74
-124300.606    85.559    14.99   10.45
-123935.156    91.161    15.33    9.95
-123569.798    96.018    13.29    7.68
-123204.529    99.237     8.82    5.34
-122839.351    99.836     1.64    4.57
-122474.263    97.237    -7.12    6.86
-122109.265    93.008   -11.59    9.62
-121744.357    89.918    -8.47    8.82
-121379.540    90.359     1.21    8.37
-121014.812    94.967    12.63   11.64
-120650.174   101.807    18.76    9.77
-120285.625   108.051    17.13    6.83
-119921.167   110.402     6.45    5.25
-119556.798   109.590    -2.23    7.09
-119192.519   107.218    -6.51    8.36
-118828.329   105.658    -4.28    8.04
-118464.229   105.588    -0.19    7.78
-118100.218   104.817    -2.12    8.57
-117736.296   103.427    -3.82    8.44
-117372.464   102.229    -3.29    8.94
-117008.721    96.381   -16.08   12.07
-116645.067    91.964   -12.15   12.21
-116264.950    88.297    -9.65   10.91
-115882.413    85.759    -6.63   11.54
-115499.977    86.126     0.96   12.86
-115117.643    87.539     3.70   12.47
-114735.410    91.754    11.03   12.07
-114353.278    96.492    12.40    9.67
-113971.247    97.930     3.77    8.78
-113589.318    95.078    -7.47    9.22
-113207.489    92.372    -7.09    8.21
-112825.761    88.925    -9.03    8.02
-112444.134    85.336    -9.40    7.87
-112062.608    81.227   -10.77    7.05
-111681.182    78.829    -6.29    4.87
-111299.857    77.157    -4.39    4.75
-110918.633    75.034    -5.57    6.35
-110537.509    70.615   -11.60    7.48
-110156.485    68.025    -6.80    7.09
-109775.562    67.198    -2.17    6.92
-109394.738    66.144    -2.77    5.76
-109014.015    66.188     0.11    5.75
-108633.392    67.101     2.40    6.05
-108252.869    68.626     4.01    6.47
-107872.446    68.873     0.65    7.44
-107492.122    67.128    -4.59    7.93
-107111.899    65.102    -5.33    7.03
-106731.775    62.533    -6.76    4.80
-106351.750    63.183     1.71    4.30
-105971.825    62.849    -0.88    5.26
-105591.999    60.073    -7.31    6.45
-105212.273    60.008    -0.17    6.34
-104832.646    60.150     0.37    6.79
-104453.118    61.026     2.31    5.63
-104073.690    62.397     3.61    3.22
-103694.360    62.287    -0.29    3.16
-103315.129    61.390    -2.37    4.04
-102935.997    59.291    -5.54    4.83
-102556.964    56.941    -6.20    4.72
-102178.030    55.982    -2.53    4.37
-101799.194    57.109     2.98    5.86
-101420.457    58.838     4.56    6.29
-101041.818    60.729     5.00    6.29
-100663.278    61.769     2.75    5.72
-100284.836    64.357     6.84    3.86
 -99906.492    65.508     3.04    3.97
 -99528.247    65.661     0.40    4.48
 -99150.100    66.263     1.59    4.25
 -98772.050    66.302     0.10    3.80
 -98394.099    67.043     1.96    3.60
 -98016.245    68.831     4.73    4.38
 -97638.490    71.557     7.22    4.52
 -97260.832    73.703     5.69    3.59
 -96883.272    74.582     2.33    2.45
 -96505.809    75.653     2.84    3.21
 -96128.444    77.053     3.71    4.03
 -95751.176    78.145     2.90    3.71
 -95374.006    78.052    -0.25    3.50
 -94996.933    76.763    -3.42    3.51
 -94619.957    75.958    -2.14    3.06
 -94243.078    75.755    -0.54    2.98
 -93866.296    76.769     2.69    3.56
 -93489.611    78.070     3.45    3.56
 -93113.024    80.237     5.76    4.55
 -92736.533    83.207     7.89    4.50
 -92360.138    85.149     5.16    3.31
 -91983.841    85.632     1.28    2.92
 -91607.640    85.652     0.05    3.77
 -91231.536    84.726    -2.46    3.79
 -90855.528    85.940     3.23    4.99
 -90479.616    89.915    10.57    7.29
 -90103.801    95.229    14.14   10.29
 -89728.082   102.817    20.20   12.16
 -89352.459   111.441    22.96   13.66
 -88976.933   119.191    20.64   15.13
 -88601.502   124.807    14.96   14.50
 -88226.167   128.575    10.04   12.66
 -87850.929   130.784     5.89   10.52
 -87475.786   134.940    11.08    8.77
 -87100.738   137.027     5.56    6.91
 -86725.787   136.347    -1.81    6.58
 -86350.931   132.545   -10.15    8.29
 -85976.170   125.712   -18.23    8.79
 -85601.505   120.351   -14.31    7.29
 -85226.935   115.602   -12.68    6.58
 -84852.461   112.359    -8.66    6.63
 -84478.082   109.602    -7.36    5.27
 -84103.798   106.923    -7.16    5.55
 -83729.609   103.713    -8.58    6.25
 -83355.515   101.405    -6.17    4.81
 -82981.516   101.521     0.31    4.54
 -82607.612   103.061     4.12    5.40
 -82233.803   105.043     5.30    5.14
 -81860.088   104.495    -1.47    6.72
 -81486.468   100.491   -10.72    8.29
 -81112.943    95.752   -12.69    7.66
 -80739.512    91.783   -10.63    3.36
 -80366.175    91.824     0.11    3.91
 -79992.933    93.255     3.83    4.01
 -79619.786    93.214    -0.11    5.46
 -79246.732    94.591     3.69    6.69
 -78873.773    95.130     1.45    6.95
 -78500.907    97.000     5.01    6.03
 -78128.136   100.000     8.05    5.65
 -77755.459   102.144     5.75    5.58
 -77382.875   103.684     4.13    4.96
 -77010.385   105.552     5.01    3.79
 -76637.989   106.051     1.34    3.15
 -76265.687   106.929     2.36    3.15
 -75893.478   109.932     8.07    4.75
 -75521.363   112.982     8.20    6.05
 -75149.342   116.345     9.04    5.73
 -74777.413   119.474     8.41    5.55
 -74405.578   121.699     5.98    6.66
 -74033.836   124.085     6.42    5.88
 -73662.188   123.864    -0.60    5.33
 -73290.632   120.881    -8.03    6.91
 -72919.170   115.781   -13.73    7.76
 -72547.800   108.301   -20.14    7.98
 -72176.523   102.368   -15.98    7.99
 -71805.339    98.211   -11.20    5.37
 -71434.248    98.190    -0.06    5.15
 -71063.250    98.957     2.07    5.62
 -70692.344   100.302     3.63    4.35
 -70321.531   101.043     2.00    3.38
 -69950.810   102.826     4.81    5.53
 -69580.182   107.427    12.42    7.55
 -69209.645   112.296    13.14    6.88
 -68839.202   115.374     8.31    5.74
 -68468.850   114.658    -1.93    6.95
 -68098.591   112.145    -6.79    7.26
 -67728.423   109.479    -7.20    5.69
 -67358.348   108.939    -1.46    4.61
 -66988.364   110.372     3.87    5.30
 -66618.473   113.479     8.40    6.95
 -66248.673   117.853    11.83    6.69
 -65878.965   122.496    12.56    5.80
 -65509.348   125.783     8.89    5.28
 -65139.823   129.560    10.22    4.67
 -64770.390   132.829     8.85    5.00
 -64401.048   135.073     6.08    4.52
 -64031.798   137.600     6.84    3.26
 -63662.638   139.293     4.59    2.88
 -63293.570   140.504     3.28    3.03
 -62924.594   141.786     3.47    3.27
 -62555.708   140.703    -2.94    4.48
 -62186.913   135.852   -13.15    7.93
 -61818.210   130.817   -13.66    8.49
 -61449.597   124.670   -16.68    7.18
 -61081.075   119.035   -15.29    8.72
 -60712.644   112.541   -17.63   10.49
 -60344.303   106.078   -17.55    8.83
 -59976.054   101.086   -13.55    6.93
 -59607.894    98.309    -7.54    7.12
 -59239.826    96.224    -5.66    7.24
 -58871.848    92.133   -11.12    7.52
 -58503.960    82.781   -25.42   12.20
 -58136.162    70.593   -33.14   17.41
 -57768.455    58.427   -33.09   16.33
 -57400.838    49.188   -25.13   10.98
 -57033.311    42.974   -16.91    6.90
 -56665.874    40.115    -7.78    5.71
 -56298.527    41.291     3.20    7.72
 -55931.270    47.431    16.72   13.19
 -55564.102    58.217    29.38   14.93
 -55197.025    68.553    28.16   12.07
 -54830.037    76.670    22.12    8.11
 -54463.139    80.966    11.71    5.73
 -54096.331    83.607     7.20    3.66
 -53729.612    84.617     2.75    2.38
 -53362.982    84.754     0.37    1.78
 -52996.442    85.294     1.47    2.76
 -52629.991    86.650     3.70    3.18
 -52263.630    87.991     3.66    2.59
 -51897.357    90.860     7.83    3.77
 -51531.174    92.543     4.60    4.22
 -51165.080    94.367     4.98    3.44
 -50799.075    94.130    -0.65    3.94
 -50433.158    92.772    -3.71    5.31
 -50067.331    90.468    -6.30    5.69
 -49701.592    88.492    -5.41    5.71
 -49335.943    87.354    -3.11    4.76
 -48970.381    87.442     0.24    5.37
 -48604.909    86.905    -1.47    6.48
 -48239.525    86.545    -0.98    7.54
 -47874.229    87.319     2.12    8.32
 -47509.022    88.086     2.10    7.54
 -47143.904    89.673     4.34    6.07
 -46778.873    90.696     2.80    5.39
 -46413.931    91.180     1.33    6.09
 -46049.077    91.261     0.22    7.56
 -45684.311    89.435    -5.01    8.57
 -45319.633    87.505    -5.29    8.42
 -44955.043    85.270    -6.13    8.05
 -44590.541    82.456    -7.72    9.09
 -44226.127    78.123   -11.89   11.92
 -43861.800    73.130   -13.70   11.12
 -43497.562    70.144    -8.20    9.77
 -43133.410    71.465     3.63   10.54
 -42769.347    75.565    11.26   10.42
 -42405.371    80.101    12.46    9.76
 -42041.483    85.209    14.04    9.22
 -41668.209    86.965     4.70    7.69
 -41285.833    84.096    -7.50    9.83
 -40903.556    75.605   -22.21   13.33
 -40521.378    66.518   -23.78   10.89
 -40139.299    62.130   -11.48    6.37
 -39757.319    63.107     2.56    8.07
 -39375.438    68.243    13.45   12.86
 -38993.656    74.267    15.78   14.62
 -38611.972    79.061    12.56   13.07
 -38230.387    81.855     7.32   10.61
 -37848.900    81.600    -0.67    7.99
 -37467.512    80.784    -2.14    5.75
 -37086.222    80.035    -1.96    4.25
 -36705.031    77.938    -5.50    5.72
 -36323.937    73.360   -12.01    8.40
 -35942.942    67.435   -15.55   10.44
 -35562.045    56.717   -28.14   13.32
 -35181.246    47.191   -25.02   12.97
 -34800.544    37.121   -26.45   10.23
 -34419.941    29.914   -18.94   10.51
 -34039.435    26.109   -10.00   12.25
 -33659.027    22.009   -10.78   12.29
 -33278.717    21.586    -1.11   10.74
 -32898.504    23.913     6.12   10.71
 -32518.388    30.027    16.08   12.86
 -32138.370    41.558    30.34   11.79
 -31758.449    46.748    13.66   10.09
 -31378.626    46.796     0.13    9.81
 -30998.900    43.202    -9.47   10.97
 -30619.270    37.857   -14.08   10.45
 -30239.738    34.339    -9.27   10.10
 -29860.303    32.881    -3.84    8.97
 -29480.964    32.870    -0.03    6.66
 -29101.723    34.273     3.70    6.11
 -28722.578    37.325     8.05    5.43
 -28343.530    39.113     4.72    3.81
 -27964.578    39.345     0.61    3.30
 -27585.723    38.670    -1.78    3.11
 -27206.964    37.414    -3.31    3.37
 -26828.302    35.233    -5.76    5.02
 -26449.735    32.692    -6.71    5.66
 -26071.266    29.957    -7.23    4.70
 -25692.892    26.955    -7.93    4.31
 -25314.614    25.409    -4.09    4.21
 -24936.432    24.143    -3.35    5.34
 -24558.347    22.504    -4.33    7.29
 -24180.357    21.348    -3.06    8.86
 -23802.463    17.387   -10.48   10.65
 -23424.664    11.684   -15.10   10.34
 -23046.961     6.296   -14.27    8.52
 -22669.354     1.895   -11.66    4.03
 -22291.842     0.297    -4.23    0.84
 -21914.426     0.035    -0.69    0.23
 -21537.105     0.000    -0.09    0.00
 -21159.880     0.000     0.00    0.00
 -20782.749     0.000     0.00    0.00
 -20405.714     0.000     0.00    0.00
 -20028.773     0.000     0.00    0.00
 -19651.928     0.000     0.00    0.00
 -19275.178     0.000     0.00    0.00
 -18898.522     0.000     0.00    0.00
 -18521.961     0.000     0.00    0.00
 -18145.495     0.000     0.00    0.00
 -17769.124     0.009     0.02    0.10
 -17392.847     0.565     1.48    1.28
 -17016.665     1.202     1.69    1.53
 -16640.577     1.553     0.93    1.44
 -16264.583     1.791     0.63    1.36
 -15888.684     1.579    -0.56    1.21
 -15512.879     1.228    -0.93    1.08
 -15137.168     1.286     0.15    1.13
 -14761.551     1.530     0.65    1.27
 -14386.028     1.660     0.35    1.34
 -14010.599     1.339    -0.86    1.44
 -13635.264     0.872    -1.25    1.38
 -13260.023     0.351    -1.39    0.95
 -12884.875     0.036    -0.84    0.27
 -12509.822     0.000    -0.10    0.00
 -12134.861     0.000     0.00    0.00
 -11759.994     0.000     0.00    0.00
 -11385.221     0.000     0.00    0.00
 -11010.541     0.000     0.00    0.00
 -10635.955     0.000     0.00    0.00
 -10261.461     0.000     0.00    0.00
  -9887.061     0.000     0.00    0.00
  -9512.754     0.000     0.00    0.00
  -9138.540     0.000     0.00    0.00
  -8764.419     0.000     0.00    0.00
  -8390.390     0.000     0.00    0.00
  -8016.455     0.000     0.00    0.00
  -7642.612     0.000     0.00    0.00
  -7268.862     0.000     0.00    0.00
  -6895.205     0.000     0.00    0.00
  -6521.640     0.000     0.00    0.00
  -6148.168     0.000     0.00    0.00
  -5774.788     0.000     0.00    0.00
  -5401.500     0.000     0.00    0.00
  -5028.305     0.063     0.17    0.31
  -4655.202     0.500     1.17    1.01
  -4282.191     0.929     1.15    1.24
  -3909.272     1.321     1.05    1.35
  -3536.445     1.600     0.75    1.38
  -3163.711     1.426    -0.47    1.40
  -2791.068     1.044    -1.03    1.33
  -2418.516     0.549    -1.33    1.06
  -2046.057     0.198    -0.94    0.64
  -1673.689     0.009    -0.51    0.09
  -1301.413     0.000    -0.02    0.00
   -929.228     0.000     0.00    0.00
   -557.135     0.000     0.00    0.00
   -185.133     0.000     0.00    0.00
    186.777     0.000     0.00    0.00
    558.596     0.000     0.00    0.00
    930.324     0.000     0.00    0.00
   1301.961     0.000     0.00    0.00
   1673.507     0.000     0.00    0.00
   2044.962     0.000     0.00    0.00
   2416.325     0.000     0.00    0.00
   2787.598     0.053     0.14    0.29
   3158.780     0.415     0.98    0.97
   3529.872     1.395     2.64    1.66
   3900.873     2.090     1.87    1.71
   4271.783     2.761     1.81    1.58
   4642.602     2.726    -0.10    1.63
   5013.331     2.410    -0.85    1.65
   5383.970     2.375    -0.09    1.55
   5754.518     2.193    -0.49    1.46
   6124.976     1.964    -0.62    1.37
   6495.344     1.750    -0.58    1.33
   6865.622     1.155    -1.61    0.64
   7235.810     1.107    -0.13    0.61
   7605.907     1.000    -0.29    0.00
   7975.915     1.018     0.05    0.19
   8345.832     1.295     0.75    0.94
   8715.660     1.500     0.56    1.22
   9085.399     1.708     0.56    1.33
   9455.047     1.886     0.48    1.41
   9824.606     1.619    -0.72    1.05
  10194.075     1.875     0.69    1.35
  10563.455     1.946     0.19    1.42
  10932.745     2.257     0.84    1.65
  11301.946     2.010    -0.67    1.55
  11671.058     1.920    -0.24    1.39
  12040.081     2.234     0.85    1.55
  12409.014     2.541     0.83    1.50
  12777.858     2.868     0.89    1.42
  13146.613     2.648    -0.60    1.54
  13515.279     2.442    -0.56    1.79
  13883.857     2.622     0.49    1.87
  14252.345     3.027     1.10    1.88
  14620.744     3.535     1.38    1.51
  14989.055     3.571     0.10    1.18
  15357.278     3.496    -0.21    1.20
  15725.411     3.099    -1.08    1.24
  16093.456     2.580    -1.41    1.26
  16461.413     2.175    -1.10    1.45
  16829.281     1.452    -1.97    1.45
  17197.061     0.673    -2.12    0.93
  17564.752     0.261    -1.12    0.60
  17932.356     0.000    -0.71    0.00
  18299.871     0.000     0.00    0.00
  18667.298     0.000     0.00    0.00
  19034.637     0.000     0.00    0.00
  19401.888     0.000     0.00    0.00
  19769.051     0.000     0.00    0.00
  20136.126     0.000     0.00    0.00
  20503.114     0.000     0.00    0.00
  20870.014     0.000     0.00    0.00
  21236.826     0.000     0.00    0.00
  21603.551     0.000     0.00    0.00
  21970.188     0.072     0.20    0.48
  22336.737     1.298     3.34    2.92
  22703.200     2.195     2.45    3.47
  23069.574     2.829     1.73    3.36
  23435.862     3.209     1.04    3.08
  23802.062     2.732    -1.30    2.32
  24168.176     2.462    -0.74    1.19
  24534.202     2.850     1.06    1.05
  24900.141     2.991     0.39    1.41
  25265.993     3.874     2.41    2.37
  25631.758     5.292     3.88    3.43
  25997.436     6.423     3.09    3.72
  26363.028     8.456     5.56    3.84
  26728.533    10.688     6.10    4.05
  27093.951    10.881     0.53    4.15
  27459.283     8.805    -5.68    5.25
  27824.528     6.657    -5.88    5.81
  28189.686     3.768    -7.91    4.36
  28554.758     1.912    -5.08    2.64
  28919.744     0.895    -2.79    1.90
  29284.644     0.124    -2.11    0.67
  29649.457     0.000    -0.34    0.00
  30014.184     0.000     0.00    0.00
  30378.825     0.000     0.00    0.00
  30743.380     0.019     0.05    0.14
  31107.849     0.250     0.63    1.08
  31472.232     0.330     0.22    1.25
  31836.529     0.164    -0.46    0.82
  32200.741     0.000    -0.45    0.00
  32564.866     0.000     0.00    0.00
  32931.782     0.009     0.02    0.09
  33313.991     0.009     0.00    0.10
  33696.104     0.000    -0.02    0.00
  34078.120     0.000     0.00    0.00
  34460.039     0.000     0.00    0.00
  34841.862     0.071     0.19    0.40
  35223.588     0.094     0.06    0.56
  35605.218     0.054    -0.11    0.42
  35986.751     0.509     1.19    1.44
  36368.189     1.381     2.28    1.99
  36749.530     2.190     2.12    1.92
  37130.775     2.768     1.51    1.51
  37511.924     2.644    -0.32    1.03
  37892.977     3.625     2.57    2.06
  38273.934     4.306     1.79    2.21
  38654.795     4.509     0.53    2.29
  39035.561     4.027    -1.26    2.54
  39416.231     3.604    -1.11    2.35
  39796.805     3.613     0.02    2.21
  40177.284     3.736     0.33    2.39
  40557.667     3.607    -0.34    2.54
  40937.955     3.145    -1.21    2.54
  41318.148     3.018    -0.34    2.62
  41698.245     2.822    -0.51    2.28
  42078.248     3.116     0.77    2.31
  42458.155     3.740     1.64    2.18
  42837.967     4.116     0.99    1.93
  43217.684     3.619    -1.31    2.54
  43597.306     2.214    -3.70    2.68
  43976.834     0.991    -3.22    2.01
  44356.266     0.090    -2.37    0.56
  44735.604     0.000    -0.24    0.00
  45114.848     0.000     0.00    0.00
  45493.996     0.000     0.00    0.00
  45873.051     0.000     0.00    0.00
  46252.011     0.000     0.00    0.00
  46630.876     0.000     0.00    0.00
  47009.648     0.000     0.00    0.00
  47388.325     0.000     0.00    0.00
  47766.908     0.000     0.00    0.00
  48145.397     0.047     0.12    0.25
  48523.792     1.306     3.33    2.26
  48902.093     2.282     2.58    2.45
  49280.300     3.045     2.02    2.12
  49658.414     3.309     0.70    1.73
  50036.433     2.881    -1.13    1.54
  50414.359     2.667    -0.57    1.20
  50792.192     3.448     2.07    2.40
  51169.931     4.811     3.61    4.09
  51547.576     5.721     2.41    4.44
  51925.129     5.991     0.72    4.07
  52302.588     6.394     1.07    3.14
  52679.953     6.571     0.47    2.30
  53057.226     6.236    -0.89    2.36
  53434.405     4.927    -3.47    3.06
  53811.492     3.911    -2.70    2.68
  54188.485     4.495     1.55    3.67
  54565.386     7.044     6.76    5.46
  54942.193    11.337    11.39    5.64
  55318.908    11.845     1.35    5.52
  55695.531    10.387    -3.87    5.51
  56072.060     8.446    -5.15    4.11
  56448.497     6.798    -4.38    2.21
  56824.842     6.209    -1.57    2.01
  57201.094     5.679    -1.41    2.24
  57577.254     4.275    -3.73    1.65
  57953.321     4.387     0.30    1.62
  58329.297     4.683     0.79    1.66
  58705.180     4.559    -0.33    1.63
  59080.971     4.349    -0.56    1.83
  59456.670     4.036    -0.83    1.88
  59832.277     3.500    -1.43    1.93
  60207.793     3.872     0.99    2.10
  60583.216     4.339     1.25    2.28
  60958.548     4.481     0.38    2.31
  61333.788     4.360    -0.32    2.03
  61708.936     4.519     0.42    1.88
  62083.993     4.848     0.88    2.08
  62458.958     4.547    -0.80    2.18
  62833.832     5.856     3.49    3.38
  63208.615     7.127     3.39    3.91
  63583.306     8.273     3.06    3.80
  63957.906     9.404     3.02    2.67
  64332.415     9.352    -0.14    2.17
  64706.833     8.300    -2.81    1.15
  65081.160     8.096    -0.54    0.93
  65455.396     8.688     1.58    1.52
  65829.541     9.364     1.81    1.92
  66203.595     9.936     1.53    1.94
  66577.559    10.073     0.37    1.88
  66951.431     9.593    -1.29    1.61
  67325.213     9.369    -0.60    1.31
  67698.905     8.922    -1.20    0.97
  68072.506     8.845    -0.21    1.11
  68446.017     8.604    -0.65    1.17
  68819.437     8.491    -0.30    1.25
  69192.767     8.523     0.09    1.47
  69566.006     8.275    -0.66    1.39
  69939.156     8.245    -0.08    1.36
  70312.215     7.981    -0.71    1.18
  70685.185     7.712    -0.72    1.08
  71058.064     7.447    -0.71    1.13
  71430.854     7.182    -0.71    1.10
  71803.553     7.183     0.00    1.10
  72176.163     7.364     0.48    1.14
  72548.683     7.514     0.40    1.11
  72921.114     7.811     0.80    1.00
  73293.454     7.872     0.16    0.92
  73665.706     7.845    -0.07    0.97
  74037.868     7.836    -0.02    0.99
  74409.940     7.972     0.37    1.21
  74781.923     8.257     0.77    1.20
  75153.817     8.351     0.25    1.08
  75525.622     9.443     2.94    2.07
  75897.337     9.812     0.99    2.20
  76268.963     9.885     0.19    2.25
  76640.501    10.802     2.47    3.43
  77011.949    12.101     3.50    4.86
  77383.309    14.083     5.34    4.40
  77754.579    14.523     1.18    3.99
  78125.761    13.571    -2.56    4.12
  78496.855    13.445    -0.34    4.19
  78867.859    14.686     3.34    4.18
  79238.775    16.874     5.90    3.53
  79609.603    17.349     1.28    3.04
  79980.342    16.602    -2.01    3.42
  80350.992    16.818     0.58    4.10
  80721.555    17.817     2.70    4.59
  81092.029    19.609     4.84    4.44
  81462.415    22.453     7.68    3.90
  81832.712    23.869     3.82    4.56
  82202.922    23.491    -1.02    5.97
  82573.044    22.509    -2.65    6.60
  82943.077    22.245    -0.71    6.07
  83313.023    22.548     0.82    5.81
  83682.881    23.459     2.46    5.08
  84052.651    24.139     1.84    4.52
  84422.334    26.294     5.83    6.03
  84791.928    30.712    11.95    9.14
  85161.436    38.600    21.35   10.38
  85530.855    45.118    17.64    8.33
  85900.188    49.352    11.46    6.10
  86269.433    50.056     1.91    4.19
  86638.590    49.679    -1.02    3.66
  87007.660    50.463     2.12    3.85
  87376.643    50.764     0.81    3.93
  87745.539    51.154     1.06    4.64
  88114.348    50.716    -1.19    5.67
  88483.070    52.426     4.64    5.78
  88851.705    54.835     6.53    6.46
  89220.253    59.536    12.76    8.41
  89588.714    66.845    19.83   10.65
  89957.088    75.734    24.13   12.09
  90325.376    83.887    22.14    9.70
  90693.576    90.308    17.44    7.45
  91061.691    94.243    10.69    6.57
  91429.719    98.010    10.23    6.99
  91797.660   100.349     6.36    7.45
  92165.515   103.279     7.97    6.44
  92533.283   104.927     4.48    5.45
  92900.965   103.546    -3.76    5.91
  93268.561    99.991    -9.67    7.18
  93636.071    94.627   -14.59    8.23
  94003.495    88.702   -16.13    9.22
  94370.832    82.109   -17.95   10.51
  94738.084    75.907   -16.89   11.13
  95105.250    69.880   -16.41   10.43
  95472.329    63.782   -16.61    9.28
  95839.323    58.398   -14.67    8.93
  96206.232    52.771   -15.34    8.61
  96573.054    47.701   -13.82    6.52
  96939.791    44.491    -8.75    5.27
  97306.442    42.082    -6.57    5.33
  97673.008    41.631    -1.23    5.43
  98039.488    42.936     3.56    6.03
  98405.883    44.708     4.84    6.06
  98772.193    48.136     9.36    6.94
  99138.417    51.618     9.51    7.83
  99504.556    55.587    10.84    7.18
  99870.610    56.890     3.56    6.32
 100236.579    57.210     0.87    5.72
 100602.463    56.321    -2.43    5.32
 100968.261    56.685     1.00    5.16
 101333.975    58.853     5.93    5.93
 101699.604    62.596    10.24    5.14
 102065.148    63.914     3.61    4.69
 102430.608    60.676    -8.86    7.78
 102795.982    54.741   -16.24    9.80
 103161.272    46.067   -23.74    9.49
 103526.478    39.773   -17.23    8.05
 103891.599    35.449   -11.84    5.86
 104256.635    34.339    -3.04    6.92
 104621.588    35.300     2.63   10.05
 104986.455    37.726     6.65   12.86
 105351.239    37.800     0.20   12.80
 105715.938    39.538     4.76   11.30
 106080.553    42.710     8.70    9.78
 106445.084    46.817    11.26    9.58
 106809.531    53.324    17.85    6.29
 107173.894    56.927     9.89    4.50
 107538.173    59.019     5.74    5.19
 107916.912    62.813    10.02    5.83
 108298.857    64.785     5.16    4.67
 108680.707    61.299    -9.13    8.82
 109062.463    55.176   -16.04   11.45
 109444.125    49.701   -14.34    8.80
 109825.693    49.463    -0.62    7.95
 110207.167    55.274    15.23    9.21
 110588.547    59.541    11.19    6.77
 110969.832    60.121     1.52    6.63
 111351.025    54.542   -14.64   10.07
 111732.123    47.048   -19.66    8.68
 112113.127    42.602   -11.67    6.04
 112494.038    41.817    -2.06    5.04
 112874.856    45.202     8.89    5.97
 113255.580    49.788    12.05    6.34
 113636.210    55.734    15.62    6.35
 114016.747    59.865    10.86    4.55
 114397.191    63.422     9.35    4.16
 114777.542    67.229    10.01    6.08
 115157.799    72.248    13.20    6.99
 115537.964    76.302    10.66    5.45
 115918.035    79.159     7.52    3.25
 116298.014    78.824    -0.88    3.13
 116677.899    76.130    -7.09    5.25
 117057.692    71.972   -10.95    7.56
 117437.392    66.720   -13.83    6.11
 117816.999    62.972    -9.87    4.68
 118196.514    61.625    -3.55    4.00
 118575.936    63.128     3.96    4.74
 118955.265    65.230     5.54    5.23
 119334.503    69.229    10.55    6.01
 119713.648    74.297    13.37    8.66
 120092.700    79.972    14.97   10.71
 120471.661    87.133    18.89   10.67
 120850.529    92.748    14.82    9.49
 121229.305    97.981    13.82   10.47
 121607.989   103.028    13.33   11.17
 121986.581   108.336    14.02   12.04
 122365.081   114.217    15.54   10.00
 122743.490   117.000     7.35    6.98
 123121.807   115.111    -4.99    7.82
 123500.032   109.574   -14.64   11.20
 123878.165   100.217   -24.74   12.47
 124256.207    91.722   -22.47   10.96
 124634.157    84.165   -19.99    7.94
 125012.016    81.545    -6.93    6.01
 125389.784    82.155     1.61    5.94
 125767.460    87.046    12.95    7.20
 126145.045    91.962    13.02    5.84
 126522.539    95.862    10.33    3.30
 126899.942    96.819     2.53    2.69
 127277.253    95.729    -2.89    3.54
 127654.474    93.991    -4.61    3.77
 128031.604    91.562    -6.44    3.41
 128408.643    89.954    -4.27    3.62
 128785.591    86.854    -8.22    4.76
 129162.449    82.486   -11.59    5.65
 129539.216    79.857    -6.98    4.30
 129915.892    78.434    -3.78    3.17
 130292.478    79.071     1.69    2.94
 130668.973    80.303     3.27    2.87
 131045.378    80.112    -0.51    3.36
 131421.692    80.832     1.91    3.35
 131797.917    81.972     3.03    3.21
 132174.051    83.708     4.61    3.38
 132550.095    85.477     4.70    3.45
 132926.049    86.806     3.54    3.85
 133301.913    87.798     2.64    5.03
 133677.687    86.949    -2.26    5.96
 134053.371    85.704    -3.31    5.99
 134428.965    83.950    -4.67    6.45
 134804.470    81.514    -6.49    6.34
 135179.885    79.000    -6.70    5.61
 135555.210    77.726    -3.39    3.78
 135930.446    77.907     0.48    3.25
 136305.592    79.619     4.56    3.70
 136680.649    81.389     4.72    3.41
 137055.616    83.748     6.29    4.71
 137430.494    86.945     8.53    5.98
 137805.283    91.650    12.55    6.41
 138179.983    96.844    13.86    7.33
 138554.593   100.612    10.06    6.14
 138929.115   103.120     6.70    6.34
 139303.547   105.632     6.71    6.88
 139677.891   107.187     4.15    6.50
 140052.146   109.343     5.76    5.09
 140426.312   110.144     2.14    3.82
 140800.389   109.459    -1.83    3.85
 141174.377   108.723    -1.97    4.29
 141548.277   105.954    -7.40    5.11
 141922.088   102.680    -8.76    5.28
 142295.811    98.215   -11.95    6.60
 142669.446    92.991   -13.98    6.78
 143042.992    87.421   -14.91    6.00
 143416.449    82.374   -13.51    6.22
 143789.819    76.096   -16.81    7.73
 144163.100    70.528   -14.92    7.43
 144536.293    65.307   -13.99    6.12
 144909.398    61.165   -11.10    4.39
 145282.416    58.903    -6.06    4.26
 145655.345    56.766    -5.73    3.15
 146028.186    56.830     0.17    3.80
 146400.939    58.170     3.59    4.72
 146773.605    59.822     4.43    4.98
 147146.183    61.641     4.88    5.17
 147518.674    62.231     1.59    4.54
 147891.076    61.410    -2.21    4.75
 148263.392    59.290    -5.69    5.76
 148635.620    57.456    -4.93    5.77
 149007.760    56.142    -3.53    5.06
 149379.813    56.311     0.46    4.78
 149751.779    56.548     0.64    3.62
 150123.658    56.954     1.09    2.69
 150495.450    57.214     0.70    2.64
 150867.154    55.787    -3.84    3.46
 151238.771    54.767    -2.74    3.93
 151610.302    53.509    -3.38    4.00
 151981.746    52.509    -2.69    3.26
 152353.102    51.642    -2.34    3.26
 152724.372    50.463    -3.17    3.35
 153095.555    48.693    -4.77    3.78
 153466.652    46.019    -7.21    3.99
 153837.662    44.867    -3.10    3.40
 154208.586    45.202     0.90    3.33
 154579.423    45.142    -0.16    3.25
 154950.173    46.009     2.34    2.96
 155320.837    46.449     1.18    2.79
 155691.415    45.178    -3.43    2.46
 156061.907    45.349     0.46    2.24
 156432.312    46.306     2.58    3.17
 156802.632    48.266     5.29    4.47
 157172.865    51.642     9.12    4.85
 157543.012    55.717    11.01    5.73
 157913.073    58.925     8.67    7.07
 158283.049    63.583    12.59    7.25
 158652.939    67.561    10.75    8.26
 159022.742    68.735     3.17    7.72
 159392.461    66.613    -5.74    7.99
 159762.093    63.971    -7.15    7.29
 160131.640    61.302    -7.22    5.61
 160501.101    59.283    -5.46    5.56
 160870.477    57.466    -4.92    4.81
 161239.768    57.028    -1.19    4.16
 161608.973    56.663    -0.99    4.44
 161978.093    55.217    -3.92    5.89
 162347.127    53.340    -5.09    5.83
 162716.077    51.752    -4.30    4.29
 163084.941    52.443     1.87    4.44
 163453.720    55.288     7.71    4.93
 163822.415    58.463     8.61    4.70
 164191.024    60.288     4.95    4.68
 164559.548    62.651     6.41    5.12
 164927.988    65.905     8.83    5.97
 165296.343    68.019     5.74    5.72
 165664.613    69.642     4.41    4.28
 166032.798    69.980     0.92    4.11
 166400.899    68.972    -2.74    4.63
 166768.915    66.816    -5.86    4.81
 167136.847    65.255    -4.24    4.16
 167504.695    65.113    -0.38    3.94
 167872.458    66.058     2.57    4.15
 168240.136    67.523     3.99    3.27
 168607.731    67.551     0.08    3.28
 168975.241    65.725    -4.97    3.72
 169342.667    62.563    -8.60    4.34
 169710.009    59.731    -7.71    4.73
 170077.268    56.731    -8.17    5.23
 170444.442    52.857   -10.55    5.09
 170811.532    50.009    -7.76    4.43
 171178.538    47.990    -5.50    4.00
 171545.461    46.679    -3.57    3.60
 171912.299    46.781     0.28    3.38
 172279.055    47.165     1.05    2.93
 172645.726    48.430     3.45    3.21
 173012.314    49.347     2.50    3.07
 173378.818    50.698     3.69    3.53
 173745.239    52.067     3.74    4.26
 174111.577    53.260     3.25    4.65
 174477.831    54.302     2.85    4.64
 174844.002    55.327     2.80    4.45
 175210.090    53.689    -4.47    4.92
 175576.094    50.175    -9.60    7.30
 175942.016    45.538   -12.67    7.80
 176307.854    42.547    -8.17    5.52
 176673.609    41.545    -2.74    4.08
 177039.282    43.019     4.03    3.89
 177404.871    44.157     3.11    2.85
 177770.378    43.434    -1.98    2.43
 178135.802    42.224    -3.31    2.22
 178501.143    41.039    -3.24    1.43
 178866.402    40.104    -2.56    1.32
 179231.578    40.000    -0.28    1.47
 179596.671    40.717     1.96    2.07
 179961.682    41.764     2.87    2.65
 180326.610    43.311     4.24    2.26
 180691.456    44.113     2.20    2.08
 181056.220    44.594     1.32    2.15
 181420.901    44.575    -0.05    1.95
 181785.500    44.558    -0.05    1.60
 182150.017    44.219    -0.93    1.45
 182522.832    44.154    -0.17    1.21
 182904.605    44.641     1.28    1.54
 183286.287    46.305     4.36    2.47
 183667.877    47.980     4.39    2.40
 184049.374    47.830    -0.39    2.87
 184430.780    46.030    -4.72    4.55
 184812.095    42.190   -10.07    5.22
 185193.318    38.286   -10.24    3.46
 185574.449    37.048    -3.25    2.10
 185955.488    37.480     1.13    2.37
 186336.437    39.286     4.74    2.75
 186717.293    39.980     1.82    2.63
 187098.059    38.991    -2.60    3.22
 187478.733    38.030    -2.52    2.94
 187859.316    37.321    -1.86    1.81
 188239.808    38.713     3.66    2.21
 188620.209    40.283     4.13    2.21
 189000.519    42.515     5.87    3.59
 189380.738    47.657    13.52    6.87
 189760.866    51.894    11.15    6.86
 190140.904    55.676     9.95    4.05
 190520.850    56.781     2.91    2.14
 190900.706    55.717    -2.80    2.23
 191280.472    54.581    -2.99    2.00
 191660.147    53.990    -1.56    1.72
 192039.731    53.472    -1.37    1.76
 192419.225    52.471    -2.64    2.32
 192798.629    50.849    -4.27    2.51
 193177.942    49.369    -3.90    1.93
 193557.165    48.490    -2.32    1.49
 193936.298    48.110    -1.00    2.35
 194315.341    47.491    -1.63    3.04
 194694.294    46.240    -3.30    3.62
 195073.156    43.528    -7.16    3.58
 195451.929    41.000    -6.67    3.61
 195830.612    38.434    -6.78    3.46
 196209.206    36.949    -3.92    2.88
 196587.709    36.000    -2.51    3.02
 196966.123    34.663    -3.53    3.92
 197344.448    32.952    -4.52    4.18
 197722.683    31.269    -4.45    3.74
 198100.828    29.543    -4.56    3.12
 198478.884    28.442    -2.91    2.50
 198856.851    27.010    -3.79    2.50
 199234.728    25.365    -4.35    2.50
 199612.516    24.000    -3.61    2.11
 199990.215    23.162    -2.22    1.51
 200367.825    22.621    -1.43    1.27
 200745.346    22.774     0.40    1.69
 201122.778    23.646     2.31    2.56
 201500.121    25.737     5.54    3.52
 201877.375    28.293     6.77    2.79
 202254.540    30.351     5.46    2.19
 202631.617    31.746     3.70    1.18
