-134702.403   405.036     0.00   20.61
-134331.802   408.890    10.40   23.08
-133961.288   417.255    22.58   24.65
-133590.859   429.417    32.83   21.27
-133220.517   442.805    36.15   22.89
-132850.261   460.358    47.41   26.74
-132480.091   483.741    63.18   30.63
-132110.007   503.832    54.29   23.64
-131740.009   514.634    29.20   14.77
-131370.097   513.350    -3.47   15.45
-131000.270   504.797   -23.13   17.45
-130630.529   495.646   -24.75   16.42
-130260.874   487.248   -22.72   20.55
-129891.304   469.134   -49.02   30.19
-129521.820   449.078   -54.28   30.15
-129152.422   420.554   -77.22   32.62
-128783.109   397.181   -63.29   38.20
-128413.881   371.716   -68.97   36.48
-128044.738   350.279   -58.08   25.80
-127675.681   335.158   -40.97   14.87
-127306.709   326.520   -23.41   15.65
-126937.822   322.137   -11.88   14.51
-126569.020   322.721     1.58   14.65
-126200.303   325.794     8.33   13.13
-125831.671   334.656    24.04   11.23
-125463.124   344.412    26.47   10.82
-125094.662   353.214    23.89   12.81
-124726.284   367.160    37.86   16.27
-124357.992   377.078    26.93   15.71
-123989.783   383.070    16.28   13.30
-123621.660   383.609     1.46   12.76
-123253.621   377.556   -16.45   12.85
-122885.667   370.181   -20.04   13.48
-122517.797   364.459   -15.55   16.99
-122150.011   358.218   -16.97   19.32
-121782.310   354.260   -10.77   19.99
-121414.692   350.749    -9.55   20.54
-121047.160   349.707    -2.84   19.44
-120679.711   352.488     7.57   17.01
-120312.346   356.936    12.11   19.23
-119945.065   358.209     3.47   21.74
-119577.869   351.352   -18.68   26.78
-119210.756   325.889   -69.37   43.38
-118843.727   290.494   -96.44   52.16
-118476.782   255.671   -94.91   46.36
-118109.921   229.377   -71.68   28.94
-117743.143   215.411   -38.08   19.22
-117376.449   206.791   -23.51   19.41
-117009.838   199.657   -19.46   16.68
-116643.311   202.235     7.03   18.09
-116276.868   213.444    30.59   26.78
-115910.508   234.973    58.77   28.92
-115544.231   252.671    48.32   23.65
-115178.038   272.828    55.05   17.37
-114811.927   290.169    47.37   22.85
-114445.900   307.562    47.52   26.31
-114079.956   319.483    32.58   22.13
-113714.095   325.832    17.35   16.92
-113348.318   325.483    -0.95   13.71
-112982.623   320.824   -12.74   11.07
-112617.011   316.423   -12.04   10.41
-112251.481   309.221   -19.71   11.80
-111886.035   300.333   -24.32    9.69
-111520.671   293.537   -18.60    8.79
-111155.390   289.445   -11.20    8.82
-110790.192   283.770   -15.54    9.22
-110425.076   272.643   -30.48   17.76
-110060.043   261.829   -29.63   19.27
-109695.092   254.916   -18.94   13.77
-109330.223   255.307     1.07   12.54
-108965.437   262.924    20.88   13.19
-108600.733   273.581    29.22   12.44
-108236.112   282.562    24.63   11.62
-107871.572   290.300    21.23   10.75
-107489.944   296.692    16.75    7.63
-107108.145   300.868    10.94    4.83
-106726.437   302.850     5.20    5.33
-106344.822   305.107     5.91    6.37
-105963.298   307.096     5.21    7.24
-105581.866   308.387     3.38    7.04
-105200.526   307.483    -2.37    5.06
-104819.278   308.745     3.31    3.92
-104438.121   307.263    -3.89    5.67
-104057.055   300.401   -18.01   12.61
-103676.081   291.105   -24.40   16.29
-103295.199   280.532   -27.76   12.72
-102914.408   274.354   -16.23    7.40
-102533.708   272.734    -4.26    7.83
-102153.099   272.483    -0.66    7.77
-101772.581   271.488    -2.61    7.15
-101392.154   267.529   -10.41    7.29
-101011.819   262.884   -12.21    5.74
-100631.574   261.030    -4.88    6.04
-100251.420   260.844    -0.49    7.59
 -99871.357   263.700     7.51    8.63
 -99491.384   266.748     8.02    8.25
 -99111.503   270.615    10.18    9.35
 -98731.712   275.905    13.93   11.96
 -98352.011   284.225    21.91   15.24
 -97972.401   290.954    17.73   14.32
 -97592.882   291.718     2.01   12.64
 -97213.452   288.564    -8.31   11.07
 -96834.113   287.358    -3.18    9.45
 -96454.865   292.177    12.71   14.50
 -96075.706   302.760    27.91   17.32
 -95696.637   313.041    27.12   14.86
 -95317.659   326.330    35.07   16.54
 -94938.770   336.194    26.04   18.80
 -94559.972   346.375    26.88   14.35
 -94181.263   350.878    11.89    9.40
 -93802.644   350.219    -1.74    8.03
 -93424.115   344.002   -16.43   10.35
 -93045.675   335.280   -23.05   12.44
 -92667.326   325.907   -24.78   13.87
 -92289.065   317.479   -22.28   14.94
 -91910.894   312.935   -12.01   12.12
 -91532.813   312.740    -0.52    9.82
 -91154.820   317.300    12.06    8.50
 -90776.917   323.885    17.43    9.15
 -90399.104   330.752    18.18    9.45
 -90021.379   335.187    11.74    7.47
 -89643.744   339.702    11.96    5.98
 -89266.197   341.211     4.00    5.18
 -88888.740   340.694    -1.37    4.86
 -88511.371   337.049    -9.66    8.32
 -88134.092   328.964   -21.43   12.67
 -87756.901   320.464   -22.54   13.05
 -87379.799   311.056   -24.95    8.36
 -87002.785   308.206    -7.56    6.01
 -86625.860   308.045    -0.43    6.78
 -86249.024   307.209    -2.22    6.44
 -85872.276   304.914    -6.09    6.57
 -85495.617   299.716   -13.80    7.88
 -85119.046   292.776   -18.43   10.08
 -84742.563   281.512   -29.92   15.34
 -84366.168   268.449   -34.71   19.08
 -83989.862   251.640   -44.67   20.59
 -83613.644   233.077   -49.34   23.92
 -83237.513   206.819   -69.81   31.76
 -82861.471   182.181   -65.52   31.74
 -82485.517   161.554   -54.87   21.15
 -82109.650   152.754   -23.41   10.94
 -81733.872   154.862     5.61   15.99
 -81358.181   171.228    43.57   28.32
 -80982.578   193.224    58.56   39.57
 -80607.062   224.685    83.79   48.82
 -80231.634   255.012    80.79   40.34
 -79856.293   285.802    82.04   24.50
 -79481.040   300.069    38.02   15.49
 -79105.875   301.915     4.92   14.78
 -78730.796   290.735   -29.81   25.13
 -78355.805   268.699   -58.77   31.32
 -77980.901   256.377   -32.87   24.39
 -77606.084   252.834    -9.45   21.18
 -77231.355   260.898    21.52   23.49
 -76856.712   269.696    23.48   20.58
 -76482.156   272.877     8.49   18.77
 -76107.688   274.258     3.69   15.22
 -75733.306   280.764    17.38   14.49
 -75359.011   291.799    29.48   15.84
 -74984.802   304.192    33.12   14.96
 -74610.680   309.668    14.64   12.63
 -74236.645   315.562    15.76    6.22
 -73862.697   317.550     5.32    5.39
 -73488.834   315.321    -5.96    6.78
 -73115.059   312.132    -8.53    8.78
 -72741.369   306.782   -14.32    9.64
 -72367.766   298.916   -21.06    9.83
 -71994.250   292.973   -15.91    8.13
 -71620.819   287.411   -14.90    8.43
 -71247.475   284.449    -7.93    9.71
 -70874.216   280.728    -9.97   13.13
 -70501.044   276.983   -10.04   14.60
 -70127.958   272.187   -12.86   14.57
 -69754.957   268.697    -9.36   11.55
 -69382.042   267.280    -3.80    8.98
 -69009.213   273.303    16.16   14.67
 -68636.470   282.054    23.48   14.99
 -68263.813   286.728    12.54   12.35
 -67891.241   285.572    -3.10   14.28
 -67518.755   274.059   -30.91   22.09
 -67146.354   256.802   -46.34   28.10
 -66774.038   237.189   -52.68   28.25
 -66401.808   225.175   -32.28   20.66
 -66029.664   217.172   -21.51   12.41
 -65657.604   214.332    -7.63    9.19
 -65285.630   214.384     0.14    8.86
 -64913.741   211.383    -8.07    7.48
 -64541.937   209.857    -4.10    6.52
 -64170.218   210.497     1.72    5.75
 -63798.583   211.297     2.15    5.64
 -63427.034   213.738     6.57    5.47
 -63055.570   214.935     3.22    5.44
 -62684.191   213.716    -3.28    6.93
 -62312.896   211.388    -6.27    7.18
 -61941.686   209.574    -4.89    6.01
 -61570.560   207.983    -4.29    4.16
 -61199.519   207.787    -0.53    4.93
 -60828.563   207.478    -0.83    6.54
 -60457.691   206.059    -3.83    7.69
 -60086.903   203.768    -6.18    8.28
 -59716.200   200.906    -7.72    8.20
 -59345.581   197.355    -9.58    7.27
 -58975.047   195.223    -5.75    5.43
 -58604.596   193.973    -3.37    5.07
 -58234.230   191.954    -5.45    6.63
 -57863.947   187.202   -12.83    9.93
 -57493.749   177.875   -25.19   13.30
 -57123.635   169.049   -23.85   12.33
 -56753.604   163.139   -15.97    7.53
 -56383.657   163.609     1.27    6.79
 -56013.794   167.141     9.55    6.23
 -55644.015   171.396    11.51    5.30
 -55274.320   172.760     3.69    5.76
 -54904.708   173.214     1.23    5.72
 -54535.179   171.493    -4.66    6.07
 -54165.734   169.354    -5.79    6.24
 -53796.373   166.697    -7.19    6.32
 -53427.095   164.391    -6.25    6.10
 -53057.900   163.381    -2.73    6.17
 -52688.788   162.261    -3.04    6.54
 -52319.760   161.187    -2.91    6.90
 -51950.815   158.454    -7.41    7.07
 -51581.953   155.611    -7.71    6.76
 -51213.174   152.694    -7.91    5.97
 -50844.478   149.872    -7.66    6.28
 -50475.865   146.643    -8.76    7.43
 -50107.334   142.824   -10.36    8.32
 -49738.887   139.614    -8.71    7.74
 -49370.522   139.381    -0.63    7.01
 -49002.241   144.209    13.11   10.07
 -48634.041   152.297    21.97   13.20
 -48265.925   163.188    29.59   11.88
 -47897.890   170.368    19.51    8.70
 -47529.939   173.804     9.34    5.00
 -47162.070   171.538    -6.16    7.34
 -46794.283   167.109   -12.04    7.96
 -46426.578   162.934   -11.35    6.59
 -46058.956   161.488    -3.93    7.18
 -45691.416   161.137    -0.95    7.95
 -45323.958   160.214    -2.51    8.42
 -44956.583   158.014    -5.99    8.53
 -44589.289   152.346   -15.43    9.84
 -44222.077   145.595   -18.39   10.14
 -43854.948   139.884   -15.56    7.72
 -43487.900   137.527    -6.42    5.96
 -43120.934   136.607    -2.51    4.79
 -42754.050   135.319    -3.51    5.96
 -42387.247   131.836    -9.50    7.69
 -42020.527   128.023   -10.40    7.46
 -41653.887   123.876   -11.31    5.25
 -41287.330   120.428    -9.41    4.47
 -40920.854   118.284    -5.85    3.77
 -40554.459   116.044    -6.11    3.77
 -40188.146   113.781    -6.18    3.88
 -39821.914   112.420    -3.72    3.76
 -39455.763   110.627    -4.90    2.97
 -39089.694   109.236    -3.80    2.68
 -38723.706   108.566    -1.83    3.10
 -38357.799   107.498    -2.92    2.92
 -37991.973   106.766    -2.00    2.23
 -37626.228   106.709    -0.16    1.94
 -37260.564   106.420    -0.79    1.72
 -36894.981   106.644     0.61    2.36
 -36529.479   108.050     3.85    3.94
 -36164.058   110.311     6.19    5.44
 -35798.717   112.013     4.66    5.51
 -35433.457   112.121     0.30    5.49
 -35068.278   111.033    -2.98    4.93
 -34703.179   109.002    -5.56    4.12
 -34338.161   106.996    -5.50    2.24
 -33973.224   105.598    -3.83    2.46
 -33608.367   104.706    -2.44    1.97
 -33243.590   105.300     1.63    2.46
 -32867.621   105.579     0.74    2.39
 -32485.991   105.736     0.41    2.27
 -32104.450   105.152    -1.53    2.48
 -31722.999   104.150    -2.63    2.24
 -31341.638   103.983    -0.44    2.03
 -30960.366   103.300    -1.79    2.83
 -30579.183   101.614    -4.42    4.06
 -30198.090    99.268    -6.16    3.73
 -29817.086    97.789    -3.88    2.68
 -29436.171    96.524    -3.32    2.43
 -29055.346    95.983    -1.42    3.66
 -28674.609    94.214    -4.65    5.17
 -28293.961    91.709    -6.58    5.97
 -27913.403    88.294    -8.97    6.00
 -27532.933    85.348    -7.74    4.59
 -27152.552    82.576    -7.29    3.93
 -26772.260    79.552    -7.95    3.95
 -26392.057    76.339    -8.45    4.44
 -26011.942    73.714    -6.91    4.29
 -25631.916    70.913    -7.37    3.72
 -25251.978    68.828    -5.49    2.72
 -24872.129    67.806    -2.69    2.88
 -24492.369    69.733     5.07    5.86
 -24112.696    71.724     5.24    7.82
 -23733.112    70.168    -4.10   10.39
 -23353.616    66.596    -9.41   12.45
 -22974.209    59.818   -17.87    9.94
 -22594.889    56.027    -9.99    4.01
 -22215.657    56.454     1.13    3.37
 -21836.514    56.201    -0.67    3.79
 -21457.458    54.818    -3.65    4.19
 -21078.490    52.654    -5.71    3.51
 -20699.610    50.287    -6.25    2.63
 -20320.818    49.156    -2.99    2.53
 -19942.114    49.268     0.30    2.54
 -19563.497    49.488     0.58    2.72
 -19184.967    50.679     3.15    2.56
 -18806.526    51.835     3.05    1.93
 -18428.171    52.449     1.62    2.04
 -18049.904    53.033     1.54    2.48
 -17671.724    57.052    10.63    8.58
 -17293.632    63.776    17.78   13.69
 -16915.627    71.894    21.48   14.70
 -16537.709    78.523    17.54   12.31
 -16159.878    82.644    10.91    8.40
 -15782.134    82.223    -1.11    7.57
 -15404.477    79.922    -6.09    7.99
 -15026.907    79.323    -1.59    7.35
 -14649.423    81.260     5.13    8.60
 -14272.027    86.795    14.67    9.04
 -13894.717    90.688    10.32    5.67
 -13517.494    89.572    -2.96    6.12
 -13140.358    86.589    -7.91    6.62
 -12763.308    79.575   -18.60   10.97
 -12386.344    69.084   -27.83   16.02
 -12009.467    57.111   -31.77   15.61
 -11632.677    47.746   -24.85    9.88
 -11255.973    42.924   -12.80    3.79
 -10879.355    43.091     0.44    4.68
 -10502.823    43.776     1.82    4.95
 -10126.377    42.187    -4.22    6.74
  -9750.018    35.013   -19.06   12.73
  -9373.744    27.464   -20.06   13.17
  -8997.557    23.560   -10.38    9.66
  -8621.455    25.219     4.41    9.20
  -8245.439    29.685    11.88    6.32
  -7869.509    29.083    -1.60    6.01
  -7493.665    22.494   -17.53   10.79
  -7117.906    16.255   -16.60   11.72
  -6742.234     9.415   -18.21    9.53
  -6366.646     5.023   -11.70    7.89
  -5991.144     1.954    -8.17    4.96
  -5615.728     0.258    -4.52    1.12
  -5240.397     0.044    -0.57    0.63
  -4865.151    -0.036    -0.21    0.00
  -4489.991    -0.036     0.00    0.00
  -4114.916    -0.036     0.00    0.00
  -3739.926    -0.036     0.00    0.00
  -3365.021    -0.036     0.00    0.00
  -2990.201    -0.036     0.00    0.00
  -2615.466    -0.036     0.00    0.00
  -2240.816    -0.036     0.00    0.00
  -1866.251    -0.036     0.00    0.00
  -1491.771    -0.036     0.00    0.00
  -1117.375    -0.036     0.00    0.00
   -743.065    -0.036     0.00    0.00
   -368.839    -0.036     0.00    0.00
      5.303    -0.036     0.00    0.00
    379.360    -0.036     0.00    0.00
    753.332    -0.036     0.00    0.00
   1127.220    -0.036     0.00    0.00
   1501.024    -0.036     0.00    0.00
   1874.744    -0.036     0.00    0.00
   2248.379    -0.036     0.00    0.00
   2621.930    -0.036     0.00    0.00
   2995.396    -0.036     0.00    0.00
   3368.779    -0.036     0.00    0.00
   3742.078    -0.036     0.00    0.00
   4115.292    -0.036     0.00    0.00
   4488.423    -0.036     0.00    0.00
   4861.470    -0.036     0.00    0.00
   5234.433    -0.036     0.00    0.00
   5607.313    -0.036     0.00    0.00
   5980.108    -0.036     0.00    0.00
   6352.820    -0.036     0.00    0.00
   6725.449    -0.036     0.00    0.00
   7097.993    -0.036     0.00    0.00
   7470.455    -0.036     0.00    0.00
   7842.833    -0.036     0.00    0.00
   8215.128    -0.036     0.00    0.00
   8587.339    -0.036     0.00    0.00
   8959.467    -0.036     0.00    0.00
   9331.512    -0.036     0.00    0.00
   9703.474    -0.036     0.00    0.00
  10075.352    -0.036     0.00    0.00
  10447.148    -0.036     0.00    0.00
  10818.860    -0.036     0.00    0.00
  11190.490    -0.036     0.00    0.00
  11562.037    -0.036     0.00    0.00
  11933.501    -0.036     0.00    0.00
  12304.882    -0.036     0.00    0.00
  12676.181    -0.036     0.00    0.00
  13047.397    -0.036     0.00    0.00
  13418.530    -0.036     0.00    0.00
  13789.581    -0.036     0.00    0.00
  14160.549    -0.036     0.00    0.00
  14531.435    -0.036     0.00    0.00
  14902.239    -0.036     0.00    0.00
  15272.960    -0.036     0.00    0.00
  15643.599    -0.036     0.00    0.00
  16014.155    -0.036     0.00    0.00
  16384.630    -0.036     0.00    0.00
  16755.022     0.170     0.56    0.74
  17125.333     0.661     1.33    1.64
  17495.561     1.503     2.27    2.70
  17865.707     3.195     4.57    4.29
  18235.772     5.160     5.31    5.27
  18605.755     6.443     3.47    5.43
  18975.656     8.375     5.22    5.12
  19345.475     9.711     3.61    4.60
  19715.212    10.404     1.87    3.58
  20084.868    10.904     1.35    2.73
  20454.442    10.855    -0.13    2.45
  20823.935    10.528    -0.88    3.65
  21193.347     9.308    -3.30    5.59
  21562.676     7.170    -5.79    5.99
  21931.925     4.787    -6.45    5.73
  22301.092     2.504    -6.18    4.00
  22670.178     1.044    -3.96    2.22
  23039.183     0.370    -1.83    1.37
  23408.107     2.380     5.45    5.94
  23776.949     6.535    11.27   10.30
  24145.711    10.924    11.90   11.35
  24514.392    16.094    14.02   11.03
  24882.991    22.904    18.48   12.72
  25251.510    25.654     7.46   14.26
  25619.948    29.142     9.47   14.21
  25988.305    31.094     5.30   13.27
  26356.581    31.974     2.39   10.72
  26724.777    32.304     0.90    8.17
  27092.892    33.290     2.68    6.87
  27460.927    34.617     3.61    5.78
  27828.881    37.114     6.79    5.38
  28196.755    37.268     0.42    6.05
  28564.548    34.474    -7.60    8.36
  28932.261    31.709    -7.52    8.04
  29299.893    30.364    -3.66    6.02
  29667.446    32.066     4.63    6.18
  30034.918    35.162     8.42    5.96
  30402.310    37.341     5.93    4.95
  30769.621    37.508     0.45    4.52
  31136.853    39.085     4.29    4.77
  31504.005    40.534     3.95    4.84
  31871.077    40.054    -1.31    6.36
  32238.069    38.056    -5.44    7.85
  32604.981    35.419    -7.19    6.90
  32971.813    35.062    -0.97    6.47
  33338.566    32.508    -6.96    8.12
  33705.239    27.541   -13.55   10.50
  34071.832    22.845   -12.81   11.46
  34438.346    21.814    -2.81   11.78
  34804.780    25.933    11.24   13.90
  35171.135    32.162    17.00   13.81
  35537.410    39.599    20.31   10.80
  35903.606    43.746    11.32    7.65
  36269.723    45.984     6.11    5.28
  36635.760    48.214     6.09    3.88
  37001.719    50.074     5.08    4.32
  37367.598    52.260     5.97    4.70
  37733.397    53.846     4.34    4.15
  38099.118    55.469     4.44    3.71
  38464.760    55.271    -0.54    3.67
  38830.323    54.913    -0.98    3.50
  39195.807    54.774    -0.38    3.70
  39561.212    54.122    -1.78    4.18
  39926.538    54.066    -0.15    4.35
  40291.785    53.114    -2.61    4.29
  40656.954    51.431    -4.61    3.35
  41022.044    50.104    -3.64    2.22
  41387.056    49.418    -1.88    1.55
  41757.788    49.923     1.36    2.30
  42139.249    49.854    -0.18    3.38
  42520.623    48.584    -3.33    4.33
  42901.910    47.408    -3.08    5.15
  43283.109    45.449    -5.14    4.88
  43664.221    43.524    -5.05    3.75
  44045.246    43.204    -0.84    3.39
  44426.184    43.214     0.03    2.84
  44807.035    43.953     1.94    2.00
  45187.799    44.044     0.24    1.60
  45568.476    43.834    -0.55    1.85
  45949.066    43.764    -0.18    1.96
  46329.570    44.273     1.34    2.02
  46709.987    44.934     1.74    1.86
  47090.317    46.094     3.05    2.74
  47470.561    49.064     7.81    5.75
  47850.718    54.098    13.24    8.16
  48230.788    59.714    14.78    8.17
  48610.773    64.304    12.08    5.51
  48990.671    66.414     5.55    4.35
  49370.482    67.489     2.83    3.13
  49750.208    67.754     0.70    3.46
  50129.847    67.392    -0.95    3.67
  50509.400    67.671     0.73    3.53
  50888.867    66.510    -3.06    3.75
  51268.249    63.752    -7.27    5.47
  51647.544    60.596    -8.32    6.17
  52026.753    57.701    -7.63    6.54
  52405.876    54.380    -8.76    5.81
  52784.914    52.364    -5.32    4.43
  53163.866    51.913    -1.19    4.12
  53542.733    52.762     2.24    4.06
  53921.513    52.665    -0.26    5.83
  54300.208    50.664    -5.28    7.55
  54678.818    49.251    -3.73    8.32
  55057.343    48.640    -1.61    8.41
  55435.781    48.568    -0.19    7.96
  55814.135    50.993     6.41    7.64
  56192.403    53.844     7.54    6.63
  56570.587    57.804    10.47    7.40
  56948.685    62.037    11.19    8.12
  57326.698    67.234    13.75    8.06
  57704.626    72.344    13.52    5.42
  58082.468    76.104     9.95    5.76
  58460.227    78.048     5.15    4.77
  58837.900    74.334    -9.83    8.20
  59215.488    67.953   -16.90   11.25
  59592.992    61.449   -17.23    9.36
  59970.411    58.531    -7.73    6.03
  60347.745    59.320     2.09    6.11
  60724.995    63.085     9.98    6.27
  61102.160    68.398    14.09    6.13
  61479.241    71.607     8.51    6.81
  61856.237    74.226     6.95    6.75
  62233.149    74.864     1.69    5.98
  62609.977    72.891    -5.24    5.24
  62986.720    69.854    -8.06    3.49
  63363.379    67.784    -5.50    3.94
  63739.954    66.065    -4.56    4.42
  64116.446    64.339    -4.58    4.16
  64492.853    64.194    -0.39    4.08
  64869.176    63.551    -1.71    3.69
  65245.415    62.434    -2.97    3.52
  65621.570    61.111    -3.52    4.29
  65997.642    59.459    -4.39    4.51
  66373.629    58.409    -2.79    5.21
  66749.533    57.884    -1.40    5.23
  67125.354    57.772    -0.30    5.03
  67501.091    57.033    -1.97    4.71
  67876.744    56.206    -2.20    4.29
  68252.314    56.790     1.56    5.41
  68627.800    56.582    -0.55    6.65
  69003.204    55.572    -2.69    6.66
  69378.523    55.321    -0.67    6.07
  69753.760    56.688     3.64    6.90
  70128.913    58.364     4.47    6.68
  70503.984    59.247     2.35    6.20
  70878.971    59.550     0.81    5.70
  71253.875    59.370    -0.48    4.19
  71628.696    60.754     3.69    3.75
  72003.434    62.118     3.64    2.59
  72378.089    63.209     2.91    3.48
  72752.662    65.318     5.63    4.32
  73127.152    67.484     5.78    5.27
  73501.559    70.501     8.06    7.13
  73875.883    74.094     9.60    9.17
  74250.125    77.415     8.88    9.11
  74624.284    78.824     3.76    7.45
  74998.361    78.036    -2.11    5.81
  75372.355    80.056     5.40    7.12
  75746.267    84.331    11.43    9.30
  76120.097    90.678    16.98    9.19
  76493.844    95.620    13.22    6.98
  76867.510    99.884    11.41    6.24
  77241.093   102.137     6.03    5.27
  77614.593   103.658     4.07    4.39
  77988.012   103.770     0.30    4.53
  78361.349   103.437    -0.89    4.65
  78734.604   103.314    -0.33    4.17
  79107.777   103.623     0.83    3.86
  79480.868   104.704     2.90    2.66
  79853.877   105.562     2.30    2.52
  80226.805   106.688     3.02    3.14
  80599.651   107.995     3.51    3.00
  80972.415   107.469    -1.41    3.53
  81345.098   104.902    -6.89    5.33
  81717.699   101.739    -8.49    5.49
  82090.218   100.147    -4.27    4.41
  82462.657    99.719    -1.15    4.51
  82835.013    99.974     0.69    5.46
  83207.289   100.017     0.12    6.94
  83579.483    98.744    -3.42    8.30
  83951.596    96.812    -5.19    8.49
  84323.628    93.744    -8.25    7.83
  84695.579    90.136    -9.70    6.58
  85067.449    87.014    -8.40    5.05
  85439.238    84.780    -6.01    5.05
  85810.945    82.651    -5.73    4.05
  86182.572    82.290    -0.97    4.22
  86554.118    82.724     1.17    4.83
  86925.584    83.566     2.27    5.61
  87296.968    84.933     3.68    4.77
  87668.272    84.617    -0.85    4.98
  88039.495    84.448    -0.46    5.16
  88410.638    85.514     2.87    6.29
  88781.700    88.018     6.75    7.93
  89152.681    91.260     8.74    7.27
  89523.583    94.297     8.19    6.33
  89894.403    96.209     5.15    5.43
  90265.144    98.206     5.39    6.23
  90635.804    99.737     4.13    6.80
  91006.384   100.156     1.13    7.64
  91376.884    98.637    -4.10    9.25
  91747.303    94.287   -11.74   11.21
  92117.643    87.877   -17.31   10.42
  92487.902    82.790   -13.74    8.72
  92858.082    78.094   -12.69    4.16
  93228.182    77.105    -2.67    3.10
  93598.202    77.557     1.22    3.25
  93968.142    79.701     5.79    3.54
  94338.002    82.099     6.48    3.67
  94707.782    84.193     5.66    4.00
  95077.483    85.782     4.30    4.12
  95447.104    87.129     3.64    4.13
  95816.646    87.242     0.31    3.35
  96186.108    87.442     0.54    2.50
  96555.491    88.974     4.15    3.60
  96924.794    91.544     6.96    4.81
  97294.018    93.158     4.37    4.58
  97663.163    94.729     4.26    3.64
  98032.229    95.170     1.19    3.18
  98401.215    94.780    -1.06    2.75
  98770.122    93.479    -3.53    2.25
  99138.950    92.378    -2.99    2.77
  99507.699    90.551    -4.95    3.44
  99876.369    88.535    -5.47    2.80
 100244.960    87.583    -2.58    1.89
 100613.472    88.120     1.46    2.50
 100981.905    88.724     1.64    2.77
 101350.259    89.474     2.04    2.84
 101718.535    90.015     1.47    2.82
 102086.732    90.474     1.25    2.80
 102454.850    91.260     2.13    2.30
 102822.890    91.609     0.95    2.47
 103190.851    91.424    -0.50    2.34
 103558.734    91.297    -0.34    2.24
 103926.538    91.539     0.66    2.13
 104294.263    92.732     3.24    2.86
 104661.911    94.509     4.83    3.37
 105029.480    95.943     3.90    2.99
 105396.971    95.251    -1.88    3.60
 105764.384    93.872    -3.75    3.62
 106131.718    93.464    -1.11    3.16
 106498.974    96.174     7.38    5.00
 106866.153    98.416     6.11    5.01
 107233.253    99.914     4.08    3.62
 107600.276   100.422     1.38    2.89
 107967.220    99.953    -1.28    2.50
 108334.087   100.802     2.31    2.79
 108700.875   101.511     1.93    2.91
 109067.586   100.984    -1.44    3.14
 109434.220   100.268    -1.95    3.16
 109800.775    99.640    -1.71    3.57
 110167.253    99.037    -1.65    4.18
 110533.654    98.417    -1.69    4.36
 110899.977    97.108    -3.57    5.15
 111266.222    96.432    -1.85    4.92
 111632.391    98.698     6.19    6.26
 111998.481   102.442    10.23    7.16
 112364.495   105.752     9.04    4.90
 112730.431   107.602     5.06    3.56
 113096.290   107.902     0.82    3.39
 113462.071   107.861    -0.11    3.04
 113827.776   108.589     1.99    2.47
 114193.403   108.658     0.19    2.94
 114558.954   108.388    -0.74    3.26
 114924.427   109.444     2.89    4.00
 115289.824   108.900    -1.49    4.91
 115655.144   107.505    -3.82    5.58
 116020.386   106.143    -3.73    6.38
 116386.277   104.556    -4.34    5.06
 116767.569   103.098    -3.82    3.72
 117148.776   102.722    -0.99    3.76
 117529.898   102.428    -0.77    3.60
 117910.935   103.057     1.65    4.61
 118291.888   106.263     8.41    7.04
 118672.755   110.358    10.75    7.70
 119053.537   113.401     7.99    7.40
 119434.235   115.048     4.33    7.05
 119814.848   114.766    -0.74    7.56
 120195.377   112.147    -6.88    8.68
 120575.821   109.564    -6.79    9.46
 120956.180   108.190    -3.61    7.53
 121336.455   108.505     0.83    8.32
 121716.646   108.995     1.29    8.07
 122096.752   109.235     0.63    7.13
 122476.774   110.076     2.21    8.84
 122856.711   111.364     3.39   11.65
 123236.565   114.129     7.28   14.34
 123616.334   117.178     8.03   13.69
 123996.019   120.860     9.70   11.61
 124375.620   121.974     2.94   10.25
 124755.138   119.392    -6.80   10.31
 125134.571   117.174    -5.85   11.56
 125513.920   114.252    -7.70   10.38
 125893.186   111.953    -6.06    8.13
 126272.368   110.553    -3.69    6.44
 126651.466   106.819    -9.85    9.74
 127030.481   101.321   -14.51   11.45
 127409.412    92.641   -22.90   14.27
 127788.259    80.630   -31.70   13.73
 128167.023    71.678   -23.63   11.80
 128545.704    63.985   -20.31    8.78
 128924.301    60.479    -9.26    8.93
 129302.815    58.287    -5.79    8.92
 129681.246    56.376    -5.05    8.55
 130059.593    55.658    -1.90    8.28
 130437.858    55.190    -1.24    6.84
 130816.039    53.322    -4.94    6.75
 131194.137    52.882    -1.16    6.39
 131572.152    52.943     0.16    6.33
 131950.084    52.120    -2.18    7.32
 132327.934    54.764     7.00    9.91
 132705.700    56.974     5.85   10.70
 133083.384    59.856     7.63   10.61
 133460.985    63.651    10.05    8.71
 133838.504    65.349     4.50    7.31
 134215.939    64.807    -1.43    6.59
 134593.293    59.732   -13.45   11.81
 134970.563    55.270   -11.83   11.93
 135347.752    53.480    -4.74   10.56
 135724.857    55.479     5.30   10.40
 136101.881    60.051    12.12    6.77
 136478.822    62.590     6.74    5.57
 136855.681    63.355     2.03    5.09
 137232.458    63.531     0.47    4.25
 137609.153    62.108    -3.78    5.12
 137985.765    57.634   -11.88    6.89
 138362.296    54.064    -9.48    7.18
 138738.744    49.418   -12.34    7.02
 139115.111    44.344   -13.48    6.41
 139491.396    41.627    -7.22    5.72
 139867.599    41.475    -0.41    6.54
 140243.720    43.995     6.70    8.42
 140619.760    47.431     9.14    8.38
 140995.718    51.572    11.01    6.71
 141371.594    53.453     5.00    4.47
 141747.389    55.099     4.38    4.13
 142123.102    55.442     0.91    5.56
 142498.733    56.953     4.02    6.89
 142874.284    58.574     4.32    7.26
 143249.753    58.641     0.18    7.26
 143625.141    56.964    -4.47    6.12
 144000.447    54.553    -6.42    5.01
 144375.672    55.224     1.79    4.81
 144750.817    55.658     1.16    4.23
 145125.880    56.416     2.02    4.26
 145500.862    58.850     6.49    4.92
 145875.763    60.247     3.72    6.15
 146250.583    61.507     3.36    4.46
 146625.322    61.355    -0.40    3.29
 146999.981    60.019    -3.57    3.52
 147374.558    59.872    -0.39    3.60
 147749.055    60.018     0.39    3.27
 148123.471    59.505    -1.37    3.91
 148497.807    58.208    -3.46    4.73
 148872.062    56.665    -4.12    4.02
 149246.237    56.953     0.77    4.72
 149620.331    59.505     6.82    5.85
 149994.345    64.464    13.26    8.61
 150368.278    68.557    10.95    8.78
 150742.131    70.816     6.04    7.50
 151115.904    72.745     5.16    5.33
 151489.596    71.058    -4.51    4.29
 151863.209    71.698     1.71    4.41
 152236.741    72.474     2.08    4.59
 152610.193    71.421    -2.82    5.31
 152983.565    69.453    -5.27    5.33
 153356.858    68.192    -3.38    4.97
 153730.070    67.283    -2.43    4.18
 154103.202    66.148    -3.04    5.27
 154476.255    64.418    -4.64    5.58
 154849.228    61.964    -6.58    4.98
 155222.121    59.562    -6.44    4.44
 155594.935    57.537    -5.43    4.43
 155967.669    56.448    -2.92    3.92
 156340.323    55.453    -2.67    4.02
 156712.898    54.641    -2.18    4.14
 157085.394    54.416    -0.60    4.14
 157457.810    54.693     0.74    4.24
 157830.147    55.795     2.96    4.87
 158202.404    57.861     5.55    4.59
 158574.582    58.505     1.73    4.75
 158946.681    57.815    -1.86    4.57
 159318.701    56.974    -2.26    4.25
 159690.642    56.612    -0.97    4.38
 160062.504    56.578    -0.09    4.56
 160434.286    57.453     2.35    4.60
 160805.990    57.770     0.85    4.06
 161177.615    57.453    -0.85    3.96
 161549.161    58.172     1.94    4.13
 161920.628    59.598     3.84    4.90
 162292.017    61.118     4.09    4.93
 162663.326    62.122     2.70    3.70
 163034.558    61.568    -1.49    3.47
 163405.710    61.237    -0.89    3.26
 163776.784    61.272     0.09    3.17
 164147.779    62.139     2.34    3.98
 164518.696    64.703     6.91    5.14
 164889.535    66.613     5.15    4.65
 165260.295    68.398     4.81    3.38
 165630.977    69.277     2.37    3.61
 166001.581    69.441     0.44    4.26
 166372.106    70.531     2.94    4.67
 166742.554    70.790     0.70    4.38
 167112.923    68.743    -5.53    5.06
 167483.214    66.772    -5.32    5.29
 167853.427    65.806    -2.61    6.18
 168223.562    66.224     1.13    7.08
 168593.619    68.785     6.92    7.35
 168963.599    70.297     4.09    6.10
 169333.500    71.377     2.92    4.33
 169703.324    72.525     3.10    4.74
 170073.070    73.344     2.22    6.47
 170442.738    75.469     5.75    7.84
 170812.329    76.877     3.81    7.81
 171181.842    78.193     3.56    7.06
 171551.278    78.448     0.69    6.02
 171920.636    79.391     2.55    5.46
 172289.917    80.921     4.14    6.01
 172659.120    83.166     6.08    6.45
 173028.246    84.620     3.94    6.54
 173397.295    85.268     1.76    6.40
 173766.266    85.214    -0.15    5.49
 174135.161    85.497     0.77    4.22
 174503.978    85.300    -0.53    2.49
 174872.718    84.598    -1.90    2.25
 175241.381    82.724    -5.08    3.39
 175609.967    80.474    -6.10    3.71
 175978.476    78.432    -5.54    2.34
 176346.908    77.026    -3.82    1.95
 176715.263    76.071    -2.59    3.01
 177083.542    74.758    -3.57    4.03
 177451.744    72.702    -5.58    3.69
 177819.869    69.815    -7.84    4.89
 178187.917    67.436    -6.46    4.61
 178555.889    67.190    -0.67    4.46
 178923.784    66.453    -2.00    4.36
 179291.603    68.211     4.78    5.22
 179659.345    69.658     3.94    5.12
 180027.011    72.389     7.43    5.05
 180394.600    75.339     8.02    4.87
 180762.113    77.230     5.14    5.00
 181129.550    78.749     4.14    5.00
 181496.910    79.997     3.40    4.26
 181864.194    81.658     4.52    5.94
 182231.403    84.094     6.63    7.76
 182598.535    88.762    12.71    8.67
 182965.591    92.528    10.26    7.89
 183332.571    94.804     6.20    6.08
 183699.475    95.758     2.60    5.22
 184066.303    96.507     2.04    4.77
 184433.055    96.698     0.52    4.52
 184799.731    97.430     2.00    4.08
 185166.332    98.672     3.39    3.80
 185532.857   100.007     3.64    3.46
 185899.306   101.026     2.78    3.29
 186265.680   101.069     0.12    3.89
 186631.978   100.474    -1.62    4.22
 186998.200    99.151    -3.61    4.41
 187364.347    98.222    -2.54    3.93
 187730.419    97.368    -2.33    2.74
 188096.415    97.601     0.64    1.93
 188462.336    98.578     2.67    1.68
 188828.181    98.974     1.08    1.53
 189193.952    98.735    -0.66    1.57
 189559.647    98.345    -1.06    1.70
 189925.267    97.921    -1.16    1.77
 190290.811    97.469    -1.24    1.77
 190656.281    96.627    -2.30    2.25
 191021.676    95.464    -3.18    2.93
 191398.808    94.396    -2.83    2.92
 191779.849    93.879    -1.36    2.96
 192160.807    93.197    -1.79    3.37
 192541.683    92.469    -1.91    3.95
 192922.476    90.355    -5.55    4.47
 193303.186    88.698    -4.35    4.17
 193683.814    87.964    -1.93    4.37
 194064.359    87.203    -2.00    4.55
 194444.821    86.043    -3.05    4.85
 194825.202    84.574    -3.86    4.66
 195205.499    82.964    -4.23    3.85
 195585.715    80.985    -5.20    3.14
 195965.848    79.553    -3.77    2.54
 196345.899    78.283    -3.34    2.74
 196725.868    76.512    -4.66    3.75
 197105.755    73.511    -7.90    4.93
 197485.559    70.297    -8.46    4.90
 197865.282    67.037    -8.58    4.62
 198244.923    63.888    -8.30    5.03
 198624.481    61.787    -5.53    4.59
 199003.958    60.623    -3.07    4.20
 199383.353    59.807    -2.15    4.78
 199762.667    59.833     0.07    5.35
 200141.899    60.380     1.44    6.66
 200521.049    59.388    -2.62    9.18
 200900.117    58.764    -1.65   11.53
 201279.104    57.038    -4.55   12.59
 201658.009    54.943    -5.53   11.27
 202036.833    53.028    -5.05    9.07
 202415.576    51.090    -5.12    7.07
 202794.237    50.512    -1.53    6.55
 203172.817    52.262     4.62    8.20
 203551.316    54.200     5.12    8.91
 203929.734    56.932     7.22    7.11
 204308.070    57.050     0.31    5.01
 204686.326    57.645     1.57    3.10
 205064.500    57.496    -0.39    2.33
 205442.593    57.427    -0.18    2.42
 205820.606    56.627    -2.12    2.86
 206198.537    55.122    -3.98    2.99
 206576.388    53.383    -4.60    3.29
 206954.158    52.857    -1.39    3.04
 207331.848    51.975    -2.34    2.61
 207709.456    52.068     0.25    3.07
 208086.984    52.235     0.44    3.28
 208464.432    52.164    -0.19    3.40
 208841.799    52.118    -0.12    2.79
 209219.085    53.322     3.19    2.10
 209596.291    53.602     0.74    1.72
 209973.417    54.027     1.13    1.96
 210350.462    54.148     0.32    1.97
 210727.427    53.410    -1.96    2.05
 211104.312    52.119    -3.43    2.87
 211481.117    49.123    -7.95    4.62
 211857.842    47.649    -3.91    5.17
 212234.486    47.048    -1.60    4.89
 212611.051    47.274     0.60    4.92
 212987.536    47.113    -0.43    4.37
 213363.940    44.503    -6.93    4.60
 213740.265    42.453    -5.45    5.68
 214116.510    42.230    -0.59    8.18
 214492.676    41.892    -0.90    9.70
 214868.761    42.508     1.64   10.45
 215244.767    42.432    -0.20   10.23
 215620.694    42.694     0.70   10.05
 215996.540    42.304    -1.04    9.53
 216372.308    39.814    -6.63    8.98
 216747.996    37.400    -6.43    6.66
 217123.604    36.256    -3.05    3.88
 217499.133    37.304     2.79    3.47
 217874.583    38.953     4.39    2.75
 218249.953    39.432     1.28    2.24
 218625.245    39.359    -0.19    2.16
 219000.457    38.658    -1.87    2.93
 219375.590    36.518    -5.70    4.83
 219750.644    33.385    -8.35    6.10
 220125.619    30.192    -8.51    5.45
 220500.515    29.517    -1.80    4.15
 220875.332    30.538     2.72    3.85
 221250.070    34.235     9.86    6.07
 221624.730    40.421    16.51    8.87
 221999.310    46.540    16.33    9.67
 222373.812    51.996    14.57    8.89
 222748.236    56.888    13.07    7.00
 223122.580    58.559     4.46    6.32
 223496.846    59.813     3.35    4.36
 223871.034    60.676     2.31    3.31
 224245.143    61.700     2.74    2.65
 224619.174    62.307     1.62    2.69
 224993.126    62.634     0.87    3.31
 225367.000    63.038     1.08    3.59
 225740.796    63.573     1.43    3.63
 226114.513    62.174    -3.74    4.67
 226488.153    60.941    -3.30    4.18
 226861.714    58.531    -6.45    4.35
 227235.197    55.570    -7.92    4.39
 227608.602    53.901    -4.47    4.22
 227981.929    51.942    -5.25    4.36
 228355.178    50.157    -4.78    4.97
 228728.349    49.183    -2.61    5.21
 229101.443    48.123    -2.84    5.07
 229474.458    47.759    -0.98    5.09
 229847.396    47.168    -1.59    6.02
 230220.256    45.351    -4.87    7.57
 230593.039    41.703    -9.78    7.98
 230965.744    39.910    -4.81    7.44
 231338.371    41.017     2.97    7.73
 231710.921    44.974    10.62    8.52
 232083.394    50.641    15.21    6.89
 232455.789    54.996    11.69    4.28
 232828.106    58.085     8.30    3.37
 233200.347    60.985     7.79    4.24
 233572.510    63.293     6.20    3.80
 233944.596    63.340     0.13    3.88
 234316.604    62.441    -2.42    4.61
 234688.536    59.485    -7.95    4.71
 235060.390    56.604    -7.75    3.30
 235432.168    54.394    -5.94    3.82
 235803.868    52.653    -4.68    3.24
 236175.492    52.479    -0.47    3.04
 236547.039    52.075    -1.09    2.74
 236918.508    51.890    -0.50    2.80
 237289.901    50.681    -3.25    2.98
 237661.218    48.824    -5.00    3.41
 238032.457    47.485    -3.61    3.91
 238403.620    44.768    -7.32    3.60
 238774.707    41.985    -7.50    4.35
 239145.716    38.986    -8.08    5.41
 239516.650    35.806    -8.57    4.53
 239887.507    33.361    -6.59    4.51
 240258.287    31.603    -4.74    4.45
 240628.991    29.775    -4.93    3.74
 240999.619    28.857    -2.48    2.44
 241370.170    29.019     0.44    2.94
 241740.645    29.329     0.84    4.26
 242111.044    29.268    -0.17    4.67
 242481.367    28.301    -2.61    5.27
 242851.614    26.028    -6.14    6.17
 243221.785    25.293    -1.98    7.42
 243591.880    24.669    -1.69    8.86
 243961.898    23.897    -2.09    8.28
 244331.841    23.222    -1.83    6.92
 244701.708    23.469     0.67    6.21
 245071.500    24.751     3.47    6.15
 245441.215    27.561     7.60    5.41
 245810.855    29.673     5.71    6.18
 246180.419    31.768     5.67    6.65
 246549.907    32.385     1.67    6.47
 246919.320    31.194    -3.22    5.99
 247288.658    29.050    -5.81    5.38
 247657.919    26.276    -7.51    5.66
 248027.106    23.290    -8.09    6.35
 248396.217    20.304    -8.09    6.05
 248765.253    18.254    -5.55    4.37
 249134.213    19.192     2.54    4.53
 249503.098    22.143     8.00    5.93
 249871.908    26.329    11.35    5.41
 250240.643    30.022    10.01    3.14
 250609.302    31.060     2.82    2.49
 250977.887    29.840    -3.31    3.92
 251346.396    26.490    -9.09    6.04
 251714.831    21.985   -12.22    6.60
 252083.190    15.909   -16.49    6.34
 252451.475    11.996   -10.62    5.35
 252819.685    10.770    -3.33    4.27
 253187.820    12.974     5.99    7.08
 253555.880    18.408    14.76   10.24
 253923.865    23.634    14.20   11.23
 254291.776    26.217     7.02   10.82
 254659.613    24.286    -5.25    9.34
 255027.374    21.782    -6.81    7.39
 255395.061    21.164    -1.68    5.86
 255762.674    22.377     3.30    5.81
 256130.212    24.898     6.86    5.42
 256497.676    26.824     5.24    5.52
 256865.065    29.129     6.27    6.36
 257232.380    30.641     4.12    7.34
 257599.621    32.319     4.57    8.11
 257966.788    33.730     3.84    7.70
 258333.880    34.872     3.11    7.57
 258700.899    36.007     3.09    6.18
 259067.843    36.530     1.43    4.44
 259434.713    36.028    -1.37    2.76
 259801.509    34.512    -4.13    3.07
 260168.232    32.819    -4.62    2.68
 260534.880    31.134    -4.60    2.66
 260901.454    29.319    -4.95    2.71
 261267.955    28.437    -2.41    2.59
 261634.382    29.256     2.23    3.45
 262000.735    31.114     5.07    4.69
 262367.014    32.481     3.73    4.54
 262733.220    31.790    -1.89    3.98
 263099.352    31.333    -1.25    3.80
 263465.411    33.257     5.25    5.85
 263831.396    36.825     9.75    7.89
 264197.308    39.570     7.50    7.43
 264563.146    40.687     3.05    6.21
 264928.911    43.412     7.45    6.87
 265294.602    45.964     6.98    8.27
