# NaN NaN NaN ;Mean Elev.(m), Avg Gradient(m/km), RMS Gradient(m/km) - SRTM1     
#  -15.000  -2.485   9.023 ;Mean Elev.(m), Avg Gradient(m/km), RMS Gradient(m/km) - ASTER GDEM
#    2.200  -3.076   5.020 ;Mean Elev.(m), Avg Gradient(m/km), RMS Gradient(m/km) - GMTED2010 
  7     3.943 52472.62017465 21.13  86.579671  66.577304 11.373
  7    14.044 52472.62017529 16.47  86.576341  66.580374 11.373
  7     3.572 52472.62017594 16.31  86.573001  66.583454 11.373
  8     3.466 52507.62014786 19.80  86.585719  66.579321 13.701
  8     3.220 52507.62014850 20.03  86.582379  66.582401 13.701
  8     3.156 52507.62014914 21.04  86.579049  66.585481 13.701
  8     2.468 52507.62014979 21.13  86.575709  66.588551 13.701
  8     2.013 52507.62015043 20.60  86.572379  66.591631 13.701
 10     3.043 52577.62018060 28.56  86.578417  66.574630 10.468
 10     3.153 52577.62018125 39.84  86.575087  66.577710 10.468
 10     2.174 52577.62018189 43.45  86.571747  66.580780 10.468
 10     2.298 52577.62018254 39.01  86.568417  66.583860 10.468
 10     2.726 52577.62018318 31.43  86.565077  66.586940 10.468
 10     2.664 52577.62018383 25.93  86.561747  66.590010 10.468
 11    14.551 52612.62014551 18.48  86.585377  66.579714  5.362
 11    14.410 52612.62014616 18.95  86.582047  66.582784  5.362
 11    25.609 52612.62014680 19.08  86.578715  66.585862  3.700
 11    28.895 52612.62014809 17.39  86.572045  66.592022  3.700
 12    23.474 52647.62012880 16.72  86.580214  66.575625  3.807
 12    25.645 52647.62012944 16.55  86.576874  66.578695  3.807
 12    26.825 52647.62013008 16.39  86.573544  66.581775  3.807
 12    27.341 52647.62013073 16.57  86.570204  66.584855  3.807
 12    28.234 52647.62013137 15.41  86.566874  66.587925  3.807
 13    24.367 52682.62010205 13.15  86.593524  66.581060  4.008
 13    25.932 52682.62010270 13.01  86.590194  66.584140  4.008
 13    26.916 52682.62010334 12.39  86.586864  66.587210  4.008
 13    28.423 52682.62010399 12.46  86.583526  66.590286  4.193
 14    14.586 52717.62015943 13.56  86.576843  66.575711  4.372
 14    25.004 52717.62016007 13.30  86.573513  66.578791  4.372
 14    26.612 52717.62016072 11.88  86.570173  66.581861  4.372
 14    33.844 52717.62016136  9.97  86.566843  66.584941  4.372
 14    33.247 52717.62016201 13.95  86.563503  66.588021  4.372
 15    14.336 52752.62018444 13.96  86.582116  66.576276  3.988
 15    12.433 52752.62018508 14.54  86.578776  66.579356  3.988
 15     7.746 52752.62018573 16.16  86.575446  66.582436  3.988
 15     2.573 52752.62018637 16.12  86.572116  66.585506  3.988
 15    28.721 52752.62018702 14.85  86.568776  66.588586  3.988
 17     4.297 52822.62020178 26.82  86.574341  66.573208 19.184
 17     4.576 52822.62020242 17.63  86.571011  66.576288 19.184
 17     4.124 52822.62020307 17.76  86.567671  66.579358 19.184
 18    16.125 52857.62024895 19.22  86.578176  66.575497 15.647
 18    14.293 52857.62024960 18.13  86.574846  66.578577 15.647
 18    13.969 52857.62025024 16.53  86.571506  66.581647 15.647
 18     2.799 52857.62025089 17.86  86.568176  66.584727 15.647
 18     2.716 52857.62025153 17.93  86.564836  66.587807 15.647
 19     2.181 52892.62028121 19.59  86.578555  66.577185 12.858
 19     1.945 52892.62028185 18.07  86.575225  66.580265 12.858
 19     1.852 52892.62028250 15.75  86.571885  66.583335 12.858
 19     2.094 52892.62028314 14.69  86.568555  66.586415 12.858
 19     1.516 52892.62028378 14.06  86.565215  66.589495 12.858
 21    12.276 52962.62020519 22.47  86.578585  66.574504  3.834
 21     1.382 52962.62020584 24.18  86.575245  66.577584  3.834
 21     1.061 52962.62020648 25.88  86.571915  66.580664  3.834
 21     0.940 52962.62020713 25.63  86.568575  66.583734  3.834
 21     0.805 52962.62020777 23.86  86.565245  66.586814  3.834
 21     0.715 52962.62020842 22.76  86.561905  66.589894  3.834
 22    14.804 52997.62024621 16.86  86.578866  66.576334  3.427
 22    13.794 52997.62024686 17.81  86.575526  66.579404  3.427
 23    13.767 53032.62020375 17.33  86.590393  66.581165  4.449
 23    13.031 53032.62020439 17.26  86.587063  66.584245  4.449
 24    14.628 53067.62021496 15.88  86.580909  66.577427  4.695
 24    14.177 53067.62021560 15.69  86.577579  66.580507  4.695
 24    25.497 53067.62021625 14.89  86.574239  66.583577  4.695
 24    27.158 53067.62021689 14.08  86.570909  66.586657  4.695
 24    28.418 53067.62021753 12.83  86.567569  66.589737  4.695
 25    12.863 53102.62020630 14.08  86.593638  66.579117  3.786
 25    12.396 53102.62020694 15.32  86.590308  66.582187  3.786
 25    12.676 53102.62020759 14.51  86.586978  66.585267  3.786
 25    25.921 53102.62020823 13.92  86.583648  66.588347  3.786
 25    28.017 53102.62020888 13.66  86.580308  66.591427  3.786
 25    28.992 53102.62020952 12.74  86.576978  66.594497  3.786
 26     2.108 53137.62021841 13.81  86.579001  66.577795  6.642
 26     1.784 53137.62021905 12.12  86.575661  66.580875  6.642
 26     1.767 53137.62021970 10.96  86.572331  66.583955  6.642
 26     2.539 53137.62022034  8.92  86.568991  66.587025  6.642
 26     2.533 53137.62022099  8.19  86.565661  66.590105  6.642
 27    15.276 53172.62026543 48.67  86.569581  66.583357 22.670
 27    15.289 53172.62026608 49.25  86.566241  66.586437 22.670
 27    14.969 53172.62026672 49.68  86.562903  66.589510 16.743
 28     4.252 53207.62027907 20.65  86.581402  66.578178 29.875
 28     3.496 53207.62027972 18.06  86.578062  66.581248 29.875
 28     3.525 53207.62028036 16.21  86.574728  66.584325 12.832
 28     3.686 53207.62028101 15.02  86.571398  66.587405 12.832
 28     3.746 53207.62028165 12.90  86.568058  66.590485 12.832
 29     3.575 53242.62024672 22.64  86.589993  66.579618 26.859
 29     3.400 53242.62024737 14.98  86.586663  66.582688 26.859
 29     3.104 53242.62024801 16.73  86.583328  66.585766 13.651
 29     3.126 53242.62024866 15.41  86.579998  66.588846 13.651
 29     3.121 53242.62024930 14.98  86.576658  66.591926 13.651
 30    15.221 53277.62022060 20.90  86.568273  66.574147 12.840
 30    15.470 53277.62022124 17.99  86.564943  66.577217 12.840
 30    14.804 53277.62022189 15.09  86.561603  66.580297 12.840
 30    21.597 53277.62022253 14.00  86.558263  66.583367 12.840
 31     3.742 53312.62025388 28.77  86.578995  66.575507  8.326
 31     3.860 53312.62025452 34.38  86.575665  66.578587  8.326
 31     3.647 53312.62025517 35.87  86.572325  66.581657  8.326
 31     4.011 53312.62025581 37.20  86.568995  66.584737  8.326
 31     3.047 53312.62025646 42.11  86.565660  66.587810  5.949
 32    16.289 53347.62021967 11.46  86.588514  66.577261  5.954
 32    15.082 53347.62022032 10.99  86.585174  66.580341  5.954
 32    25.626 53347.62022096 11.39  86.581844  66.583421  5.954
 32    26.151 53347.62022161 11.99  86.578514  66.586491  5.954
 32    28.309 53347.62022225 11.60  86.575172  66.589566  5.074
 33    23.832 53382.62018493 11.41  86.571072  66.574730  3.996
 33    25.404 53382.62018558 11.31  86.567733  66.577811 10.044
 33    27.693 53382.62018622 10.47  86.564403  66.580881 10.044
 33    33.535 53382.62018751 11.07  86.557723  66.587041 10.044
 34    23.254 53417.62019903 12.93  86.588277  66.579537  4.775
 34    25.209 53417.62019967 13.55  86.584947  66.582617  4.775
 34    26.132 53417.62020032 13.89  86.581607  66.585687  4.775
 34    27.972 53417.62020096 12.33  86.578269  66.588761  4.540
 35    14.970 53452.62019961 11.22  86.570054  66.572365  4.280
 35    14.032 53452.62020025 11.26  86.566724  66.575445  4.280
 35    26.201 53452.62020090 11.21  86.563388  66.578524  8.265
 35    27.815 53452.62020154 11.18  86.560048  66.581594  8.265
 35    28.324 53452.62020219 11.53  86.556718  66.584674  8.265
 35    28.675 53452.62020283 13.13  86.553378  66.587754  8.265
 36    23.971 53487.62028514  9.35  86.574521  66.574356  3.121
 36    12.192 53487.62028579 10.54  86.571188  66.577434  6.289
 36    26.264 53487.62028643 10.11  86.567858  66.580514  6.289
 36    27.915 53487.62028708  9.46  86.564528  66.583594  6.289
 36    28.754 53487.62028772  9.51  86.561188  66.586664  6.289
 37    18.296 53522.62027568 36.51  86.585543  66.577176 18.065
 37    17.992 53522.62027696 39.47  86.578868  66.583324 10.557
 37    18.137 53522.62027761 36.79  86.575538  66.586404 10.557
 37    18.324 53522.62027825 40.92  86.572198  66.589484 10.557
 37    17.785 53522.62027890 40.79  86.568868  66.592554 10.557
 38     4.467 53557.62030080 28.43  86.579711  66.575386 20.576
 38     4.334 53557.62030144 26.08  86.576381  66.578456 20.576
 38     3.962 53557.62030209 27.22  86.573053  66.581535  3.229
 38     4.149 53557.62030273 26.13  86.569713  66.584615  3.229
 38     4.038 53557.62030338 26.71  86.566383  66.587685  3.229
 38     4.014 53557.62030402 25.58  86.563043  66.590765  3.229
 39     2.651 53592.62023853 35.49  86.595940  66.582036 27.460
 39     2.734 53592.62023917 38.53  86.592609  66.585117 10.782
 39     2.934 53592.62023982 41.50  86.589279  66.588197 10.782
 39     2.939 53592.62024046 43.46  86.585939  66.591277 10.782
 39     2.967 53592.62024111 45.92  86.582609  66.594347 10.782
 40     2.839 53627.62022859 18.99  86.561319  66.572979 14.860
 40     2.808 53627.62022924 18.71  86.557986  66.576060 21.385
 40     3.123 53627.62022988 16.73  86.554656  66.579130 21.385
 40     2.192 53627.62023053 15.36  86.551316  66.582210 21.385
 41    15.884 53662.62025341 22.95  86.578270  66.574620  8.528
 41    24.220 53662.62025406 22.37  86.574930  66.577690  8.528
 41    28.392 53662.62025599 21.27  86.564928  66.586925 11.032
 42     2.094 53697.62021805 20.90  86.589470  66.578150  6.379
 42     2.159 53697.62021870 22.32  86.586130  66.581230  6.379
 42     2.150 53697.62021934 21.74  86.582800  66.584310  6.379
 42     2.328 53697.62021999 22.01  86.579470  66.587380  6.379
 42     1.988 53697.62022063 22.21  86.576132  66.590455  3.021
 42     2.051 53697.62022128 20.66  86.572792  66.593535  3.021
 43    15.399 53732.62014073 17.24  86.599189  66.580285  4.838
 43    12.577 53732.62014138 18.10  86.595859  66.583365  4.838
 43     1.076 53732.62014202 20.43  86.592529  66.586445  4.838
 43     1.489 53732.62014267 20.09  86.589189  66.589515  4.838
 43     1.026 53732.62014331 20.90  86.585855  66.592594  4.115
 43     1.624 53732.62014396 19.50  86.582525  66.595674  4.115
 44    14.877 53767.62011771 16.20  86.582175  66.577776  3.472
 44    13.277 53767.62011836 16.57  86.578835  66.580846  3.472
 44     8.501 53767.62011900 17.38  86.575505  66.583926  3.472
 44    27.013 53767.62011964 16.46  86.572165  66.587006  3.472
 44    28.385 53767.62012029 15.98  86.568825  66.590076  3.472
 45    15.760 53802.62011728 15.23  86.593774  66.580971  4.254
 45    14.993 53802.62011792 15.97  86.590444  66.584041  4.254
 45    24.355 53802.62011857 15.76  86.587114  66.587120  4.544
 45    27.243 53802.62011921 14.59  86.583774  66.590200  4.544
 46    24.095 53837.62012966 13.40  86.569386  66.575019  3.415
 46    25.212 53837.62013031 13.29  86.566056  66.578099  3.415
 46    27.274 53837.62013095 13.20  86.562716  66.581169  3.415
 46    29.608 53837.62013160 12.57  86.559376  66.584249  3.415
 47     2.325 53872.62018122 43.11  86.580065  66.576077 16.420
 47     2.225 53872.62018186 35.83  86.576735  66.579147 16.420
 47     2.442 53872.62018251 28.07  86.573405  66.582222 12.725
 47     3.287 53872.62018315 37.87  86.570065  66.585302 12.725
 47     2.780 53872.62018380 49.70  86.566725  66.588382 12.725
 48    11.700 53907.62022258 15.68  86.575002  66.576144 14.776
 48    11.110 53907.62022323 16.92  86.571672  66.579224 14.776
 48    10.662 53907.62022387 18.65  86.568332  66.582304 14.776
 48    11.111 53907.62022452 16.54  86.565002  66.585384 14.776
 48    11.203 53907.62022516 17.66  86.561662  66.588454 14.776
 49     3.494 53942.62024863 29.63  86.575488  66.575403 20.195
 49     3.638 53942.62024927 20.56  86.572158  66.578473 20.195
 49     3.666 53942.62024992 16.38  86.568818  66.581553 20.195
 49     2.254 53942.62025056 19.27  86.565488  66.584633 20.195
 49     1.071 53942.62025121 19.23  86.562158  66.587703 20.195
 50     3.281 53977.62020139 35.67  86.591050  66.578473 17.289
 50     2.543 53977.62020203 35.90  86.587720  66.581553 17.289
 50     2.180 53977.62020268 37.78  86.584390  66.584633 17.289
 50     2.086 53977.62020332 35.73  86.581050  66.587703 17.289
 50     1.851 53977.62020397 34.50  86.577720  66.590783 17.289
 50     2.191 53977.62020461 31.76  86.574380  66.593863 17.289
 51    16.441 54012.62020860 19.03  86.569114  66.574439 12.490
 51    15.487 54012.62020925 20.19  86.565774  66.577519 12.490
 51    13.726 54012.62020989 19.12  86.562444  66.580589 12.490
 52    16.383 54047.62021870 16.47  86.587313  66.576815  5.078
 52    14.005 54047.62021935 17.62  86.583983  66.579895  5.078
 52    14.297 54047.62021999 17.59  86.580643  66.582975  5.078
 52    26.393 54047.62022063 17.64  86.577313  66.586045  5.078
 52    27.917 54047.62022128 17.14  86.573973  66.589125  5.078
 54    16.294 54117.62014279 14.15  86.598975  66.579736  5.354
 54    15.769 54117.62014343 14.98  86.595635  66.582816  5.354
 54    15.186 54117.62014408 15.99  86.592305  66.585896  5.354
 54    26.004 54117.62014472 15.08  86.588975  66.588976  5.354
 54    34.465 54117.62014601 12.87  86.582305  66.595126  5.354
 55    24.095 54152.62016451  9.73  86.581611  66.576958  3.036
 55    32.451 54152.62016516  9.63  86.578281  66.580028  3.036
 55    34.662 54152.62016580  9.46  86.574941  66.583108  3.036
 55    34.844 54152.62016645  9.30  86.571611  66.586188  3.036
 56    14.075 54187.62013646 12.35  86.595607  66.579625  2.705
 56    15.072 54187.62013711 11.83  86.592267  66.582705  2.705
 56    26.153 54187.62013775 11.43  86.588937  66.585785  2.705
 56    27.334 54187.62013840 11.79  86.585607  66.588855  2.705
 56    28.774 54187.62013904 10.83  86.582267  66.591935  2.705
 56    30.264 54187.62013969 10.50  86.578937  66.595015  2.705
 57     4.381 54222.62017413 23.68  86.578114  66.574709  6.410
 57     4.366 54222.62017477 19.79  86.574784  66.577789  6.410
 57     4.349 54222.62017542 19.97  86.571454  66.580859  6.410
 57     4.226 54222.62017606 19.46  86.568114  66.583939  6.410
 57     4.227 54222.62017670 16.71  86.564774  66.587019  6.410
 57     3.971 54222.62017735 16.62  86.561444  66.590089  6.410
 59     5.786 54292.62019882 23.08  86.584160  66.576733 13.912
 59    13.945 54292.62019946 17.98  86.580830  66.579813 13.912
 59    14.131 54292.62020075 13.81  86.574160  66.585963 13.912
 59    12.839 54292.62020140 11.77  86.570830  66.589043 13.912
 60     4.414 54327.62019510 22.07  86.587355  66.579217 16.478
 60     4.338 54327.62019574 21.69  86.584025  66.582297 16.478
 60     5.016 54327.62019639 21.64  86.580695  66.585367 16.478
 60     3.939 54327.62019703 21.03  86.577355  66.588447 16.478
 60     4.249 54327.62019768 27.38  86.574025  66.591527 16.478
 61     4.453 54362.62014454 23.86  86.595440  66.581801 14.011
 61     4.426 54362.62014518 19.24  86.592100  66.584881 14.011
 61     4.255 54362.62014583 20.03  86.588770  66.587961 14.011
 61     4.538 54362.62014647 18.62  86.585440  66.591031 14.011
 61     5.027 54362.62014711 18.94  86.582100  66.594111 14.011
 62     3.126 54397.62013468 38.56  86.581484  66.577304 13.047
 62     3.272 54397.62013532 39.29  86.578144  66.580374 13.047
 62     2.984 54397.62013597 43.86  86.574814  66.583454 13.047
 62     2.987 54397.62013661 41.10  86.571474  66.586534 13.047
 62     2.739 54397.62013726 43.16  86.568144  66.589614 13.047
 63     1.694 54432.62009360 24.57  86.595011  66.578760  3.765
 63     1.654 54432.62009425 25.49  86.591681  66.581840  3.765
 63     1.617 54432.62009489 26.00  86.588351  66.584920  3.765
 63     1.526 54432.62009554 26.03  86.585011  66.587990  3.765
 63     1.662 54432.62009618 24.95  86.581681  66.591070  3.765
 63     1.472 54432.62009683 23.83  86.578341  66.594150  3.765
 64     1.888 54467.62011622 23.15  86.579278  66.575448  4.320
 64     1.950 54467.62011686 24.89  86.575938  66.578518  4.320
 64     2.042 54467.62011751 23.98  86.572608  66.581598  4.320
 64     2.062 54467.62011815 24.00  86.569268  66.584678  4.320
 64     1.766 54467.62011880 24.32  86.565938  66.587758  4.320
 64     1.623 54467.62011944 23.83  86.562598  66.590828  4.320
 65     2.566 54502.62010887 21.23  86.591723  66.578152  6.450
 65     2.258 54502.62010952 21.71  86.588396  66.581232  3.843
 65     2.080 54502.62011016 23.06  86.585056  66.584312  3.843
 65     2.112 54502.62011081 22.34  86.581726  66.587382  3.843
 65     2.121 54502.62011145 21.58  86.578386  66.590462  3.843
 65     2.034 54502.62011210 20.98  86.575056  66.593542  3.843
 66    15.579 54537.62013205 13.17  86.585358  66.577942  6.890
 66    14.446 54537.62013269 13.15  86.582018  66.581022  6.890
 66    26.272 54537.62013334 13.62  86.578688  66.584102  6.890
 66    27.506 54537.62013398 13.17  86.575348  66.587172  6.890
 66    29.071 54537.62013463 12.65  86.572018  66.590252  6.890
 67    25.657 54572.62011093  9.89  86.592587  66.581262  3.242
 67    27.020 54572.62011158  9.70  86.589257  66.584342  3.242
 67    28.235 54572.62011222 10.28  86.585917  66.587412  3.242
 67    36.109 54572.62011287  9.69  86.582584  66.590492  3.013
 67    36.915 54572.62011351  9.20  86.579254  66.593572  3.013
 69    17.313 54642.62013442 12.96  86.583464  66.579367 22.884
 69    16.553 54642.62013506 13.28  86.580135  66.582445 14.053
 69    16.352 54642.62013571 12.91  86.576795  66.585525 14.053
 70     5.372 54677.62013585 38.36  86.582829  66.576527 20.508
 70     5.423 54677.62013649 39.46  86.579499  66.579597 20.508
 70     5.120 54677.62013714 37.39  86.576160  66.582674  5.615
 70     4.184 54677.62013778 37.40  86.572830  66.585754  5.615
 70     4.348 54677.62013907 34.92  86.566150  66.591904  5.615
 71     3.753 54712.62008966 47.66  86.597355  66.579140 21.497
 71     3.756 54712.62009030 40.29  86.594025  66.582210 21.497
 71     3.561 54712.62009095 43.14  86.590685  66.585290 21.497
 71     3.916 54712.62009159 47.75  86.587355  66.588370 21.497
 71     3.764 54712.62009224 48.71  86.584025  66.591440 21.497
 71     3.588 54712.62009288 48.46  86.580686  66.594519  5.793
 72     4.302 54747.62010455 37.89  86.579547  66.575972 20.083
 72     4.045 54747.62010520 37.21  86.576213  66.579047  5.879
 72     3.278 54747.62010584 35.85  86.572873  66.582127  5.879
 73     2.281 54782.62007595 27.41  86.588885  66.577892  5.443
 73     2.197 54782.62007660 30.39  86.585555  66.580962  5.443
 73     2.224 54782.62007724 30.76  86.582225  66.584038  4.192
 73     2.431 54782.62007789 28.70  86.578885  66.587118  4.192
 73     2.065 54782.62007853 29.02  86.575555  66.590198  4.192
 73     1.936 54782.62007918 26.40  86.572215  66.593268  4.192
 74     2.051 54817.62009748 21.55  86.578943  66.576710  6.993
 74     1.829 54817.62009813 23.18  86.575604  66.579785  3.539
 74     1.692 54817.62009877 22.17  86.572274  66.582865  3.539
 74     1.518 54817.62009942 22.02  86.568934  66.585945  3.539
 74     1.054 54817.62010006 21.80  86.565594  66.589015  3.539
 75    14.930 54852.62007352 14.83  86.589956  66.578250  4.952
 75    14.409 54852.62007416 15.35  86.586626  66.581330  4.952
 75    13.860 54852.62007481 15.49  86.583286  66.584400  4.952
 75    26.496 54852.62007545 15.33  86.579952  66.587478  3.394
 75    28.636 54852.62007610 14.10  86.576622  66.590558  3.394
 75    29.346 54852.62007674 13.79  86.573282  66.593638  3.394
 76    22.234 54887.62010152 12.85  86.582690  66.575697  4.184
 76    15.252 54887.62010216 12.49  86.579359  66.578774  3.680
 76    26.608 54887.62010281 12.60  86.576029  66.581854  3.680
 76    27.611 54887.62010345 12.06  86.572689  66.584934  3.680
 76    28.949 54887.62010410 12.20  86.569359  66.588004  3.680
 76    30.130 54887.62010474 11.78  86.566019  66.591084  3.680
 77    22.932 54922.62007417 12.97  86.595470  66.580669  3.874
 77    25.070 54922.62007481 12.86  86.592140  66.583749  3.874
 77    25.847 54922.62007546 12.74  86.588800  66.586819  3.874
 77    28.020 54922.62007610 12.50  86.585466  66.589899  3.075
 77    30.064 54922.62007675 12.50  86.582136  66.592979  3.075
 78     3.787 54957.62009857 19.67  86.577148  66.576276  3.996
 78     3.849 54957.62009921 20.14  86.573818  66.579356  3.996
 78     3.484 54957.62009986 19.84  86.570488  66.582436  3.996
 78     3.384 54957.62010050 17.68  86.567148  66.585506  3.996
 78     2.979 54957.62010115 17.29  86.563808  66.588586  3.996
 79    15.865 54992.62012101 21.97  86.582161  66.575851 19.408
 79    15.865 54992.62012294 14.70  86.572160  66.585090  9.699
 80     5.806 55027.62011165 25.41  86.587176  66.577919 25.924
 80     5.816 55027.62011230 20.83  86.583838  66.580998  3.231
 80     3.933 55027.62011294 19.65  86.580508  66.584078  3.231
 80     4.035 55027.62011359 20.09  86.577168  66.587158  3.231
 80     4.238 55027.62011423 19.17  86.573838  66.590228  3.231
 81     3.585 55062.62010430 41.85  86.585248  66.577646 23.829
 81     2.703 55062.62010494 42.15  86.581918  66.580716 23.829
 81     2.291 55062.62010559 39.75  86.578577  66.583795  5.195
 82    14.697 55097.62005221 18.09  86.595304  66.581989 19.170
 82     2.222 55097.62005285 18.81  86.591974  66.585069 19.170
 82    14.568 55097.62005350 15.16  86.588644  66.588149 19.170
 83     2.368 55132.62004753 43.27  86.579816  66.576514 13.646
 83     2.915 55132.62004817 45.14  86.576483  66.579588 10.856
 83     2.237 55132.62004882 46.96  86.573143  66.582668 10.856
 83     2.494 55132.62004946 48.16  86.569813  66.585748 10.856
 83     2.128 55132.62005011 44.91  86.566473  66.588818 10.856
 84    15.628 55167.62001410 18.75  86.590220  66.579147  4.277
 84    22.625 55167.62001474 19.06  86.586880  66.582227  4.277
 84    25.318 55167.62001539 18.57  86.583550  66.585307  4.277
 84    27.014 55167.62001603 18.57  86.580220  66.588377  4.277
 84    28.875 55167.62001668 18.03  86.576878  66.591452  4.517
 85    14.936 55202.62003987 15.27  86.580350  66.575732  4.739
 85    15.101 55202.62004051 15.33  86.577018  66.578809  3.215
 85    24.132 55202.62004116 15.09  86.573678  66.581889  3.215
 85    26.678 55202.62004180 15.20  86.570348  66.584969  3.215
 85    27.726 55202.62004245 14.68  86.567008  66.588039  3.215
 86    13.933 55237.62002142 13.96  86.591154  66.579415  3.153
 86    24.852 55237.62002206 13.30  86.587824  66.582495  3.153
 86    26.188 55237.62002271 12.98  86.584494  66.585565  3.153
 86    28.047 55237.62002335 12.78  86.581157  66.588642  3.341
 86    28.562 55237.62002399 12.75  86.577817  66.591722  3.341
 87    14.939 55272.62003388 12.88  86.586010  66.576400  3.149
 87    23.949 55272.62003453 13.07  86.582674  66.579478  3.520
 87    25.089 55272.62003517 13.14  86.579344  66.582558  3.520
 87    28.013 55272.62003582 12.60  86.576004  66.585638  3.520
 87    28.487 55272.62003646 12.78  86.572674  66.588708  3.520
 87    33.837 55272.62003710 12.20  86.569334  66.591788  3.520
 88     2.339 55307.62000415  8.88  86.595294  66.581047  4.476
 88     1.998 55307.62000480  6.53  86.591964  66.584127  4.476
 89    10.721 55342.62000392 49.46  86.582591  66.578637 13.640
 89    10.532 55342.62000457 49.98  86.579261  66.581707 13.640
 89    10.860 55342.62000521 47.43  86.575930  66.584784  9.449
 89    10.686 55342.62000586 48.57  86.572590  66.587864  9.449
 89    10.627 55342.62000650 51.63  86.569260  66.590944  9.449
 91    14.698 55412.62002170 17.90  86.578403  66.577704 11.165
 91     4.111 55412.62002235 18.36  86.575063  66.580784 11.165
 91     4.099 55412.62002299 17.39  86.571733  66.583864 11.165
 91     4.108 55412.62002364 17.34  86.568393  66.586934 11.165
 91     4.226 55412.62002428 16.61  86.565063  66.590014 11.165
 92     3.854 55447.62001174 40.31  86.588506  66.577466 18.939
 92     4.472 55447.62001239 30.18  86.585176  66.580546 18.939
 92     4.168 55447.62001303 28.67  86.581836  66.583616 18.939
 92     3.621 55447.62001368 28.49  86.578508  66.586694  4.603
 92     3.042 55447.62001432 28.33  86.575168  66.589774  4.603
 92     2.474 55447.62001497 28.67  86.571828  66.592854  4.603
 93    16.971 55482.61994134 19.81  86.601253  66.580070  8.117
 93    16.357 55482.61994198 19.00  86.597923  66.583150  8.117
 93    26.128 55482.61994263 15.92  86.594593  66.586220  8.117
 93    27.111 55482.61994327 16.45  86.591253  66.589300  8.117
 93    28.669 55482.61994392 18.14  86.587923  66.592380  8.117
