# NaN NaN NaN ;Mean Elev.(m), Avg Gradient(m/km), RMS Gradient(m/km) - SRTM1     
#  -12.144  -4.704   5.327 ;Mean Elev.(m), Avg Gradient(m/km), RMS Gradient(m/km) - ASTER GDEM
#    1.015  -1.897   6.540 ;Mean Elev.(m), Avg Gradient(m/km), RMS Gradient(m/km) - GMTED2010 
  7    13.053 52453.61827887 40.29  86.759187  67.062867 33.008
  7    10.678 52453.61827952 39.01  86.755727  67.065937 33.008
  7    12.438 52453.61828016 37.94  86.752267  67.069007 33.008
  7    11.721 52453.61828081 39.16  86.748807  67.072067 33.008
  7    10.421 52453.61828145 39.50  86.745347  67.075137 33.008
  7    13.411 52453.61828210 39.02  86.741887  67.078207 33.008
  7    13.186 52453.61828274 38.58  86.738427  67.081267 33.008
  7    12.724 52453.61828339 39.23  86.734957  67.084337 33.008
  7    12.302 52453.61828403 39.76  86.731497  67.087407 33.008
  7    11.859 52453.61828468 40.14  86.728037  67.090467 33.008
  7    11.640 52453.61828532 39.87  86.724570  67.093540 29.996
  7    11.499 52453.61828597 39.27  86.721100  67.096600 29.996
  7    11.490 52453.61828661 40.77  86.717630  67.099670 29.996
  8    31.084 52488.61825977  9.41  86.757214  67.075039 14.931
  8    22.741 52488.61826106 12.05  86.750294  67.081169 14.931
  8    22.468 52488.61826171 12.23  86.746824  67.084239 14.931
  8    21.272 52488.61826235 13.21  86.743364  67.087299 14.931
  8    21.107 52488.61826300 13.70  86.739894  67.090369 14.931
  8    19.068 52488.61826364 14.08  86.736434  67.093439 14.931
  8    20.244 52488.61826429 14.08  86.732964  67.096499 14.931
  9     2.946 52523.61823460 42.91  86.758487  67.077373 17.381
  9     2.987 52523.61823524 41.13  86.755027  67.080443 17.381
  9     3.460 52523.61823589 39.41  86.751567  67.083513 17.381
  9     3.280 52523.61823653 40.25  86.748107  67.086573 17.381
  9     3.130 52523.61823718 38.58  86.744647  67.089643 17.381
  9     2.983 52523.61823782 37.78  86.741177  67.092713 17.381
  9     2.767 52523.61823846 37.66  86.737717  67.095773 17.381
  9     2.624 52523.61823911 36.11  86.734247  67.098843 17.381
 10     4.655 52558.61828110 29.04  86.759127  67.057647  5.917
 10     2.247 52558.61828174 26.21  86.755667  67.060717  5.917
 10    13.066 52558.61828239 25.27  86.752217  67.063787  5.917
 10    12.943 52558.61828303 22.68  86.748757  67.066847  5.917
 10    13.211 52558.61828368 23.04  86.745287  67.069917  5.917
 10    12.993 52558.61828432 24.95  86.741827  67.072987  5.917
 10    13.273 52558.61828496 23.89  86.738367  67.076047  5.917
 10     1.313 52558.61828561 24.35  86.734906  67.079111  9.843
 10     1.153 52558.61828625 25.31  86.731446  67.082181  9.843
 10     0.976 52558.61828690 25.29  86.727976  67.085251  9.843
 10     0.923 52558.61828754 24.71  86.724516  67.088311  9.843
 10    13.758 52558.61828819 24.38  86.721046  67.091381  9.843
 10    12.689 52558.61828883 25.21  86.717576  67.094441  9.843
 10    13.110 52558.61828948 25.31  86.714106  67.097511  9.843
 10    15.506 52558.61829012 24.02  86.710636  67.100581  9.843
 11    34.132 52593.61828299 13.16  86.758365  67.064077  9.050
 11    31.977 52593.61828363 13.45  86.754905  67.067137  9.050
 11    30.397 52593.61828428 15.34  86.751445  67.070207  9.050
 11    12.695 52593.61828492 17.10  86.747985  67.073277  9.050
 11     0.603 52593.61828750 27.63  86.734135  67.085537  9.050
 11     0.966 52593.61828814 24.62  86.730675  67.088607  9.050
 11     0.829 52593.61828879 25.00  86.727205  67.091667  9.050
 11     1.163 52593.61828943 23.37  86.723745  67.094737  9.050
 11     1.038 52593.61829008 22.54  86.720275  67.097807  9.050
 11    13.674 52593.61829072 21.66  86.716805  67.100867  9.050
 12    36.271 52628.61820747 10.78  86.757362  67.061538  3.802
 12    35.121 52628.61820812 11.16  86.753902  67.064608  3.802
 12    33.870 52628.61820876 11.14  86.750442  67.067678  3.802
 12    32.395 52628.61820941 10.21  86.746982  67.070738  3.802
 12    31.409 52628.61821005 10.61  86.743520  67.073800  4.309
 12    30.571 52628.61821069 10.22  86.740050  67.076870  4.309
 12    28.680 52628.61821134 11.29  86.736590  67.079940  4.309
 12    26.689 52628.61821198 13.91  86.733120  67.083000  4.309
 12    11.413 52628.61821263 14.07  86.729660  67.086070  4.309
 12    10.372 52628.61821327 15.64  86.726190  67.089130  4.309
 12    13.435 52628.61821392 14.83  86.722720  67.092200  4.309
 12    13.429 52628.61821456 14.52  86.719250  67.095270  4.309
 12    14.895 52628.61821521 14.47  86.715790  67.098330  4.309
 12    15.187 52628.61821585 14.60  86.712310  67.101400  4.309
 13    39.780 52663.61824575 10.69  86.758012  67.068081  3.601
 13    34.326 52663.61824639 10.72  86.754552  67.071141  3.601
 13    37.426 52663.61824704  9.36  86.751092  67.074211  3.601
 13    32.749 52663.61824768  9.66  86.747632  67.077281  3.601
 13    37.975 52663.61824832  8.64  86.744172  67.080341  3.601
 13    31.635 52663.61824897  8.93  86.740712  67.083411  3.601
 13    30.864 52663.61824961  9.18  86.737242  67.086481  3.601
 13    29.221 52663.61825026 10.78  86.733782  67.089541  3.601
 13    28.177 52663.61825090 11.58  86.730312  67.092611  3.601
 13    27.179 52663.61825155 12.94  86.726852  67.095671  3.601
 13    14.066 52663.61825219 13.39  86.723382  67.098741  3.601
 14    41.199 52698.61821906  9.97  86.758153  67.057334  3.804
 14    36.167 52698.61821970 10.04  86.754693  67.060394  3.804
 14    34.750 52698.61822035 10.83  86.751233  67.063464  3.804
 14    33.726 52698.61822099  9.91  86.747773  67.066534  3.804
 14    32.476 52698.61822164  9.02  86.744303  67.069594  3.804
 14    31.704 52698.61822228  8.06  86.740843  67.072664  3.804
 14    34.739 52698.61822292  8.00  86.737383  67.075724  3.804
 14    29.012 52698.61822357  8.17  86.733913  67.078794  3.804
 14    27.801 52698.61822421  9.32  86.730453  67.081864  3.804
 14    11.636 52698.61822486 11.55  86.726983  67.084924  3.804
 14    12.593 52698.61822550 12.24  86.723523  67.087994  3.804
 14    12.142 52698.61822615 11.74  86.720053  67.091054  3.804
 14    13.077 52698.61822679 12.26  86.716583  67.094124  3.804
 14    13.720 52698.61822744 12.17  86.713113  67.097184  3.804
 14    14.371 52698.61822808 12.39  86.709643  67.100254  3.804
 15    36.192 52733.61824554 10.25  86.759957  67.077019  3.722
 15    35.418 52733.61824618  9.74  86.756497  67.080079  3.722
 15    34.450 52733.61824683  9.32  86.753037  67.083149  3.722
 15    33.679 52733.61824747  9.87  86.749567  67.086219  3.722
 15    32.378 52733.61824812  9.89  86.746107  67.089279  3.722
 15    31.250 52733.61824876  9.85  86.742637  67.092349  3.722
 15    39.947 52733.61824941  4.54  86.739177  67.095409  3.722
 15    31.128 52733.61825005  8.97  86.735707  67.098479  3.722
 16     1.217 52768.61824849 26.13  86.760426  67.077549  9.773
 16     0.812 52768.61824914 28.92  86.756966  67.080609  9.773
 16     1.685 52768.61824978 18.48  86.753506  67.083679  9.773
 16     0.597 52768.61825042 17.03  86.750046  67.086749  9.773
 16     1.415 52768.61825107 12.27  86.746586  67.089819  9.773
 16     1.945 52768.61825171 10.47  86.743126  67.092879  9.773
 16     2.244 52768.61825236  7.54  86.739656  67.095949  9.773
 16     2.122 52768.61825300  9.96  86.736196  67.099009  9.773
 17    13.132 52803.61826678 45.71  86.757137  67.054107 16.794
 17    12.971 52803.61826742 48.55  86.753677  67.057177 16.794
 17    12.922 52803.61826807 47.10  86.750217  67.060237 16.794
 17    12.704 52803.61826871 46.04  86.746757  67.063307 16.794
 17    12.825 52803.61826936 44.37  86.743297  67.066377 16.794
 17    12.811 52803.61827000 40.34  86.739837  67.069437 16.794
 17    13.228 52803.61827064 32.55  86.736367  67.072507 16.794
 17    13.014 52803.61827129 29.60  86.732907  67.075567 16.794
 17    12.560 52803.61827193 28.66  86.729447  67.078637 16.794
 17    12.697 52803.61827322 28.92  86.722507  67.084767 16.794
 17    12.831 52803.61827387 31.74  86.719047  67.087837 16.794
 17    12.449 52803.61827451 30.47  86.715574  67.090902 13.200
 17    12.082 52803.61827516 30.75  86.712114  67.093962 13.200
 17    12.339 52803.61827580 30.64  86.708644  67.097032 13.200
 17    12.045 52803.61827645 31.15  86.705174  67.100102 13.200
 17    11.989 52803.61827709 32.20  86.701694  67.103162 13.200
 18     3.589 52838.61833141 25.03  86.757125  67.061734 10.016
 18     2.731 52838.61833205 21.24  86.753665  67.064804 10.016
 18    15.052 52838.61833270 19.57  86.750205  67.067864 10.016
 18     2.613 52838.61833334 19.40  86.746745  67.070934 10.016
 18    13.458 52838.61833399 19.00  86.743285  67.074004 10.016
 18    14.328 52838.61833463 19.23  86.739815  67.077064 10.016
 18    14.821 52838.61833528 19.46  86.736355  67.080134 10.016
 18    14.724 52838.61833592 18.78  86.732885  67.083194 10.016
 18    14.199 52838.61833657 17.88  86.729425  67.086264 10.016
 18     2.341 52838.61833721 17.79  86.725955  67.089334 10.016
 18     2.493 52838.61833786 16.61  86.722495  67.092394 10.016
 18     2.150 52838.61833850 16.25  86.719025  67.095464 10.016
 18    18.399 52838.61833915 15.50  86.715550  67.098529 30.964
 19    13.785 52873.61837178 13.75  86.757128  67.065105 16.416
 19    14.853 52873.61837242 17.28  86.753668  67.068165 16.416
 19    15.636 52873.61837307 10.18  86.750208  67.071235 16.416
 19    16.224 52873.61837371 11.85  86.746748  67.074305 16.416
 19    16.249 52873.61837436 11.12  86.743278  67.077365 16.416
 19    16.106 52873.61837500 11.12  86.739818  67.080435 16.416
 19    15.952 52873.61837564 12.50  86.736358  67.083495 16.416
 19    16.380 52873.61837629 11.88  86.732888  67.086565 16.416
 19    14.807 52873.61837693 11.72  86.729428  67.089635 16.416
 19    11.863 52873.61837758 12.78  86.725958  67.092695 16.416
 19    17.588 52873.61837822 12.16  86.722488  67.095765 16.416
 19    18.926 52873.61837887 12.57  86.719026  67.098831 35.271
 20    33.808 52908.61835491  7.46  86.758716  67.077121 16.982
 20    34.744 52908.61835556  9.28  86.755256  67.080181 16.982
 20    34.647 52908.61835620  9.34  86.751786  67.083251 16.982
 20    41.379 52908.61835685  9.22  86.748326  67.086311 16.982
 20    33.702 52908.61835749  9.77  86.744866  67.089381 16.982
 20    22.858 52908.61835813 11.30  86.741396  67.092451 16.982
 20    20.500 52908.61835878 11.49  86.737936  67.095511 16.982
 20    20.258 52908.61835942 12.77  86.734466  67.098581 16.982
 21    13.019 52943.61828096 26.09  86.759928  67.058434  8.104
 21     1.080 52943.61828160 33.08  86.756468  67.061494  8.104
 21     0.765 52943.61828225 29.70  86.753008  67.064564  8.104
 21    12.209 52943.61828289 27.59  86.749548  67.067624  8.104
 21     1.241 52943.61828354 29.95  86.746078  67.070694  8.104
 21     1.113 52943.61828418 33.13  86.742618  67.073764  8.104
 21     0.909 52943.61828483 31.80  86.739158  67.076824  8.104
 21     1.076 52943.61828547 33.20  86.735688  67.079894  8.104
 21     0.775 52943.61828612 32.27  86.732228  67.082954  8.104
 21     0.813 52943.61828676 30.94  86.728758  67.086024  8.104
 21     1.005 52943.61828741 32.07  86.725288  67.089094  8.104
 21     0.719 52943.61828805 37.48  86.721828  67.092154  8.104
 21     0.697 52943.61828870 31.58  86.718358  67.095224  8.104
 21     0.676 52943.61828934 29.84  86.714888  67.098284  8.104
 23    42.660 53013.61833899  7.00  86.760340  67.069184  5.583
 23    39.315 53013.61833964  8.21  86.756880  67.072254  5.583
 23    37.322 53013.61834028  8.32  86.753420  67.075324  5.583
 23    36.077 53013.61834093  8.23  86.749960  67.078394  5.583
 23    33.785 53013.61834157  7.62  86.746500  67.081454  5.583
 23    33.018 53013.61834222  9.40  86.743030  67.084524  5.583
 23    30.970 53013.61834286  9.13  86.739570  67.087584  5.583
 23    28.843 53013.61834351 11.48  86.736110  67.090654  5.583
 23    27.999 53013.61834415 12.79  86.732640  67.093724  5.583
 23    27.171 53013.61834480 13.23  86.729180  67.096784  5.583
 24    13.075 53048.61830797 12.54  86.755921  67.059964  5.948
 24    12.756 53048.61830862 13.55  86.752461  67.063034  5.948
 24    30.113 53048.61830926 10.41  86.749001  67.066104  5.948
 24    13.042 53048.61830991 12.31  86.745541  67.069164  5.948
 24    12.339 53048.61831055 13.13  86.742071  67.072234  5.948
 24     6.870 53048.61831119 14.18  86.738611  67.075294  5.948
 24     1.397 53048.61831184 14.50  86.735151  67.078364  5.948
 24    11.744 53048.61831248 14.84  86.731681  67.081434  5.948
 24    11.642 53048.61831313 14.96  86.728221  67.084494  5.948
 24    10.539 53048.61831377 15.22  86.724751  67.087564  5.948
 24    10.568 53048.61831442 15.93  86.721281  67.090624  5.948
 24    11.759 53048.61831506 16.05  86.717821  67.093694  5.948
 24    13.625 53048.61831571 15.45  86.714351  67.096764  5.948
 24    14.786 53048.61831635 15.82  86.710881  67.099824  5.948
 25    40.432 53083.61834458  7.43  86.758015  67.067134  4.176
 25    38.356 53083.61834522  9.10  86.754555  67.070204  4.176
 25    37.400 53083.61834587  8.18  86.751095  67.073264  4.176
 25    35.773 53083.61834651  8.70  86.747635  67.076334  4.176
 25    34.053 53083.61834716  7.61  86.744175  67.079404  4.176
 25    31.750 53083.61834780  9.10  86.740715  67.082464  4.176
 25    29.856 53083.61834845  9.73  86.737255  67.085534  4.176
 25    26.136 53083.61834909 10.70  86.733785  67.088604  4.176
 25    26.603 53083.61834974 10.96  86.730325  67.091664  4.176
 25    27.867 53083.61835038 10.57  86.726855  67.094734  4.176
 25    25.709 53083.61835103 11.33  86.723395  67.097794  4.176
 26    38.653 53118.61831293  8.44  86.758672  67.055929  4.916
 26    35.838 53118.61831358  9.10  86.755212  67.058999  4.916
 26    35.132 53118.61831422  8.58  86.751752  67.062069  4.916
 26    34.461 53118.61831487  7.80  86.748292  67.065129  4.916
 26    32.251 53118.61831551  8.48  86.744832  67.068199  4.916
 26    31.998 53118.61831616  6.90  86.741372  67.071269  4.916
 26    30.690 53118.61831680  6.29  86.737912  67.074329  4.916
 26    26.003 53118.61831745 10.71  86.734442  67.077399  4.916
 26    11.214 53118.61831809 13.84  86.730982  67.080459  4.916
 26     1.229 53118.61831938 15.55  86.724052  67.086599  4.916
 26     8.989 53118.61832003 15.61  86.720582  67.089659  4.916
 26    10.269 53118.61832067 15.59  86.717122  67.092729  4.916
 26    12.592 53118.61832132 14.85  86.713654  67.095795  3.336
 26    13.232 53118.61832196 15.23  86.710184  67.098855  3.336
 26    14.332 53118.61832260 14.73  86.706714  67.101925  3.336
 27    15.261 53153.61836472 32.56  86.756805  67.060800 24.794
 27    15.140 53153.61836537 28.04  86.753345  67.063870 24.794
 27    15.383 53153.61836601 27.68  86.749885  67.066930 24.794
 27    15.175 53153.61836923 37.57  86.732575  67.082270 24.794
 27    14.946 53153.61836988 32.28  86.729115  67.085330 24.794
 27    14.963 53153.61837052 36.01  86.725645  67.088400 24.794
 27    15.655 53153.61837117 33.02  86.722185  67.091460 24.794
 27    14.886 53153.61837181 33.81  86.718715  67.094530 24.794
 27    14.959 53153.61837246 32.60  86.715245  67.097600 24.794
 27    14.873 53153.61837310 35.73  86.711785  67.100660 24.794
 28    30.515 53188.61835915  8.92  86.737287  67.090499 11.369
 28    29.482 53188.61835979  9.62  86.733817  67.093569 11.369
 28    19.967 53188.61836043 11.74  86.730357  67.096639 11.369
 29    23.391 53223.61837235  9.68  86.757130  67.075781 12.663
 29    15.757 53223.61837300  8.96  86.753670  67.078851 12.663
 29    17.311 53223.61837364  9.14  86.750200  67.081921 12.663
 29    14.085 53223.61837429  9.80  86.746740  67.084981 12.663
 29    16.299 53223.61837493  9.15  86.743280  67.088051 12.663
 29    16.157 53223.61837558  9.88  86.739810  67.091121 12.663
 29    16.723 53223.61837622 10.51  86.736350  67.094181 12.663
 29    18.183 53223.61837686 10.62  86.732880  67.097251 12.663
 30    22.216 53258.61834750 10.98  86.759115  67.074763 15.866
 30    23.078 53258.61834815 13.22  86.755655  67.077823 15.866
 30    14.045 53258.61834879 14.41  86.752195  67.080893 15.866
 30    14.226 53258.61834944 14.12  86.748735  67.083963 15.866
 30    21.621 53258.61835008 14.27  86.745275  67.087023 15.866
 30    15.636 53258.61835073 14.36  86.741815  67.090093 15.866
 30    12.712 53258.61835137 15.28  86.738345  67.093163 15.866
 30    18.093 53258.61835202 14.85  86.734885  67.096223 15.866
 31    13.911 53293.61836595 20.34  86.758774  67.050980  9.932
 31    13.790 53293.61836660 20.13  86.755324  67.054040  9.932
 31    13.665 53293.61836724 18.80  86.751864  67.057110  9.932
 31    15.359 53293.61836789 18.98  86.748404  67.060180  9.932
 31    15.816 53293.61836853 18.45  86.744944  67.063240  9.932
 31    15.547 53293.61836918 19.03  86.741484  67.066310  9.932
 31    13.745 53293.61836982 24.39  86.738024  67.069380  9.932
 31    14.338 53293.61837047 25.75  86.734564  67.072440  9.932
 31    14.755 53293.61837111 25.74  86.731104  67.075510  9.932
 31    14.908 53293.61837304 25.23  86.720704  67.084710  9.932
 31    14.657 53293.61837369 21.19  86.717244  67.087770  9.932
 31    14.297 53293.61837433 17.52  86.713774  67.090840  9.932
 31    14.281 53293.61837498 15.18  86.710304  67.093900  9.932
 31    15.028 53293.61837562 14.64  86.706844  67.096970  9.932
 31    17.593 53293.61837627 15.31  86.703374  67.100040  9.932
 31    17.745 53293.61837691 19.01  86.699904  67.103102 19.961
 32    38.645 53328.61834298  8.78  86.758819  67.070514  6.952
 32    34.442 53328.61834362  9.20  86.755359  67.073584  6.952
 32    31.201 53328.61834427 13.25  86.751899  67.076644  6.952
 32    30.583 53328.61834491 12.90  86.748439  67.079714  6.952
 32     1.864 53328.61834749 16.94  86.734579  67.091974  6.952
 32    12.582 53328.61834813 15.56  86.731119  67.095044  6.952
 32    13.859 53328.61834878 15.38  86.727649  67.098114  6.952
 33    41.770 53363.61829730  4.84  86.759181  67.079911  5.060
 33    41.308 53363.61829795  4.09  86.755721  67.082971  5.060
 33    41.430 53363.61829859  3.58  86.752261  67.086041  5.060
 33    40.632 53363.61829924  3.93  86.748791  67.089111  5.060
 33    35.064 53363.61829988  4.75  86.745331  67.092171  5.060
 33    33.323 53363.61830053  5.81  86.741871  67.095241  5.060
 33    31.741 53363.61830117  6.25  86.738401  67.098301  5.060
 34    38.612 53398.61831694  6.26  86.757587  67.060944  4.062
 34    35.893 53398.61831758  6.96  86.754127  67.064014  4.062
 34    34.417 53398.61831822  7.39  86.750667  67.067074  4.062
 34    33.436 53398.61831887  6.04  86.747207  67.070144  4.062
 34    35.643 53398.61831951  5.95  86.743747  67.073214  4.062
 34    31.361 53398.61832016  5.38  86.740287  67.076274  4.062
 34    31.691 53398.61832080  5.53  86.736817  67.079344  4.062
 34    28.656 53398.61832145  7.26  86.733357  67.082414  4.062
 34    10.871 53398.61832209 10.89  86.729897  67.085474  4.062
 34    12.308 53398.61832274 11.01  86.726427  67.088544  4.062
 34    11.957 53398.61832338 11.81  86.722957  67.091604  4.062
 34    13.446 53398.61832403 12.47  86.719497  67.094674  4.062
 34    14.130 53398.61832467 12.55  86.716027  67.097734  4.062
 34    14.931 53398.61832532 12.64  86.712557  67.100804  4.062
 35    37.682 53433.61831082  6.61  86.758565  67.078876  3.263
 35    36.448 53433.61831147  6.23  86.755105  67.081936  3.263
 35    40.394 53433.61831211  4.96  86.751645  67.085006  3.263
 35    40.249 53433.61831276  5.51  86.748175  67.088076  3.263
 35    35.825 53433.61831340  4.65  86.744715  67.091136  3.263
 35    39.475 53433.61831404  5.88  86.741255  67.094206  3.263
 35    38.619 53433.61831469  6.22  86.737785  67.097266  3.263
 35    31.232 53433.61831533  7.09  86.734315  67.100336  3.263
 36    41.459 53468.61834713  4.55  86.757540  67.057179  2.764
 36    38.573 53468.61834778  4.95  86.754080  67.060239  2.764
 36    37.159 53468.61834842  5.38  86.750620  67.063309  2.764
 36    38.838 53468.61834907  4.90  86.747160  67.066379  2.764
 36    36.915 53468.61834971  4.14  86.743700  67.069439  2.764
 36    36.534 53468.61835036  4.21  86.740240  67.072509  2.764
 36    35.618 53468.61835100  4.53  86.736770  67.075579  2.764
 36    33.165 53468.61835165  4.33  86.733310  67.078639  2.764
 36    31.576 53468.61835229  4.06  86.729850  67.081709  2.764
 36    30.302 53468.61835294  5.09  86.726380  67.084769  2.764
 36    26.884 53468.61835358  6.52  86.722920  67.087839  2.764
 36    19.996 53468.61835423  8.83  86.719450  67.090899  2.764
 36    13.892 53468.61835487  9.13  86.715980  67.093969  2.764
 36    14.029 53468.61835552  9.81  86.712510  67.097039  2.764
 36    14.551 53468.61835616 10.31  86.709044  67.100101  2.322
 37     2.174 53503.61839523 22.34  86.757405  67.065190 16.302
 37     2.024 53503.61839587 17.79  86.753945  67.068250 16.302
 37     2.143 53503.61839652 11.25  86.750485  67.071320 16.302
 37     2.080 53503.61839716  9.86  86.747025  67.074390 16.302
 37     1.939 53503.61839781 10.96  86.743565  67.077450 16.302
 37     1.684 53503.61839845 13.34  86.740105  67.080520 16.302
 37     1.323 53503.61839910 14.72  86.736635  67.083590 16.302
 37     1.410 53503.61839974 16.02  86.733175  67.086650 16.302
 37     2.017 53503.61840039 18.06  86.729705  67.089720 16.302
 37     2.279 53503.61840103 19.05  86.726245  67.092780 16.302
 37     2.379 53503.61840167 18.58  86.722775  67.095850 16.302
 37     2.178 53503.61840232 17.95  86.719315  67.098920 16.302
 38    15.713 53538.61839187 26.24  86.760097  67.067342  9.182
 38    15.567 53538.61839252 18.04  86.756637  67.070412  9.182
 38     7.280 53538.61839316 17.86  86.753177  67.073472  9.182
 38    14.459 53538.61839381 17.02  86.749717  67.076542  9.182
 38    14.500 53538.61839445 16.63  86.746257  67.079612  9.182
 38    14.847 53538.61839510 17.00  86.742787  67.082672  9.182
 38    14.489 53538.61839574 16.24  86.739327  67.085742  9.182
 38     9.057 53538.61839638 16.51  86.735857  67.088812  9.182
 38    14.408 53538.61839703 16.02  86.732397  67.091872  9.182
 38    17.875 53538.61839767 15.65  86.728927  67.094942  9.182
 38    18.824 53538.61839832 16.10  86.725467  67.098002  9.182
 39    14.605 53573.61839184 18.17  86.758404  67.069643 15.384
 39     2.804 53573.61839249 17.16  86.754944  67.072703 15.384
 39     2.728 53573.61839313 16.98  86.751484  67.075773 15.384
 39     2.599 53573.61839378 16.59  86.748024  67.078843 15.384
 39     2.459 53573.61839442 17.84  86.744564  67.081903 15.384
 39     2.426 53573.61839506 16.72  86.741104  67.084973 15.384
 39     2.500 53573.61839571 16.87  86.737634  67.088043 15.384
 39     2.253 53573.61839635 16.59  86.734174  67.091103 15.384
 39     2.271 53573.61839700 16.70  86.730704  67.094173 15.384
 39    15.518 53573.61839764 16.33  86.727244  67.097233 15.384
 40    36.297 53608.61834319 10.53  86.760451  67.079317  9.032
 40    36.156 53608.61834383  9.32  86.756991  67.082377  9.032
 40    35.628 53608.61834447  9.41  86.753531  67.085447  9.032
 40    41.777 53608.61834512  9.28  86.750071  67.088517  9.032
 40    34.377 53608.61834576  9.47  86.746601  67.091577  9.032
 40    32.384 53608.61834641 10.52  86.743141  67.094647  9.032
 40    31.553 53608.61834705 10.83  86.739671  67.097717  9.032
 40    18.750 53608.61834770 15.45  86.736211  67.100777  9.032
 41    13.986 53643.61834079 21.69  86.758522  67.054976  4.924
 41    16.311 53643.61834143 18.32  86.755062  67.058046  4.924
 41    17.499 53643.61834207 17.35  86.751602  67.061106  4.924
 41    17.417 53643.61834272 17.03  86.748142  67.064176  4.924
 41    17.527 53643.61834336 17.27  86.744682  67.067236  4.924
 41    17.778 53643.61834401 17.59  86.741212  67.070306  4.924
 41    17.081 53643.61834465 18.12  86.737752  67.073376  4.924
 41    18.063 53643.61834530 18.79  86.734292  67.076436  4.924
 41    18.244 53643.61834594 19.21  86.730822  67.079506  4.924
 41    17.542 53643.61834659 19.99  86.727362  67.082576  4.924
 41    14.988 53643.61834723 20.15  86.723892  67.085636  4.924
 41     1.389 53643.61834788 19.79  86.720432  67.088706  4.924
 41     1.348 53643.61834852 20.37  86.716962  67.091766  4.924
 41     1.443 53643.61834917 20.22  86.713492  67.094836  4.924
 41     1.249 53643.61834981 21.60  86.710022  67.097896  4.924
 41    18.198 53643.61835046 21.98  86.706552  67.100966  4.924
 42     2.209 53678.61836187 40.62  86.752395  67.070593 17.119
 42     2.348 53678.61836251 37.13  86.748935  67.073663 17.119
 42     2.494 53678.61836316 39.90  86.745475  67.076733 17.119
 42     2.737 53678.61836380 38.61  86.742015  67.079793 17.119
 42     2.579 53678.61836445 40.18  86.738555  67.082863 17.119
 42     2.508 53678.61836509 41.05  86.735085  67.085933 17.119
 42     2.653 53678.61836574 41.55  86.731625  67.088993 17.119
 42     2.827 53678.61836638 41.04  86.728155  67.092063 17.119
 43    41.159 53713.61829184  8.34  86.759997  67.080163  3.622
 43    35.813 53713.61829249  7.66  86.756537  67.083223  3.622
 43    40.693 53713.61829313  7.32  86.753077  67.086293  3.622
 43    35.576 53713.61829377  7.53  86.749607  67.089363  3.622
 43    41.189 53713.61829442  7.13  86.746147  67.092423  3.622
 43    40.571 53713.61829506  7.58  86.742687  67.095493  3.622
 43    31.485 53713.61829571  8.21  86.739217  67.098553  3.622
 44    42.030 53748.61820168  8.96  86.758953  67.055880  3.984
 44    37.876 53748.61820232  9.35  86.755493  67.058950  3.984
 44    37.580 53748.61820297  7.94  86.752033  67.062010  3.984
 44    34.323 53748.61820361  8.11  86.748573  67.065080  3.984
 44    32.836 53748.61820426  7.80  86.745113  67.068150  3.984
 44    35.975 53748.61820490  7.50  86.741653  67.071210  3.984
 44    34.720 53748.61820555  7.54  86.738183  67.074280  3.984
 44    29.035 53748.61820619  8.22  86.734723  67.077340  3.984
 44    27.247 53748.61820684  9.34  86.731253  67.080410  3.984
 44    26.078 53748.61820748 11.24  86.727793  67.083480  3.984
 44    11.043 53748.61820813 12.76  86.724323  67.086540  3.984
 44    11.953 53748.61820877 12.77  86.720853  67.089610  3.984
 44    12.635 53748.61820941 12.88  86.717393  67.092670  3.984
 44    13.697 53748.61821006 12.96  86.713923  67.095740  3.984
 44    14.439 53748.61821070 12.74  86.710453  67.098800  3.984
 44    15.154 53748.61821135 12.66  86.706973  67.101870  3.984
 45    38.925 53783.61823550  7.04  86.759399  67.073396  3.211
 45    38.282 53783.61823614  6.14  86.755939  67.076466  3.211
 45    36.200 53783.61823679  6.75  86.752479  67.079526  3.211
 45    35.296 53783.61823743  6.22  86.749019  67.082596  3.211
 45    34.612 53783.61823808  5.57  86.745549  67.085666  3.211
 45    33.358 53783.61823872  6.36  86.742089  67.088726  3.211
 45    32.007 53783.61823937  6.72  86.738619  67.091796  3.211
 45    30.081 53783.61824001  7.16  86.735159  67.094856  3.211
 45    29.068 53783.61824066  7.65  86.731689  67.097926  3.211
 46    43.857 53818.61820038  6.28  86.760286  67.086835  3.887
 46    36.004 53818.61820102  7.46  86.756826  67.089895  3.887
 46    41.171 53818.61820167  6.43  86.753366  67.092965  3.887
 46    41.672 53818.61820231  6.12  86.749896  67.096035  3.887
 46    33.587 53818.61820296  7.11  86.746436  67.099095  3.887
 46    34.192 53818.61820360  6.42  86.742966  67.102165  3.887
 47    39.497 53853.61827274  5.49  86.759197  67.055347  3.587
 47    37.620 53853.61827338  6.38  86.755747  67.058417  3.587
 47    36.254 53853.61827402  6.11  86.752287  67.061477  3.587
 47    34.577 53853.61827467  6.50  86.748827  67.064547  3.587
 47    33.770 53853.61827531  5.72  86.745367  67.067617  3.587
 47    32.381 53853.61827596  5.56  86.741907  67.070677  3.587
 47    31.009 53853.61827660  5.63  86.738437  67.073747  3.587
 47    29.192 53853.61827725  5.70  86.734977  67.076817  3.587
 47    28.260 53853.61827789  5.68  86.731517  67.079877  3.587
 47    26.430 53853.61827854  9.16  86.728047  67.082947  3.587
 47    10.894 53853.61827918  9.92  86.724587  67.086007  3.587
 47    11.634 53853.61827983  9.12  86.721117  67.089077  3.587
 47    12.058 53853.61828047 10.24  86.717647  67.092147  3.587
 47    13.096 53853.61828112  9.79  86.714187  67.095207  3.587
 47    13.851 53853.61828176  9.98  86.710717  67.098277  3.587
 47    14.496 53853.61828241  9.58  86.707247  67.101337  3.587
 48    18.609 53888.61828360 31.55  86.758852  67.072334 22.136
 48    18.807 53888.61828425 29.29  86.755392  67.075404 22.136
 48    18.868 53888.61828489 30.78  86.751932  67.078474 22.136
 48    18.996 53888.61828554 32.04  86.748462  67.081534 22.136
 48    18.961 53888.61828618 31.46  86.745002  67.084604 22.136
 48    18.842 53888.61828683 32.75  86.741532  67.087664 22.136
 48    18.883 53888.61828747 31.79  86.738072  67.090734 22.136
 48    18.934 53888.61828812 32.42  86.734602  67.093804 22.136
 48    18.791 53888.61828876 32.50  86.731142  67.096864 22.136
 49     3.516 53923.61834908 45.93  86.759154  67.055982 23.937
 49     3.468 53923.61834972 46.92  86.755694  67.059042 23.937
 49     3.564 53923.61835037 45.02  86.752234  67.062112 23.937
 49     3.127 53923.61835101 45.37  86.748774  67.065182 23.937
 49     3.556 53923.61835165 43.06  86.745314  67.068252 23.937
 49     3.362 53923.61835230 44.14  86.741854  67.071312 23.937
 49     3.110 53923.61835294 41.80  86.738394  67.074382 23.937
 49     3.232 53923.61835359 38.97  86.734934  67.077442 23.937
 49     3.225 53923.61835617 41.91  86.721074  67.089712 23.937
 49     3.074 53923.61835681 39.98  86.717614  67.092782 23.937
 49     2.964 53923.61835746 32.68  86.714144  67.095842 23.937
 49     2.938 53923.61835810 30.46  86.710674  67.098912 23.937
 49     2.672 53923.61835875 35.35  86.707204  67.101972 23.937
 50    16.098 53958.61834268 16.66  86.759520  67.065667 11.391
 50    15.255 53958.61834333 17.09  86.756060  67.068727 11.391
 50    13.667 53958.61834397 16.13  86.752610  67.071797 11.391
 50    13.031 53958.61834462 16.90  86.749150  67.074867 11.391
 50     2.329 53958.61834526 17.73  86.745680  67.077927 11.391
 50     2.592 53958.61834591 17.33  86.742220  67.080997 11.391
 50     3.862 53958.61834720 17.06  86.735300  67.087127 11.391
 50     4.530 53958.61834784 16.73  86.731830  67.090197 11.391
 50     2.147 53958.61834848 17.04  86.728370  67.093257 11.391
 50    14.954 53958.61834913 16.32  86.724900  67.096327 11.391
 50    18.199 53958.61834977 16.19  86.721440  67.099397 11.391
 51     2.998 53993.61826898 46.67  86.759286  67.049934 18.941
 51     2.894 53993.61826963 49.25  86.755826  67.052994 18.941
 51     2.844 53993.61827027 48.11  86.752366  67.056064 18.941
 51     2.888 53993.61827092 47.83  86.748906  67.059134 18.941
 51     2.805 53993.61827156 48.57  86.745446  67.062194 18.941
 51     2.744 53993.61827220 47.92  86.741986  67.065264 18.941
 51     2.717 53993.61827285 47.71  86.738526  67.068324 18.941
 51     2.746 53993.61827349 48.27  86.735056  67.071394 18.941
 51     2.587 53993.61827414 49.64  86.731596  67.074464 18.941
 51     2.490 53993.61827672 49.59  86.717734  67.086729 25.219
 51     2.414 53993.61827736 49.55  86.714264  67.089789 25.219
 51     2.318 53993.61827801 50.28  86.710794  67.092859 25.219
 51     2.509 53993.61827865 48.67  86.707324  67.095919 25.219
 51     2.477 53993.61827930 49.33  86.703854  67.098989 25.219
 51     2.364 53993.61827994 49.02  86.700384  67.102049 25.219
 51     2.431 53993.61828059 47.84  86.696904  67.105119 25.219
 52     1.440 54028.61833082 48.57  86.758384  67.059186 20.001
 52     1.592 54028.61833147 48.47  86.754924  67.062256 20.001
 52     2.131 54028.61833211 45.81  86.751464  67.065316 20.001
 52     1.824 54028.61833276 46.83  86.748004  67.068386 20.001
 52     1.841 54028.61833340 41.98  86.744534  67.071456 20.001
 52     2.044 54028.61833405 45.78  86.741074  67.074516 20.001
 52     1.993 54028.61833469 41.45  86.737614  67.077586 20.001
 52     1.661 54028.61833534 45.62  86.734144  67.080656 20.001
 53    39.515 54063.61832741  7.97  86.756997  67.075794  3.885
 53    39.806 54063.61832806  7.24  86.753537  67.078854  3.885
 53    41.231 54063.61832870  6.43  86.750067  67.081924  3.885
 53    40.425 54063.61832935  6.72  86.746607  67.084984  3.885
 53    34.096 54063.61832999  7.19  86.743147  67.088054  3.885
 53    34.242 54063.61833064  7.04  86.739677  67.091124  3.885
 53    34.095 54063.61833128  7.63  86.736217  67.094184  3.885
 53    29.766 54063.61833193  9.03  86.732747  67.097254  3.885
 54    36.546 54098.61829563  7.38  86.758509  67.078555  6.758
 54    36.765 54098.61829627  5.40  86.755039  67.081625  6.758
 54    35.578 54098.61829692  5.16  86.751579  67.084695  6.758
 54    35.191 54098.61829756  6.52  86.748119  67.087755  6.758
 54    34.604 54098.61829821  6.62  86.744659  67.090825  6.758
 54    31.771 54098.61829885  8.49  86.741189  67.093895  6.758
 54    30.813 54098.61829950  9.81  86.737729  67.096955  6.758
 54    29.405 54098.61830014 10.10  86.734259  67.100025  6.758
 55    41.779 54133.61824819  6.62  86.756682  67.058693  4.093
 55    37.726 54133.61824883  6.57  86.753222  67.061753  4.093
 55    34.809 54133.61824948  7.63  86.749762  67.064823  4.093
 55    38.686 54133.61825012  6.54  86.746302  67.067893  4.093
 55    37.388 54133.61825077  6.81  86.742842  67.070953  4.093
 55    36.005 54133.61825141  6.60  86.739382  67.074023  4.093
 55    33.979 54133.61825206  5.18  86.735912  67.077093  4.093
 55    29.018 54133.61825270  5.43  86.732452  67.080153  4.093
 55    30.483 54133.61825334  5.42  86.728982  67.083223  4.093
 55    30.175 54133.61825399  5.95  86.725522  67.086283  4.093
 55    26.527 54133.61825463  7.27  86.722052  67.089353  4.093
 55    28.668 54133.61825528  6.78  86.718582  67.092423  4.093
 55    25.028 54133.61825592  6.98  86.715112  67.095483  4.093
 55    23.331 54133.61825657  8.94  86.711652  67.098553  4.093
 55    14.770 54133.61825721 10.75  86.708182  67.101613  4.093
 56    39.838 54168.61826915  5.42  86.758568  67.074771  2.593
 56    42.768 54168.61826980  4.87  86.755108  67.077841  2.593
 56    41.183 54168.61827044  4.35  86.751648  67.080901  2.593
 56    40.910 54168.61827108  4.47  86.748188  67.083971  2.593
 56    40.887 54168.61827173  3.95  86.744718  67.087041  2.593
 56    40.676 54168.61827237  4.63  86.741258  67.090101  2.593
 56    39.678 54168.61827302  5.32  86.737798  67.093171  2.593
 56    31.116 54168.61827366  6.40  86.734328  67.096231  2.593
 57     1.969 54203.61825155 36.81  86.759450  67.056376 23.125
 57     1.729 54203.61825219 44.18  86.755990  67.059446 23.125
 57     1.483 54203.61825284 45.30  86.752530  67.062506 23.125
 57     1.621 54203.61825348 41.02  86.749070  67.065576 23.125
 57     1.640 54203.61825412 42.13  86.745610  67.068646 23.125
 57     1.800 54203.61825477 40.90  86.742150  67.071706 23.125
 57     1.577 54203.61825541 39.81  86.738680  67.074776 23.125
 57     1.640 54203.61825606 37.82  86.735220  67.077836 23.125
 57     1.614 54203.61825670 40.38  86.731760  67.080906 23.125
 57     1.512 54203.61825735 38.64  86.728290  67.083976 23.125
 57     1.556 54203.61825799 41.28  86.724830  67.087036 23.125
 57     1.386 54203.61825864 45.77  86.721360  67.090106 23.125
 57     1.543 54203.61825928 41.84  86.717891  67.093171 19.544
 57     1.438 54203.61825993 37.51  86.714421  67.096241 19.544
 57     1.396 54203.61826057 33.29  86.710951  67.099301 19.544
 57     1.265 54203.61826122 27.67  86.707491  67.102371 19.544
 58    15.693 54238.61828862 28.63  86.757716  67.067604 23.088
 58    15.647 54238.61828927 25.86  86.754256  67.070674 23.088
 58    15.647 54238.61828991 25.75  86.750796  67.073744 23.088
 58    15.770 54238.61829056 24.77  86.747336  67.076804 23.088
 58    15.764 54238.61829120 24.96  86.743876  67.079874 23.088
 58    15.819 54238.61829185 23.26  86.740406  67.082944 23.088
 58    15.712 54238.61829249 23.75  86.736946  67.086004 23.088
 58    15.836 54238.61829314 22.21  86.733476  67.089074 23.088
 58    15.730 54238.61829378 20.51  86.730016  67.092134 23.088
 58    15.736 54238.61829443 18.84  86.726546  67.095204 23.088
 58    15.733 54238.61829507 19.68  86.723075  67.098274 18.187
 59    16.032 54273.61830661 21.23  86.759364  67.068768  7.160
 59    15.103 54273.61830726 20.51  86.755904  67.071838  7.160
 59     8.456 54273.61830983 20.02  86.742054  67.084108  7.160
 59     8.371 54273.61831048 19.66  86.738594  67.087168  7.160
 59     8.890 54273.61831112 20.30  86.735124  67.090238  7.160
 59     7.678 54273.61831177 21.20  86.731664  67.093298  7.160
 59    16.718 54273.61831241 21.02  86.728194  67.096368  7.160
 59    19.074 54273.61831306 20.83  86.724725  67.099438 25.082
 60    13.876 54308.61830772 21.25  86.760234  67.065184 14.058
 60    16.378 54308.61830901 11.04  86.753314  67.071314 14.058
 60    16.024 54308.61830966 11.39  86.749854  67.074384 14.058
 60    15.460 54308.61831030 11.21  86.746394  67.077444 14.058
 60    14.863 54308.61831094 11.87  86.742924  67.080514 14.058
 60    16.524 54308.61831159 11.51  86.739464  67.083584 14.058
 60    14.716 54308.61831223 11.56  86.736004  67.086644 14.058
 60    17.249 54308.61831288 12.69  86.732534  67.089714 14.058
 60    15.213 54308.61831352 12.79  86.729064  67.092774 14.058
 60    18.191 54308.61831417 12.43  86.725604  67.095844 14.058
 60    18.557 54308.61831481 13.87  86.722131  67.098912 32.210
 61    31.683 54343.61828838 16.49  86.758310  67.079597  7.265
 61    22.694 54343.61828903 17.04  86.754850  67.082657  7.265
 61     3.370 54343.61828967 17.33  86.751390  67.085727  7.265
 61    21.422 54343.61829032 16.98  86.747920  67.088797  7.265
 61     3.722 54343.61829096 17.37  86.744460  67.091857  7.265
 61    21.269 54343.61829161 17.03  86.741000  67.094927  7.265
 61    17.397 54343.61829225 17.58  86.737530  67.097987  7.265
 62    13.941 54378.61824241 21.64  86.760022  67.060057  9.123
 62    15.380 54378.61824305 19.01  86.756562  67.063127  9.123
 62    16.836 54378.61824627 17.77  86.739252  67.078457  9.123
 62    17.180 54378.61824692 18.61  86.735792  67.081517  9.123
 62    17.505 54378.61824756 17.78  86.732332  67.084587  9.123
 62    14.899 54378.61824821 19.56  86.728862  67.087657  9.123
 62    14.460 54378.61824885 19.20  86.725402  67.090717  9.123
 62    15.166 54378.61824950 18.33  86.721932  67.093787  9.123
 62    16.262 54378.61825014 19.25  86.718462  67.096847  9.123
 62    17.116 54378.61825079 19.71  86.714992  67.099917  9.123
 63    31.685 54413.61823445 12.76  86.759263  67.070486 13.039
 63    34.204 54413.61823510 11.91  86.755803  67.073556 13.039
 63    34.147 54413.61823574 10.13  86.752343  67.076626 13.039
 63     2.108 54413.61823832 32.74  86.738493  67.088886 13.039
 63     2.137 54413.61823896 32.33  86.735023  67.091956 13.039
 63     2.900 54413.61823961 40.23  86.731563  67.095016 13.039
 63     1.202 54413.61824025 38.17  86.728093  67.098086 13.039
 64    13.763 54448.61820852 16.19  86.757854  67.057971  9.269
 64    31.653 54448.61820917 12.87  86.754394  67.061041  9.269
 64    30.780 54448.61820981 11.61  86.750934  67.064101  9.269
 64    29.175 54448.61821046 12.90  86.747474  67.067171  9.269
 64    15.384 54448.61821110 13.39  86.744014  67.070241  9.269
 64    14.194 54448.61821175 14.36  86.740554  67.073301  9.269
 64    13.007 54448.61821239 15.49  86.737094  67.076371  9.269
 64     1.540 54448.61821303 18.17  86.733624  67.079441  9.269
 64     1.940 54448.61821368 35.87  86.730164  67.082501  9.269
 64     0.926 54448.61821432 42.09  86.726694  67.085571  9.269
 64    11.069 54448.61821497 18.73  86.723234  67.088631  9.269
 64     9.464 54448.61821561 16.25  86.719764  67.091701  9.269
 64     1.398 54448.61821626 15.92  86.716294  67.094761  9.269
 64    14.062 54448.61821690 16.30  86.712824  67.097831  9.269
 64    14.572 54448.61821755 16.39  86.709354  67.100901  9.269
 65    34.404 54483.61822786 11.34  86.758602  67.068764  4.893
 65    34.815 54483.61822851  9.60  86.755142  67.071824  4.893
 65    32.280 54483.61822915 10.09  86.751682  67.074894  4.893
 65    35.966 54483.61822979  7.52  86.748222  67.077954  4.893
 65    33.440 54483.61823044  6.84  86.744762  67.081024  4.893
 65    31.826 54483.61823108  8.36  86.741292  67.084094  4.893
 65    30.744 54483.61823173  7.79  86.737832  67.087154  4.893
 65    29.870 54483.61823237  8.55  86.734362  67.090224  4.893
 65    28.678 54483.61823302 10.04  86.730902  67.093294  4.893
 65    27.202 54483.61823366 11.30  86.727432  67.096354  4.893
 65    14.306 54483.61823431 12.72  86.723962  67.099424  4.893
 66    33.087 54518.61822292 13.22  86.757149  67.061837  4.408
 66    35.262 54518.61822357 11.44  86.753689  67.064907  4.408
 66    34.046 54518.61822421  9.75  86.750229  67.067977  4.408
 66    32.845 54518.61822486  9.79  86.746769  67.071037  4.408
 66    36.926 54518.61822550  8.00  86.743309  67.074107  4.408
 66    34.798 54518.61822615  6.65  86.739839  67.077167  4.408
 66    32.495 54518.61822679  6.30  86.736379  67.080237  4.408
 66    31.802 54518.61822744  6.25  86.732919  67.083307  4.408
 66    28.811 54518.61822808  7.23  86.729449  67.086367  4.408
 66    28.048 54518.61822873  8.30  86.725989  67.089437  4.408
 66    27.169 54518.61822937  8.54  86.722519  67.092497  4.408
 66    25.571 54518.61823001  9.87  86.719049  67.095567  4.408
 66    23.811 54518.61823066  9.65  86.715579  67.098637  4.408
 67    39.576 54553.61824109  7.38  86.759344  67.075537  3.634
 67    40.303 54553.61824173  5.89  86.755884  67.078607  3.634
 67    36.224 54553.61824237  5.99  86.752424  67.081667  3.634
 67    41.206 54553.61824302  4.45  86.748964  67.084737  3.634
 67    40.598 54553.61824366  4.82  86.745494  67.087807  3.634
 67    40.738 54553.61824431  5.51  86.742034  67.090867  3.634
 67    40.185 54553.61824495  6.05  86.738574  67.093937  3.634
 67    32.186 54553.61824560  6.61  86.735104  67.097007  3.634
 68    30.827 54588.61822229  3.04  86.742068  67.078613  3.366
 68    26.468 54588.61822294  2.92  86.738608  67.081673  3.366
 68    22.510 54588.61822358  3.91  86.735148  67.084743  3.366
 68    21.577 54588.61822423  4.22  86.731678  67.087803  3.366
 68    20.444 54588.61822487  3.76  86.728218  67.090873  3.366
 68    22.112 54588.61822551  3.56  86.724748  67.093943  3.366
 68    20.605 54588.61822616  3.63  86.721278  67.097003  3.366
 68    19.306 54588.61822680  3.77  86.717808  67.100073  3.366
 69    15.566 54623.61823771 49.45  86.758870  67.069475 22.683
 69    15.518 54623.61823836 49.28  86.755410  67.072545 22.683
 69    15.431 54623.61823900 47.83  86.751950  67.075605 22.683
 69    15.358 54623.61823965 46.14  86.748490  67.078675 22.683
 69    15.341 54623.61824029 46.22  86.745020  67.081745 22.683
 69    15.411 54623.61824094 47.50  86.741560  67.084805 22.683
 69    15.441 54623.61824158 47.50  86.738100  67.087875 22.683
 69    15.367 54623.61824223 50.04  86.734630  67.090945 22.683
 69    15.239 54623.61824287 48.40  86.731170  67.094005 22.683
 69    15.405 54623.61824352 44.42  86.727700  67.097075 22.683
 70    16.234 54658.61824606 16.18  86.758334  67.066215 12.973
 70    15.139 54658.61824671 20.53  86.754874  67.069275 12.973
 70    23.769 54658.61824735 10.22  86.751414  67.072345 12.973
 70    22.597 54658.61824929 10.28  86.741034  67.081545 12.973
 70    21.028 54658.61825058 10.92  86.734104  67.087675 12.973
 70    36.481 54658.61825122 10.86  86.730634  67.090745 12.973
 70    20.430 54658.61825186 10.01  86.727174  67.093805 12.973
 70    19.436 54658.61825251 11.40  86.723704  67.096875 12.973
 70    19.443 54658.61825315 15.85  86.720234  67.099945 12.973
 71     4.071 54693.61822852 36.22  86.758458  67.073324 14.154
 71     3.646 54693.61822916 32.90  86.754998  67.076384 14.154
 71     3.732 54693.61822980 30.94  86.751528  67.079454 14.154
 71     3.624 54693.61823045 30.53  86.748068  67.082524 14.154
 71     3.784 54693.61823109 31.14  86.744608  67.085584 14.154
 71     3.650 54693.61823174 32.82  86.741138  67.088654 14.154
 71     3.862 54693.61823238 33.86  86.737678  67.091724 14.154
 72    13.788 54728.61819884 19.54  86.759596  67.060010 10.901
 72    13.442 54728.61819949 18.55  86.756136  67.063070 10.901
 72    15.591 54728.61820013 14.96  86.752676  67.066140 10.901
 72    16.694 54728.61820077 12.63  86.749216  67.069210 10.901
 72    15.792 54728.61820142 12.72  86.745756  67.072270 10.901
 72    15.962 54728.61820206 13.51  86.742296  67.075340 10.901
 72    16.468 54728.61820271 13.47  86.738826  67.078410 10.901
 72    17.620 54728.61820335 13.06  86.735366  67.081470 10.901
 72    15.019 54728.61820400 14.34  86.731896  67.084540 10.901
 72    14.791 54728.61820464 12.77  86.728436  67.087600 10.901
 72    14.151 54728.61820529 13.23  86.724966  67.090670 10.901
 72    16.161 54728.61820593 12.57  86.721496  67.093740 10.901
 72    18.291 54728.61820658 11.51  86.718036  67.096800 10.901
 72    18.503 54728.61820722 15.55  86.714566  67.099870 10.901
 73    36.207 54763.61820489 11.17  86.759639  67.066754  7.043
 73    35.510 54763.61820553 10.63  86.756179  67.069824  7.043
 73    33.848 54763.61820618  9.11  86.752719  67.072884  7.043
 73    32.944 54763.61820682  9.35  86.749259  67.075954  7.043
 73    29.796 54763.61820747 12.24  86.745799  67.079024  7.043
 73    31.171 54763.61820811 10.06  86.742339  67.082084  7.043
 73    14.461 54763.61820876 11.44  86.738869  67.085154  7.043
 73    29.772 54763.61820940  9.37  86.735409  67.088224  7.043
 73     1.254 54763.61821133 23.54  86.725009  67.097414  7.043
 74    13.673 54798.61819111 15.49  86.759647  67.054561  7.494
 74    32.441 54798.61819175 14.14  86.756187  67.057631  7.494
 74    13.377 54798.61819240 15.90  86.752727  67.060691  7.494
 74    13.440 54798.61819304 14.96  86.749267  67.063761  7.494
 74    29.037 54798.61819369 13.74  86.745807  67.066831  7.494
 74     0.262 54798.61819562 23.70  86.735417  67.076031  7.494
 74     0.256 54798.61819626 23.41  86.731957  67.079091  7.494
 74     0.325 54798.61819691 22.93  86.728497  67.082161  7.494
 74     0.275 54798.61819755 23.19  86.725027  67.085221  7.494
 74     0.424 54798.61819820 23.51  86.721557  67.088291  7.494
 74     0.662 54798.61819884 23.75  86.718097  67.091351  7.494
 74     0.739 54798.61819949 23.45  86.714627  67.094421  7.494
 74     0.609 54798.61820013 23.73  86.711157  67.097491  7.494
 74     0.709 54798.61820078 23.40  86.707684  67.100551  4.405
 75    35.270 54833.61819560 11.24  86.760124  67.067915  5.670
 75    33.846 54833.61819625 10.11  86.756664  67.070975  5.670
 75    38.044 54833.61819689  7.09  86.753204  67.074045  5.670
 75    35.544 54833.61819754  6.57  86.749744  67.077115  5.670
 75    34.227 54833.61819818  5.60  86.746284  67.080175  5.670
 75    34.082 54833.61819883  5.50  86.742824  67.083245  5.670
 75    33.278 54833.61819947  5.86  86.739354  67.086315  5.670
 75    30.383 54833.61820012  7.30  86.735894  67.089375  5.670
 75    29.309 54833.61820076 10.21  86.732424  67.092445  5.670
 75    13.271 54833.61820141 12.00  86.728964  67.095505  5.670
 75    14.185 54833.61820205 12.50  86.725494  67.098575  5.670
 76    40.916 54868.61818841  6.73  86.757221  67.058978  3.099
 76    39.461 54868.61818905  6.55  86.753761  67.062048  3.099
 76    38.542 54868.61818969  6.78  86.750301  67.065118  3.099
 76    37.566 54868.61819034  6.31  86.746841  67.068178  3.099
 76    37.049 54868.61819098  5.99  86.743381  67.071248  3.099
 76    35.834 54868.61819163  5.57  86.739911  67.074318  3.099
 76    33.988 54868.61819227  5.78  86.736451  67.077378  3.099
 76    32.682 54868.61819292  5.75  86.732991  67.080448  3.099
 76    30.800 54868.61819356  6.30  86.729521  67.083508  3.099
 76    26.999 54868.61819421  9.76  86.726061  67.086578  3.099
 76    12.738 54868.61819485 11.42  86.722591  67.089648  3.099
 76    12.826 54868.61819550 11.98  86.719121  67.092708  3.099
 76    13.418 54868.61819614 12.34  86.715651  67.095778  3.099
 76    14.720 54868.61819679 12.57  86.712189  67.098841  2.847
 76    14.758 54868.61819743 12.42  86.708719  67.101911  2.847
 77    38.972 54903.61820651  6.08  86.758031  67.075560  3.093
 77    38.678 54903.61820715  5.84  86.754571  67.078630  3.093
 77    39.346 54903.61820779  5.53  86.751111  67.081690  3.093
 77    39.484 54903.61820844  4.19  86.747651  67.084760  3.093
 77    40.159 54903.61820908  4.61  86.744181  67.087830  3.093
 77    34.524 54903.61820973  5.10  86.740721  67.090890  3.093
 77    31.736 54903.61821037  6.24  86.737261  67.093960  3.093
 77    30.697 54903.61821102  6.46  86.733791  67.097030  3.093
 78    42.779 54938.61817955  4.02  86.760099  67.060817  2.064
 78    42.032 54938.61818020  4.04  86.756639  67.063887  2.064
 78    39.733 54938.61818084  4.33  86.753179  67.066947  2.064
 78    40.353 54938.61818148  3.83  86.749719  67.070017  2.064
 78    39.003 54938.61818213  3.62  86.746259  67.073087  2.064
 78    37.720 54938.61818277  3.70  86.742799  67.076147  2.064
 78    38.543 54938.61818342  3.40  86.739339  67.079217  2.064
 78    34.476 54938.61818406  3.51  86.735869  67.082277  2.064
 78    33.171 54938.61818471  3.60  86.732409  67.085347  2.064
 78    31.901 54938.61818535  4.07  86.728938  67.088418  2.814
 78    30.097 54938.61818600  5.25  86.725478  67.091478  2.814
 78    20.587 54938.61818664  8.80  86.722008  67.094548  2.814
 78    18.501 54938.61818729  9.09  86.718538  67.097608  2.814
 78    16.441 54938.61818793 10.16  86.715068  67.100678  2.814
 79     7.201 54973.61821187 25.79  86.757879  67.065554 16.257
 79     7.002 54973.61821251 20.56  86.754419  67.068624 16.257
 79     6.818 54973.61821316 22.06  86.750959  67.071684 16.257
 79     6.741 54973.61821380 21.16  86.747499  67.074754 16.257
 79     6.764 54973.61821445 20.46  86.744039  67.077824 16.257
 79     6.711 54973.61821509 21.21  86.740569  67.080884 16.257
 79     6.592 54973.61821573 20.54  86.737109  67.083954 16.257
 79     6.376 54973.61821638 21.73  86.733639  67.087014 16.257
 79     6.552 54973.61821702 18.86  86.730179  67.090084 16.257
 79     6.421 54973.61821767 20.64  86.726709  67.093154 16.257
 79     6.884 54973.61821831 20.58  86.723249  67.096214 16.257
 79     6.948 54973.61821896 25.94  86.719779  67.099284 16.257
 80    15.841 55008.61822694 23.77  86.760357  67.068254 13.386
 80    29.651 55008.61823145 10.60  86.736120  67.089715 19.304
 80    23.420 55008.61823210 10.57  86.732660  67.092785 19.304
 80    38.617 55008.61823274 12.26  86.729190  67.095845 19.304
 80    19.503 55008.61823339 15.59  86.725720  67.098915 19.304
 81    15.183 55043.61821674 17.97  86.757266  67.068444 13.802
 81    16.446 55043.61821738  9.58  86.753806  67.071504 13.802
 81    15.961 55043.61821803  9.82  86.750346  67.074574 13.802
 81    17.662 55043.61821867  9.30  86.746886  67.077644 13.802
 81    16.310 55043.61821932  9.74  86.743426  67.080704 13.802
 81    16.741 55043.61821996 10.18  86.739956  67.083774 13.802
 81    14.616 55043.61822060 11.00  86.736496  67.086844 13.802
 81    15.439 55043.61822125 10.72  86.733036  67.089904 13.802
 81    23.266 55043.61822189 11.14  86.729566  67.092974 13.802
 81    18.293 55043.61822254 11.01  86.726096  67.096034 13.802
 81    18.521 55043.61822318 12.21  86.722626  67.099104 13.802
 82    29.568 55078.61819526 12.09  86.760581  67.074365 13.567
 82    14.227 55078.61819719  9.38  86.750201  67.083565 13.567
 82    16.220 55078.61819784  9.21  86.746741  67.086625 13.567
 82    14.473 55078.61819848  9.74  86.743271  67.089695 13.567
 82    16.497 55078.61819913 10.27  86.739811  67.092765 13.567
 82    14.898 55078.61819977 15.22  86.736351  67.095825 13.567
 82    18.537 55078.61820042 13.16  86.732881  67.098895 13.567
 83    15.279 55113.61814782 15.74  86.759291  67.062052  8.783
 83    20.702 55113.61814847 12.64  86.755831  67.065122  8.783
 83    28.458 55113.61815169 11.95  86.738521  67.080452  8.783
 83    28.825 55113.61815233 11.66  86.735061  67.083522  8.783
 83    27.794 55113.61815298 10.60  86.731601  67.086582  8.783
 83    22.256 55113.61815362 11.18  86.728131  67.089652  8.783
 83    17.250 55113.61815427 12.21  86.724661  67.092712  8.783
 83    18.191 55113.61815491 12.46  86.721201  67.095782  8.783
 83    18.504 55113.61815556 14.50  86.717731  67.098842  8.783
 84    31.666 55148.61814943 19.39  86.758124  67.067956  8.276
 84    11.588 55148.61815007 24.26  86.754664  67.071016  8.276
 84     0.727 55148.61815072 24.37  86.751204  67.074086  8.276
 84     0.804 55148.61815136 25.06  86.747744  67.077156  8.276
 84     0.982 55148.61815201 24.40  86.744284  67.080216  8.276
 84     0.938 55148.61815265 24.45  86.740824  67.083286  8.276
 84     1.076 55148.61815330 24.69  86.737354  67.086356  8.276
 84     1.128 55148.61815394 25.89  86.733894  67.089416  8.276
 84     1.368 55148.61815459 25.71  86.730424  67.092486  8.276
 84     1.204 55148.61815523 25.75  86.726964  67.095546  8.276
 84     1.019 55148.61815588 26.71  86.723494  67.098616  8.276
 85    41.447 55183.61812905 11.56  86.758722  67.056885  4.336
 85    37.096 55183.61812970 11.25  86.755262  67.059945  4.336
 85    35.256 55183.61813034 11.98  86.751802  67.063015  4.336
 85    38.859 55183.61813099 11.26  86.748342  67.066085  4.336
 85    34.703 55183.61813163  9.56  86.744882  67.069145  4.336
 85    35.848 55183.61813228  9.56  86.741422  67.072215  4.336
 85    34.666 55183.61813292  9.58  86.737952  67.075285  4.336
 85    31.942 55183.61813357 10.39  86.734492  67.078345  4.336
 85    26.645 55183.61813421 13.03  86.731032  67.081415  4.336
 85    11.425 55183.61813486 14.19  86.727562  67.084475  4.336
 85    25.298 55183.61813550 14.87  86.724102  67.087545  4.336
 85    11.972 55183.61813615 15.27  86.720632  67.090615  4.336
 85    13.008 55183.61813679 15.50  86.717162  67.093675  4.336
 85    13.600 55183.61813744 15.46  86.713692  67.096745  4.336
 85    14.354 55183.61813808 15.25  86.710225  67.099808  4.237
 86    41.923 55218.61814735  8.77  86.760386  67.069245  3.505
 86    40.676 55218.61814800  8.59  86.756926  67.072315  3.505
 86    37.620 55218.61814864  8.96  86.753466  67.075375  3.505
 86    38.475 55218.61814929  9.44  86.750006  67.078445  3.505
 86    38.715 55218.61814993  8.80  86.746546  67.081515  3.505
 86    39.100 55218.61815058  8.06  86.743086  67.084575  3.505
 86    38.957 55218.61815122  7.85  86.739616  67.087645  3.505
 86    38.498 55218.61815187 10.11  86.736156  67.090715  3.505
 87    41.558 55253.61812561  7.91  86.759448  67.060481  3.118
 87    40.593 55253.61812625  8.37  86.755988  67.063551  3.118
 87    39.556 55253.61812689  7.99  86.752528  67.066621  3.118
 87    38.150 55253.61812754  8.38  86.749068  67.069681  3.118
 87    37.081 55253.61812818  8.33  86.745608  67.072751  3.118
 87    35.562 55253.61812883  8.81  86.742148  67.075821  3.118
 87    34.232 55253.61812947  8.31  86.738678  67.078881  3.118
 87    32.643 55253.61813012  7.59  86.735218  67.081951  3.118
 87    31.080 55253.61813076  7.72  86.731748  67.085011  3.118
 87    27.723 55253.61813141 10.08  86.728288  67.088081  3.118
 87    26.748 55253.61813205 11.22  86.724818  67.091141  3.118
 87    25.360 55253.61813270 12.20  86.721348  67.094211  3.118
 87    13.023 55253.61813334 13.32  86.717888  67.097281  3.118
 87    13.956 55253.61813399 13.07  86.714419  67.100343  2.673
 88    38.515 55288.61813889  8.68  86.758316  67.077027  3.279
 88    36.108 55288.61813953  8.73  86.754856  67.080097  3.279
 88    38.798 55288.61814018  7.77  86.751396  67.083157  3.279
 88    39.485 55288.61814082  7.00  86.747936  67.086227  3.279
 88    39.800 55288.61814147  6.93  86.744466  67.089297  3.279
 88    34.682 55288.61814211  7.77  86.741006  67.092357  3.279
 88    38.871 55288.61814276  8.18  86.737536  67.095427  3.279
 88    37.736 55288.61814340  8.81  86.734076  67.098487  3.279
 89    41.095 55323.61811466  8.39  86.757741  67.067310  3.857
 89    39.128 55323.61811531  8.54  86.754281  67.070380  3.857
 89    37.349 55323.61811595  8.91  86.750821  67.073450  3.857
 89    35.754 55323.61811660  8.91  86.747361  67.076510  3.857
 89    34.586 55323.61811724  8.91  86.743901  67.079580  3.857
 89    34.219 55323.61811789  8.34  86.740431  67.082650  3.857
 89    30.328 55323.61811853 11.78  86.736971  67.085710  3.857
 89     1.597 55323.61812111 18.54  86.723111  67.097980  3.857
 90    30.629 55358.61811745 12.53  86.736942  67.088606 11.938
 90    29.383 55358.61811809 12.47  86.733472  67.091676 11.938
 90    23.101 55358.61811874 13.70  86.730012  67.094736 11.938
 90    19.833 55358.61811938 16.48  86.726542  67.097806 11.938
 91     3.840 55393.61811554 24.91  86.758692  67.061712 11.844
 91    16.218 55393.61811618 14.46  86.755232  67.064772 11.844
 91    16.151 55393.61811683 15.54  86.751772  67.067842 11.844
 91    22.248 55393.61811747 10.59  86.748312  67.070912 11.844
 91    21.381 55393.61811876 11.40  86.741383  67.077038 19.271
 91    20.747 55393.61812005 11.90  86.734463  67.083178 19.271
 91    23.156 55393.61812070 10.90  86.730993  67.086238 19.271
 91    28.762 55393.61812134 10.33  86.727533  67.089308 19.271
 91    20.468 55393.61812198 10.33  86.724063  67.092368 19.271
 91    19.028 55393.61812263 10.39  86.720593  67.095438 19.271
 91    19.338 55393.61812327 12.30  86.717123  67.098498 19.271
 92    36.633 55428.61813321 12.20  86.736478  67.087259 14.271
 92    30.212 55428.61813385 10.79  86.733018  67.090319 14.271
 92    28.185 55428.61813450 10.88  86.729548  67.093389 14.271
 92    21.897 55428.61813514 11.62  86.726078  67.096449 14.271
 92    19.939 55428.61813579 14.49  86.722608  67.099519 14.271
 93    34.684 55463.61809469 12.87  86.758618  67.080396 12.872
 93    33.156 55463.61809534 13.82  86.755158  67.083456 12.872
 93    32.626 55463.61809598 13.52  86.751698  67.086526 12.872
 93    32.015 55463.61809662 14.10  86.748228  67.089596 12.872
 93    22.215 55463.61809727 14.94  86.744768  67.092656 12.872
 93    23.655 55463.61809791 15.23  86.741298  67.095726 12.872
 93    19.918 55463.61809856 16.39  86.737838  67.098796 12.872
