# NaN NaN NaN ;Mean Elev.(m), Avg Gradient(m/km), RMS Gradient(m/km) - SRTM1     
#    4.661  -0.778   6.805 ;Mean Elev.(m), Avg Gradient(m/km), RMS Gradient(m/km) - ASTER GDEM
#    0.033  -0.985   7.038 ;Mean Elev.(m), Avg Gradient(m/km), RMS Gradient(m/km) - GMTED2010 
  8  83.751742  69.824895     4.322     4.604  7 52486.25075716 14.651
  9  83.753667  69.830747    61.749    61.812  4 52521.25072384  5.608
 11  83.754982  69.827525    36.966    40.417  3 52591.25076721  1.082
 12  83.760445  69.807842     2.570     2.570  2 52626.25069071 11.027
 13  83.745322  69.817428     0.661     0.456  3 52661.25073358 11.865
 14  83.764903  69.813486     0.510     0.555  5 52696.25071202  9.667
 15  83.759440  69.822918     0.836     0.933  7 52731.25073778  8.692
 17  83.771857  69.819689    59.588    59.720  8 52801.25074737  7.107
 18  83.766613  69.819788     2.097     2.689  8 52836.25081411 25.729
 19  83.760219  69.820867     3.702     3.775  8 52871.25085494 16.818
 20  83.752931  69.823842     1.185     0.222  7 52906.25085065 24.516
 21  83.772767  69.819062    14.903    16.192  7 52941.25078186 34.197
 23  83.744121  69.820751     0.743     0.661  5 53011.25083472 15.060
 24  83.754670  69.814293     0.903     0.421  4 53046.25080002 13.492
 25  83.747312  69.825068     0.243     0.266  7 53081.25083283 11.616
 26  83.760503  69.820637    -0.465    -0.402  7 53116.25080362 10.215
 27  83.748561  69.819609     1.061     1.059  4 53151.25085202 14.482
 29  83.753861  69.825299     4.625     4.678  7 53221.25086389 13.252
 30  83.747375  69.831751    46.115    44.327  7 53256.25083942 12.650
 31  83.761023  69.821243    20.536    21.807  6 53291.25085432 15.693
 32  83.751215  69.819741    18.741    17.273  4 53326.25082949 19.735
 35  83.749969  69.825651     0.147     0.173  7 53431.25079812 11.012
 36  83.765446  69.818750    -0.291    -0.288  8 53466.25083013 10.374
 37  83.741427  69.817775    10.833     1.446  3 53501.25088802  6.349
 39  83.748974  69.825453     2.496     2.994  7 53571.25088427 20.304
 40  83.751403  69.833249    40.662    53.664  5 53606.25083095 13.806
 42  83.748808  69.821707    11.130     4.614  5 53676.25085248 38.056
 43  83.747592  69.825604    17.918    17.622  4 53711.25078140 17.716
 45  83.744525  69.813340     0.511     0.511  2 53781.25072545 13.300
 46  83.730806  69.820694     0.034     0.034  2 53816.25069244 12.140
 47  83.749549  69.812809     0.242     0.153  3 53851.25076180 10.897
 49  83.750288  69.824740     3.206     3.209  7 53921.25083793 17.589
 50  83.749275  69.827180     4.584     5.202  7 53956.25083444 13.093
 52  83.764363  69.818267     9.964     7.988  7 54026.25082069 38.882
 53  83.762087  69.824347    22.579    30.118  5 54061.25081320 16.718
 54  83.745453  69.827350     0.287     0.255  7 54096.25078616 13.835
 56  83.742788  69.821311     0.237     0.103  5 54166.25075954 11.994
 59  83.754778  69.823384     9.642     5.384  8 54271.25079443 19.005
 60  83.756819  69.822381     3.863     4.503  7 54306.25079719 15.256
 61  83.755358  69.829144    61.441    61.443  5 54341.25077752  7.782
 62  83.764060  69.823557    51.918    60.268  6 54376.25073144 13.343
 63  83.746814  69.818970     0.374     0.365  4 54411.25072633 26.904
 65  83.752826  69.820010     0.268     0.172  6 54481.25071765 12.421
 66  83.759856  69.814846    -0.102    -0.144  4 54516.25071153 11.376
 67  83.748642  69.825489    -0.361    -0.399  6 54551.25072969  9.969
 68  83.745678  69.812851     1.815     1.815  2 54586.25070778  4.757
 69  83.753930  69.822138     8.648     8.658  7 54621.25072495 33.408
 70  83.754775  69.824288     0.880     0.905  7 54656.25073464 33.710
 71  83.753239  69.825908     3.694     3.395  7 54691.25071903 13.092
 72  83.763864  69.819055     4.528     4.655  8 54726.25068660 14.748
 73  83.754490  69.824257    23.810    26.569  6 54761.25069632 16.136
 74  83.768799  69.820135    27.029    26.295  7 54796.25067971 12.669
 75  83.745119  69.816501     0.788     0.516  3 54831.25069831 13.828
 76  83.751554  69.809699     5.201     5.201  2 54866.25067720  6.554
 77  83.743396  69.821694     7.982     0.213  4 54901.25069649 11.406
 80  83.752319  69.823561     5.380     5.645  7 55006.25071716 16.659
 81  83.756460  69.823241     4.367     4.199  7 55041.25070520 13.850
 82  83.749393  69.825211     2.785     2.867  7 55076.25068612 14.528
 83  83.761824  69.820812     3.185     3.429  8 55111.25063810 18.801
 84  83.746346  69.819416     0.590     0.604  4 55146.25064102 20.323
 85  83.755817  69.811036    -0.177    -0.239  3 55181.25061790 17.926
 86  83.752498  69.824100     0.895     0.981  6 55216.25063451 19.154
 87  83.755094  69.813653     0.263     0.212  4 55251.25061432 12.631
 88  83.745229  69.823807     0.446     0.466  6 55286.25062841 10.601
 89  83.740843  69.814886     0.722     0.722  2 55321.25060409  7.185
 90  83.752116  69.823028     5.128     5.177  7 55356.25060267 40.694
 91  83.760081  69.820236     5.140     5.371  8 55391.25060388 17.527
 92  83.757213  69.823624     3.533     3.208  7 55426.25061900 15.355
 93  83.752986  69.828428    44.715    62.942  3 55461.25058553 12.422
