# NaN NaN NaN ;Mean Elev.(m), Avg Gradient(m/km), RMS Gradient(m/km) - SRTM1     
#    6.345  -0.316   3.590 ;Mean Elev.(m), Avg Gradient(m/km), RMS Gradient(m/km) - ASTER GDEM
#    3.202   0.251   8.108 ;Mean Elev.(m), Avg Gradient(m/km), RMS Gradient(m/km) - GMTED2010 
  7  87.817669  66.085955    13.468    13.397  6 52453.61807419 22.777
  8  87.826162  66.088918     5.639     5.463  6 52488.61805316 17.093
  9  87.830500  66.088151     5.227     5.235  6 52523.61802733 35.851
 10  87.811086  66.086951     4.407     4.421  6 52558.61807770 37.256
 11  87.818468  66.085649     5.027     5.043  4 52593.61807798 29.663
 12  87.813120  66.087846    10.367     5.720  6 52628.61800343 16.209
 13  87.820059  66.088129    20.294    21.964  6 52663.61804042 14.276
 14  87.810522  66.086679    17.156    19.013  6 52698.61801566 13.449
 15  87.833854  66.086307    26.255    18.866  5 52733.61803795 12.754
 16  87.832254  66.088292    12.759     5.850  6 52768.61804123 12.169
 17  87.806021  66.086526    16.319    16.292  6 52803.61806403 46.893
 18  87.814372  66.086440     4.533     4.442  7 52838.61812705 32.103
 19  87.817645  66.086719     3.259     3.274  7 52873.61816677 25.622
 21  87.812373  66.087812     3.243     3.209  6 52943.61807756 44.115
 23  87.825479  66.086135     7.918     8.570  6 53013.61813302 15.071
 24  87.811479  66.086216     3.800     3.828  6 53048.61810393 27.004
 25  87.819791  66.087156    17.156    19.377  6 53083.61813925 13.921
 26  87.808997  66.086778     9.327     4.840  7 53118.61810986 16.820
 27  87.812110  66.086989    17.852    17.841  6 53153.61816068 52.964
 28  87.828663  66.084471     9.409    10.467  5 53188.61814834 17.652
 29  87.835697  66.080418     8.589     8.589  2 53223.61816380 16.581
 31  87.803949  66.086430     5.660     4.613  6 53293.61816385 23.246
 32  87.824278  66.087494     7.467     7.461  6 53328.61813700 27.130
 33  87.837850  66.084539     8.376     8.080  4 53363.61808875 12.856
 34  87.813053  66.087182    16.905    17.788  6 53398.61811290 13.779
 35  87.832350  66.088130    24.998    25.171  5 53433.61810324 10.798
 36  87.811258  66.084972    24.251    25.331  5 53468.61814342 10.680
 37  87.817663  66.086740     7.509     7.689  7 53503.61819022 15.472
 38  87.822094  66.087350     9.590     9.606  6 53538.61818654 22.079
 39  87.823607  66.086571     4.741     4.708  6 53573.61818587 18.577
 40  87.835620  66.086980     5.256     5.115  6 53608.61813528 20.028
 41  87.807339  66.087380     4.293     4.320  6 53643.61813803 43.929
 42  87.817825  66.087574     4.535     4.561  6 53678.61815589 45.047
 43  87.835406  66.087871     4.305     4.286  6 53713.61808393 19.225
 44  87.812846  66.083701     6.140     4.549  5 53748.61799796 19.835
 45  87.831446  66.084211     5.088     4.675  4 53783.61802824 19.084
 46  87.842311  66.088344    15.546    17.929  6 53818.61799118 14.581
 47  87.809473  66.086175    11.404     8.565  7 53853.61806966 14.437
 48  87.827848  66.086262    19.228    19.379  6 53888.61807698 28.435
 49  87.809216  66.086747     5.816     5.819  7 53923.61814600 47.230
 50  87.819601  66.087180     5.095     5.100  7 53958.61813767 34.569
 51  87.804895  66.085443     6.196     6.160  6 53993.61806687 19.372
 52  87.812296  66.086967     3.497     3.532  7 54028.61812711 45.548
 53  87.830825  66.085084    21.843    23.148  5 54063.61811983 11.595
 54  87.832958  66.087031     4.913     4.956  4 54098.61808788 21.539
 55  87.813813  66.083386    18.416    17.521  5 54133.61804382 14.350
 56  87.827246  66.088641    24.829    28.027  6 54168.61806253 11.265
 57  87.816314  66.081083    14.034    14.590  3 54203.61804718 20.170
 58  87.819912  66.087650    18.202    18.191  6 54238.61808329 52.472
 59  87.823127  66.087252    11.006    11.011  7 54273.61810096 23.229
 60  87.820614  66.086772     4.921     4.856  4 54308.61810271 18.265
 61  87.833701  66.087290     6.927     6.975  6 54343.61808048 20.421
 62  87.818637  66.083194    11.616    12.470  4 54378.61803772 17.157
 63  87.824627  66.087452     4.436     4.435  6 54413.61802848 46.951
 64  87.810059  66.087306     4.181     4.167  6 54448.61800513 23.626
 65  87.822422  66.087284     3.826     3.811  7 54483.61802221 22.079
 66  87.815969  66.085024     5.903     4.484  6 54518.61801824 18.314
 67  87.829673  66.087857     5.022     4.874  5 54553.61803414 13.812
 68  87.818132  66.086390    16.334    17.842  6 54588.61801438  3.004
 69  87.824237  66.086426    18.658    18.659  6 54623.61803174 39.526
 70  87.825151  66.081626     6.878     6.871  3 54658.61803977 19.536
 71  87.827187  66.087183     6.423     6.454  6 54693.61802190 40.679
 72  87.815052  66.086222     5.034     4.801  6 54728.61799480 18.502
 73  87.823239  66.085280     5.445     5.508  4 54763.61799924 20.572
 74  87.808398  66.086991    10.230     5.212  6 54798.61798836 20.516
 75  87.823767  66.086402     6.695     5.131  5 54833.61798995 17.286
 76  87.811119  66.086784    22.282    25.792  7 54868.61798469 13.687
 77  87.829914  66.086363    22.385    22.301  6 54903.61799924 12.905
 78  87.817137  66.085491    12.377    11.605  5 54938.61797519 11.858
 79  87.818358  66.087126    14.035    14.034  7 54973.61800686 39.060
 80  87.823951  66.086741     9.486     9.601  5 55008.61802129 18.947
 81  87.824309  66.083868    10.094     6.982  3 55043.61801044 15.223
 82  87.829257  66.088198     4.264     4.358  6 55078.61798864 16.882
 83  87.824430  66.079034     7.400     7.400  2 55113.61794185 18.128
 84  87.820180  66.088025    29.788    29.627  6 55148.61794410 17.513
 85  87.812457  66.084664    23.424    22.996  5 55183.61792534 12.227
 86  87.825622  66.086195    24.999    25.210  6 55218.61794138 11.551
 87  87.816518  66.085215    26.466    25.935  5 55253.61792124 10.896
 88  87.830302  66.087802    26.139    26.042  6 55288.61793163 11.764
 89  87.819826  66.087325     5.597     5.364  6 55323.61790933 20.880
 90  87.823113  66.087166    15.993    15.988  6 55358.61790761 46.143
 91  87.812556  66.089486     4.878     4.787  5 55393.61791182 21.014
 92  87.829157  66.079642     7.809     7.809  2 55428.61792208 19.066
 93  87.834050  66.088088    13.068    14.442  6 55463.61788678 16.917
