# NaN NaN NaN ;Mean Elev.(m), Avg Gradient(m/km), RMS Gradient(m/km) - SRTM1     
#    4.272   0.269   4.310 ;Mean Elev.(m), Avg Gradient(m/km), RMS Gradient(m/km) - ASTER GDEM
#    0.000   0.000   0.638 ;Mean Elev.(m), Avg Gradient(m/km), RMS Gradient(m/km) - GMTED2010 
  6     1.061 52419.25458307 36.88  83.371704  70.520421 15.091
  6     0.652 52419.25458372 27.42  83.367064  70.517451 15.091
  6     0.379 52419.25458436 18.94  83.362424  70.514481 15.091
  6     0.232 52419.25458501 15.32  83.357794  70.511511 15.091
  6    -0.551 52419.25458565 15.99  83.353161  70.508542  6.315
  6     0.872 52419.25458630 11.12  83.348531  70.505572  6.315
  6     0.848 52419.25458694 10.04  83.343901  70.502602  6.315
  6     0.897 52419.25458759  8.37  83.339271  70.499632  6.315
  6     1.013 52419.25458823  7.41  83.334641  70.496662  6.315
  6     1.039 52419.25458888  8.02  83.330021  70.493692  6.315
  6     1.035 52419.25458952 11.60  83.325391  70.490722  6.315
  6     1.087 52419.25459017  8.30  83.320771  70.487752  6.315
  6     1.119 52419.25459081  9.08  83.316141  70.484782  6.315
  8     0.365 52489.25458519 27.08  83.371680  70.522960 16.106
  8     0.225 52489.25458583 23.60  83.367050  70.519990 16.106
  8     0.061 52489.25458648 21.84  83.362410  70.517020 16.106
  8    -0.130 52489.25458712 20.25  83.357780  70.514050 16.106
  8    -0.183 52489.25458777 17.08  83.353150  70.511080 16.106
  8     0.012 52489.25458841 15.57  83.348520  70.508110 16.106
  8    -0.187 52489.25458905 15.73  83.343890  70.505130 16.106
  8    -0.097 52489.25458970 15.79  83.339262  70.502160 21.375
  8    -0.031 52489.25459034 15.23  83.334632  70.499190 21.375
  8    -0.020 52489.25459099 15.84  83.330002  70.496220 21.375
  8     0.476 52489.25459163 16.15  83.325382  70.493250 21.375
  8     1.136 52489.25459228 17.22  83.320762  70.490280 21.375
  8     1.511 52489.25459292 18.71  83.316132  70.487310 21.375
  9     0.546 52524.25456040 22.14  83.367710  70.529652  7.341
  9     0.261 52524.25456105 25.05  83.363070  70.526682  7.341
  9    -0.079 52524.25456169 22.35  83.358440  70.523712  7.341
  9    -0.167 52524.25456234 19.74  83.353800  70.520742  7.341
  9    -0.434 52524.25456298 17.94  83.349170  70.517772  7.341
  9    -0.249 52524.25456363 15.14  83.344540  70.514802  7.341
  9    -0.137 52524.25456427 14.98  83.339910  70.511832  7.341
  9    -0.292 52524.25456492 15.00  83.335280  70.508862  7.341
  9    -0.108 52524.25456556 14.45  83.330650  70.505892  7.341
  9    -0.001 52524.25456620 13.98  83.326020  70.502922  7.341
  9     0.344 52524.25456685 13.95  83.321400  70.499952  7.341
  9     0.992 52524.25456749 13.96  83.316770  70.496982  7.341
  9     1.596 52524.25456814 15.54  83.312150  70.494012  7.341
  9     2.030 52524.25456878 20.14  83.307522  70.491039 32.700
 11    -0.568 52594.25461402 23.61  83.368064  70.525505  6.330
 11    -0.502 52594.25461467 24.12  83.363424  70.522535  6.330
 11    -0.476 52594.25461531 26.27  83.358794  70.519565  6.330
 11    -0.575 52594.25461596 26.76  83.354154  70.516595  6.330
 11    -0.648 52594.25461660 26.77  83.349524  70.513625  6.330
 11    -0.679 52594.25461724 26.42  83.344894  70.510655  6.330
 11    -0.659 52594.25461789 26.70  83.340254  70.507685  6.330
 11    -0.568 52594.25461853 27.35  83.335624  70.504715  6.330
 11    -0.594 52594.25461918 26.99  83.331003  70.501738  3.947
 11    -0.684 52594.25461982 26.39  83.326373  70.498768  3.947
 11    -0.726 52594.25462047 25.72  83.321743  70.495798  3.947
 11    -0.655 52594.25462111 25.35  83.317123  70.492828  3.947
 11    -0.481 52594.25462176 24.31  83.312503  70.489858  3.947
 11    -0.629 52594.25462240 23.71  83.307873  70.486888  3.947
 13    -0.230 52664.25457577 12.87  83.371945  70.524625  2.612
 13    -0.106 52664.25457641 12.32  83.367305  70.521655  2.612
 13    -0.090 52664.25457706 12.29  83.362675  70.518685  2.612
 13    -0.037 52664.25457770 12.14  83.358035  70.515715  2.612
 13    -0.118 52664.25457835 11.92  83.353405  70.512745  2.612
 13     0.028 52664.25457899 12.68  83.348775  70.509775  2.612
 13     0.008 52664.25457964 12.80  83.344145  70.506805  2.612
 13     0.014 52664.25458028 12.90  83.339515  70.503835  2.612
 13     0.063 52664.25458093 12.25  83.334885  70.500865  2.612
 13    -0.003 52664.25458157 12.36  83.330255  70.497885  2.612
 13    -0.067 52664.25458221 12.46  83.325631  70.494924  1.974
 13    -0.020 52664.25458286 11.80  83.321011  70.491954  1.974
 13     0.043 52664.25458350 11.08  83.316381  70.488974  1.974
 13     0.207 52664.25458415 10.92  83.311761  70.486004  1.974
 15    -0.075 52734.25457706 10.35  83.373497  70.522840  1.910
 15    -0.018 52734.25457771 10.35  83.368867  70.519870  1.910
 15     0.107 52734.25457835 10.23  83.364227  70.516900  1.910
 15    -0.106 52734.25457900 10.59  83.359597  70.513930  1.910
 15    -0.145 52734.25457964 10.84  83.354967  70.510960  1.910
 15    -0.038 52734.25458028 10.63  83.350337  70.507980  1.910
 15    -0.244 52734.25458093 10.97  83.345707  70.505020  1.910
 15    -0.210 52734.25458157 11.01  83.341077  70.502050  1.910
 15    -0.153 52734.25458222 10.64  83.336447  70.499070  1.910
 15     0.032 52734.25458286 10.09  83.331827  70.496100  1.910
 15    -0.016 52734.25458351 10.09  83.327197  70.493130  1.910
 15     0.195 52734.25458415  9.75  83.322577  70.490160  1.910
 15     0.197 52734.25458480  9.81  83.317957  70.487190  1.910
 15     0.245 52734.25458544  9.26  83.313337  70.484220  1.910
 16     0.272 52769.25457241 23.82  83.363269  70.530240  5.704
 16     0.015 52769.25457306 23.41  83.358629  70.527280  5.704
 16    -0.106 52769.25457370 22.01  83.353989  70.524300  5.704
 16    -0.004 52769.25457435 20.18  83.349359  70.521330  5.704
 16     0.034 52769.25457499 18.07  83.344729  70.518370  5.704
 16    -0.157 52769.25457564 17.86  83.340089  70.515390  5.704
 16     0.052 52769.25457628 15.22  83.335459  70.512420  5.704
 16     0.062 52769.25457693 13.60  83.330829  70.509450  5.704
 16    -0.327 52769.25457757 13.53  83.326209  70.506480  5.704
 16    -0.490 52769.25457822 12.82  83.321579  70.503510  5.704
 16    -1.044 52769.25457886 12.74  83.316949  70.500540  5.704
 16    -1.646 52769.25457951 12.46  83.312329  70.497570  5.704
 16    -4.197 52769.25458015 13.89  83.307709  70.494600  5.704
 16    -2.382 52769.25458080 12.41  83.303089  70.491630  5.704
 17     3.815 52804.25460254 23.70  83.381772  70.516743  6.103
 17     3.569 52804.25460318 22.99  83.377132  70.513773  6.103
 17     3.056 52804.25460383 23.32  83.372492  70.510803  6.103
 17     2.694 52804.25460447 23.20  83.367862  70.507833  6.103
 17     2.300 52804.25460512 21.73  83.363224  70.504869 15.260
 17     1.727 52804.25460576 20.26  83.358594  70.501899 15.260
 17     0.921 52804.25460640 19.26  83.353964  70.498929 15.260
 17     1.175 52804.25460705 18.68  83.349334  70.495959 15.260
 17     2.047 52804.25460769 18.34  83.344704  70.492989 15.260
 17     2.640 52804.25460834 18.93  83.340084  70.490019 15.260
 17     3.183 52804.25460898 18.29  83.335454  70.487049 15.260
 17     2.989 52804.25460963 21.19  83.330834  70.484079 15.260
 17     3.294 52804.25461027 23.28  83.326204  70.481109 15.260
 18     0.408 52839.25466471 24.18  83.379164  70.518469 15.398
 18     0.391 52839.25466535 22.60  83.374524  70.515499 15.398
 18     0.292 52839.25466600 21.77  83.369894  70.512529 15.398
 18    -0.322 52839.25466664 21.05  83.365254  70.509559 15.398
 18    -0.907 52839.25466729 19.50  83.360624  70.506589 15.398
 18    -1.603 52839.25466793 18.81  83.355994  70.503619 15.398
 18    -0.373 52839.25466858 15.53  83.351366  70.500648 17.155
 18    -0.717 52839.25466922 15.48  83.346736  70.497678 17.155
 18    -1.412 52839.25466986 15.17  83.342106  70.494708 17.155
 18    -0.339 52839.25467051 14.68  83.337476  70.491738 17.155
 18    -0.338 52839.25467115 16.19  83.332856  70.488768 17.155
 18    -0.068 52839.25467180 17.73  83.328226  70.485798 17.155
 18     0.409 52839.25467244 18.47  83.323606  70.482828 17.155
 19     0.378 52874.25470442 28.67  83.372931  70.518576 16.580
 19     0.304 52874.25470506 19.26  83.368301  70.515606 16.580
 19     0.015 52874.25470571 17.49  83.363661  70.512636 16.580
 19     0.105 52874.25470635 15.68  83.359031  70.509666 16.580
 19     0.103 52874.25470700 14.75  83.354401  70.506696 16.580
 19     0.030 52874.25470764 14.87  83.349771  70.503726 16.580
 19    -0.167 52874.25470828 15.15  83.345140  70.500753 22.784
 19    -0.445 52874.25470893 17.29  83.340510  70.497783 22.784
 19    -0.456 52874.25470957 18.36  83.335880  70.494813 22.784
 19    -0.083 52874.25471022 18.29  83.331260  70.491843 22.784
 19     0.734 52874.25471086 17.67  83.326630  70.488873 22.784
 19     1.016 52874.25471151 20.07  83.322010  70.485903 22.784
 19     0.423 52874.25471215 25.52  83.317390  70.482933 22.784
 22     0.402 52979.25466967 17.85  83.376836  70.518039  3.055
 22     0.355 52979.25467031 18.04  83.372196  70.515069  3.055
 22     0.418 52979.25467096 18.33  83.367566  70.512099  3.055
 22     0.409 52979.25467160 18.47  83.362936  70.509139  3.055
 22     0.347 52979.25467225 18.73  83.358296  70.506159  3.055
 22     0.403 52979.25467289 19.04  83.353666  70.503189  3.055
 22     0.280 52979.25467354 18.96  83.349036  70.500229  3.055
 22     0.338 52979.25467418 18.71  83.344406  70.497249  3.055
 22     0.387 52979.25467483 18.68  83.339786  70.494279  3.055
 22     0.411 52979.25467547 18.43  83.335156  70.491309  3.055
 22     0.400 52979.25467612 18.46  83.330536  70.488339  3.055
 22     0.371 52979.25467676 18.02  83.325906  70.485369  3.055
 22     0.422 52979.25467741 17.17  83.321286  70.482399  3.055
 23    -0.111 53014.25466650 13.74  83.367377  70.526481  2.582
 23    -0.106 53014.25466715 13.98  83.362737  70.523511  2.582
 23    -0.016 53014.25466779 13.26  83.358097  70.520531  2.582
 23    -0.082 53014.25466844 13.57  83.353467  70.517571  2.582
 23    -0.184 53014.25466908 13.86  83.348837  70.514601  2.582
 23    -0.243 53014.25466973 14.36  83.344197  70.511621  2.582
 23    -0.286 53014.25467037 14.34  83.339567  70.508661  2.582
 23    -0.309 53014.25467102 14.31  83.334937  70.505681  2.582
 23    -0.302 53014.25467166 14.04  83.330307  70.502711  2.582
 23    -0.247 53014.25467230 13.81  83.325687  70.499741  2.582
 23    -0.038 53014.25467295 12.82  83.321057  70.496771  2.582
 23    -0.190 53014.25467359 12.75  83.316437  70.493801  2.582
 23    -0.204 53014.25467424 12.58  83.311810  70.490833  1.758
 23    -0.062 53014.25467488 12.41  83.307190  70.487863  1.758
 24    -0.111 53049.25463972 11.79  83.379178  70.517420  2.275
 24    -0.237 53049.25464037 12.36  83.374548  70.514450  2.275
 24    -0.279 53049.25464101 12.52  83.369908  70.511480  2.275
 24    -0.220 53049.25464166 12.42  83.365278  70.508510  2.275
 24    -0.379 53049.25464230 12.89  83.360638  70.505540  2.275
 24    -0.384 53049.25464295 13.20  83.356008  70.502570  2.275
 24    -0.364 53049.25464359 13.20  83.351378  70.499600  2.275
 24    -0.403 53049.25464424 13.76  83.346748  70.496630  2.275
 24    -0.326 53049.25464488 12.71  83.342118  70.493660  2.275
 24    -0.238 53049.25464552 12.28  83.337500  70.490683  1.741
 24    -0.219 53049.25464617 12.07  83.332870  70.487713  1.741
 24    -0.104 53049.25464681 11.45  83.328250  70.484743  1.741
 24    -0.023 53049.25464746 11.49  83.323620  70.481773  1.741
 25    -0.346 53084.25467373 10.63  83.368032  70.529685  2.453
 25    -0.466 53084.25467437 10.81  83.363392  70.526705  2.453
 25    -0.262 53084.25467502 10.84  83.358752  70.523745  2.453
 25    -0.360 53084.25467566 10.82  83.354122  70.520775  2.453
 25    -0.320 53084.25467631 10.99  83.349482  70.517805  2.453
 25    -0.599 53084.25467695 11.63  83.344852  70.514835  2.453
 25    -0.397 53084.25467759 11.64  83.340222  70.511865  2.453
 25    -0.962 53084.25467824 11.97  83.335592  70.508895  2.453
 25    -1.995 53084.25467888 12.27  83.330962  70.505925  2.453
 25    -0.677 53084.25467953 11.14  83.326332  70.502955  2.453
 25    -0.595 53084.25468017 10.92  83.321702  70.499975  2.453
 25    -0.436 53084.25468082 10.51  83.317080  70.497012  1.791
 25    -0.203 53084.25468146 10.23  83.312450  70.494042  1.791
 25    -0.306 53084.25468211  9.79  83.307830  70.491072  1.791
 26    -0.490 53119.25464565  9.46  83.374157  70.518519  2.311
 26    -0.525 53119.25464629  9.68  83.369517  70.515549  2.311
 26    -0.590 53119.25464694  9.65  83.364887  70.512579  2.311
 26    -0.648 53119.25464758 10.32  83.360257  70.509609  2.311
 26    -0.712 53119.25464823 10.46  83.355617  70.506639  2.311
 26    -0.823 53119.25464887 10.91  83.350987  70.503669  2.311
 26    -1.410 53119.25464952 10.91  83.346357  70.500699  2.311
 26    -1.062 53119.25465016 11.19  83.341727  70.497729  2.311
 26    -0.679 53119.25465080 10.38  83.337101  70.494753  1.894
 26    -0.594 53119.25465145  9.96  83.332471  70.491783  1.894
 26    -0.327 53119.25465209  9.42  83.327851  70.488813  1.894
 26    -0.312 53119.25465274  9.13  83.323221  70.485843  1.894
 26    -0.306 53119.25465338  8.90  83.318601  70.482873  1.894
 27     1.048 53154.25469667 37.02  83.371364  70.522418 27.112
 27     1.001 53154.25469732 30.86  83.366724  70.519448 27.112
 27     0.618 53154.25469796 27.06  83.362094  70.516478 27.112
 27     0.465 53154.25469861 22.08  83.357454  70.513508 27.112
 27     0.511 53154.25469925 18.83  83.352824  70.510538 27.112
 27     1.103 53154.25469990 15.77  83.348194  70.507568 27.112
 27     1.099 53154.25470054 15.48  83.343554  70.504598 27.112
 27     1.169 53154.25470119 13.73  83.338924  70.501628 27.112
 27     1.170 53154.25470183 12.48  83.334303  70.498651 10.643
 27     1.155 53154.25470248 12.44  83.329673  70.495681 10.643
 27     0.992 53154.25470312 13.75  83.325043  70.492711 10.643
 27     0.269 53154.25470377 17.00  83.320423  70.489741 10.643
 27     0.431 53154.25470441 18.05  83.315803  70.486771 10.643
 28     0.599 53189.25468673 23.88  83.373339  70.518035 18.209
 28     0.571 53189.25468738 18.74  83.368699  70.515065 18.209
 28     0.357 53189.25468802 17.11  83.364069  70.512095 18.209
 28     0.527 53189.25468867 13.87  83.359439  70.509125 18.209
 28     0.334 53189.25468931 14.16  83.354799  70.506155 18.209
 28     0.235 53189.25468996 14.29  83.350169  70.503185 18.209
 28    -0.050 53189.25469060 15.86  83.345547  70.500208 22.549
 28     0.106 53189.25469125 15.33  83.340917  70.497238 22.549
 28    -0.027 53189.25469189 16.85  83.336287  70.494268 22.549
 28     0.287 53189.25469254 17.53  83.331667  70.491298 22.549
 28     0.743 53189.25469318 19.74  83.327047  70.488328 22.549
 28     1.216 53189.25469383 21.08  83.322417  70.485358 22.549
 28     1.324 53189.25469447 24.70  83.317797  70.482388 22.549
 29     2.670 53224.25469951 12.78  83.369744  70.523872  8.503
 29     0.748 53224.25470015 12.31  83.365104  70.520892  8.503
 29     0.563 53224.25470080 12.62  83.360474  70.517932  8.503
 29     0.366 53224.25470144 12.34  83.355834  70.514962  8.503
 29     0.256 53224.25470209 12.76  83.351204  70.511982  8.503
 29     0.271 53224.25470273 12.48  83.346574  70.509012  8.503
 29     0.276 53224.25470338 12.23  83.341944  70.506042  8.503
 29     0.160 53224.25470402 13.08  83.337314  70.503072  8.503
 29     0.293 53224.25470467 12.09  83.332694  70.500102  8.503
 29     0.396 53224.25470531 12.32  83.328064  70.497132  8.503
 29     0.290 53224.25470596 14.61  83.323434  70.494162  8.503
 29     0.586 53224.25470660 14.49  83.318818  70.491194 28.041
 29     0.742 53224.25470724 15.75  83.314198  70.488224 28.041
 30     0.438 53259.25467353 21.80  83.364838  70.530768  7.615
 30     0.208 53259.25467417 18.37  83.360198  70.527798  7.615
 30     0.076 53259.25467482 18.15  83.355568  70.524838  7.615
 30    -0.343 53259.25467546 18.69  83.350928  70.521858  7.615
 30    -0.464 53259.25467611 16.99  83.346298  70.518888  7.615
 30    -0.255 53259.25467675 15.79  83.341668  70.515928  7.615
 30    -0.163 53259.25467739 14.09  83.337028  70.512948  7.615
 30    -0.324 53259.25467804 15.24  83.332408  70.509978  7.615
 30    -0.029 53259.25467868 13.71  83.327778  70.507008  7.615
 30    -0.070 53259.25467933 14.19  83.323148  70.504038  7.615
 30     0.047 53259.25467997 14.55  83.318518  70.501068  7.615
 30     0.972 53259.25468062 14.06  83.313898  70.498098  7.615
 30     1.672 53259.25468126 14.48  83.309268  70.495128  7.615
 30     2.204 53259.25468191 16.11  83.304653  70.492156 30.088
 31     0.444 53294.25470044 17.30  83.370678  70.519189 10.365
 31     0.134 53294.25470108 17.17  83.366038  70.516219 10.365
 31    -0.155 53294.25470173 17.14  83.361408  70.513249 10.365
 31    -0.751 53294.25470237 17.07  83.356768  70.510279 10.365
 31    -1.525 53294.25470302 18.85  83.352138  70.507309 10.365
 31    -2.861 53294.25470366 20.63  83.347508  70.504339 10.365
 31    -2.784 53294.25470431 20.43  83.342878  70.501369 10.365
 31    -1.707 53294.25470495 20.81  83.338241  70.498396  7.110
 31    -1.116 53294.25470560 23.32  83.333621  70.495426  7.110
 31    -0.580 53294.25470624 21.54  83.328991  70.492456  7.110
 31    -0.266 53294.25470689 23.60  83.324361  70.489486  7.110
 31     0.090 53294.25470753 23.40  83.319741  70.486516  7.110
 31     0.409 53294.25470818 26.14  83.315121  70.483546  7.110
 32     0.158 53329.25467322 16.17  83.371373  70.522327  2.550
 32     0.271 53329.25467387 16.31  83.366743  70.519357  2.550
 32     0.127 53329.25467451 16.57  83.362103  70.516387  2.550
 32    -0.038 53329.25467516 17.17  83.357473  70.513417  2.550
 32    -0.081 53329.25467580 17.29  83.352843  70.510447  2.550
 32    -0.128 53329.25467645 17.57  83.348213  70.507477  2.550
 32    -0.018 53329.25467709 17.50  83.343583  70.504507  2.550
 32    -0.038 53329.25467773 17.55  83.338953  70.501537  2.550
 32     0.104 53329.25467838 16.31  83.334319  70.498558  1.964
 32     0.135 53329.25467902 15.75  83.329699  70.495588  1.964
 32     0.204 53329.25467967 15.22  83.325069  70.492618  1.964
 32     0.107 53329.25468031 15.41  83.320449  70.489648  1.964
 32     0.045 53329.25468096 14.51  83.315829  70.486678  1.964
 34    -0.461 53399.25464901 10.89  83.372951  70.518169  2.307
 34    -0.505 53399.25464966 10.62  83.368321  70.515199  2.307
 34    -0.336 53399.25465030 11.08  83.363681  70.512229  2.307
 34    -0.606 53399.25465095 11.66  83.359051  70.509259  2.307
 34    -0.729 53399.25465159 12.04  83.354421  70.506289  2.307
 34    -0.608 53399.25465224 12.43  83.349781  70.503319  2.307
 34    -0.668 53399.25465288 12.20  83.345161  70.500349  2.307
 34    -0.299 53399.25465353 11.34  83.340523  70.497374  1.914
 34    -0.306 53399.25465417 10.75  83.335903  70.494404  1.914
 34    -0.266 53399.25465482 10.95  83.331273  70.491434  1.914
 34    -0.278 53399.25465546 10.25  83.326653  70.488464  1.914
 34    -0.298 53399.25465611 10.00  83.322033  70.485494  1.914
 34     0.008 53399.25465675  9.62  83.317403  70.482524  1.914
 35    -0.468 53434.25463825 10.51  83.368029  70.526134  2.397
 35    -0.446 53434.25463889 10.51  83.363399  70.523164  2.397
 35    -0.274 53434.25463953 10.55  83.358759  70.520194  2.397
 35    -0.443 53434.25464018 10.78  83.354129  70.517224  2.397
 35    -0.349 53434.25464082 10.71  83.349499  70.514254  2.397
 35    -1.048 53434.25464147 11.31  83.344869  70.511284  2.397
 35    -0.621 53434.25464211 11.48  83.340229  70.508314  2.397
 35    -0.644 53434.25464276 11.59  83.335609  70.505334  2.397
 35    -0.423 53434.25464340 10.82  83.330979  70.502364  2.397
 35    -0.272 53434.25464405 10.60  83.326350  70.499400  1.816
 35    -0.273 53434.25464469  9.81  83.321730  70.496430  1.816
 35    -0.156 53434.25464534  9.53  83.317110  70.493450  1.816
 35    -0.007 53434.25464598  9.25  83.312480  70.490480  1.816
 35     0.153 53434.25464663  8.90  83.307860  70.487510  1.816
 36    -0.196 53469.25468163  9.52  83.377894  70.518860  2.105
 36     0.023 53469.25468227  9.43  83.373254  70.515890  2.105
 36    -0.189 53469.25468292  9.21  83.368624  70.512920  2.105
 36    -0.301 53469.25468356  9.85  83.363984  70.509950  2.105
 36    -0.071 53469.25468421  9.83  83.359354  70.506980  2.105
 36    -0.162 53469.25468485 10.11  83.354724  70.504010  2.105
 36    -0.231 53469.25468550 10.33  83.350094  70.501040  2.105
 36     0.289 53469.25468614 10.01  83.345465  70.498068  1.860
 36     0.416 53469.25468679 10.15  83.340835  70.495098  1.860
 36     0.089 53469.25468743  9.92  83.336205  70.492128  1.860
 36     0.182 53469.25468808  8.94  83.331585  70.489158  1.860
 36     0.055 53469.25468872  8.69  83.326955  70.486188  1.860
 36     0.268 53469.25468937  8.50  83.322335  70.483218  1.860
 37     0.841 53504.25472462 10.47  83.368277  70.523871  1.861
 37     0.800 53504.25472526 10.47  83.363637  70.520901  1.861
 37     0.739 53504.25472591 11.13  83.359007  70.517931  1.861
 37     0.559 53504.25472655 11.06  83.354367  70.514961  1.861
 37     0.601 53504.25472720 10.91  83.349737  70.511991  1.861
 37     0.474 53504.25472784 11.45  83.345107  70.509021  1.861
 37     0.478 53504.25472849 11.29  83.340477  70.506051  1.861
 37     0.492 53504.25472913 11.35  83.335847  70.503071  1.861
 37     0.461 53504.25472978 11.32  83.331214  70.500111  1.710
 37     0.543 53504.25473042 11.22  83.326594  70.497131  1.710
 37     0.717 53504.25473107 11.81  83.321964  70.494161  1.710
 37     1.441 53504.25473171 10.94  83.317344  70.491191  1.710
 37     1.967 53504.25473235 10.81  83.312714  70.488221  1.710
 38     3.703 53539.25472268 23.04  83.370465  70.523714 17.988
 38     3.504 53539.25472333 17.43  83.365835  70.520744 17.988
 38     3.136 53539.25472397 15.08  83.361195  70.517774 17.988
 38     2.447 53539.25472461 15.02  83.356565  70.514804 17.988
 38     1.664 53539.25472526 14.81  83.351925  70.511834 17.988
 38     1.024 53539.25472590 15.42  83.347295  70.508864 17.988
 38     0.612 53539.25472655 15.76  83.342665  70.505894 17.988
 38     0.541 53539.25472719 16.21  83.338035  70.502914 17.988
 38     0.382 53539.25472784 16.71  83.333407  70.499954 24.485
 38     0.340 53539.25472848 17.77  83.328777  70.496974 24.485
 38     0.844 53539.25472913 19.39  83.324157  70.494004 24.485
 38     1.250 53539.25472977 21.54  83.319527  70.491034 24.485
 38     1.718 53539.25473042 21.82  83.314907  70.488064 24.485
 39     0.104 53574.25471990 30.56  83.365946  70.526212 16.911
 39    -0.117 53574.25472054 25.08  83.361316  70.523242 16.911
 39    -0.256 53574.25472119 20.51  83.356676  70.520272 16.911
 39    -0.612 53574.25472183 20.49  83.352046  70.517302 16.911
 39    -0.510 53574.25472248 17.56  83.347406  70.514332 16.911
 39    -0.590 53574.25472312 17.24  83.342776  70.511362 16.911
 39    -0.372 53574.25472377 16.08  83.338146  70.508392 16.911
 39    -0.460 53574.25472441 16.82  83.333516  70.505422 16.911
 39    -0.712 53574.25472506 18.03  83.328886  70.502442 16.911
 39    -0.397 53574.25472570 18.04  83.324264  70.499479 26.269
 39    -1.156 53574.25472634 20.55  83.319634  70.496509 26.269
 39    -0.633 53574.25472699 21.47  83.315014  70.493529 26.269
 39    -0.308 53574.25472763 24.90  83.310394  70.490559 26.269
 40     0.688 53609.25466910 21.00  83.365006  70.531391  6.379
 40     0.439 53609.25466975 21.06  83.360366  70.528421  6.379
 40     0.248 53609.25467039 18.00  83.355736  70.525451  6.379
 40    -0.013 53609.25467104 17.32  83.351096  70.522481  6.379
 40    -0.265 53609.25467168 16.68  83.346466  70.519511  6.379
 40    -0.243 53609.25467233 15.34  83.341836  70.516541  6.379
 40     0.037 53609.25467297 13.90  83.337206  70.513571  6.379
 40     0.048 53609.25467361 13.44  83.332576  70.510601  6.379
 40     0.208 53609.25467426 13.51  83.327946  70.507631  6.379
 40    -0.013 53609.25467490 14.81  83.323316  70.504661  6.379
 40     0.284 53609.25467555 13.43  83.318689  70.501694 23.715
 40     0.597 53609.25467619 12.39  83.314069  70.498724 23.715
 40     0.334 53609.25467684 13.58  83.309439  70.495754 23.715
 40     1.901 53609.25467748 12.88  83.304819  70.492784 23.715
 41     0.567 53644.25467360 22.04  83.379112  70.517018 16.906
 41     1.088 53644.25467424 16.77  83.374472  70.514048 16.906
 41     0.953 53644.25467489 14.39  83.369842  70.511078 16.906
 41     0.701 53644.25467553 14.87  83.365202  70.508108 16.906
 41     0.452 53644.25467618 13.61  83.360572  70.505138 16.906
 41     0.093 53644.25467682 13.21  83.355942  70.502168 16.906
 41    -0.058 53644.25467747 13.01  83.351312  70.499198 16.906
 41    -0.091 53644.25467811 12.65  83.346679  70.496226 17.514
 41     0.016 53644.25467876 12.70  83.342049  70.493256 17.514
 41    -0.019 53644.25467940 12.47  83.337429  70.490286 17.514
 41     0.002 53644.25468005 12.69  83.332799  70.487316 17.514
 41     0.127 53644.25468069 13.96  83.328179  70.484346 17.514
 41     0.531 53644.25468134 16.17  83.323559  70.481376 17.514
 42     0.044 53679.25469005 32.76  83.369447  70.526672 14.473
 42     0.177 53679.25469069 32.79  83.364807  70.523702 14.473
 42     0.215 53679.25469134 35.64  83.360177  70.520732 14.473
 42     0.304 53679.25469198 36.88  83.355537  70.517762 14.473
 42     0.324 53679.25469263 38.13  83.350907  70.514792 14.473
 42     0.250 53679.25469327 39.80  83.346267  70.511822 14.473
 42     0.342 53679.25469392 39.82  83.341637  70.508852 14.473
 42     0.329 53679.25469456 39.12  83.337007  70.505882 14.473
 42     0.350 53679.25469521 38.40  83.332377  70.502912 14.473
 42     0.251 53679.25469585 38.51  83.327757  70.499942 14.473
 42     0.207 53679.25469650 38.53  83.323132  70.496971  8.131
 42     0.184 53679.25469714 37.84  83.318502  70.494001  8.131
 42     0.173 53679.25469779 37.22  83.313882  70.491021  8.131
 42     0.110 53679.25469843 36.11  83.309252  70.488051  8.131
 43     0.239 53714.25461857 16.83  83.366182  70.525720  2.712
 43    -0.019 53714.25461921 17.08  83.361552  70.522750  2.712
 43    -0.357 53714.25461986 17.30  83.356912  70.519780  2.712
 43    -0.366 53714.25462050 17.67  83.352282  70.516810  2.712
 43    -0.411 53714.25462114 17.94  83.347652  70.513840  2.712
 43    -0.330 53714.25462179 18.10  83.343022  70.510860  2.712
 43    -0.512 53714.25462243 19.31  83.338392  70.507890  2.712
 43    -0.682 53714.25462308 19.31  83.333762  70.504920  2.712
 43    -0.737 53714.25462372 19.74  83.329142  70.501950  2.712
 43    -0.980 53714.25462437 20.05  83.324514  70.498985  2.742
 43    -0.542 53714.25462501 19.21  83.319884  70.496015  2.742
 43    -0.249 53714.25462566 18.79  83.315264  70.493045  2.742
 43     0.169 53714.25462630 17.91  83.310644  70.490075  2.742
 45    -0.228 53784.25456474 12.32  83.370562  70.521846  2.230
 45    -0.169 53784.25456538 12.19  83.365922  70.518876  2.230
 45    -0.081 53784.25456603 12.20  83.361292  70.515906  2.230
 45    -0.194 53784.25456667 12.62  83.356652  70.512936  2.230
 45    -0.076 53784.25456732 12.45  83.352022  70.509966  2.230
 45    -0.075 53784.25456796 13.11  83.347392  70.506996  2.230
 45    -0.080 53784.25456861 13.04  83.342762  70.504026  2.230
 45    -0.151 53784.25456925 13.45  83.338132  70.501056  2.230
 45    -0.227 53784.25456990 13.43  83.333510  70.498085  2.085
 45    -0.186 53784.25457054 12.79  83.328880  70.495115  2.085
 45    -0.118 53784.25457119 12.23  83.324260  70.492135  2.085
 45     0.019 53784.25457183 12.01  83.319640  70.489165  2.085
 45     0.296 53784.25457247 11.48  83.315020  70.486195  2.085
 46    -0.671 53819.25452429 11.61  83.364745  70.531447  2.481
 46    -0.855 53819.25452494 11.84  83.360105  70.528467  2.481
 46    -0.832 53819.25452558 11.56  83.355475  70.525507  2.481
 46    -0.807 53819.25452623 11.54  83.350835  70.522527  2.481
 46    -0.780 53819.25452687 11.89  83.346205  70.519557  2.481
 46    -0.922 53819.25452752 11.75  83.341575  70.516587  2.481
 46    -1.000 53819.25452816 11.85  83.336945  70.513617  2.481
 46    -0.924 53819.25452881 12.30  83.332315  70.510647  2.481
 46    -0.967 53819.25452945 12.19  83.327685  70.507677  2.481
 46    -0.804 53819.25453009 11.80  83.323055  70.504707  2.481
 46    -0.834 53819.25453074 11.68  83.318435  70.501737  2.481
 46    -0.607 53819.25453138 11.63  83.313809  70.498765  1.978
 46    -0.376 53819.25453203 11.16  83.309189  70.495795  1.978
 46     0.033 53819.25453267 10.83  83.304569  70.492825  1.978
 47    -0.540 53854.25460633 10.11  83.373929  70.519846  2.355
 47    -0.492 53854.25460698  9.99  83.369289  70.516876  2.355
 47    -0.676 53854.25460762 10.34  83.364659  70.513906  2.355
 47    -0.456 53854.25460827 10.22  83.360019  70.510936  2.355
 47    -0.666 53854.25460891 11.13  83.355389  70.507966  2.355
 47    -0.534 53854.25460956 10.98  83.350759  70.504996  2.355
 47    -1.056 53854.25461020 11.62  83.346129  70.502026  2.355
 47    -0.784 53854.25461085 11.18  83.341499  70.499056  2.355
 47    -0.672 53854.25461149 10.46  83.336865  70.496080  2.182
 47    -0.620 53854.25461214 10.68  83.332245  70.493110  2.182
 47    -0.360 53854.25461278 10.47  83.327615  70.490140  2.182
 47    -0.005 53854.25461343  9.83  83.322995  70.487170  2.182
 47     0.227 53854.25461407  9.48  83.318365  70.484200  2.182
 48     1.523 53889.25461503 28.82  83.377273  70.519410 30.161
 48     1.497 53889.25461568 23.47  83.372643  70.516440 30.161
 48     1.212 53889.25461632 20.16  83.368003  70.513470 30.161
 48     1.169 53889.25461697 15.70  83.363373  70.510500 30.161
 48     1.417 53889.25461761 14.92  83.358743  70.507530 30.161
 48     1.705 53889.25461826 14.63  83.354113  70.504560 30.161
 48     1.731 53889.25461890 17.45  83.349483  70.501590 30.161
 48     1.698 53889.25461955 23.17  83.344851  70.498612 20.722
 48     1.776 53889.25462019 22.78  83.340231  70.495642 20.722
 48     1.577 53889.25462084 19.70  83.335601  70.492672 20.722
 48     1.138 53889.25462148 21.85  83.330981  70.489702 20.722
 48     1.215 53889.25462213 24.55  83.326351  70.486732 20.722
 48     1.626 53889.25462277 27.88  83.321731  70.483762 20.722
 49     3.139 53924.25468108 19.77  83.369685  70.525213 12.371
 49     2.300 53924.25468172 18.10  83.365045  70.522243 12.371
 49    -0.051 53924.25468237 20.53  83.360405  70.519273 12.371
 49    -0.010 53924.25468301 17.13  83.355775  70.516303 12.371
 49    -0.619 53924.25468366 21.37  83.351135  70.513333 12.371
 49    -0.836 53924.25468430 17.69  83.346505  70.510363 12.371
 49    -0.583 53924.25468495 16.48  83.341875  70.507393 12.371
 49    -0.019 53924.25468559 14.78  83.337245  70.504423 12.371
 49    -0.098 53924.25468624 14.30  83.332615  70.501453 12.371
 49     0.120 53924.25468688 14.76  83.327980  70.498474 22.190
 49     0.720 53924.25468753 15.28  83.323360  70.495504 22.190
 49     1.263 53924.25468817 15.29  83.318730  70.492534 22.190
 49     1.806 53924.25468882 16.90  83.314110  70.489564 22.190
 49     2.017 53924.25468946 21.54  83.309480  70.486594 22.190
 50     0.018 53959.25467141 26.14  83.365013  70.527964 18.887
 50    -0.072 53959.25467205 23.05  83.360373  70.524994 18.887
 50    -0.239 53959.25467270 20.39  83.355743  70.522034 18.887
 50    -0.559 53959.25467334 18.27  83.351103  70.519054 18.887
 50    -0.761 53959.25467399 16.81  83.346473  70.516084 18.887
 50    -0.458 53959.25467463 15.15  83.341843  70.513124 18.887
 50    -0.363 53959.25467527 15.56  83.337203  70.510144 18.887
 50    -0.864 53959.25467592 16.77  83.332573  70.507174 18.887
 50    -0.352 53959.25467656 15.05  83.327953  70.504204 18.887
 50    -0.243 53959.25467721 15.34  83.323323  70.501234 18.887
 50    -0.604 53959.25467785 17.24  83.318691  70.498270 28.884
 50    -0.596 53959.25467850 18.32  83.314071  70.495300 28.884
 50    -0.342 53959.25467914 19.96  83.309441  70.492320 28.884
 50     0.013 53959.25467979 20.99  83.304821  70.489350 28.884
 52    -0.163 54029.25466376 37.67  83.376349  70.515023 13.084
 52    -0.026 54029.25466440 40.38  83.371719  70.512053 13.084
 52    -0.226 54029.25466504 41.25  83.367079  70.509083 13.084
 52    -0.180 54029.25466569 40.49  83.362449  70.506113 13.084
 52    -0.060 54029.25466633 41.56  83.357819  70.503143 13.084
 52    -0.113 54029.25466698 42.58  83.353189  70.500173 13.084
 52    -0.103 54029.25466762 36.83  83.348559  70.497203 13.084
 52    -0.143 54029.25466827 38.33  83.343930  70.494228  8.954
 52    -0.124 54029.25466891 35.29  83.339310  70.491258  8.954
 52     0.009 54029.25466956 37.92  83.334680  70.488288  8.954
 52    -0.004 54029.25467020 37.92  83.330060  70.485318  8.954
 52    -0.164 54029.25467085 37.22  83.325430  70.482348  8.954
 53    -0.005 54064.25465658 20.64  83.370603  70.522029  3.530
 53     0.060 54064.25465722 21.21  83.365973  70.519059  3.530
 53     0.062 54064.25465787 20.69  83.361333  70.516089  3.530
 53     0.054 54064.25465851 21.42  83.356703  70.513119  3.530
 53     0.030 54064.25465916 21.23  83.352073  70.510149  3.530
 53     0.019 54064.25465980 21.88  83.347443  70.507179  3.530
 53    -0.034 54064.25466045 21.56  83.342813  70.504209  3.530
 53    -0.002 54064.25466109 21.33  83.338183  70.501239  3.530
 53    -0.002 54064.25466174 21.40  83.333563  70.498259  3.530
 53    -0.029 54064.25466238 20.59  83.328936  70.495297  2.096
 53    -0.102 54064.25466303 19.98  83.324306  70.492327  2.096
 53    -0.084 54064.25466367 19.17  83.319686  70.489347  2.096
 53    -0.181 54064.25466432 19.06  83.315066  70.486377  2.096
 54    -0.003 54099.25462210 16.57  83.365222  70.527755  2.551
 54     0.019 54099.25462274 16.34  83.360582  70.524785  2.551
 54    -0.003 54099.25462338 16.70  83.355952  70.521825  2.551
 54     0.150 54099.25462403 16.24  83.351322  70.518845  2.551
 54     0.064 54099.25462467 16.38  83.346682  70.515875  2.551
 54     0.050 54099.25462532 16.28  83.342052  70.512905  2.551
 54     0.029 54099.25462596 16.22  83.337422  70.509935  2.551
 54    -0.022 54099.25462661 16.27  83.332792  70.506965  2.551
 54    -0.135 54099.25462725 16.11  83.328172  70.503995  2.551
 54    -0.060 54099.25462790 15.55  83.323542  70.501025  2.551
 54    -0.119 54099.25462854 15.43  83.318913  70.498059  1.826
 54    -0.055 54099.25462919 15.12  83.314293  70.495089  1.826
 54     0.078 54099.25462983 14.65  83.309673  70.492119  1.826
 54     0.031 54099.25463048 14.44  83.305053  70.489149  1.826
 55    -0.501 54134.25458170 14.03  83.377141  70.516112  2.472
 55    -0.370 54134.25458235 14.13  83.372511  70.513142  2.472
 55    -0.479 54134.25458299 14.19  83.367871  70.510172  2.472
 55    -0.562 54134.25458364 14.52  83.363241  70.507202  2.472
 55    -0.546 54134.25458428 14.63  83.358611  70.504232  2.472
 55    -0.631 54134.25458493 15.51  83.353971  70.501262  2.472
 55    -0.813 54134.25458557 14.71  83.349351  70.498292  2.472
 55    -0.650 54134.25458622 13.88  83.344720  70.495318  1.864
 55    -0.586 54134.25458686 13.96  83.340090  70.492348  1.864
 55    -0.487 54134.25458751 13.28  83.335460  70.489378  1.864
 55    -0.440 54134.25458815 13.17  83.330840  70.486408  1.864
 55    -0.335 54134.25458880 12.80  83.326210  70.483438  1.864
 55     0.080 54134.25458944 12.29  83.321590  70.480468  1.864
 57     0.602 54204.25458602  4.73  83.375377  70.515911  1.990
 57     0.463 54204.25458667  5.53  83.370737  70.512941  1.990
 57     0.357 54204.25458731  6.63  83.366107  70.509971  1.990
 57     0.228 54204.25458796  7.56  83.361468  70.507006  3.062
 57     0.216 54204.25458860  8.63  83.356838  70.504036  3.062
 57     0.292 54204.25458925 10.76  83.352208  70.501066  3.062
 57     0.372 54204.25458989 11.78  83.347578  70.498096  3.062
 57     0.383 54204.25459054  8.77  83.342948  70.495126  3.062
 57     0.263 54204.25459118  8.06  83.338328  70.492156  3.062
 57     0.366 54204.25459183  6.98  83.333698  70.489186  3.062
 57     0.602 54204.25459247  7.31  83.329078  70.486216  3.062
 57     1.370 54204.25459312  5.66  83.324448  70.483246  3.062
 57     1.760 54204.25459376  5.19  83.319828  70.480276  3.062
 59     1.452 54274.25463632 30.67  83.373059  70.523403 40.986
 59     1.492 54274.25463696 45.65  83.368419  70.520433 40.986
 59     1.419 54274.25463761 51.82  83.363779  70.517463 40.986
 59     1.477 54274.25463825 49.49  83.359149  70.514493 40.986
 59     1.507 54274.25463890 49.86  83.354519  70.511523 40.986
 59     1.384 54274.25463954 51.78  83.349889  70.508553 40.986
 59     1.514 54274.25464018 51.32  83.345260  70.505578 41.150
 59     1.364 54274.25464083 53.23  83.340630  70.502608 41.150
 59     1.436 54274.25464147 51.98  83.336000  70.499638 41.150
 59     1.385 54274.25464212 53.16  83.331370  70.496668 41.150
 59     1.388 54274.25464276 53.07  83.326750  70.493698 41.150
 59     1.344 54274.25464341 51.76  83.322120  70.490728 41.150
 59     1.370 54274.25464405 48.17  83.317500  70.487758 41.150
 59     1.431 54274.25464470 49.85  83.312880  70.484788 41.150
 60     0.098 54309.25463828 35.08  83.374015  70.521925 24.074
 60    -0.047 54309.25463893 30.05  83.369375  70.518955 24.074
 60    -0.277 54309.25463957 25.29  83.364735  70.515985 24.074
 60    -0.401 54309.25464022 21.05  83.360105  70.513015 24.074
 60    -0.955 54309.25464086 20.74  83.355475  70.510045 24.074
 60    -1.166 54309.25464151 19.35  83.350844  70.507074 23.165
 60    -2.483 54309.25464215 19.74  83.346214  70.504104 23.165
 60    -3.056 54309.25464280 20.73  83.341584  70.501134 23.165
 60    -2.139 54309.25464344 19.92  83.336954  70.498164 23.165
 60    -1.593 54309.25464409 21.82  83.332324  70.495194 23.165
 60    -0.917 54309.25464473 22.11  83.327704  70.492224 23.165
 60    -0.559 54309.25464538 25.59  83.323074  70.489254 23.165
 60    -0.219 54309.25464602 30.06  83.318454  70.486284 23.165
 61     0.025 54344.25461422 37.22  83.368623  70.529145 27.608
 61    -0.021 54344.25461486 29.90  83.363983  70.526175 27.608
 61    -0.178 54344.25461551 26.47  83.359353  70.523205 27.608
 61    -0.376 54344.25461615 24.99  83.354713  70.520235 27.608
 61    -0.399 54344.25461680 21.77  83.350083  70.517265 27.608
 61    -0.604 54344.25461744 22.75  83.345453  70.514295 27.608
 61    -0.454 54344.25461808 21.29  83.340823  70.511315 27.608
 61    -0.757 54344.25461873 22.24  83.336195  70.508345 23.035
 61    -1.544 54344.25461937 22.49  83.331565  70.505375 23.035
 61    -1.090 54344.25462002 22.52  83.326935  70.502405 23.035
 61    -0.697 54344.25462066 22.42  83.322315  70.499435 23.035
 61    -0.546 54344.25462131 24.89  83.317685  70.496465 23.035
 61    -0.234 54344.25462195 26.64  83.313065  70.493495 23.035
 61    -0.062 54344.25462260 31.56  83.308445  70.490525 23.035
 62     1.428 54379.25457464 18.90  83.376017  70.518710  9.678
 62     0.874 54379.25457529 18.63  83.371387  70.515740  9.678
 62     0.742 54379.25457593 18.25  83.366747  70.512770  9.678
 62     0.672 54379.25457658 18.01  83.362118  70.509804 15.669
 62     0.570 54379.25457722 17.32  83.357488  70.506834 15.669
 62     0.063 54379.25457787 16.71  83.352848  70.503864 15.669
 62    -0.406 54379.25457851 16.99  83.348218  70.500894 15.669
 62     0.666 54379.25457916 16.50  83.343598  70.497924 15.669
 62     0.895 54379.25457980 16.25  83.338968  70.494954 15.669
 62    -0.152 54379.25458044 17.47  83.334338  70.491984 15.669
 62     0.468 54379.25458109 20.14  83.329718  70.489014 15.669
 62     0.781 54379.25458173 22.84  83.325088  70.486044 15.669
 62     1.167 54379.25458238 23.37  83.320468  70.483074 15.669
 63     0.106 54414.25456333 25.51  83.368606  70.523603  4.728
 63     0.196 54414.25456397 27.90  83.363976  70.520633  4.728
 63     0.223 54414.25456462 29.66  83.359336  70.517663  4.728
 63     0.298 54414.25456526 32.31  83.354706  70.514693  4.728
 63     0.283 54414.25456590 30.15  83.350068  70.511722  7.741
 63     0.319 54414.25456655 31.60  83.345438  70.508752  7.741
 63     0.252 54414.25456719 30.13  83.340808  70.505782  7.741
 63     0.179 54414.25456784 30.62  83.336178  70.502812  7.741
 63     0.122 54414.25456848 31.97  83.331558  70.499842  7.741
 63     0.130 54414.25456913 31.58  83.326928  70.496872  7.741
 63     0.180 54414.25456977 31.01  83.322308  70.493902  7.741
 63     0.219 54414.25457042 30.73  83.317678  70.490932  7.741
 63     0.204 54414.25457106 29.10  83.313058  70.487962  7.741
 64     0.077 54449.25454216 15.15  83.376017  70.515667  2.297
 64     0.127 54449.25454281 15.14  83.371387  70.512697  2.297
 64     0.096 54449.25454345 15.80  83.366752  70.509734  3.154
 64     0.119 54449.25454410 16.35  83.362112  70.506764  3.154
 64     0.125 54449.25454474 16.80  83.357482  70.503794  3.154
 64     0.061 54449.25454539 17.66  83.352852  70.500824  3.154
 64     0.055 54449.25454603 17.14  83.348222  70.497854  3.154
 64     0.133 54449.25454668 17.35  83.343592  70.494884  3.154
 64    -0.097 54449.25454732 18.12  83.338962  70.491914  3.154
 64     0.077 54449.25454797 18.40  83.334342  70.488944  3.154
 64     0.103 54449.25454861 18.32  83.329712  70.485974  3.154
 64     0.201 54449.25454925 16.40  83.325092  70.483004  3.154
 64     0.318 54449.25454990 16.42  83.320472  70.480034  3.154
 65    -0.356 54484.25455828 11.14  83.370409  70.519426  2.361
 65    -0.155 54484.25455893 11.09  83.365769  70.516456  2.361
 65    -0.139 54484.25455957 11.42  83.361139  70.513486  2.361
 65    -0.179 54484.25456021 11.92  83.356499  70.510516  2.361
 65    -0.149 54484.25456086 12.01  83.351869  70.507546  2.361
 65    -0.298 54484.25456150 12.85  83.347239  70.504576  2.361
 65    -0.165 54484.25456215 12.06  83.342609  70.501606  2.361
 65    -0.332 54484.25456279 13.41  83.337984  70.498629  2.236
 65    -0.240 54484.25456344 12.61  83.333354  70.495659  2.236
 65    -0.309 54484.25456408 12.63  83.328734  70.492689  2.236
 65    -0.031 54484.25456473 11.91  83.324104  70.489719  2.236
 65     0.325 54484.25456537 11.13  83.319484  70.486749  2.236
 65     0.251 54484.25456602 11.33  83.314864  70.483779  2.236
 66    -0.386 54519.25455523 10.30  83.378428  70.518738  1.989
 66    -0.236 54519.25455587 10.21  83.373788  70.515768  1.989
 66    -0.367 54519.25455652 10.55  83.369148  70.512798  1.989
 66    -0.308 54519.25455716 10.77  83.364518  70.509828  1.989
 66    -0.398 54519.25455781 11.50  83.359888  70.506858  1.989
 66    -0.578 54519.25455845 11.45  83.355257  70.503890  2.290
 66    -0.624 54519.25455910 12.44  83.350627  70.500920  2.290
 66    -0.518 54519.25455974 12.11  83.345997  70.497950  2.290
 66    -0.460 54519.25456039 11.99  83.341367  70.494980  2.290
 66    -0.350 54519.25456103 11.11  83.336737  70.492010  2.290
 66    -0.415 54519.25456168 11.75  83.332117  70.489040  2.290
 66    -0.181 54519.25456232 10.93  83.327487  70.486070  2.290
 66     0.036 54519.25456297 10.61  83.322867  70.483100  2.290
 67    -0.250 54554.25456850 10.02  83.368846  70.527929  2.157
 67    -0.152 54554.25456915 10.25  83.364206  70.524959  2.157
 67    -0.110 54554.25456979 10.10  83.359576  70.521989  2.157
 67    -0.267 54554.25457044 10.58  83.354936  70.519019  2.157
 67    -0.239 54554.25457108 10.43  83.350306  70.516049  2.157
 67    -0.312 54554.25457173 10.56  83.345676  70.513079  2.157
 67    -0.332 54554.25457237 11.17  83.341046  70.510109  2.157
 67    -0.287 54554.25457302 11.09  83.336416  70.507139  2.157
 67    -0.213 54554.25457366 10.90  83.331786  70.504159  2.157
 67    -0.203 54554.25457431 10.93  83.327158  70.501196  1.972
 67    -0.206 54554.25457495 10.65  83.322538  70.498226  1.972
 67    -0.102 54554.25457560 10.14  83.317908  70.495246  1.972
 67     0.106 54554.25457624  9.97  83.313288  70.492276  1.972
 67     0.246 54554.25457689  9.87  83.308668  70.489306  1.972
 68     0.159 54589.25455080  7.64  83.373914  70.520122  1.909
 68     0.257 54589.25455145  7.24  83.369274  70.517152  1.909
 68     0.011 54589.25455209  7.83  83.364644  70.514182  1.909
 68    -0.251 54589.25455273  8.06  83.360004  70.511212  1.909
 68    -0.106 54589.25455338  7.91  83.355374  70.508242  1.909
 68    -0.177 54589.25455402  8.45  83.350744  70.505272  1.909
 68    -0.416 54589.25455467  9.00  83.346110  70.502297  1.907
 68    -0.194 54589.25455531  8.32  83.341480  70.499327  1.907
 68    -0.321 54589.25455596  8.61  83.336860  70.496357  1.907
 68    -0.177 54589.25455660  8.07  83.332230  70.493387  1.907
 68     0.118 54589.25455725  7.81  83.327600  70.490417  1.907
 68     0.350 54589.25455789  7.83  83.322980  70.487447  1.907
 68     0.916 54589.25455854  7.42  83.318360  70.484477  1.907
 69     3.753 54624.25456760 23.57  83.370700  70.523756 17.859
 69     3.531 54624.25456825 19.38  83.366060  70.520786 17.859
 69     3.445 54624.25456889 19.70  83.361430  70.517816 17.859
 69     3.334 54624.25456954 18.10  83.356790  70.514846 17.859
 69     3.364 54624.25457018 17.55  83.352160  70.511876 17.859
 69     3.621 54624.25457083 17.42  83.347530  70.508906 17.859
 69     3.960 54624.25457147 17.32  83.342900  70.505936 17.859
 69     4.046 54624.25457212 22.14  83.338271  70.502959 29.802
 69     4.026 54624.25457276 21.33  83.333641  70.499989 29.802
 69     3.811 54624.25457341 19.19  83.329021  70.497019 29.802
 69     3.652 54624.25457405 19.96  83.324391  70.494049 29.802
 69     3.768 54624.25457470 25.05  83.319771  70.491079 29.802
 69     3.999 54624.25457534 36.08  83.315151  70.488109 29.802
 70     2.529 54659.25457625 19.02  83.372513  70.523572 15.767
 70     0.646 54659.25457690 16.07  83.367879  70.520610 14.318
 70     0.449 54659.25457754 13.95  83.363239  70.517640 14.318
 70     0.194 54659.25457819 14.47  83.358609  70.514670 14.318
 70     0.264 54659.25457883 13.88  83.353969  70.511700 14.318
 70     0.246 54659.25457948 13.15  83.349339  70.508730 14.318
 70     0.229 54659.25458012 12.85  83.344709  70.505760 14.318
 70     0.246 54659.25458077 12.80  83.340079  70.502790 14.318
 70     0.251 54659.25458141 12.72  83.335459  70.499820 14.318
 70     0.303 54659.25458206 12.55  83.330829  70.496850 14.318
 70     0.446 54659.25458270 12.78  83.326199  70.493880 14.318
 70     0.654 54659.25458335 13.12  83.321579  70.490900 14.318
 70     0.981 54659.25458399 14.90  83.316959  70.487930 14.318
 70     0.745 54659.25458464 20.04  83.312329  70.484960 14.318
 71     0.006 54694.25455610 32.26  83.369678  70.525584 14.583
 71    -0.065 54694.25455674 27.60  83.365048  70.522614 14.583
 71    -0.153 54694.25455739 25.80  83.360408  70.519644 14.583
 71    -0.325 54694.25455803 25.81  83.355778  70.516674 14.583
 71    -0.519 54694.25455868 26.06  83.351138  70.513704 14.583
 71    -1.625 54694.25455932 28.62  83.346508  70.510734 14.583
 71    -2.715 54694.25455997 29.84  83.341878  70.507754 14.583
 71    -2.802 54694.25456061 31.76  83.337248  70.504794 14.583
 71    -2.067 54694.25456125 31.00  83.332618  70.501814 14.583
 71    -1.013 54694.25456190 26.49  83.327998  70.498844 14.583
 71    -0.816 54694.25456254 26.73  83.323364  70.495879 18.198
 71    -0.482 54694.25456319 28.83  83.318744  70.492909 18.198
 71    -0.175 54694.25456383 30.74  83.314124  70.489939 18.198
 71     0.057 54694.25456448 32.90  83.309504  70.486959 18.198
 72     0.377 54729.25453120 24.82  83.377091  70.518911 25.542
 72     0.349 54729.25453184 18.94  83.372451  70.515941 25.542
 72    -0.021 54729.25453249 21.87  83.367821  70.512971 25.542
 72    -0.200 54729.25453313 17.81  83.363181  70.510001 25.542
 72    -0.050 54729.25453378 16.26  83.358551  70.507031 25.542
 72     0.091 54729.25453442 13.23  83.353921  70.504061 25.542
 72    -0.155 54729.25453507 15.06  83.349286  70.501089 18.477
 72     0.038 54729.25453571 13.45  83.344666  70.498119 18.477
 72     0.107 54729.25453636 13.25  83.340036  70.495149 18.477
 72     0.167 54729.25453700 12.89  83.335406  70.492179 18.477
 72     0.141 54729.25453765 13.56  83.330786  70.489209 18.477
 72     0.179 54729.25453829 14.30  83.326156  70.486239 18.477
 72     0.395 54729.25453894 16.21  83.321536  70.483269 18.477
 73     1.019 54764.25453498 35.07  83.369744  70.521314 26.300
 73     1.038 54764.25453562 36.98  83.365114  70.518344 26.300
 73     1.075 54764.25453627 43.50  83.360474  70.515374 26.300
 73     1.092 54764.25453691 45.79  83.355844  70.512404 26.300
 73     1.117 54764.25453756 45.14  83.351214  70.509434 26.300
 73     1.130 54764.25453820 45.96  83.346584  70.506464 26.300
 73     1.137 54764.25453885 43.75  83.341954  70.503494 26.300
 73     1.097 54764.25453949 44.71  83.337320  70.500519 23.235
 73     1.111 54764.25454013 46.12  83.332700  70.497549 23.235
 73     1.122 54764.25454078 47.17  83.328070  70.494579 23.235
 73     1.132 54764.25454142 46.42  83.323450  70.491609 23.235
 73     1.074 54764.25454207 38.93  83.318820  70.488639 23.235
 73     0.978 54764.25454271 34.53  83.314200  70.485669 23.235
 74    -0.682 54799.25452536 16.71  83.376446  70.515849  2.939
 74    -0.494 54799.25452601 16.99  83.371816  70.512879  2.939
 74    -0.402 54799.25452665 17.63  83.367176  70.509909  2.939
 74    -0.329 54799.25452730 17.97  83.362546  70.506939  2.939
 74    -0.169 54799.25452794 18.00  83.357910  70.503973  3.354
 74    -0.224 54799.25452859 18.53  83.353280  70.501003  3.354
 74    -0.154 54799.25452923 18.85  83.348650  70.498033  3.354
 74    -0.241 54799.25452987 19.20  83.344020  70.495063  3.354
 74    -0.231 54799.25453052 19.33  83.339400  70.492093  3.354
 74    -0.208 54799.25453116 18.94  83.334770  70.489123  3.354
 74    -0.215 54799.25453181 18.50  83.330150  70.486153  3.354
 74    -0.289 54799.25453245 17.83  83.325520  70.483183  3.354
 74    -0.266 54799.25453310 16.96  83.320900  70.480213  3.354
 75    -0.614 54834.25452509 13.77  83.371891  70.523984  2.530
 75    -0.295 54834.25452574 13.72  83.367261  70.521014  2.530
 75    -0.289 54834.25452638 13.63  83.362621  70.518044  2.530
 75    -0.258 54834.25452703 13.80  83.357991  70.515074  2.530
 75    -0.107 54834.25452767 13.55  83.353351  70.512104  2.530
 75    -0.144 54834.25452832 13.89  83.348721  70.509134  2.530
 75    -0.099 54834.25452896 14.14  83.344091  70.506164  2.530
 75    -0.085 54834.25452961 14.24  83.339461  70.503194  2.530
 75    -0.085 54834.25453025 14.18  83.334833  70.500215  2.410
 75    -0.095 54834.25453090 14.00  83.330203  70.497245  2.410
 75    -0.091 54834.25453154 13.62  83.325583  70.494275  2.410
 75    -0.137 54834.25453219 13.82  83.320953  70.491305  2.410
 75    -0.069 54834.25453283 13.50  83.316333  70.488335  2.410
 75    -0.065 54834.25453348 12.84  83.311713  70.485365  2.410
 76    -0.312 54869.25452215 12.12  83.377222  70.515735  2.178
 76    -0.352 54869.25452280 12.06  83.372592  70.512765  2.178
 76    -0.507 54869.25452344 12.21  83.367952  70.509795  2.178
 76    -0.373 54869.25452409 12.01  83.363322  70.506825  2.178
 76    -0.223 54869.25452473 12.27  83.358690  70.503859  2.302
 76    -0.224 54869.25452538 12.79  83.354060  70.500889  2.302
 76    -0.156 54869.25452602 13.60  83.349430  70.497919  2.302
 76    -0.045 54869.25452666 12.45  83.344800  70.494949  2.302
 76    -0.206 54869.25452731 12.91  83.340180  70.491979  2.302
 76    -0.254 54869.25452795 12.70  83.335550  70.489009  2.302
 76    -0.195 54869.25452860 11.99  83.330930  70.486039  2.302
 76     0.073 54869.25452924 11.71  83.326300  70.483069  2.302
 76     0.106 54869.25452989 11.87  83.321680  70.480099  2.302
 77    -0.611 54904.25453355 11.30  83.368769  70.530017  2.428
 77    -0.524 54904.25453419 11.58  83.364129  70.527047  2.428
 77    -0.369 54904.25453484 11.46  83.359499  70.524077  2.428
 77    -0.372 54904.25453548 11.45  83.354859  70.521107  2.428
 77    -0.351 54904.25453613 11.42  83.350229  70.518137  2.428
 77    -0.439 54904.25453677 11.84  83.345589  70.515167  2.428
 77    -0.300 54904.25453742 11.60  83.340959  70.512197  2.428
 77    -0.392 54904.25453806 11.54  83.336329  70.509227  2.428
 77    -0.300 54904.25453870 11.57  83.331709  70.506257  2.428
 77    -0.408 54904.25453935 12.13  83.327080  70.503286  2.113
 77    -0.325 54904.25453999 11.41  83.322450  70.500316  2.113
 77    -0.292 54904.25454064 10.91  83.317830  70.497336  2.113
 77    -0.284 54904.25454128 10.49  83.313200  70.494366  2.113
 77    -0.008 54904.25454193 10.40  83.308580  70.491396  2.113
 78     0.502 54939.25451272 10.04  83.375049  70.518763  2.103
 78     0.443 54939.25451337  9.99  83.370419  70.515793  2.103
 78     0.365 54939.25451401 10.34  83.365779  70.512823  2.103
 78     0.373 54939.25451466 10.27  83.361149  70.509853  2.103
 78     0.403 54939.25451530 10.46  83.356519  70.506883  2.103
 78     0.369 54939.25451595 10.72  83.351889  70.503913  2.103
 78     0.340 54939.25451659 11.23  83.347259  70.500943  2.103
 78     0.275 54939.25451724 10.71  83.342629  70.497973  2.103
 78     0.336 54939.25451788 11.06  83.337999  70.494993  2.103
 78     0.312 54939.25451853 10.78  83.333369  70.492023  2.103
 78     0.477 54939.25451917 10.31  83.328749  70.489053  2.103
 78     0.724 54939.25451982  9.84  83.324119  70.486083  2.103
 78     0.965 54939.25452046  9.71  83.319499  70.483113  2.103
 79     1.006 54974.25454313 31.49  83.372950  70.521061 21.199
 79     0.737 54974.25454377 25.43  83.368310  70.518091 21.199
 79     0.546 54974.25454441 21.98  83.363680  70.515121 21.199
 79     0.101 54974.25454506 20.51  83.359040  70.512151 21.199
 79    -0.469 54974.25454570 18.90  83.354410  70.509181 21.199
 79    -1.164 54974.25454635 17.85  83.349780  70.506211 21.199
 79    -1.932 54974.25454699 19.36  83.345146  70.503236 13.001
 79    -1.451 54974.25454764 16.59  83.340516  70.500266 13.001
 79    -0.795 54974.25454828 18.65  83.335896  70.497296 13.001
 79    -0.114 54974.25454893 18.17  83.331266  70.494326 13.001
 79     0.304 54974.25454957 21.19  83.326636  70.491356 13.001
 79     0.571 54974.25455022 24.40  83.322016  70.488386 13.001
 79     0.739 54974.25455086 30.48  83.317396  70.485416 13.001
 80     3.602 55009.25455627 17.84  83.369931  70.524692 14.268
 80     2.678 55009.25455692 16.85  83.365301  70.521722 14.268
 80     1.048 55009.25455756 16.85  83.360661  70.518752 14.268
 80     0.926 55009.25455821 17.03  83.356031  70.515782 14.268
 80     0.851 55009.25455885 16.38  83.351391  70.512812 14.268
 80     0.846 55009.25455949 15.85  83.346761  70.509842 14.268
 80     0.776 55009.25456014 15.72  83.342131  70.506872 14.268
 80     0.863 55009.25456078 15.84  83.337501  70.503902 14.268
 80     0.773 55009.25456143 15.95  83.332874  70.500923 26.791
 80     0.851 55009.25456207 16.00  83.328244  70.497953 26.791
 80     0.869 55009.25456272 17.82  83.323624  70.494983 26.791
 80     1.275 55009.25456336 18.75  83.318994  70.492013 26.791
 80     1.819 55009.25456401 20.70  83.314374  70.489043 26.791
 80     2.037 55009.25456465 23.18  83.309754  70.486073 26.791
 81     0.326 55044.25454670 24.73  83.372596  70.521525 11.386
 81     0.279 55044.25454734 20.24  83.367956  70.518555 11.386
 81     0.137 55044.25454799 14.40  83.363326  70.515585 11.386
 81     0.106 55044.25454863 14.44  83.358696  70.512615 11.386
 81     0.141 55044.25454928 13.29  83.354056  70.509645 11.386
 81     0.124 55044.25454992 13.14  83.349426  70.506675 11.386
 81     0.178 55044.25455057 13.15  83.344796  70.503705 11.386
 81     0.143 55044.25455121 13.90  83.340170  70.500727 20.503
 81     0.003 55044.25455186 13.99  83.335540  70.497757 20.503
 81     0.108 55044.25455250 14.14  83.330920  70.494787 20.503
 81     0.150 55044.25455315 14.53  83.326290  70.491817 20.503
 81     0.156 55044.25455379 14.61  83.321670  70.488847 20.503
 81     0.345 55044.25455444 17.08  83.317040  70.485877 20.503
 82     0.331 55079.25452232 21.24  83.368082  70.527617 11.943
 82     0.338 55079.25452296 18.63  83.363442  70.524657 11.943
 82     0.066 55079.25452361 21.71  83.358812  70.521687 11.943
 82    -0.145 55079.25452425 17.68  83.354172  70.518707 11.943
 82    -0.060 55079.25452489 14.50  83.349542  70.515747 11.943
 82    -0.117 55079.25452554 14.48  83.344912  70.512777 11.943
 82    -0.121 55079.25452618 14.68  83.340282  70.509797 11.943
 82    -0.062 55079.25452683 14.30  83.335652  70.506827 11.943
 82    -0.135 55079.25452747 14.73  83.331022  70.503857 11.943
 82    -0.097 55079.25452812 13.89  83.326402  70.500887 11.943
 82    -0.052 55079.25452876 14.30  83.321775  70.497920 26.896
 82    -0.143 55079.25452941 16.28  83.317145  70.494950 26.896
 82     0.035 55079.25453005 14.92  83.312525  70.491980 26.896
 82     0.373 55079.25453070 16.20  83.307905  70.489000 26.896
 83     0.136 55114.25447960 31.51  83.373747  70.518410 18.391
 83    -0.061 55114.25448025 29.50  83.369117  70.515440 18.391
 83    -0.385 55114.25448089 28.04  83.364477  70.512470 18.391
 83    -1.118 55114.25448154 29.94  83.359847  70.509500 18.391
 83    -1.673 55114.25448218 26.02  83.355217  70.506530 18.391
 83    -2.649 55114.25448283 27.22  83.350587  70.503560 18.391
 83    -3.673 55114.25448347 25.81  83.345957  70.500590 18.391
 83    -3.360 55114.25448412 23.97  83.341322  70.497616 23.227
 83    -1.967 55114.25448476 22.49  83.336702  70.494646 23.227
 83    -1.305 55114.25448541 23.11  83.332072  70.491676 23.227
 83    -0.638 55114.25448605 23.66  83.327452  70.488706 23.227
 83    -0.151 55114.25448669 27.36  83.322822  70.485736 23.227
 83    -0.040 55114.25448734 33.72  83.318202  70.482766 23.227
 84    -0.646 55149.25447924 21.34  83.369000  70.522144  6.642
 84    -0.655 55149.25447989 21.32  83.364370  70.519174  6.642
 84    -0.655 55149.25448053 22.16  83.359730  70.516204  6.642
 84    -0.710 55149.25448118 22.57  83.355100  70.513234  6.642
 84    -0.708 55149.25448182 23.24  83.350470  70.510264  6.642
 84    -0.580 55149.25448247 24.12  83.345840  70.507294  6.642
 84    -0.716 55149.25448311 24.45  83.341210  70.504324  6.642
 84    -0.774 55149.25448376 24.63  83.336581  70.501348  3.077
 84    -0.714 55149.25448440 23.01  83.331951  70.498378  3.077
 84    -0.726 55149.25448505 22.91  83.327321  70.495408  3.077
 84    -0.698 55149.25448569 21.25  83.322701  70.492438  3.077
 84    -0.606 55149.25448634 20.95  83.318071  70.489468  3.077
 84    -0.495 55149.25448698 19.83  83.313451  70.486498  3.077
 85    -0.186 55184.25446237 14.86  83.379120  70.518205  2.774
 85    -0.231 55184.25446302 15.21  83.374490  70.515235  2.774
 85    -0.298 55184.25446366 15.19  83.369850  70.512265  2.774
 85    -0.382 55184.25446430 15.72  83.365220  70.509295  2.774
 85    -0.452 55184.25446495 16.15  83.360580  70.506325  2.774
 85    -0.388 55184.25446559 16.72  83.355952  70.503357  2.546
 85    -0.389 55184.25446624 16.49  83.351322  70.500387  2.546
 85    -0.486 55184.25446688 16.56  83.346692  70.497417  2.546
 85    -0.562 55184.25446753 16.35  83.342062  70.494447  2.546
 85    -0.564 55184.25446817 16.27  83.337432  70.491477  2.546
 85    -0.475 55184.25446882 16.16  83.332812  70.488507  2.546
 85    -0.259 55184.25446946 14.70  83.328192  70.485537  2.546
 85    -0.122 55184.25447011 13.99  83.323562  70.482567  2.546
 86     0.669 55219.25447659 17.82  83.369293  70.524690  6.308
 86     0.539 55219.25447723 16.85  83.364663  70.521720  6.308
 86     0.281 55219.25447788 16.53  83.360023  70.518750  6.308
 86     0.136 55219.25447852 16.88  83.355393  70.515780  6.308
 86    -0.284 55219.25447917 18.35  83.350753  70.512810  6.308
 86    -0.819 55219.25447981 18.39  83.346123  70.509840  6.308
 86    -1.189 55219.25448046 20.03  83.341493  70.506870  6.308
 86    -1.017 55219.25448110 21.53  83.336863  70.503900  6.308
 86    -0.499 55219.25448175 22.74  83.332240  70.500922  7.688
 86    -0.058 55219.25448239 22.79  83.327610  70.497952  7.688
 86     0.494 55219.25448304 24.36  83.322990  70.494982  7.688
 86     0.705 55219.25448368 26.11  83.318360  70.492012  7.688
 86     0.976 55219.25448433 31.16  83.313740  70.489042  7.688
 87     0.799 55254.25445878 14.32  83.376203  70.517408  2.926
 87     0.404 55254.25445943 13.02  83.371563  70.514438  2.926
 87    -0.073 55254.25446007 13.15  83.366923  70.511468  2.926
 87    -0.379 55254.25446071 13.81  83.362293  70.508498  2.926
 87    -0.580 55254.25446136 14.23  83.357660  70.505532  2.828
 87    -0.883 55254.25446200 15.11  83.353030  70.502562  2.828
 87    -0.875 55254.25446265 15.70  83.348400  70.499592  2.828
 87    -0.778 55254.25446329 15.34  83.343770  70.496622  2.828
 87    -0.664 55254.25446394 14.98  83.339150  70.493652  2.828
 87    -0.338 55254.25446458 14.87  83.334520  70.490682  2.828
 87     0.084 55254.25446523 13.85  83.329900  70.487712  2.828
 87     0.566 55254.25446587 13.94  83.325270  70.484742  2.828
 87     0.756 55254.25446652 14.21  83.320650  70.481772  2.828
 88     0.481 55289.25446536 12.07  83.368717  70.529892  2.456
 88     0.462 55289.25446601 11.87  83.364077  70.526922  2.456
 88     0.240 55289.25446665 11.79  83.359447  70.523952  2.456
 88    -0.035 55289.25446729 12.31  83.354807  70.520982  2.456
 88    -0.269 55289.25446794 12.30  83.350177  70.518012  2.456
 88    -0.394 55289.25446858 12.59  83.345537  70.515042  2.456
 88    -0.466 55289.25446923 12.68  83.340907  70.512072  2.456
 88    -0.459 55289.25446987 13.63  83.336277  70.509092  2.456
 88    -0.530 55289.25447052 13.68  83.331647  70.506122  2.456
 88    -0.401 55289.25447116 13.13  83.327027  70.503152  2.456
 88    -0.395 55289.25447181 12.99  83.322395  70.500186  1.951
 88    -0.092 55289.25447245 12.65  83.317775  70.497216  1.951
 88     0.271 55289.25447310 11.90  83.313145  70.494246  1.951
 88     0.458 55289.25447374 11.75  83.308525  70.491276  1.951
 89     0.571 55324.25444496  8.98  83.369155  70.521672  2.011
 89     0.495 55324.25444561  9.05  83.364525  70.518702  2.011
 89     0.239 55324.25444625  9.10  83.359885  70.515732  2.011
 89     0.158 55324.25444690  9.45  83.355255  70.512762  2.011
 89     0.143 55324.25444754  9.63  83.350615  70.509792  2.011
 89     0.085 55324.25444819  9.87  83.345985  70.506822  2.011
 89    -0.057 55324.25444883 10.10  83.341355  70.503852  2.011
 89    -0.013 55324.25444948 10.17  83.336731  70.500874  1.775
 89     0.110 55324.25445012  9.91  83.332101  70.497904  1.775
 89     0.224 55324.25445077  9.58  83.327481  70.494934  1.775
 89     0.381 55324.25445141  9.63  83.322851  70.491964  1.775
 89     0.674 55324.25445205  9.06  83.318231  70.488994  1.775
 89     1.127 55324.25445270  8.55  83.313611  70.486024  1.775
 90     3.205 55359.25444253 35.24  83.371821  70.525147 26.217
 90     3.111 55359.25444318 29.57  83.367181  70.522177 26.217
 90     3.251 55359.25444382 37.32  83.362551  70.519207 26.217
 90     3.133 55359.25444447 35.96  83.357911  70.516237 26.217
 90     3.193 55359.25444511 31.27  83.353281  70.513267 26.217
 90     3.251 55359.25444576 30.68  83.348651  70.510297 26.217
 90     3.403 55359.25444640 30.27  83.344021  70.507327 26.217
 90     3.218 55359.25444705 27.36  83.339391  70.504357 26.217
 90     3.086 55359.25444769 22.87  83.334758  70.501379 23.770
 90     2.844 55359.25444834 22.16  83.330138  70.498409 23.770
 90     2.958 55359.25444898 20.17  83.325508  70.495439 23.770
 90     3.123 55359.25444962 22.13  83.320888  70.492469 23.770
 90     3.340 55359.25445027 29.86  83.316258  70.489499 23.770
 90     3.244 55359.25445091 26.01  83.311638  70.486529 23.770
 91     0.207 55394.25444795 27.21  83.372231  70.517661 24.922
 91    -0.099 55394.25444860 24.31  83.367591  70.514691 24.922
 91    -0.416 55394.25444924 24.11  83.362961  70.511721 24.922
 91    -0.922 55394.25444989 21.61  83.358331  70.508751 24.922
 91    -1.504 55394.25445053 19.41  83.353691  70.505781 24.922
 91    -2.446 55394.25445118 19.06  83.349067  70.502809 23.318
 91    -2.628 55394.25445182 19.56  83.344437  70.499839 23.318
 91    -0.813 55394.25445247 17.20  83.339807  70.496869 23.318
 91    -0.250 55394.25445311 16.66  83.335177  70.493899 23.318
 91     0.162 55394.25445376 17.38  83.330557  70.490929 23.318
 91     0.764 55394.25445440 17.43  83.325927  70.487959 23.318
 91     1.142 55394.25445504 19.99  83.321307  70.484989 23.318
 91     1.300 55394.25445569 23.43  83.316687  70.482019 23.318
 92     0.498 55429.25445861 18.08  83.374098  70.522201 18.917
 92     0.319 55429.25445925 22.13  83.369468  70.519231 18.917
 92     0.140 55429.25445990 18.29  83.364828  70.516261 18.917
 92    -0.075 55429.25446054 18.02  83.360198  70.513291 18.917
 92     0.138 55429.25446119 14.86  83.355558  70.510321 18.917
 92     0.080 55429.25446183 13.74  83.350928  70.507351 18.917
 92     0.085 55429.25446248 14.26  83.346298  70.504381 18.917
 92     0.107 55429.25446312 14.11  83.341668  70.501411 18.917
 92     0.081 55429.25446377 13.93  83.337042  70.498432 20.917
 92    -0.117 55429.25446441 15.97  83.332412  70.495462 20.917
 92     0.269 55429.25446506 17.68  83.327792  70.492492 20.917
 92     0.653 55429.25446570 19.52  83.323162  70.489522 20.917
 92     1.348 55429.25446635 19.46  83.318542  70.486552 20.917
 92     1.628 55429.25446699 20.85  83.313922  70.483582 20.917
 93    -0.048 55464.25442064 35.06  83.366689  70.528123  6.378
 93    -0.276 55464.25442129 28.81  83.362059  70.525153  6.378
 93    -0.332 55464.25442193 28.91  83.357419  70.522183  6.378
 93    -0.460 55464.25442257 29.29  83.352789  70.519213  6.378
 93    -0.503 55464.25442322 29.91  83.348149  70.516243  6.378
 93    -0.665 55464.25442386 30.28  83.343519  70.513273  6.378
 93    -0.552 55464.25442451 30.40  83.338889  70.510293  6.378
 93    -0.617 55464.25442515 31.49  83.334259  70.507323  6.378
 93    -0.627 55464.25442580 31.60  83.329639  70.504353  6.378
 93    -0.439 55464.25442644 30.80  83.325009  70.501383  6.378
 93    -0.461 55464.25442709 31.64  83.320381  70.498416  6.466
 93    -0.367 55464.25442773 30.90  83.315761  70.495446  6.466
 93    -0.306 55464.25442838 32.78  83.311141  70.492476  6.466
 93    -0.163 55464.25442902 34.14  83.306521  70.489506  6.466
