# NaN NaN NaN ;Mean Elev.(m), Avg Gradient(m/km), RMS Gradient(m/km) - SRTM1     
#   29.768  -9.496  19.276 ;Mean Elev.(m), Avg Gradient(m/km), RMS Gradient(m/km) - ASTER GDEM
#   47.391  -9.330  18.942 ;Mean Elev.(m), Avg Gradient(m/km), RMS Gradient(m/km) - GMTED2010 
  8  90.070098  60.344694    45.810    44.017  6 52488.20881096 23.834
  9  90.039168  60.311766    41.262    43.343  7 52523.20879126 30.979
 10  90.076642  60.351661    45.952    46.111  5 52558.20883325 28.329
 11  90.062396  60.342631    42.655    42.489 11 52593.20883450 42.087
 12  90.089033  60.346417    48.944    48.697  9 52628.20875576 19.524
 13  90.068035  60.344309    54.356    51.968 10 52663.20879629 11.572
 14  90.075605  60.327679    48.523    48.413  8 52698.20877476 14.940
 15  90.078793  60.347245    47.766    47.446  9 52733.20879189 21.702
 16  90.033895  60.312856    50.147    50.185  5 52768.20880645 39.415
 17  90.055007  60.305112    46.268    46.246  6 52803.20882570 33.024
 18  90.068790  60.328564    44.601    44.713  8 52838.20888485 38.601
 19  90.077063  60.346313    44.002    43.788  9 52873.20892135 42.546
 20  90.069343  60.343279    44.619    44.819 11 52908.20890577 43.741
 21  90.092867  60.346953    43.401    43.579  7 52943.20883053 48.566
 23  90.064167  60.344924    52.168    51.925 10 53013.20889082 12.594
 24  90.080321  60.346560    46.822    46.808  9 53048.20885948 17.281
 25  90.060198  60.344575    46.834    46.892 10 53083.20889576 16.987
 26  90.075878  60.346891    58.453    52.677  9 53118.20886509 10.562
 27  90.072666  60.351127    51.794    51.801  6 53153.20891462 26.627
 29  90.041661  60.305945    45.218    44.208  5 53223.20893031 26.599
 30  90.056123  60.342992    45.287    45.802 10 53258.20889869 22.279
 31  90.043894  60.306015    50.084    47.917  5 53293.20892692 16.386
 32  90.072123  60.345442    47.468    46.721  9 53328.20889266 20.591
 35  90.066305  60.344548    48.813    47.688 10 53433.20885988 14.646
 36  90.050306  60.304642    53.693    53.210  4 53468.20890626  8.387
 37  90.064605  60.343891    48.378    45.715 10 53503.20894689 27.089
 38  90.058254  60.329743    46.585    46.586  8 53538.20894489 21.614
 39  90.062099  60.343669    44.055    43.970 10 53573.20894340 34.001
 40  90.056511  60.341778    44.311    44.225 10 53608.20889326 32.018
 41  90.081227  60.347137    45.753    44.930  9 53643.20889311 38.640
 42  90.062948  60.342576    43.853    43.765 10 53678.20891299 50.516
 43  90.065963  60.344915    45.300    45.242 10 53713.20884109 30.102
 44  90.059316  60.303168    47.561    47.596  5 53748.20876246 20.751
 45  90.073771  60.345710    48.321    47.118 10 53783.20878504 15.537
 46  90.057895  60.341887    46.249    46.126 10 53818.20874957 16.363
 47  90.062197  60.328511    46.832    46.629 10 53853.20882816 29.903
 49  90.062229  60.343487    45.503    44.788  9 53923.20890179 20.650
 50  90.059088  60.344079    44.639    44.580 10 53958.20889471 38.274
 51  90.092598  60.347881    44.924    44.782  8 53993.20882036 25.427
 52  90.069959  60.328381    43.759    43.768  8 54028.20888585 35.582
 53  90.046199  60.306060    46.734    46.991  5 54063.20888447 35.779
 54  90.036983  60.309434    49.746    49.667  4 54098.20885264 14.492
 55  90.082451  60.346400    50.093    50.182  8 54133.20879903 16.420
 56  90.038782  60.309644    54.296    52.847  5 54168.20882645 12.989
 57  90.079779  60.345948    48.771    48.709  9 54203.20880305 19.131
 58  90.047531  60.307540    59.105    60.969  3 54238.20884593 23.247
 59  90.043124  60.305200    45.923    45.904  4 54273.20886488 40.853
 60  90.061794  60.328600    44.457    44.002 10 54308.20886212 40.361
 61  90.066903  60.348157    46.330    45.809  8 54343.20883698 24.921
 63  90.069108  60.345206    43.611    43.580 10 54413.20878519 48.655
 64  90.079922  60.344490    49.465    49.309  9 54448.20876025 27.674
 65  90.074255  60.345574    54.362    52.257 10 54483.20877830 11.553
 66  90.080710  60.346046    49.427    49.460  9 54518.20877378 12.647
 68  90.078403  60.349981    50.055    49.972  7 54588.20876863 19.629
 69  90.042703  60.306439    63.889    63.288  3 54623.20879566 17.160
 70  90.041708  60.305393    46.599    46.439  4 54658.20880497 22.447
 71  90.040562  60.306624    44.068    43.973  5 54693.20878646 29.672
 72  90.083421  60.351947    46.974    47.228  6 54728.20874873 42.248
 73  90.070565  60.345169    45.185    45.157  9 54763.20875639 34.282
 74  90.081351  60.346158    44.932    45.222  9 54798.20874325 47.255
 75  90.069593  60.344633    48.263    48.077  9 54833.20874646 22.891
 76  90.082669  60.346967    52.300    50.109  9 54868.20873926 12.213
 77  90.061005  60.342913    53.273    52.856 10 54903.20875704 11.678
 78  90.064597  60.327731    48.572    48.534  4 54938.20873363 21.258
 79  90.074504  60.346317    51.288    53.348  8 54973.20876175 23.449
 80  90.040286  60.306159    45.384    45.348  4 55008.20878585 33.468
 81  90.072786  60.345264    44.249    43.988  9 55043.20876694 31.978
 82  90.063742  60.342998    44.694    44.585 10 55078.20874579 49.472
 83  90.046815  60.303128    48.744    46.543  4 55113.20870802 22.145
 84  90.069118  60.344790    43.684    43.516 10 55148.20870060 48.604
 85  90.080856  60.345796    48.256    47.956  9 55183.20868055 16.060
 86  90.066146  60.343577    50.982    49.546 10 55218.20869853 11.434
 87  90.079370  60.344449    48.657    48.329  9 55253.20867710 11.910
 88  90.061344  60.343139    60.424    59.220 10 55288.20868877  8.866
 89  90.070719  60.346764    51.125    51.047  8 55323.20866455 29.345
 90  90.056035  60.326776    47.387    47.246  8 55358.20866765 26.593
 91  90.077070  60.346834    45.121    44.888  9 55393.20866639 32.550
 92  90.061328  60.328394    47.203    46.502 10 55428.20868309 22.466
 93  90.069238  60.351197    51.538    49.665  6 55463.20864264 17.018
