-151815.046    47.807     0.00    5.35
-151433.218    45.430    -6.22    7.56
-151051.488    40.935   -11.78    9.53
-150669.857    36.673   -11.17    8.23
-150288.325    36.844     0.45    8.53
-149906.891    42.554    14.97   10.54
-149525.556    49.520    18.27    8.32
-149144.318    54.590    13.30    4.35
-148763.180    56.740     5.64    3.05
-148382.139    55.692    -2.75    4.28
-148001.196    52.844    -7.48    6.84
-147620.352    49.059    -9.94    6.65
-147239.605    45.581    -9.13    4.60
-146858.956    42.633    -7.75    4.50
-146478.405    41.274    -3.57    5.20
-146097.952    39.136    -5.62    5.11
-145717.596    37.459    -4.41    4.61
-145337.338    35.979    -3.89    4.49
-144957.178    32.746    -8.51    4.17
-144577.115    31.951    -2.09    3.58
-144197.149    33.250     3.42    4.14
-143817.280    35.074     4.80    4.75
-143437.509    37.946     7.56    3.94
-143057.835    39.195     3.29    3.44
-142678.258    38.396    -2.11    4.00
-142298.778    36.906    -3.93    3.46
-141919.395    35.636    -3.35    2.18
-141540.108    35.450    -0.49    1.97
-141160.919    36.168     1.89    2.31
-140781.826    37.265     2.89    3.64
-140402.829    38.475     3.19    4.87
-140023.930    40.302     4.82    5.16
-139645.126    40.511     0.55    4.45
-139266.420    39.256    -3.31    3.93
-138887.809    37.670    -4.19    3.94
-138509.295    36.670    -2.64    3.57
-138130.877    36.128    -1.43    3.62
-137752.555    36.850     1.91    3.66
-137374.329    38.838     5.26    3.83
-136996.199    39.997     3.07    3.06
-136618.165    40.221     0.59    3.75
-136240.226    39.779    -1.17    3.99
-135862.384    38.838    -2.49    4.40
-135484.637    37.309    -4.05    4.60
-135106.986    35.020    -6.06    5.14
-134729.430    32.806    -5.86    4.80
-134351.970    31.065    -4.61    3.57
-133974.605    32.209     3.03    4.69
-133597.335    34.066     4.92    5.03
-133220.161    34.867     2.12    4.30
-132843.082    32.967    -5.04    5.50
-132466.098    28.909   -10.76    6.66
-132089.209    25.265    -9.67    5.33
-131712.415    24.232    -2.74    4.32
-131335.716    26.099     4.96    6.17
-130959.112    29.992    10.34    7.03
-130582.602    31.398     3.73    6.35
-130206.187    29.601    -4.77    7.17
-129829.867    26.741    -7.60    6.72
-129453.641    23.998    -7.29    4.29
-129077.510    24.290     0.78    4.61
-128701.473    25.963     4.45    4.53
-128325.530    27.447     3.95    3.57
-127949.682    26.693    -2.01    4.14
-127573.928    25.382    -3.49    3.90
-127198.268    25.344    -0.10    3.61
-126822.702    25.458     0.30    3.89
-126447.230    26.448     2.64    4.10
-126071.852    27.949     4.00    3.71
-125696.568    29.483     4.09    4.10
-125321.377    30.867     3.69    4.00
-124946.280    32.420     4.14    4.11
-124571.277    33.274     2.28    4.31
-124196.367    34.475     3.20    4.82
-123821.551    35.239     2.04    4.90
-123446.829    35.785     1.46    5.19
-123072.199    36.735     2.54    5.97
-122697.663    37.450     1.91    6.64
-122323.220    37.820     0.99    6.44
-121948.870    38.520     1.87    4.79
-121574.614    38.600     0.21    3.99
-121200.450    39.841     3.32    4.63
-120826.379    42.104     6.05    4.91
-120452.402    44.272     5.80    5.12
-120078.516    45.728     3.89    6.08
-119704.724    46.605     2.35    8.48
-119331.024    49.573     7.94    9.82
-118957.417    53.414    10.28    9.91
-118583.903    55.207     4.80    8.21
-118210.481    53.248    -5.25    8.98
-117837.151    48.425   -12.92   10.61
-117463.914    43.037   -14.44    7.96
-117090.768    39.268   -10.10    3.87
-116717.715    38.221    -2.80    2.86
-116344.755    38.821     1.61    3.22
-115971.886    39.340     1.39    3.45
-115599.109    40.714     3.69    3.38
-115226.424    43.152     6.54    4.68
-114853.831    45.941     7.48    5.52
-114481.330    47.065     3.02    5.40
-114108.920    46.859    -0.55    5.22
-113736.602    46.564    -0.79    5.94
-113364.376    47.584     2.74    7.45
-112992.241    49.670     5.61    7.09
-112620.197    51.043     3.69    7.20
-112248.245    48.414    -7.07    8.78
-111876.385    43.466   -13.31    7.60
-111504.615    40.707    -7.42    5.52
-111132.937    42.157     3.90    7.57
-110761.350    47.713    14.95   11.88
-110389.854    55.239    20.26   12.36
-110018.448    64.538    25.04   11.71
-109647.134    74.998    28.17   12.39
-109275.911    84.449    25.46   13.05
-108904.778    93.997    25.73   10.33
-108533.736   100.146    16.57    6.08
-108162.785   102.917     7.47    5.15
-107791.924   103.985     2.88    6.91
-107421.154   105.971     5.36    7.82
-107050.474   107.047     2.90    6.87
-106679.885   107.686     1.73    4.55
-106309.386   105.165    -6.81    5.71
-105938.977   102.068    -8.36    5.40
-105568.658    99.286    -7.51    4.50
-105198.430    96.279    -8.12    4.96
-104828.291    92.993    -8.88    7.00
-104458.243    89.203   -10.24    6.53
-104088.284    88.520    -1.85    7.83
-103718.416    90.493     5.34   10.24
-103348.637    95.394    13.25   10.91
-102978.948   101.263    15.88    9.78
-102609.348   104.737     9.40    9.07
-102239.838   105.059     0.87    8.08
-101870.418   101.772    -8.90    8.79
-101501.087    97.502   -11.56    8.96
-101131.845    97.263    -0.65    9.89
-100762.693    99.363     5.69    9.79
-100393.630   101.163     4.88    9.06
-100024.657   101.347     0.50    9.77
 -99655.772   102.064     1.94   11.52
 -99286.977   105.591     9.56   13.46
 -98918.270   109.492    10.58   12.53
 -98549.653   109.776     0.77   11.47
 -98181.124   105.816   -10.75   11.39
 -97812.685    98.627   -19.51   11.37
 -97444.334    89.895   -23.71   13.65
 -97076.071    78.089   -32.06   16.67
 -96707.898    65.818   -33.33   16.57
 -96339.813    54.178   -31.63    9.58
 -95971.816    47.316   -18.65    5.49
 -95603.908    44.261    -8.31    4.16
 -95236.088    42.159    -5.71    3.75
 -94868.357    41.077    -2.94    2.87
 -94500.714    40.965    -0.31    2.21
 -94133.159    41.180     0.59    2.19
 -93765.692    42.781     4.36    3.58
 -93398.313    47.103    11.77    6.87
 -93031.022    53.617    17.74   10.47
 -92663.819    61.511    21.50   10.14
 -92296.704    69.871    22.77    8.58
 -91929.677    76.078    16.91    7.71
 -91562.738    81.502    14.78    7.21
 -91195.886    84.984     9.49    6.78
 -90829.122    88.212     8.80    6.73
 -90462.446    92.288    11.12    7.05
 -90095.857    96.817    12.36    8.70
 -89729.355   102.869    16.51    9.97
 -89362.941   108.707    15.94    9.71
 -88996.614   113.399    12.81    8.54
 -88630.374   117.207    10.40    6.94
 -88264.222   120.942    10.20    6.00
 -87898.156   125.670    12.92    7.83
 -87532.178   131.189    15.08    9.37
 -87166.287   137.724    17.86    8.43
 -86800.483   146.180    23.12    9.97
 -86434.765   153.029    18.73   10.85
 -86069.135   159.567    17.88    7.74
 -85703.591   161.091     4.17    4.79
 -85338.134   157.511    -9.80    8.15
 -84972.763   148.093   -25.78   13.28
 -84607.479   136.922   -30.58   15.62
 -84242.282   126.346   -28.96   12.48
 -83877.171   119.272   -19.38    9.48
 -83512.146   112.447   -18.70    9.89
 -83147.208   105.445   -19.19   12.42
 -82782.356    98.166   -19.95   12.04
 -82417.590    90.894   -19.94    7.72
 -82052.910    87.116   -10.36    5.73
 -81688.317    85.752    -3.74    4.87
 -81323.809    82.860    -7.93    4.94
 -80959.388    80.145    -7.45    5.21
 -80595.052    78.382    -4.84    4.61
 -80230.802    78.196    -0.51    4.20
 -79866.638    81.378     8.74    5.52
 -79502.560    86.117    13.02    6.65
 -79120.956    91.564    14.28    8.92
 -78738.799    96.770    13.62    9.67
 -78356.740    99.511     7.17    9.03
 -77974.777   100.928     3.71    8.45
 -77592.910    98.988    -5.08    7.37
 -77211.140    95.929    -8.01    6.84
 -76829.466    92.672    -8.54    5.86
 -76447.889    93.184     1.34    6.58
 -76066.408    96.087     7.61    8.35
 -75685.024    98.074     5.21    8.19
 -75303.735    99.265     3.12    6.50
 -74922.543    97.279    -5.21    6.67
 -74541.446    94.103    -8.33    6.33
 -74160.445    87.984   -16.06    8.19
 -73779.541    80.511   -19.62   10.03
 -73398.732    72.457   -21.15   11.33
 -73018.019    64.368   -21.25   10.74
 -72637.401    56.953   -19.48   10.37
 -72256.879    50.937   -15.81    9.99
 -71876.452    46.314   -12.15    8.31
 -71496.121    45.447    -2.28    6.75
 -71115.886    46.781     3.51    6.39
 -70735.745    49.056     5.99    3.95
 -70355.700    49.511     1.20    2.22
 -69975.750    49.447    -0.17    2.44
 -69595.895    48.933    -1.35    2.39
 -69216.135    48.948     0.04    2.75
 -68836.470    49.949     2.64    3.34
 -68456.899    50.898     2.50    3.10
 -68077.424    50.006    -2.35    4.62
 -67698.043    44.529   -14.44    9.59
 -67318.757    38.659   -15.48    9.09
 -66939.566    36.394    -5.97    8.16
 -66560.469    40.061     9.67   12.01
 -66181.466    48.055    21.09   12.63
 -65802.558    55.438    19.48   10.97
 -65423.744    61.338    15.58    9.23
 -65045.025    64.331     7.90    6.70
 -64666.399    65.678     3.56    4.92
 -64287.868    64.403    -3.37    5.70
 -63909.431    59.203   -13.74    7.72
 -63531.087    52.457   -17.83    9.46
 -63152.838    46.692   -15.24    7.71
 -62774.682    43.082    -9.55    4.02
 -62396.620    43.859     2.06    4.19
 -62018.652    45.465     4.25    4.38
 -61640.777    43.305    -5.72    7.12
 -61262.996    36.997   -16.70   10.66
 -60885.309    30.859   -16.25    9.00
 -60507.715    27.945    -7.72    7.44
 -60130.214    30.087     5.68    8.57
 -59752.806    31.607     4.03   10.20
 -59375.492    28.295    -8.78   12.57
 -58998.271    22.464   -15.46   12.20
 -58621.142    18.636   -10.15    9.02
 -58244.107    17.144    -3.96    7.78
 -57867.165    21.844    12.47   11.31
 -57490.316    26.256    11.71   11.61
 -57113.559    28.520     6.01   10.59
 -56736.895    27.118    -3.72   10.96
 -56360.324    24.194    -7.77   10.84
 -55983.845    23.871    -0.86    8.92
 -55607.459    23.886     0.04    6.32
 -55231.166    21.943    -5.16    4.82
 -54854.964    21.911    -0.09    4.10
 -54478.855    24.263     6.25    6.06
 -54102.839    27.199     7.81    5.55
 -53726.914    29.687     6.62    3.89
 -53351.082    29.340    -0.92    4.21
 -52975.342    27.463    -5.00    4.41
 -52599.693    25.511    -5.20    4.05
 -52224.137    23.847    -4.43    3.71
 -51848.672    21.385    -6.56    4.49
 -51473.300    18.896    -6.63    5.25
 -51098.019    14.929   -10.57    5.57
 -50722.829    12.502    -6.47    4.68
 -50347.731    12.020    -1.28    4.02
 -49972.725    12.172     0.40    3.84
 -49597.810    14.540     6.32    4.33
 -49222.987    18.136     9.59    5.68
 -48848.255    21.758     9.67    7.24
 -48473.614    27.320    14.85    7.20
 -48099.064    30.667     8.94    6.66
 -47724.606    33.256     6.92    6.61
 -47350.238    34.355     2.93    6.47
 -46975.962    34.945     1.58    6.72
 -46601.776    35.934     2.64    7.07
 -46227.681    36.424     1.31    8.05
 -45853.678    37.956     4.10    9.15
 -45479.764    40.823     7.67    9.97
 -45105.942    43.960     8.39    9.17
 -44732.210    45.955     5.34    8.10
 -44358.569    44.853    -2.95    8.08
 -43985.018    43.583    -3.40    8.00
 -43611.557    43.463    -0.32    7.54
 -43238.187    45.799     6.26    7.14
 -42864.907    49.085     8.80    4.77
 -42491.718    49.930     2.27    4.11
 -42118.618    48.116    -4.86    5.34
 -41745.609    46.928    -3.19    6.90
 -41372.689    48.165     3.32    9.66
 -40999.860    54.161    16.08   14.47
 -40627.120    63.711    25.62   16.64
 -40254.470    73.568    26.45   16.95
 -39881.910    82.439    23.81   15.45
 -39509.440    90.061    20.46   11.88
 -39137.059    96.025    16.01    9.01
 -38764.768   102.943    18.58    8.22
 -38392.567   109.261    16.97    8.41
 -38020.454   114.141    13.12    7.18
 -37648.432   117.511     9.06    4.36
 -37276.498   118.162     1.75    4.80
 -36904.654   116.094    -5.56    6.22
 -36532.899   112.678    -9.19    7.61
 -36161.233   111.232    -3.89    7.26
 -35789.656   110.549    -1.84    5.92
 -35418.168   108.015    -6.82    6.79
 -35046.769   105.492    -6.79    7.04
 -34675.459   104.080    -3.80    5.84
 -34304.238   104.492     1.11    5.37
 -33933.105   106.436     5.24    5.34
 -33562.061   106.393    -0.12    5.42
 -33191.106   105.336    -2.85    5.43
 -32820.240   104.759    -1.56    5.35
 -32449.461   106.240     4.00    7.99
 -32078.772   110.132    10.50    8.79
 -31708.170   112.547     6.51    7.50
 -31337.657   111.688    -2.32    6.18
 -30967.232   110.740    -2.56    5.00
 -30596.895   111.530     2.13    6.28
 -30226.647   116.006    12.09    8.45
 -29856.486   122.296    16.99    8.84
 -29486.414   126.997    12.70    6.79
 -29116.429   128.208     3.27    5.68
 -28746.532   126.244    -5.31    6.67
 -28376.723   120.947   -14.32    8.60
 -28007.002   114.624   -17.10    8.50
 -27637.369   107.793   -18.48    8.25
 -27267.823   101.150   -17.98    7.29
 -26898.364    95.659   -14.86    5.71
 -26528.993    92.340    -8.99    3.92
 -26159.710    90.598    -4.72    4.52
 -25790.514    89.916    -1.85    6.15
 -25421.405    89.137    -2.11    6.63
 -25052.383    89.841     1.91    6.50
 -24683.449    92.566     7.39    7.57
 -24314.602    97.692    13.90    7.65
 -23945.842   101.565    10.50    7.73
 -23577.169   105.822    11.55    7.78
 -23208.582   110.193    11.86    9.53
 -22840.083   115.777    15.15   10.92
 -22471.670   122.511    18.28    9.12
 -22103.345   125.520     8.17    6.63
 -21735.106   125.889     1.00    5.92
 -21366.953   122.974    -7.92    6.76
 -20998.887   118.670   -11.70    7.34
 -20630.908   112.670   -16.31    9.07
 -20263.015   105.974   -18.20   10.55
 -19895.209    97.724   -22.43   10.07
 -19527.488    89.373   -22.71    9.86
 -19159.855    82.034   -19.96    8.78
 -18792.307    75.159   -18.71    6.99
 -18424.845    70.338   -13.12    5.77
 -18057.470    66.454   -10.57    4.14
 -17690.181    63.447    -8.19    3.69
 -17322.977    61.558    -5.15    3.17
 -16955.860    59.098    -6.70    2.98
 -16588.828    56.659    -6.65    3.81
 -16221.882    52.905   -10.23    5.08
 -15855.022    50.236    -7.28    4.54
 -15488.247    48.911    -3.61    4.31
 -15121.559    49.585     1.84    5.53
 -14754.955    49.447    -0.38    5.89
 -14388.438    47.782    -4.54    6.54
 -14022.005    44.002   -10.32    7.36
 -13655.658    40.030   -10.84    5.81
 -13289.396    37.702    -6.36    4.38
 -12923.220    37.638    -0.17    4.99
 -12557.129    40.228     7.07    5.78
 -12191.123    41.970     4.76    5.57
 -11825.202    43.142     3.20    5.38
 -11459.366    37.639   -15.04   11.25
 -11093.615    28.281   -25.59   15.68
 -10727.949    15.866   -33.95   15.12
 -10362.367     7.238   -23.60   10.34
  -9996.871     1.319   -16.20    1.95
  -9631.459     1.224    -0.26    1.22
  -9266.132     1.933     1.94    1.45
  -8900.890     2.595     1.81    1.43
  -8535.732     2.492    -0.28    1.47
  -8170.658     1.637    -2.34    1.49
  -7805.669     0.872    -2.10    0.93
  -7440.765     0.511    -0.99    0.00
  -7075.944     0.511     0.00    0.00
  -6711.208     0.511     0.00    0.00
  -6346.556     0.511     0.00    0.00
  -5981.989     0.529     0.05    0.13
  -5617.505     0.520    -0.02    0.10
  -5253.105     0.578     0.16    0.37
  -4888.790     1.153     1.58    1.14
  -4513.217     1.661     1.35    1.32
  -4131.229     1.611    -0.13    1.28
  -3749.335     1.860     0.65    1.30
  -3367.536     1.915     0.14    1.38
  -2985.831     1.895    -0.05    1.61
  -2604.220     1.881    -0.04    1.67
  -2222.703     1.511    -0.97    1.61
  -1841.280     0.835    -1.77    0.98
  -1459.951     0.698    -0.36    1.06
  -1078.716     0.918     0.58    1.53
   -697.574     1.016     0.26    1.81
   -316.527     0.941    -0.20    1.93
     64.427     0.402    -1.41    1.62
    445.287    -0.206    -1.60    0.53
    826.054    -0.352    -0.38    0.35
   1206.727    -0.433    -0.21    0.23
   1587.307    -0.424     0.02    0.42
   1967.794     0.453     2.30    2.19
   2348.187     2.070     4.25    3.08
   2728.487     3.665     4.19    2.86
   3108.694     5.291     4.28    2.02
   3488.808     5.801     1.34    0.89
   3868.829     5.731    -0.18    0.88
   4248.757     5.656    -0.20    0.86
   4628.592     5.401    -0.67    0.70
   5008.335     5.333    -0.18    0.58
   5387.984     5.249    -0.22    0.44
   5767.541     5.305     0.15    0.63
   6147.006     5.409     0.27    0.61
   6526.378     5.277    -0.35    0.71
   6905.657     5.322     0.12    0.76
   7284.844     5.135    -0.49    0.87
   7663.939     4.854    -0.74    0.92
   8042.941     4.915     0.16    0.85
   8421.852     4.851    -0.17    0.83
   8800.670     4.902     0.13    0.71
   9179.396     4.953     0.14    0.80
   9558.030     4.807    -0.39    0.85
   9936.572     4.692    -0.30    0.86
  10315.022     4.632    -0.16    0.83
  10693.381     4.388    -0.65    0.85
  11071.648     4.120    -0.71    0.91
  11449.823     3.791    -0.87    1.11
  11827.906     3.922     0.35    1.22
  12205.898     4.066     0.38    1.22
  12583.799     4.358     0.77    1.45
  12961.608     6.807     6.48    5.62
  13339.326    12.020    13.80   10.19
  13716.952    19.401    19.54   10.85
  14094.488    27.244    20.77    7.91
  14471.932    32.052    12.74    4.86
  14849.285    35.070     8.00    3.56
  15226.547    36.419     3.58    2.46
  15603.718    35.964    -1.21    2.68
  15980.799    33.081    -7.64    4.64
  16357.788    27.659   -14.38    8.09
  16734.687    18.922   -23.18   11.69
  17111.495    11.614   -19.40   10.33
  17488.212     5.787   -15.47    5.38
  17864.839     4.181    -4.27    2.97
  18241.376     3.837    -0.91    2.73
  18617.822     3.206    -1.68    2.50
  18994.177     2.052    -3.07    1.51
  19370.442     1.584    -1.24    0.98
  19746.617     1.378    -0.55    0.93
  20122.702     1.679     0.80    1.59
  20498.697     2.128     1.19    1.78
  20874.602     2.614     1.29    1.89
  21250.417     3.548     2.49    3.03
  21626.142     6.232     7.14    6.52
  22001.777     8.392     5.75    8.07
  22377.322    11.721     8.87    8.53
  22752.777    15.816    10.91    9.88
  23128.143    20.731    13.09   10.31
  23503.419    26.372    15.03    7.44
  23878.606    29.787     9.10    4.07
  24253.703    30.888     2.94    2.78
  24628.711    32.165     3.40    5.06
  25003.630    36.416    11.34    7.67
  25378.459    42.006    14.91    8.53
  25753.199    48.501    17.33    7.51
  26127.850    52.685    11.17    6.43
  26502.411    54.293     4.29    5.50
  26876.884    55.116     2.20    5.35
  27251.268    54.825    -0.78    5.07
  27625.563    54.464    -0.96    4.16
  27999.769    53.277    -3.17    4.66
  28373.886    49.044   -11.32    5.63
  28747.914    44.754   -11.47    6.16
  29121.854    38.187   -17.56    7.93
  29495.706    32.140   -16.17    8.72
  29869.468    26.403   -15.35    8.25
  30243.143    21.409   -13.36    7.70
  30616.728    16.722   -12.54    7.41
  30990.226    15.315    -3.77    6.10
  31363.635    15.615     0.80    5.43
  31736.956    19.115     9.38    6.31
  32110.189    23.530    11.83    5.15
  32483.334    28.328    12.86    5.54
  32856.391    35.224    18.48    9.09
  33229.359    42.511    19.54   10.18
  33602.240    47.789    14.15    6.87
  33975.033    49.713     5.16    5.03
  34347.738    47.813    -5.10    5.47
  34720.356    44.539    -8.79    5.26
  35092.886    42.120    -6.49    4.61
  35465.328    39.193    -7.86    4.11
  35837.683    36.382    -7.55    3.30
  36209.950    35.429    -2.56    3.70
  36582.130    34.841    -1.58    4.50
  36954.222    35.483     1.73    4.78
  37326.227    37.569     5.61    4.65
  37698.145    38.935     3.68    4.19
  38069.976    38.681    -0.69    4.32
  38441.719    38.319    -0.97    4.16
  38813.376    37.465    -2.30    3.05
  39184.945    37.368    -0.26    2.35
  39556.428    38.277     2.45    2.76
  39927.824    40.069     4.82    2.73
  40299.132    40.426     0.96    3.21
  40670.355    39.303    -3.02    3.73
  41041.490    38.405    -2.42    3.67
  41412.539    38.279    -0.34    3.54
  41783.501    39.062     2.11    3.99
  42154.377    41.193     5.75    4.49
  42525.166    43.178     5.35    5.67
  42895.869    44.698     4.10    6.60
  43266.486    47.539     7.67    7.41
  43637.016    49.558     5.45    7.50
  44007.460    52.006     6.61    6.98
  44377.818    54.572     6.93    5.36
  44748.089    52.606    -5.31    5.97
  45118.275    48.570   -10.90    7.96
  45488.375    42.315   -16.90    8.07
  45858.389    37.273   -13.63    6.11
  46228.317    32.568   -12.72    4.98
  46598.159    29.409    -8.54    5.10
  46967.916    26.501    -7.87    7.98
  47337.586    20.315   -16.73   10.35
  47707.171    15.404   -13.29    9.27
  48076.671    13.483    -5.20    6.65
  48446.085    14.115     1.71    5.62
  48815.414    16.386     6.15    4.47
  49184.657    17.711     3.59    3.97
  49553.815    15.851    -5.04    5.35
  49922.888    13.557    -6.21    5.29
  50291.875    13.569     0.03    6.01
  50660.777    15.067     4.06    6.74
  51029.594    16.700     4.43    7.45
  51398.327    16.992     0.79    6.49
  51766.974    15.737    -3.40    5.20
  52135.536    15.511    -0.61    5.18
  52504.013    16.445     2.53    5.09
  52872.406    18.492     5.56    5.69
  53240.714    20.711     6.03    6.23
  53608.937    23.152     6.63    6.25
  53977.075    26.697     9.63    6.38
  54345.129    29.744     8.28    6.14
  54713.099    32.184     6.63    5.23
  55080.984    34.643     6.68    4.17
  55448.784    35.949     3.55    6.01
  55816.501    36.319     1.01    7.10
  56184.133    36.152    -0.45    7.49
  56551.680    35.031    -3.05    5.86
  56919.144    34.857    -0.48    4.44
  57286.523    35.860     2.73    5.29
  57653.819    36.700     2.28    6.11
  58021.030    36.520    -0.49    6.37
  58388.157    36.956     1.19    5.78
  58755.201    36.616    -0.93    3.98
  59122.161    36.429    -0.51    2.45
  59489.037    37.350     2.51    2.17
  59855.829    37.067    -0.77    2.27
  60222.538    36.424    -1.75    2.67
  60589.162    35.787    -1.74    3.28
  60955.704    34.551    -3.37    3.40
  61322.162    33.483    -2.92    3.08
  61688.536    33.579     0.26    3.03
  62054.828    33.732     0.42    3.09
  62421.035    34.945     3.31    3.87
  62787.160    35.790     2.31    4.92
  63153.201    35.122    -1.82    5.74
  63519.160    35.619     1.36    5.86
  63885.035    35.596    -0.06    5.19
  64250.827    34.407    -3.25    5.14
  64616.536    33.220    -3.25    5.10
  64982.162    32.096    -3.07    4.44
  65347.706    30.399    -4.64    3.10
  65713.166    30.718     0.88    3.49
  66078.544    31.139     1.15    3.73
  66443.839    31.625     1.33    5.64
  66809.051    34.263     7.22    9.89
  67174.181    37.041     7.61   11.63
  67539.229    36.770    -0.74   11.36
  67904.193    33.915    -7.82   13.55
  68269.076    28.578   -14.63   13.18
  68633.876    24.511   -11.15    7.05
  68998.594    26.339     5.01    6.28
  69363.229    30.320    10.92    6.53
  69727.782    33.103     7.63    6.62
  70097.765    33.386     0.76    6.60
  70479.580    33.136    -0.65    6.68
  70861.304    32.809    -0.86    6.12
  71242.935    33.074     0.69    5.76
  71624.475    35.387     6.06    5.64
  72005.923    37.806     6.34    4.85
  72387.279    39.838     5.33    4.85
  72768.543    42.320     6.51    5.85
  73149.716    45.713     8.90    8.34
  73530.797    48.315     6.83   10.83
  73911.787    49.164     2.23   11.37
  74292.686    49.918     1.98   10.87
  74673.493    51.649     4.55   11.05
  75054.208    58.728    18.59   11.47
  75434.833    67.127    22.07    7.98
  75815.366    70.964    10.08    5.68
  76195.809    73.981     7.93    5.42
  76576.160    76.631     6.97    6.49
  76956.420    79.374     7.21    6.41
  77336.590    77.903    -3.87    8.66
  77716.668    71.021   -18.11   13.97
  78096.656    61.742   -24.42   12.53
  78476.553    56.278   -14.38    7.52
  78856.360    60.030     9.88   10.59
  79236.076    70.656    27.98   13.39
  79615.701    82.605    31.47   14.61
  79995.236    91.790    24.20   13.30
  80374.680   100.511    22.98   12.24
  80754.035   104.187     9.69   13.15
  81133.299   103.863    -0.85   15.80
  81512.472   102.139    -4.55   16.13
  81891.556   101.511    -1.66   14.57
  82270.550    99.844    -4.40   11.66
  82649.453    97.805    -5.38   11.17
  83028.267    93.501   -11.36   14.41
  83406.990    84.864   -22.81   20.38
  83785.624    74.178   -28.22   24.39
  84164.169    63.337   -28.63   24.18
  84542.623    54.424   -23.55   23.91
  84920.988    46.184   -21.78   19.47
  85299.263    45.587    -1.58   15.08
  85677.449    48.430     7.52   14.03
  86055.545    58.294    26.09   12.87
  86433.552    67.325    23.89    9.38
  86811.470    73.368    15.99    9.18
  87189.298    76.307     7.78    6.33
  87567.038    72.666    -9.64   11.69
  87944.688    63.049   -25.46   15.97
  88322.249    55.666   -19.55   12.40
  88699.721    51.001   -12.36    9.38
  89077.104    46.155   -12.84   11.82
  89454.398    44.652    -3.98   12.35
  89831.603    43.125    -4.05   12.59
  90208.720    48.435    14.08   15.56
  90585.748    58.899    27.75   14.34
  90962.687    69.356    27.74   12.61
  91339.538    78.746    24.92    9.84
  91716.300    86.987    21.87    8.91
  92092.974    93.766    18.00    8.33
  92469.559    98.911    13.66    7.48
  92846.057   101.976     8.14    7.44
  93222.465   103.423     3.84    7.72
  93598.786   103.501     0.21    7.90
  93975.018   104.997     3.97    7.29
  94351.163   108.016     8.03    7.69
  94727.219   111.792    10.04    6.88
  95103.188   113.539     4.65    5.48
  95479.068   111.622    -5.10    7.89
  95854.861   105.797   -15.50   10.17
  96230.566   102.358    -9.15    9.87
  96606.183   101.907    -1.20   10.37
  96981.712   101.623    -0.76   12.19
  97357.154    95.203   -17.10   21.49
  97732.509    90.444   -12.68   24.99
  98107.776    85.025   -14.44   25.42
  98482.955    84.692    -0.89   23.99
  98858.047    85.210     1.38   21.59
  99233.052    85.539     0.88   18.64
  99607.970    81.560   -10.61   18.18
  99982.800    77.216   -11.59   17.17
 100357.543    75.715    -4.00   15.47
 100732.200    74.221    -3.99   14.59
 101106.769    73.480    -1.98   14.38
 101481.251    74.684     3.22   12.96
 101855.647    75.443     2.03   11.67
 102229.956    78.501     8.17   10.05
 102604.178    82.049     9.48    6.91
 102978.313    82.676     1.67    6.70
 103352.361    82.263    -1.10    7.24
 103726.323    83.511     3.34    7.64
 104100.199    85.165     4.42    7.88
 104473.988    87.652     6.65    8.09
 104847.691    89.212     4.17    7.71
 105221.307    90.696     3.97    6.74
 105594.837    92.001     3.49    5.99
 105968.281    93.089     2.91    5.60
 106341.638    95.254     5.80    4.05
 106714.910    96.673     3.80    3.19
 107088.095    99.288     7.01    3.19
 107461.195   100.768     3.97    3.55
 107834.209   101.451     1.83    3.92
 108207.136   100.844    -1.63    3.94
 108579.978   100.026    -2.19    3.65
 108952.734    99.587    -1.18    3.48
 109325.405    99.442    -0.39    3.56
 109697.990    97.915    -4.10    4.60
 110070.489    96.001    -5.14    4.57
 110442.903    95.663    -0.91    4.84
 110815.231    96.635     2.61    4.81
 111187.474    98.334     4.57    3.79
 111559.631    97.847    -1.31    4.09
 111931.704    96.717    -3.04    4.20
 112303.691    94.671    -5.50    5.37
 112675.592    91.470    -8.61    5.56
 113047.409    89.349    -5.71    4.55
 113419.141    88.831    -1.39    3.66
 113790.788    91.482     7.13    5.00
 114162.349    95.424    10.61    4.97
 114533.826    98.697     8.81    3.64
 114905.218    99.636     2.53    3.11
 115276.526    97.959    -4.52    5.02
 115647.748    94.749    -8.65    6.26
 116018.886    91.901    -7.67    4.92
 116389.939    91.273    -1.69    4.32
 116760.908    92.746     3.97    4.75
 117131.793    95.016     6.12    4.67
 117502.592    95.949     2.52    4.91
 117873.308    94.937    -2.73    5.37
 118243.939    92.844    -5.65    6.06
 118614.486    90.584    -6.10    5.87
 118984.949    92.040     3.93    7.46
 119355.328    95.640     9.72    9.28
 119725.622   103.625    21.56   10.97
 120095.833   111.292    20.71   10.38
 120465.959   118.825    20.35   10.14
 120836.002   125.597    18.30    9.30
 121205.961   133.246    20.67    6.83
 121575.836   137.011    10.18    4.69
 121945.627   137.858     2.29    4.10
 122315.334   134.011   -10.40    7.30
 122684.958   127.705   -17.06    9.77
 123054.499   116.305   -30.85   15.22
 123423.956   103.870   -33.65   17.62
 123793.329    89.828   -38.01   17.02
 124162.619    76.684   -35.59   14.95
 124531.826    64.921   -31.86   12.52
 124900.949    52.962   -32.40   13.84
 125269.989    42.442   -28.50   13.94
 125638.946    34.491   -21.55   10.75
 126007.820    32.636    -5.03    9.65
 126376.610    37.550    13.33   13.52
 126745.318    48.598    29.96   14.87
 127113.943    54.144    15.04   13.71
 127482.485    54.684     1.47   16.58
 127850.944    52.121    -6.96   17.88
 128219.320    49.746    -6.45   14.85
 128587.613    49.222    -1.42   12.66
 128955.824    49.392     0.46   11.42
 129323.952    49.097    -0.80   10.79
 129691.998    49.552     1.23   10.66
 130059.961    53.953    11.96   11.20
 130427.841    59.621    15.41    9.12
 130795.639    64.207    12.47    6.61
 131163.355    67.016     7.64    8.79
 131530.989    71.551    12.34    9.52
 131898.540    75.870    11.75    7.70
 132266.009    77.644     4.83    6.39
 132633.396    78.145     1.37    6.02
 133000.701    79.550     3.82    5.48
 133367.924    79.844     0.80    5.45
 133735.065    82.161     6.31    5.35
 134102.124    83.831     4.55    5.85
 134469.101    87.550    10.13    7.42
 134835.996    92.388    13.19    8.56
 135202.809    97.349    13.52    9.19
 135569.541   103.113    15.72    8.90
 135936.191   109.393    17.13    6.49
 136302.760   112.658     8.91    4.36
 136669.247   114.062     3.83    3.69
 137035.653   115.394     3.64    4.23
 137401.977   116.422     2.80    4.59
 137768.220   117.579     3.16    4.52
 138134.381   116.707    -2.38    5.80
 138500.461   112.831   -10.59    8.13
 138866.460   107.608   -14.27    8.47
 139232.378   104.092    -9.61    6.40
 139598.215   103.934    -0.43    5.75
 139963.970   104.610     1.85    5.25
 140329.645   106.422     4.95    3.88
 140695.238   108.453     5.55    5.40
 141060.751   112.154    10.12    6.50
 141426.183   115.158     8.22    6.00
 141791.534   115.939     2.14    5.71
 142156.805   111.676   -11.67    8.56
 142521.994   106.482   -14.22    9.72
 142887.104   100.443   -16.54    7.78
 143252.132    96.540   -10.69    7.77
 143617.080    93.989    -6.99    7.52
 143981.948    91.598    -6.55    7.38
 144346.735    89.095    -6.86    5.49
 144711.545    87.021    -5.69    5.01
 145093.189    83.876    -8.24    7.50
 145474.743    80.422    -9.05    7.97
 145856.207    79.689    -1.92    8.26
 146237.582    80.628     2.46    8.62
 146618.868    83.598     7.79    7.59
 147000.064    86.221     6.88    6.39
 147381.170    86.589     0.96    4.74
 147762.187    88.942     6.18    3.57
 148143.115    88.414    -1.39    4.18
 148523.954    86.131    -5.99    6.46
 148904.704    83.717    -6.34    7.48
 149285.365    81.361    -6.19    6.64
 149665.937    81.423     0.16    6.24
 150046.419    82.741     3.46    5.64
 150426.813    84.088     3.54    5.24
 150807.118    86.470     6.26    3.88
 151187.335    87.854     3.64    5.15
 151567.463    91.334     9.15    6.49
 151947.502    95.674    11.42    6.62
 152327.452    98.905     8.50    4.81
 152707.314   101.171     5.97    4.48
 153087.088   102.458     3.39    4.06
 153466.773   101.136    -3.48    4.39
 153846.370    98.386    -7.24    6.61
 154225.879    93.792   -12.10    7.34
 154605.299    89.735   -10.69    3.97
 154984.631    89.375    -0.95    3.31
 155363.876    92.416     8.02    5.37
 155743.032    96.727    11.37    7.02
 156122.100   102.119    14.22    5.95
 156501.080   106.924    12.68    4.15
 156879.973   110.281     8.86    4.19
 157258.778   113.011     7.21    4.36
 157637.495   114.881     4.94    4.12
 158016.124   114.070    -2.14    6.26
 158394.666   109.511   -12.04    9.78
 158773.120   100.550   -23.67   12.06
 159151.487    93.128   -19.61   10.46
 159529.767    88.828   -11.37    6.07
 159907.959    89.818     2.62    7.48
 160286.063    92.844     8.00    8.78
 160664.081    93.273     1.13    8.92
 161042.011    91.352    -5.08    7.80
 161419.855    90.207    -3.03    6.12
 161797.611    89.961    -0.65    5.18
 162175.280    91.290     3.52    4.36
 162552.862    90.709    -1.54    5.02
 162930.358    88.453    -5.98    5.01
 163307.766    88.399    -0.14    5.34
 163685.088    90.303     5.05    5.86
 164062.323    94.041     9.91    5.22
 164439.471    96.972     7.77    3.14
 164816.533    97.709     1.95    2.88
 165193.509    96.161    -4.10    5.32
 165570.397    92.299   -10.25    7.60
 165947.200    88.040   -11.30    7.29
 166323.916    82.491   -14.73    7.81
 166700.546    79.699    -7.41    8.07
 167077.089    80.119     1.11    7.63
 167453.547    80.689     1.51    7.44
 167829.918    81.579     2.36    6.13
 168206.203    80.442    -3.02    5.36
 168582.403    77.433    -8.00    4.65
 168958.516    73.218   -11.21    7.20
 169334.543    67.666   -14.76    9.48
 169710.485    63.358   -11.46    7.50
 170086.341    63.897     1.43    7.17
 170462.111    67.970    10.84    8.34
 170837.795    74.152    16.45    8.39
 171213.394    80.021    15.63    7.86
 171588.908    83.472     9.19    8.08
 171964.335    87.061     9.56    7.50
 172339.678    90.923    10.29    5.68
 172714.935    91.541     1.65    4.24
 173090.107    89.125    -6.44    6.69
 173465.193    85.303   -10.19    8.15
 173840.194    82.711    -6.91    6.51
 174215.111    82.570    -0.38    5.77
 174589.942    85.289     7.25    5.74
 174964.688    87.472     5.82    4.21
 175339.349    87.458    -0.04    4.06
 175713.925    87.627     0.45    4.07
 176088.417    87.858     0.62    3.69
 176462.823    89.070     3.24    4.10
 176837.145    90.448     3.68    4.31
 177211.382    91.785     3.57    3.72
 177585.535    93.036     3.34    3.39
 177959.603    92.109    -2.48    4.73
 178333.586    89.951    -5.77    6.17
 178707.485    89.961     0.03    6.60
 179081.300    91.689     4.62    6.74
 179455.030    93.309     4.33    6.25
 179828.676    93.795     1.30    5.40
 180202.238    94.440     1.73    5.04
 180575.715    93.686    -2.02    4.45
 180949.109    93.804     0.32    3.71
 181322.418    94.870     2.85    3.28
 181695.644    93.868    -2.68    4.49
 182068.785    91.937    -5.18    5.45
 182441.843    88.521    -9.15    5.63
 182814.816    86.194    -6.24    3.37
 183187.706    85.788    -1.09    3.06
 183560.513    86.289     1.34    3.07
 183933.235    87.481     3.20    3.12
 184305.874    87.480    -0.00    3.37
 184678.430    88.035     1.49    3.05
 185050.901    88.413     1.01    2.99
 185423.290    88.608     0.52    2.81
 185795.595    88.157    -1.21    3.19
 186167.817    86.246    -5.13    3.52
 186539.955    84.986    -3.39    2.91
 186912.010    84.976    -0.03    2.88
 187283.983    85.881     2.43    2.77
 187655.871    86.016     0.36    2.72
 188027.677    85.511    -1.36    2.55
 188399.400    84.969    -1.46    2.60
 188771.040    84.570    -1.07    2.92
 189142.597    84.469    -0.27    3.09
 189514.071    83.263    -3.25    3.59
 189885.463    80.758    -6.74    3.54
 190256.772    78.844    -5.15    3.01
 190627.998    78.036    -2.18    5.06
 190999.141    79.095     2.85    8.10
 191370.202    81.897     7.55    9.83
 191741.180    84.031     5.75   10.07
 192112.076    86.491     6.63    8.18
 192482.889    87.221     1.97    7.34
 192853.621    86.679    -1.46    7.88
 193224.269    85.844    -2.25    9.13
 193594.836    83.681    -5.84   11.26
 193965.320    81.854    -4.93   12.35
 194335.723    77.911   -10.64   13.60
 194706.043    74.580    -8.99   13.43
 195076.281    69.087   -14.84   11.55
 195446.437    66.923    -5.85    8.58
 195816.511    66.704    -0.59    7.61
 196186.504    72.217    14.90   10.14
 196556.414    78.612    17.29    7.54
 196926.243    82.815    11.36    5.90
 197295.990    86.238     9.26    5.08
 197665.656    88.951     7.34    4.56
 198035.240    90.828     5.08    5.08
 198404.742    90.961     0.36    5.28
 198774.163    88.303    -7.19    6.58
 199143.502    83.326   -13.47   11.50
 199512.760    74.805   -23.07   11.86
 199881.937    68.899   -16.00    9.15
 200251.032    68.372    -1.43    7.18
 200620.047    72.081    10.05    6.75
 200988.980    76.178    11.10    6.15
 201357.832    79.065     7.83    4.90
 201726.603    79.952     2.40    4.56
 202095.292    80.579     1.70    4.19
 202463.901    81.654     2.92    3.75
 202832.429    83.649     5.41    4.61
