# NaN NaN NaN ;Mean Elev.(m), Avg Gradient(m/km), RMS Gradient(m/km) - SRTM1     
#  -11.809  -3.405   8.998 ;Mean Elev.(m), Avg Gradient(m/km), RMS Gradient(m/km) - ASTER GDEM
#    1.000  -4.055   8.703 ;Mean Elev.(m), Avg Gradient(m/km), RMS Gradient(m/km) - GMTED2010 
  7  86.563695  67.850735    57.715    61.017  9 52469.61644590  5.339
  8  86.564963  67.852790    44.176    45.977  9 52504.61643136 12.320
  9  86.556240  67.844096    62.063    63.234  8 52539.61641323 10.902
 10  86.562005  67.847309    55.270    55.216  9 52574.61645765 15.129
 11  86.568356  67.851993    58.994    60.051  9 52609.61641822 10.754
 12  86.559329  67.847783    60.636    61.794  9 52644.61640928 10.719
 15  86.566118  67.849329    59.372    60.564  9 52749.61645859  6.920
 16  86.550437  67.844277    61.724    61.721  7 52784.61640029 10.961
 17  86.553820  67.844223    60.106    60.895  7 52819.61647603  9.258
 18  86.561141  67.847604    59.324    59.990  9 52854.61652505  7.232
 20  86.571999  67.854397     5.913     1.751  5 52924.61651280 20.095
 21  86.560616  67.847915    55.178    55.350  8 52959.61647891 13.644
 22  86.560814  67.849870    59.499    61.392  9 52994.61651140  9.809
 23  86.570828  67.858042    56.256    55.972 10 53029.61647636  7.554
 24  86.563458  67.851359    57.659    56.736  9 53064.61648285 10.382
 25  86.568637  67.853938    56.681    55.854  9 53099.61649247  7.482
 29  86.571069  67.856800    56.966    56.714 10 53239.61652189  9.966
 31  86.559760  67.846581    62.247    64.276  9 53309.61653597 10.777
 32  86.568456  67.851926    58.007    56.972  9 53344.61650287  6.982
 33  86.552789  67.845366    58.279    57.464  8 53379.61645056  7.558
 34  86.567365  67.852872    56.924    55.814 10 53414.61647998  8.462
 35  86.550376  67.844144    62.033    62.002  7 53449.61647108  7.174
 37  86.569842  67.849014    17.154    17.238  7 53519.61655359 47.182
 38  86.561976  67.847673    58.513    58.118  9 53554.61657626  9.674
 39  86.575190  67.854244     3.006     2.546  8 53589.61652209 18.519
 40  86.544556  67.845369    64.999    65.754  5 53624.61649975 10.768
 41  86.558457  67.846441    60.803    63.072  9 53659.61652614 14.510
 42  86.567599  67.853394    60.616    62.591  9 53694.61650300 10.728
 43  86.571293  67.861469    55.864    56.146 11 53729.61642729  7.691
 44  86.562616  67.848623    60.954    60.589  8 53764.61638958  8.011
 45  86.570512  67.858669    56.711    56.398 10 53799.61639734  7.024
 46  86.555688  67.843762    60.841    62.365  8 53834.61639456  8.195
 47  86.556265  67.850628    58.872    58.050  6 53869.61645770  0.562
 48  86.562205  67.848240    10.177    10.169  8 53904.61649146 41.110
 49  86.554996  67.848251     0.377     0.113  7 53939.61652506 27.246
 50  86.563058  67.858430    58.433    60.194  6 53974.61648590 10.881
 51  86.555293  67.844171    58.714    57.550  9 54009.61647841 11.501
 52  86.563786  67.850208    57.122    56.231  8 54044.61649804 10.438
 53  86.568311  67.853718    56.250    56.606  9 54079.61649191  8.651
 54  86.570004  67.861368    55.726    55.313 11 54114.61642907  7.287
 56  86.571343  67.858687    56.918    56.022 10 54184.61641894  5.028
 57  86.558744  67.847234    62.810    63.662  8 54219.61644734  4.768
 58  86.565632  67.848217    11.693    11.662  7 54254.61647160 39.984
 59  86.567038  67.850986    58.009    58.817  9 54289.61647480  9.912
 60  86.564822  67.852991     7.601     1.795  9 54324.61647274 23.940
 61  86.573117  67.858948     4.461     4.399  9 54359.61642811 36.219
 62  86.564753  67.848607    55.797    56.257  9 54394.61641204 14.886
 63  86.569810  67.855369    55.334    55.549 10 54429.61637765 10.454
 64  86.561103  67.848196    61.488    62.391  8 54464.61639154  7.091
 65  86.569707  67.853117    58.657    60.072  9 54499.61638827  5.643
 66  86.566046  67.849800    61.089    62.576  9 54534.61640606  6.896
 67  86.571266  67.857808    56.123    55.890 10 54569.61639252  5.792
 68  86.558454  67.852842     5.010     5.072  6 54604.61640134 39.376
 69  86.566212  67.850993    54.566    57.454  9 54639.61641090 13.378
 70  86.562934  67.851926    56.879    56.945  9 54674.61641373 10.509
 71  86.572484  67.855558     2.848     2.851  8 54709.61637135 25.237
 72  86.563381  67.848125    59.071    57.931  9 54744.61637975  8.827
 73  86.567868  67.852833    56.633    55.675  9 54779.61635440  9.330
 74  86.561174  67.847262    61.952    62.507  9 54814.61637300  9.757
 76  86.561665  67.848838    60.023    58.813  8 54884.61637681  7.373
 77  86.570342  67.858796    56.661    55.323 11 54919.61635629  6.336
 78  86.561561  67.847772    57.247    56.998  9 54954.61637181  2.067
 79  86.561850  67.848860    12.687    12.629  8 54989.61639570 23.856
 80  86.560206  67.859368    58.393    57.191  5 55024.61638909 11.009
 81  86.565701  67.851510     2.785     2.770 10 55059.61638208 40.875
 82  86.571758  67.858036    56.923    56.164 10 55094.61633564  9.841
 83  86.562776  67.849673    52.524    57.218  8 55129.61632326 15.576
 84  86.566537  67.854208    54.919    55.233  9 55164.61629684 12.466
 85  86.561019  67.848542    57.733    57.408  8 55199.61631486  9.756
 86  86.569717  67.855357    57.151    56.695 10 55234.61630218  8.388
 87  86.563943  67.850388    59.369    59.831  9 55269.61630963  8.393
 88  86.571950  67.859178    56.750    55.925 11 55304.61628359  7.613
 89  86.565126  67.850743    55.955    55.942  9 55339.61628181  8.972
 90  86.561976  67.857332    54.721    59.296  6 55374.61627478 14.049
 91  86.562975  67.849541    58.806    58.410  9 55409.61629510 10.615
 92  86.567012  67.851584    57.293    57.743  9 55444.61629058 11.577
 93  86.572540  67.861526    49.342    48.522 12 55479.61622819 17.988
