# NaN NaN NaN ;Mean Elev.(m), Avg Gradient(m/km), RMS Gradient(m/km) - SRTM1     
#  -12.510  -3.032   6.659 ;Mean Elev.(m), Avg Gradient(m/km), RMS Gradient(m/km) - ASTER GDEM
#    1.000  -3.140   5.090 ;Mean Elev.(m), Avg Gradient(m/km), RMS Gradient(m/km) - GMTED2010 
  6  86.682096  67.052199    16.419    16.423  8 52420.23336516 37.666
  7  86.682654  67.058706    14.244    16.218  9 52455.23338799 18.906
  8  86.683642  67.053374    15.118    16.677  8 52490.23336405 19.590
  9  86.682259  67.065848    17.090    16.988 11 52525.23334054 14.183
 10  86.683542  67.050461    13.739    13.233  7 52560.23339214 19.623
 11  86.683538  67.062866     3.758     0.111 11 52595.23339717 21.471
 12  86.684507  67.043086     9.527    10.637  6 52630.23333394 13.320
 14  86.687109  67.039207    10.307    10.366  6 52700.23333558 11.698
 15  86.681966  67.053922    11.770    12.599  8 52735.23336544 11.193
 16  86.681938  67.067214     1.041     1.072 11 52770.23334972 42.155
 17  86.683971  67.043411    18.041    18.062  6 52805.23339140 18.195
 18  86.683470  67.045404    10.028     9.386  6 52840.23345216 19.862
 19  86.682176  67.049115     1.177     1.183  7 52875.23349072 46.257
 20  86.682391  67.056762     1.720     1.738  9 52910.23345988 49.368
 21  86.688986  67.038811     2.880     0.745  6 52945.23340546 33.327
 23  86.683127  67.063243    13.363    13.482 11 53015.23344627 13.067
 24  86.684031  67.043549     8.240     9.006  7 53050.23342419 14.793
 25  86.681541  67.066761    13.711    14.087 11 53085.23345633 11.274
 26  86.682560  67.048354     1.458     1.520  7 53120.23342965 15.491
 27  86.682025  67.054771    15.334    15.399  8 53155.23348153 24.976
 28  86.682751  67.048661    12.070    12.073  7 53190.23347308 20.767
 29  86.683740  67.057365    14.389    14.826  9 53225.23348090 18.866
 30  86.680582  67.067457    16.490    16.510 11 53260.23345374 15.259
 31  86.681768  67.053404     7.690     8.660  9 53295.23348498 39.902
 32  86.683045  67.054540     1.911     1.863  8 53330.23345767 18.229
 35  86.683413  67.061558    12.036    13.674 10 53435.23342089 10.953
 36  86.682105  67.047330    11.306    11.320  7 53470.23346934 10.575
 38  86.683019  67.057548    14.274    16.022  9 53540.23350751 23.440
 39  86.681905  67.063050    13.685    15.359 11 53575.23350069 15.688
 40  86.680775  67.067860    15.792    15.668 11 53610.23345063 15.465
 41  86.683325  67.043656    15.703    17.472  6 53645.23345810 18.202
 42  86.682733  67.062527     1.676     1.644 10 53680.23347193 42.862
 43  86.682550  67.061042     0.277     0.290 10 53715.23340017 15.685
 44  86.686497  67.038704     7.311     7.667  6 53750.23332052 12.156
 45  86.682460  67.054097    12.559    13.576  8 53785.23334829 11.183
 46  86.682537  67.068907    14.045    14.379 11 53820.23330450  9.735
 47  86.682938  67.051639    10.637     9.425  7 53855.23339157  9.576
 48  86.683819  67.047201    15.906    15.912  7 53890.23340249 38.392
 49  86.683877  67.061910    15.220    16.169 11 53925.23346452 17.390
 50  86.680771  67.065504    13.403    15.534 11 53960.23345253 15.746
 51  86.690611  67.038326    13.643    13.633  6 53995.23339293 22.910
 52  86.684311  67.044471     1.131     1.142  6 54030.23344837 45.921
 53  86.682719  67.055002     9.467     9.261  8 54065.23344046 14.417
 55  86.684075  67.045860    16.529    16.319  6 54135.23336750  6.808
 57  86.684083  67.046182     3.348     1.396  7 54205.23337208 23.970
 58  86.681870  67.052271    16.505    16.500  8 54240.23340475 32.305
 59  86.681588  67.053085    11.883    12.082  8 54275.23342074 26.344
 61  86.681050  67.063109     3.939     3.928 11 54345.23339595 44.159
 62  86.682175  67.046375    14.816    15.481  7 54380.23335964 22.494
 63  86.682099  67.058379     1.756     1.658 10 54415.23334534 24.306
 65  86.682472  67.051807    13.214    13.196  7 54485.23334173  9.216
 66  86.683671  67.047050    14.024    14.046  7 54520.23334080  9.539
 67  86.682007  67.061895    17.611    17.442 11 54555.23335109  8.258
 68  86.681646  67.049781    10.821    11.285  8 54590.23333611 10.174
 69  86.683763  67.057851    17.296    17.340  9 54625.23335139 20.401
 70  86.681749  67.054299    13.478    15.458  9 54660.23336038 19.110
 71  86.683305  67.060413     3.011     3.010 10 54695.23333782 49.474
 72  86.682366  67.046554     8.071     7.888  7 54730.23331673 20.123
 73  86.682416  67.054205    11.590    13.562  8 54765.23331751 16.317
 75  86.681849  67.055103    11.240    13.458  9 54835.23330855 12.157
 77  86.680605  67.064143    11.178    11.591 11 54905.23331587 11.277
 78  86.682161  67.047444    10.616    11.092  7 54940.23329936 10.566
 79  86.683673  67.053678     7.544     7.575  8 54975.23332796 37.237
 80  86.683061  67.058504    13.103    13.330  9 55010.23333895 23.441
 81  86.681257  67.051242    10.991    10.609  8 55045.23333092 17.989
 82  86.682238  67.063323    15.315    15.299 10 55080.23330373 15.346
 83  86.682793  67.048188    17.094    17.475  8 55115.23326372 19.878
 84  86.682363  67.056257     9.097     8.758  9 55150.23326173 22.184
 85  86.683684  67.046274    12.070    13.515  7 55185.23324825 14.152
 86  86.682880  67.058698    10.205    12.883  9 55220.23325929 13.781
 87  86.682887  67.046741     3.238     1.493  6 55255.23324440 12.552
 88  86.682171  67.064782     3.499     1.276 10 55290.23324736 12.749
 89  86.682831  67.055528    12.007    13.315  9 55325.23322857  8.916
 90  86.682358  67.057847    17.024    16.921 10 55360.23322579 20.243
 91  86.682430  67.048248    12.074    12.001  7 55395.23323268 19.691
 92  86.682281  67.051804    11.382    10.421  8 55430.23324222 19.347
 93  86.678761  67.061687     3.671     2.468  9 55465.23320237 44.339
