# NaN NaN NaN ;Mean Elev.(m), Avg Gradient(m/km), RMS Gradient(m/km) - SRTM1     
#   -5.964  -3.620   7.739 ;Mean Elev.(m), Avg Gradient(m/km), RMS Gradient(m/km) - ASTER GDEM
#    1.385  -3.837   9.536 ;Mean Elev.(m), Avg Gradient(m/km), RMS Gradient(m/km) - GMTED2010 
  7  87.546705  66.343479    13.433    13.532 33 52453.61812802 35.829
  8  87.551905  66.349524     6.238     6.989 27 52488.61810763 23.324
  9  87.561252  66.344145     7.922     8.651 30 52523.61808084 29.373
 10  87.541653  66.342912     3.090     3.189 34 52558.61813121 43.030
 11  87.549162  66.341625     3.440     3.208 33 52593.61813149 31.272
 12  87.543599  66.343790     4.635     4.208 34 52628.61805694 15.401
 13  87.552343  66.342563     5.955     5.368 33 52663.61809360 14.297
 14  87.537704  66.345710     7.016     6.452 34 52698.61806981 13.248
 15  87.562930  66.343831     6.357     5.969 30 52733.61809178 12.164
 16  87.567970  66.339670     3.190     2.935 27 52768.61809377 12.285
 17  87.538124  66.340933    15.594    15.349 29 52803.61811721 51.178
 18  87.543275  66.343939     3.412     3.435 34 52838.61818088 41.778
 19  87.549876  66.341144     3.317     2.522 34 52873.61821996 18.775
 20  87.555082  66.350066     5.037     5.222 26 52908.61820245 21.707
 21  87.536265  66.349915     2.529     2.480 30 52943.61813236 42.834
 23  87.556216  66.342118     4.392     4.032 32 53013.61818653 23.543
 24  87.538732  66.345255     2.448     2.440 34 53048.61815808 20.383
 25  87.552144  66.341598     5.635     5.284 33 53083.61819244 11.876
 26  87.536263  66.345818     5.028     3.715 33 53118.61816401 13.906
 27  87.542709  66.342961    16.707    16.717 34 53153.61821419 48.052
 28  87.559340  66.340451    10.297     9.907 29 53188.61820184 14.945
 29  87.561623  66.341034     7.715     8.386 31 53223.61821827 20.020
 30  87.553491  66.349213     5.851     5.224 27 53258.61819536 20.587
 31  87.521369  66.354711     8.398     7.341 28 53293.61821993 22.859
 32  87.556567  66.341929     5.035     4.854 33 53328.61819019 31.654
 33  87.565397  66.343617     5.918     6.179 28 53363.61814290 12.418
 34  87.541969  66.344683     5.963     5.188 33 53398.61816673 12.408
 35  87.563095  66.344122     6.793     6.627 29 53433.61815674 10.693
 36  87.536898  66.345547    10.078     7.459 34 53468.61819789  9.761
 37  87.540136  66.350426     4.402     4.558 28 53503.61824534 24.943
 38  87.549482  66.346417     7.012     6.813 26 53538.61824070 24.611
 39  87.555967  66.341017     3.804     3.537 33 53573.61823905 28.321
 40  87.559904  66.349148     5.808     6.735 26 53608.61819007 23.119
 41  87.523076  66.357199     4.058     3.928 27 53643.61819444 38.253
 42  87.551765  66.340469     3.738     3.646 34 53678.61820876 46.800
 43  87.566178  66.343864     3.970     3.938 28 53713.61813744 16.981
 44  87.535169  66.347356     5.926     5.441 32 53748.61805308 13.583
 45  87.560550  66.341736     5.157     5.320 31 53783.61808207 13.871
 46  87.568256  66.348977     6.557     6.581 25 53818.61804566 12.376
 47  87.535119  66.346760     6.257     5.805 32 53853.61812414 10.750
 48  87.558486  66.342235    18.983    19.187 32 53888.61813049 25.903
 49  87.536550  66.345808     5.013     5.037 33 53923.61820015 46.669
 50  87.551940  66.341630     5.667     5.936 34 53958.61819086 39.793
 51  87.513982  66.361411     4.860     4.334 25 53993.61812457 49.251
 52  87.541167  66.344466     2.263     2.250 34 54028.61818094 41.145
 53  87.561554  66.341067     5.047     4.151 31 54063.61817334 31.258
 54  87.562930  66.343798     3.926     3.406 29 54098.61814155 16.981
 55  87.536193  66.347053     9.517     7.741 32 54133.61809894  9.205
 56  87.559604  66.343087     6.414     6.428 31 54168.61811572 10.187
 57  87.538762  66.344745     3.276     3.269 34 54203.61810230 33.270
 58  87.552156  66.342085    17.465    17.473 33 54238.61813648 52.048
 59  87.553777  66.343236    12.978     9.982 31 54273.61815447 23.504
 60  87.551245  66.342744     4.851     3.697 33 54308.61815622 20.953
 61  87.564477  66.343287     7.453     6.383 30 54343.61813398 20.672
 62  87.547637  66.340705     8.963     7.798 31 54378.61809155 20.337
 63  87.558584  66.340351     3.811     3.831 32 54413.61808134 46.048
 64  87.540564  66.343259     3.299     2.370 34 54448.61805863 22.024
 65  87.554698  66.341716     3.197     2.094 32 54483.61807539 17.903
 66  87.543275  66.344062     7.084     7.007 34 54518.61807239 10.443
 67  87.562052  66.342308     7.216     6.504 30 54553.61808733  9.152
 68  87.550368  66.340825     6.826     5.028 33 54588.61806757  3.845
 69  87.554917  66.342407    17.108    16.837 32 54623.61808525 30.690
 70  87.547713  66.345314     9.484     8.106 32 54658.61809489 14.000
 71  87.559527  66.341630     5.220     5.777 31 54693.61807508 43.325
 72  87.543980  66.343730     5.878     3.482 31 54728.61804863 18.361
 73  87.553929  66.341252     3.115     3.133 33 54763.61805274 27.996
 74  87.533984  66.347559     2.186     2.159 33 54798.61804283 29.990
 75  87.554443  66.342385     4.533     5.005 33 54833.61804346 14.880
 76  87.538354  66.345817     3.910     2.765 33 54868.61803884 13.264
 77  87.562330  66.340808     5.979     6.137 31 54903.61805243 12.695
 78  87.546093  66.343000     6.841     4.904 34 54938.61802902 10.278
 79  87.555513  66.336941    10.883    10.864 31 54973.61805908 26.652
 80  87.554643  66.342723    10.481     8.172 31 55008.61807480 22.342
 81  87.550088  66.344471     4.541     3.596 32 55043.61806492 18.106
 82  87.556707  66.347274     4.297     3.600 28 55078.61804279 23.216
 83  87.543704  66.345795     7.790     5.621 29 55113.61799761 15.200
 84  87.552462  66.342454     3.076     1.956 33 55148.61799729 26.231
 85  87.538095  66.345242     5.939     4.925 34 55183.61797981 15.699
 86  87.556331  66.342178     6.115     5.405 32 55218.61799489 14.422
 87  87.543824  66.344250     6.250     5.208 33 55253.61797540 13.872
 88  87.562693  66.342255     5.879     5.837 31 55288.61798481 13.724
 89  87.545549  66.347932     2.887     2.846 29 55323.61796381 33.341
 90  87.555424  66.341607    15.192    15.183 33 55358.61796079 50.877
 91  87.549638  66.339284     8.001     6.062 31 55393.61796404 28.649
 92  87.555019  66.340257     7.430     7.735 29 55428.61797655 21.247
 93  87.558271  66.350250     6.913     7.092 24 55463.61794158 25.116
