# NaN NaN NaN ;Mean Elev.(m), Avg Gradient(m/km), RMS Gradient(m/km) - SRTM1     
#   22.013  -6.917  33.801 ;Mean Elev.(m), Avg Gradient(m/km), RMS Gradient(m/km) - ASTER GDEM
#   30.986  -6.110  30.597 ;Mean Elev.(m), Avg Gradient(m/km), RMS Gradient(m/km) - GMTED2010 
  7    36.222 52472.21058175 28.70  90.228687  61.550671 20.425
  7    31.423 52472.21058239 29.76  90.226297  61.547511 20.425
  7    30.392 52472.21058304 25.86  90.223907  61.544361 20.425
  7    29.466 52472.21058368 27.88  90.221517  61.541201 20.425
  7    29.498 52472.21058433 27.45  90.219127  61.538051 20.425
  7    28.973 52472.21058497 27.42  90.216727  61.534901 20.425
  7    29.139 52472.21058562 28.24  90.214347  61.531741 20.425
  7    29.352 52472.21058626 26.72  90.211947  61.528591 20.425
  7    29.415 52472.21058691 25.85  90.209567  61.525441 20.425
  7    29.134 52472.21058755 27.24  90.207177  61.522281 20.425
  7    29.081 52472.21058820 27.01  90.204787  61.519131 20.425
  7    29.038 52472.21058884 27.57  90.202397  61.515971 20.425
  7    29.556 52472.21058948 27.50  90.200007  61.512821 20.425
  7    29.241 52472.21059013 27.95  90.197627  61.509671 20.425
  7    29.285 52472.21059077 26.07  90.195237  61.506511 20.425
  7    29.630 52472.21059142 23.81  90.192847  61.503361 20.425
  7    29.751 52472.21059206 23.07  90.190459  61.500208  7.523
  7    29.065 52472.21059271 25.21  90.188079  61.497048  7.523
  7    29.036 52472.21059335 28.78  90.185689  61.493898  7.523
  8    17.622 52507.21056076 17.42  90.214549  61.531404  3.709
  8    13.644 52507.21056140 17.37  90.212169  61.528244  3.709
  8    13.689 52507.21056205 15.68  90.209779  61.525094  3.709
  8    13.825 52507.21056269 15.53  90.207389  61.521944  3.709
  8    14.208 52507.21056334 15.92  90.204999  61.518784  3.709
  8    14.068 52507.21056398 15.69  90.202609  61.515634  3.709
  8    14.153 52507.21056463 16.40  90.200219  61.512484  3.709
  8    14.327 52507.21056527 18.28  90.197839  61.509324  3.709
  8    14.331 52507.21056592 16.51  90.195449  61.506174  3.709
  8    14.143 52507.21056656 15.45  90.193060  61.503020 11.024
  8    14.479 52507.21056721 18.41  90.190680  61.499860 11.024
  8    14.501 52507.21056785 17.88  90.188290  61.496710 11.024
  8    14.345 52507.21056849 17.62  90.185910  61.493550 11.024
 10    27.732 52577.21058964 37.86  90.230427  61.548708 29.139
 10    28.217 52577.21059028 41.11  90.228027  61.545548 29.139
 10    28.189 52577.21059093 42.94  90.225637  61.542398 29.139
 10    26.484 52577.21059222 50.33  90.220857  61.536088 29.139
 10    27.000 52577.21059286 50.28  90.218467  61.532938 29.139
 10    26.725 52577.21059351 48.65  90.216077  61.529788 29.139
 10    26.737 52577.21059415 48.92  90.213687  61.526628 29.139
 10    26.753 52577.21059479 49.10  90.211297  61.523478 29.139
 10    26.753 52577.21059544 49.92  90.208907  61.520318 29.139
 10    26.839 52577.21059608 50.96  90.206517  61.517168 29.139
 10    26.756 52577.21059673 50.07  90.204133  61.514011 26.783
 10    26.865 52577.21059737 50.53  90.201743  61.510861 26.783
 10    26.832 52577.21059802 50.00  90.199353  61.507711 26.783
 10    27.039 52577.21059866 50.56  90.196963  61.504551 26.783
 10    27.065 52577.21059931 49.74  90.194583  61.501401 26.783
 10    27.025 52577.21059995 47.35  90.192193  61.498241 26.783
 10    26.979 52577.21060060 43.52  90.189813  61.495091 26.783
 12    29.548 52647.21054170 18.69  90.223381  61.529712 11.534
 12    29.779 52647.21054234 17.85  90.220991  61.526562 11.534
 12    29.557 52647.21054299 17.52  90.218601  61.523402 11.534
 12    29.770 52647.21054363 17.73  90.216211  61.520252 11.534
 12    29.978 52647.21054428 17.42  90.213822  61.517095  7.822
 13    29.211 52682.21051044 17.13  90.228185  61.538923  9.483
 13    28.445 52682.21051109 18.93  90.225795  61.535763  9.483
 13    28.907 52682.21051173 17.50  90.223405  61.532613  9.483
 13    30.113 52682.21051238 16.06  90.221015  61.529463  9.483
 13    30.809 52682.21051302 15.00  90.218625  61.526303  9.483
 13    30.924 52682.21051367 15.26  90.216245  61.523153  9.483
 13    30.888 52682.21051431 14.24  90.213855  61.519993  9.483
 13    32.014 52682.21051495 13.71  90.211465  61.516843  9.483
 13    31.128 52682.21051560 14.16  90.209080  61.513692  8.957
 14    27.669 52717.21056847 14.24  90.230540  61.543701  4.948
 14    27.690 52717.21056911 14.35  90.228150  61.540551  4.948
 14    27.821 52717.21056976 14.10  90.225760  61.537391  4.948
 14    27.959 52717.21057040 13.58  90.223374  61.534239  4.299
 14    28.013 52717.21057104 14.04  90.220984  61.531089  4.299
 14    28.001 52717.21057169 14.89  90.218584  61.527929  4.299
 14    28.028 52717.21057233 15.70  90.216194  61.524779  4.299
 14    28.051 52717.21057298 15.23  90.213814  61.521629  4.299
 14    28.085 52717.21057362 15.11  90.211424  61.518469  4.299
 14    28.031 52717.21057427 15.88  90.209034  61.515319  4.299
 14    27.939 52717.21057491 16.19  90.206644  61.512169  4.299
 18    28.217 52857.21066057 48.29  90.228390  61.531139 20.014
 18    27.591 52857.21066121 44.53  90.226010  61.527989 20.014
 18    27.727 52857.21066186 41.30  90.223610  61.524829 20.014
 18    27.512 52857.21066250 44.01  90.221220  61.521679 20.014
 18    27.484 52857.21066315 44.99  90.218840  61.518519 20.014
 19    28.783 52892.21069024 32.48  90.226590  61.545111 28.984
 19    26.555 52892.21069089 33.49  90.224200  61.541961 28.984
 19    26.845 52892.21069153 33.85  90.221800  61.538811 28.984
 19    27.176 52892.21069217 35.89  90.219410  61.535651 28.984
 19    27.121 52892.21069282 39.41  90.217020  61.532501 28.984
 19    27.164 52892.21069346 38.16  90.214630  61.529351 28.984
 19    27.102 52892.21069411 38.55  90.212240  61.526191 28.984
 19    27.059 52892.21069475 35.48  90.209850  61.523041 28.984
 19    27.125 52892.21069540 33.03  90.207470  61.519881 28.984
 19    27.114 52892.21069604 31.65  90.205080  61.516731 28.984
 19    27.079 52892.21069669 28.83  90.202690  61.513581 28.984
 19    27.064 52892.21069733 26.24  90.200300  61.510421 28.984
 19    27.203 52892.21069798 25.36  90.197910  61.507271 28.984
 19    27.173 52892.21069862 28.19  90.195530  61.504111 28.984
 19    27.404 52892.21069927 31.68  90.193140  61.500961 28.984
 19    27.295 52892.21069991 36.58  90.190760  61.497811 28.984
 19    27.526 52892.21070056 38.29  90.188370  61.494651 28.984
 20    27.452 52927.21064127 41.65  90.219668  61.550806 30.126
 20    26.127 52927.21064191 41.19  90.217278  61.547656 30.126
 20    26.289 52927.21064256 48.23  90.214888  61.544496 30.126
 20    26.787 52927.21064836 50.84  90.193388  61.516116 30.126
 20    26.944 52927.21064900 52.41  90.190998  61.512956 30.126
 20    26.577 52927.21065223 22.19  90.179078  61.497186 30.126
 20    27.085 52927.21065287 21.14  90.176698  61.494036 30.126
 20    27.033 52927.21065352 26.43  90.174308  61.490876 30.126
 20    27.201 52927.21065416 22.66  90.171932  61.487726  6.308
 22    30.536 52997.21065654 14.39  90.218375  61.532658  8.811
 22    29.968 52997.21065718 17.21  90.215985  61.529508  8.811
 22    30.873 52997.21065783 14.24  90.213595  61.526348  8.811
 22    30.770 52997.21065847 12.62  90.211205  61.523198  8.811
 22    31.503 52997.21065912 11.93  90.208815  61.520048  8.811
 22    31.562 52997.21065976 12.24  90.206425  61.516888  8.811
 22    32.007 52997.21066041 10.40  90.204035  61.513738  8.811
 22    32.733 52997.21066105  9.84  90.201655  61.510588  8.811
 22    32.601 52997.21066170 10.10  90.199265  61.507428  8.811
 22    32.175 52997.21066234  9.87  90.196875  61.504278  8.811
 22    31.510 52997.21066298  9.94  90.194495  61.501118  8.811
 22    31.869 52997.21066363  9.28  90.192105  61.497968  8.811
 22    31.871 52997.21066427  9.18  90.189725  61.494818  8.811
 23    34.015 53032.21061085 12.94  90.223623  61.553375 10.375
 23    31.436 53032.21061149 14.00  90.221233  61.550225 10.375
 23    29.586 53032.21061214 14.31  90.218833  61.547075 10.375
 23    29.558 53032.21061278 14.22  90.216443  61.543915 10.375
 23    29.545 53032.21061343 14.79  90.214053  61.540765 10.375
 23    29.715 53032.21061859 12.92  90.194953  61.515535 10.375
 23    29.976 53032.21061923 14.21  90.192565  61.512381  5.056
 23    28.426 53032.21061988 13.38  90.190175  61.509221  5.056
 23    28.535 53032.21062052 13.76  90.187795  61.506071  5.056
 23    28.511 53032.21062181 12.50  90.183025  61.499761  5.056
 23    28.500 53032.21062245 12.11  90.180635  61.496611  5.056
 23    28.592 53032.21062310 11.57  90.178255  61.493451  5.056
 23    28.742 53032.21062374  9.82  90.175875  61.490301  5.056
 23    28.709 53032.21062439  9.83  90.173485  61.487141  5.056
 24    29.278 53067.21062592 14.69  90.223392  61.528661 11.258
 24    28.526 53067.21062657 17.52  90.221002  61.525511 11.258
 24    28.436 53067.21062721 17.68  90.218612  61.522351 11.258
 24    28.785 53067.21062786 16.07  90.216222  61.519201 11.258
 24    29.199 53067.21062850 15.23  90.213832  61.516051 11.258
 25    31.616 53102.21062307  5.15  90.191740  61.515638  8.737
 25    31.526 53102.21062758  8.79  90.175046  61.493554  5.877
 25    30.763 53102.21062823  7.54  90.172666  61.490404  5.877
 25    32.991 53102.21062887  2.26  90.170276  61.487244  5.877
 26    33.802 53137.21062744 22.52  90.230260  61.533273 10.160
 26    34.058 53137.21062808 17.02  90.227862  61.530119  7.606
 26    37.149 53137.21062873 15.78  90.225472  61.526969  7.606
 26    33.609 53137.21062937 15.27  90.223082  61.523809  7.606
 27    45.081 53172.21067382 16.26  90.227857  61.540767  6.448
 27    45.774 53172.21067447 13.82  90.225467  61.537617  6.448
 27    43.475 53172.21067511 15.19  90.223077  61.534467  6.448
 27    37.694 53172.21067576 13.89  90.220687  61.531307  6.448
 27    38.174 53172.21067640 14.79  90.218297  61.528157  6.448
 27    41.433 53172.21067704 12.12  90.215907  61.524997  6.448
 27    38.799 53172.21067769 12.25  90.213517  61.521847  6.448
 27    38.968 53172.21067833 12.03  90.211135  61.518690  7.021
 27    39.581 53172.21067898 11.08  90.208745  61.515540  7.021
 27    40.591 53172.21067962 11.55  90.206355  61.512390  7.021
 28    29.302 53207.21068682 41.49  90.229386  61.548762 14.270
 28    29.431 53207.21068746 29.51  90.226996  61.545602 14.270
 28    28.158 53207.21068811 31.13  90.224596  61.542452 14.270
 28    28.310 53207.21068875 28.29  90.222206  61.539302 14.270
 28    28.232 53207.21068939 27.03  90.219816  61.536142 14.270
 28    28.278 53207.21069004 21.70  90.217426  61.532992 14.270
 28    28.428 53207.21069068 17.38  90.215036  61.529832 14.270
 28    28.621 53207.21069133 15.22  90.212646  61.526682 14.270
 28    28.669 53207.21069197 16.06  90.210254  61.523525  5.769
 28    28.598 53207.21069262 16.41  90.207874  61.520375  5.769
 28    28.694 53207.21069326 18.25  90.205484  61.517215  5.769
 28    28.728 53207.21069391 17.70  90.203094  61.514065  5.769
 28    28.789 53207.21069455 16.63  90.200704  61.510915  5.769
 28    29.058 53207.21069520 14.26  90.198324  61.507755  5.769
 28    39.497 53207.21069584 13.89  90.195934  61.504605  5.769
 28    29.162 53207.21069649 16.98  90.193544  61.501455  5.769
 28    29.297 53207.21069713 15.26  90.191164  61.498295  5.769
 28    29.765 53207.21069778 13.35  90.188774  61.495145  5.769
 29    28.376 53242.21065833 24.73  90.215459  61.529902  9.578
 29    29.388 53242.21065898 24.54  90.213069  61.526752  9.578
 29    29.974 53242.21065962 23.85  90.210678  61.523592  8.007
 29    31.312 53242.21066027 24.85  90.208288  61.520442  8.007
 29    31.428 53242.21066091 28.84  90.205898  61.517292  8.007
 29    31.892 53242.21066156 28.44  90.203518  61.514132  8.007
 29    30.197 53242.21066220 29.88  90.201128  61.510982  8.007
 29    31.225 53242.21066285 25.26  90.198738  61.507822  8.007
 29    30.410 53242.21066349 26.22  90.196358  61.504672  8.007
 29    30.266 53242.21066414 26.58  90.193968  61.501522  8.007
 31    28.947 53312.21066349 36.62  90.231061  61.547379 28.655
 31    30.763 53312.21066413 42.45  90.228671  61.544229 28.655
 31    27.035 53312.21066607 52.54  90.221501  61.534769 28.655
 31    27.187 53312.21066671 53.22  90.219111  61.531619 28.655
 31    27.202 53312.21066736 53.39  90.216711  61.528459 28.655
 31    27.340 53312.21066800 49.25  90.214331  61.525309 28.655
 31    27.464 53312.21066865 51.91  90.211941  61.522149 28.655
 31    27.628 53312.21066929 51.22  90.209551  61.518999 28.655
 31    27.461 53312.21066994 48.80  90.207161  61.515842 27.982
 31    27.458 53312.21067058 52.34  90.204771  61.512692 27.982
 31    27.467 53312.21067123 50.74  90.202381  61.509542 27.982
 31    27.497 53312.21067187 53.11  90.200001  61.506382 27.982
 31    27.517 53312.21067252 49.59  90.197611  61.503232 27.982
 31    27.607 53312.21067316 46.33  90.195221  61.500072 27.982
 32    33.751 53347.21062949 34.17  90.229103  61.546773 17.389
 32    29.871 53347.21063013 40.12  90.226713  61.543623 17.389
 32    32.684 53347.21063078 32.57  90.224323  61.540473 17.389
 32    33.095 53347.21063142 31.55  90.221933  61.537313 17.389
 32    33.287 53347.21063206 30.88  90.219543  61.534163 17.389
 32    32.551 53347.21063271 31.91  90.217153  61.531013 17.389
 32    32.921 53347.21063335 29.45  90.214763  61.527853 17.389
 32    32.586 53347.21063400 28.43  90.212373  61.524703 17.389
 32    32.422 53347.21063464 28.32  90.209983  61.521543 17.389
 34    32.675 53417.21060992 23.48  90.229840  61.536815 12.176
 34    32.994 53417.21061056 28.52  90.227450  61.533665 12.176
 34    32.517 53417.21061121 28.43  90.225060  61.530515 12.176
 34    33.176 53417.21061185 23.78  90.222670  61.527355 12.176
 34    33.360 53417.21061250 23.32  90.220280  61.524205 12.176
 34    34.424 53417.21061314 22.71  90.217890  61.521045 12.176
 34    34.952 53417.21061379 23.27  90.215500  61.517895 12.176
 36    31.119 53487.21069310 19.99  90.227104  61.548245  8.467
 36    31.006 53487.21069375 20.82  90.224714  61.545095  8.467
 36    30.905 53487.21069439 23.04  90.222324  61.541945  8.467
 36    31.020 53487.21069504 24.89  90.219924  61.538785  8.467
 36    30.813 53487.21069568 26.08  90.217534  61.535635  8.467
 36    30.733 53487.21069633 25.69  90.215144  61.532485  8.467
 36    30.749 53487.21069697 25.13  90.212754  61.529325  8.467
 36    30.682 53487.21069762 23.77  90.210363  61.526169 15.153
 36    30.683 53487.21069826 24.12  90.207973  61.523019 15.153
 36    30.823 53487.21069891 23.77  90.205583  61.519859 15.153
 36    30.803 53487.21069955 25.04  90.203203  61.516709 15.153
 36    30.902 53487.21070020 23.71  90.200813  61.513559 15.153
 36    30.976 53487.21070084 22.53  90.198423  61.510399 15.153
 36    31.042 53487.21070149 22.76  90.196033  61.507249 15.153
 36    30.975 53487.21070213 23.24  90.193653  61.504089 15.153
 36    31.089 53487.21070277 22.36  90.191263  61.500939 15.153
 36    30.998 53487.21070342 22.34  90.188873  61.497789 15.153
 36    31.119 53487.21070406 21.23  90.186493  61.494629 15.153
 38    28.422 53557.21070824 44.48  90.227575  61.553920 22.309
 38    29.102 53557.21070889 46.24  90.225185  61.550770 22.309
 38    28.808 53557.21070953 44.22  90.222795  61.547620 22.309
 38    28.406 53557.21071018 46.18  90.220405  61.544460 22.309
 38    28.161 53557.21071082 49.24  90.218005  61.541310 22.309
 38    28.463 53557.21071147 48.82  90.215615  61.538160 22.309
 38    28.658 53557.21071533 50.66  90.201286  61.519232 32.660
 38    28.717 53557.21071598 52.41  90.198896  61.516082 32.660
 38    28.754 53557.21071662 52.40  90.196506  61.512922 32.660
 38    28.825 53557.21071727 48.16  90.194116  61.509772 32.660
 38    28.787 53557.21071791 51.85  90.191726  61.506612 32.660
 38    28.834 53557.21071856 51.09  90.189346  61.503462 32.660
 38    28.934 53557.21071920 48.58  90.186956  61.500312 32.660
 38    28.828 53557.21071985 50.27  90.184576  61.497152 32.660
 38    28.987 53557.21072049 51.35  90.182186  61.494002 32.660
 38    28.895 53557.21072114 50.01  90.179806  61.490842 32.660
 39    29.333 53592.21064655 18.01  90.229921  61.546057 12.461
 39    29.217 53592.21064720 19.00  90.227531  61.542897 12.461
 39    28.551 53592.21064784 19.71  90.225131  61.539747 12.461
 39    28.353 53592.21064849 19.37  90.222741  61.536587 12.461
 39    28.467 53592.21064913 19.70  90.220351  61.533437 12.461
 39    28.711 53592.21064978 18.19  90.217961  61.530287 12.461
 39    28.413 53592.21065042 19.53  90.215581  61.527127 12.461
 39    28.486 53592.21065107 22.28  90.213191  61.523977 12.461
 39    27.710 53592.21065171 26.01  90.210801  61.520817 12.461
 39    28.112 53592.21065236 27.76  90.208411  61.517667 12.461
 39    27.667 53592.21065300 30.74  90.206031  61.514517 12.461
 39    28.157 53592.21065365 27.75  90.203640  61.511364  8.885
 39    28.137 53592.21065429 28.42  90.201250  61.508204  8.885
 39    28.350 53592.21065493 26.65  90.198870  61.505054  8.885
 39    28.605 53592.21065558 26.98  90.196480  61.501894  8.885
 39    28.227 53592.21065622 25.70  90.194100  61.498744  8.885
 41    27.287 53662.21066232 48.44  90.230533  61.544904 25.553
 41    28.478 53662.21066296 46.68  90.228143  61.541754 25.553
 41    27.446 53662.21066360 43.60  90.225753  61.538604 25.553
 41    27.768 53662.21066425 40.05  90.223363  61.535444 25.553
 41    27.532 53662.21066489 41.07  90.220973  61.532294 25.553
 41    27.626 53662.21066554 40.49  90.218583  61.529144 25.553
 41    27.593 53662.21066618 40.27  90.216193  61.525984 25.553
 41    27.610 53662.21066683 44.28  90.213800  61.522830 24.123
 41    27.683 53662.21066747 45.34  90.211410  61.519680 24.123
 41    27.607 53662.21066812 45.94  90.209020  61.516520 24.123
 41    27.697 53662.21066876 47.29  90.206630  61.513370 24.123
 41    27.799 53662.21066941 52.17  90.204250  61.510220 24.123
 42    28.143 53697.21062746 41.26  90.227776  61.549786 30.485
 42    28.294 53697.21062811 45.31  90.225376  61.546626 30.485
 42    27.686 53697.21062875 44.38  90.222986  61.543476 30.485
 42    27.820 53697.21062940 47.60  90.220596  61.540326 30.485
 42    28.669 53697.21063004 44.87  90.218206  61.537166 30.485
 42    28.360 53697.21063069 44.21  90.215816  61.534016 30.485
 42    28.059 53697.21063133 46.52  90.213426  61.530856 30.485
 42    26.463 53697.21063198 53.73  90.211036  61.527706 30.485
 42    26.542 53697.21063262 52.85  90.208646  61.524556 30.485
 42    26.532 53697.21063327 49.82  90.206266  61.521396 30.485
 42    26.659 53697.21063391 52.02  90.203876  61.518246 30.485
 42    26.661 53697.21063456 50.40  90.201489  61.515086 33.384
 42    26.779 53697.21063520 51.75  90.199099  61.511936 33.384
 42    26.780 53697.21063585 51.63  90.196719  61.508786 33.384
 42    26.881 53697.21063649 48.36  90.194329  61.505626 33.384
 42    26.768 53697.21063714 49.39  90.191939  61.502476 33.384
 42    26.883 53697.21063778 46.70  90.189559  61.499316 33.384
 42    26.879 53697.21063842 44.12  90.187169  61.496166 33.384
 42    26.787 53697.21063907 40.37  90.184789  61.493016 33.384
 43    30.649 53732.21054967 29.38  90.227201  61.552028 20.394
 43    32.528 53732.21055031 28.14  90.224811  61.548878 20.394
 43    30.489 53732.21055096 29.07  90.222421  61.545718 20.394
 43    30.797 53732.21055160 28.71  90.220021  61.542568 20.394
 43    30.728 53732.21055225 29.02  90.217641  61.539418 20.394
 43    30.588 53732.21055289 28.60  90.215251  61.536258 20.394
 43    29.461 53732.21055611 30.32  90.203301  61.520488 20.394
 43    29.412 53732.21055676 31.39  90.200921  61.517338 20.394
 43    29.521 53732.21055740 29.74  90.198533  61.514185 13.330
 43    29.503 53732.21055805 31.67  90.196143  61.511025 13.330
 43    29.556 53732.21055869 30.60  90.193763  61.507875 13.330
 43    29.570 53732.21055934 29.92  90.191373  61.504715 13.330
 43    29.594 53732.21055998 30.96  90.188993  61.501565 13.330
 43    29.611 53732.21056063 29.13  90.186603  61.498415 13.330
 43    29.628 53732.21056127 29.27  90.184223  61.495255 13.330
 43    29.582 53732.21056192 28.34  90.181843  61.492105 13.330
 44    32.177 53767.21052875 18.13  90.229596  61.530276  9.251
 44    33.081 53767.21052940 18.59  90.227206  61.527116  9.251
 44    32.383 53767.21053004 17.49  90.224817  61.523961 11.467
 44    32.430 53767.21053069 18.12  90.222427  61.520811 11.467
 45    49.304 53802.21053354 19.65  90.198941  61.510166  9.770
 45    39.521 53802.21053418 19.26  90.196551  61.507016  9.770
 45    34.863 53802.21053483 18.83  90.194171  61.503856  9.770
 45    31.698 53802.21053547 17.33  90.191781  61.500706  9.770
 45    30.676 53802.21053612 18.53  90.189401  61.497556  9.770
 45    30.488 53802.21053676 16.28  90.187021  61.494396  9.770
 46    29.997 53837.21054021 17.78  90.228927  61.528161 11.674
 46    29.628 53837.21054085 17.61  90.226537  61.525011 11.674
 46    30.379 53837.21054150 17.02  90.224147  61.521851 11.674
 47    37.685 53872.21059247 12.00  90.224160  61.533334  5.108
 47    38.716 53872.21059311 18.87  90.221770  61.530184  5.108
 47    34.179 53872.21059376 28.69  90.219380  61.527024  5.108
 47    34.191 53872.21059440 28.52  90.216990  61.523874  5.108
 47    34.509 53872.21059505 27.20  90.214604  61.520717 16.487
 47    36.083 53872.21059569 25.48  90.212214  61.517567 16.487
 47    35.400 53872.21059634 27.94  90.209824  61.514417 16.487
 48    29.187 53907.21063246 37.55  90.221412  61.535013  8.241
 48    29.439 53907.21063310 36.80  90.219015  61.531858 13.620
 48    29.075 53907.21063375 39.96  90.216625  61.528708 13.620
 48    29.813 53907.21063439 35.94  90.214235  61.525548 13.620
 48    29.376 53907.21063504 34.02  90.211845  61.522398 13.620
 48    29.449 53907.21063568 36.94  90.209455  61.519248 13.620
 48    29.094 53907.21063633 34.95  90.207065  61.516088 13.620
 48    29.220 53907.21063697 33.78  90.204675  61.512938 13.620
 48    29.038 53907.21063762 33.34  90.202295  61.509788 13.620
 48    29.316 53907.21063826 34.22  90.199905  61.506628 13.620
 48    29.467 53907.21063890 35.77  90.197515  61.503478 13.620
 48    29.365 53907.21063955 34.36  90.195135  61.500318 13.620
 49    30.603 53942.21065639 46.02  90.225002  61.551786 30.106
 49    30.523 53942.21065704 50.07  90.222602  61.548636 30.106
 49    30.402 53942.21065768 46.72  90.220212  61.545486 30.106
 49    30.203 53942.21065833 45.42  90.217822  61.542326 30.106
 49    30.435 53942.21065897 46.16  90.215432  61.539176 30.106
 49    30.595 53942.21066284 40.51  90.201092  61.520256 30.106
 49    30.274 53942.21066348 41.05  90.198702  61.517096 30.106
 49    30.448 53942.21066413 40.53  90.196312  61.513946 30.106
 49    30.629 53942.21066477 40.43  90.193922  61.510796 30.106
 49    30.753 53942.21066542 41.05  90.191542  61.507636 30.106
 49    30.650 53942.21066606 41.54  90.189152  61.504486 30.106
 49    30.844 53942.21066671 44.30  90.186768  61.501333 21.241
 49    30.788 53942.21066735 48.30  90.184378  61.498173 21.241
 49    30.981 53942.21066800 47.71  90.181998  61.495023 21.241
 49    30.946 53942.21066864 49.55  90.179608  61.491863 21.241
 49    31.022 53942.21066929 48.21  90.177228  61.488713 21.241
 50    28.323 53977.21060986 47.76  90.224738  61.553594 34.665
 50    29.079 53977.21061050 50.35  90.222348  61.550444 34.665
 50    28.511 53977.21061115 48.60  90.219948  61.547294 34.665
 50    28.410 53977.21061179 49.79  90.217558  61.544134 34.665
 50    28.418 53977.21061243 48.49  90.215168  61.540984 34.665
 50    28.612 53977.21061695 46.54  90.198448  61.518904 34.665
 50    28.656 53977.21061759 44.24  90.196058  61.515754 34.665
 50    28.809 53977.21061824 40.48  90.193678  61.512594 34.665
 50    28.714 53977.21061888 41.88  90.191288  61.509444 34.665
 50    28.845 53977.21061953 45.41  90.188908  61.506284 34.665
 50    28.753 53977.21062017 41.73  90.186518  61.503134 34.665
 50    28.885 53977.21062082 37.05  90.184138  61.499984 34.665
 50    28.880 53977.21062146 32.88  90.181750  61.496828 13.450
 50    28.897 53977.21062210 34.14  90.179370  61.493668 13.450
 50    28.913 53977.21062275 37.50  90.176980  61.490518 13.450
 50    29.072 53977.21062339 38.44  90.174600  61.487358 13.450
 54    48.494 54117.21056270 14.41  90.180883  61.498649  1.960
 54    45.023 54117.21056335 14.51  90.178500  61.495499  7.577
 54    33.891 54117.21056399 12.93  90.176120  61.492339  7.577
 54    33.747 54117.21056464 13.45  90.173740  61.489189  7.577
 54    34.183 54117.21056528 10.63  90.171350  61.486039  7.577
 56    32.518 54187.21055194 18.55  90.198314  61.518423  7.986
 56    32.838 54187.21055258 15.65  90.195924  61.515273  7.986
 56    32.790 54187.21055323 14.52  90.193534  61.512113  7.986
 56    32.837 54187.21055387 13.47  90.191154  61.508963  7.986
 56    32.623 54187.21055451 13.52  90.188764  61.505813  7.986
 56    33.012 54187.21055516 14.15  90.186377  61.502658  8.903
 56    33.051 54187.21055580 14.54  90.183997  61.499498  8.903
 56    32.796 54187.21055645 14.01  90.181617  61.496348  8.903
 56    33.634 54187.21055709 12.46  90.179227  61.493188  8.903
 56    34.059 54187.21055774 11.57  90.176847  61.490038  8.903
 58    36.055 54257.21061222 10.92  90.203254  61.510462  4.092
 58    36.010 54257.21061287 17.57  90.200874  61.507312  4.092
 58    34.595 54257.21061351 27.67  90.198484  61.504152  4.092
 58    34.862 54257.21061416 33.71  90.196094  61.501002  4.092
 59    28.684 54292.21060785 50.80  90.230319  61.543353 32.846
 59    28.675 54292.21060849 51.06  90.227929  61.540193 32.846
 59    28.513 54292.21060914 47.89  90.225539  61.537043 32.846
 59    28.489 54292.21060978 47.59  90.223139  61.533893 32.846
 59    28.447 54292.21061043 48.35  90.220759  61.530733 32.846
 59    28.534 54292.21061107 49.67  90.218359  61.527583 32.846
 59    28.568 54292.21061171 47.13  90.215979  61.524433 32.846
 59    28.504 54292.21061236 50.44  90.213589  61.521273 32.846
 59    28.729 54292.21061300 49.13  90.211199  61.518123 32.846
 59    28.731 54292.21061365 48.69  90.208809  61.514963 32.846
 59    28.652 54292.21061429 50.89  90.206419  61.511813 32.846
 60    29.006 54327.21060348 37.70  90.230352  61.547326 17.900
 60    29.129 54327.21060413 32.76  90.227962  61.544176 17.900
 60    28.508 54327.21060477 31.04  90.225572  61.541016 17.900
 60    29.012 54327.21060542 29.63  90.223182  61.537866 17.900
 60    27.402 54327.21060606 29.34  90.220792  61.534716 17.900
 60    27.481 54327.21060670 30.35  90.218402  61.531556 17.900
 60    27.535 54327.21060735 30.44  90.216002  61.528406 17.900
 60    27.642 54327.21060799 30.35  90.213622  61.525246 17.900
 60    27.679 54327.21060864 29.50  90.211232  61.522096 17.900
 60    27.562 54327.21060928 32.07  90.208842  61.518946 17.900
 60    27.512 54327.21060993 34.87  90.206452  61.515786 17.900
 60    27.574 54327.21061057 34.69  90.204062  61.512636 17.900
 60    27.558 54327.21061122 35.09  90.201682  61.509476 17.900
 60    27.768 54327.21061186 31.04  90.199292  61.506326 17.900
 60    28.052 54327.21061251 28.07  90.196912  61.503176 17.900
 60    27.929 54327.21061315 25.57  90.194520  61.500022  6.905
 60    27.981 54327.21061380 24.62  90.192140  61.496862  6.905
 61    30.744 54362.21055227 44.76  90.223971  61.554007 29.410
 61    29.599 54362.21055292 41.96  90.221571  61.550857 29.410
 61    27.432 54362.21055356 43.75  90.219181  61.547697 29.410
 61    27.371 54362.21055421 43.04  90.216791  61.544547 29.410
 61    27.486 54362.21055485 40.97  90.214401  61.541387 29.410
 61    28.008 54362.21056001 47.31  90.195301  61.516157 29.410
 61    27.828 54362.21056065 41.92  90.192911  61.513007 29.410
 61    28.117 54362.21056130 42.07  90.190531  61.509847 29.410
 61    27.966 54362.21056194 39.86  90.188141  61.506697 29.410
 61    27.991 54362.21056323 51.32  90.183373  61.500389 19.911
 61    28.123 54362.21056388 47.37  90.180993  61.497229 19.911
 61    28.125 54362.21056452 43.77  90.178603  61.494079 19.911
 61    28.061 54362.21056517 44.32  90.176223  61.490919 19.911
 61    28.214 54362.21056581 44.98  90.173843  61.487769 19.911
 62    27.441 54397.21054521 26.83  90.228631  61.537642 18.092
 62    27.133 54397.21054585 26.31  90.226241  61.534492 18.092
 62    27.282 54397.21054649 27.48  90.223851  61.531342 18.092
 62    27.181 54397.21054714 28.31  90.221461  61.528182 18.092
 62    27.242 54397.21054778 29.11  90.219071  61.525032 18.092
 62    27.184 54397.21054843 31.21  90.216681  61.521872 18.092
 62    27.268 54397.21054907 33.88  90.214291  61.518722 18.092
 62    27.242 54397.21054972 42.98  90.211911  61.515572 18.092
 63    27.962 54432.21050280 31.47  90.226776  61.550264 35.827
 63    28.506 54432.21050344 42.09  90.224386  61.547104 35.827
 63    26.880 54432.21050409 49.54  90.221996  61.543954 35.827
 63    27.056 54432.21050473 48.45  90.219596  61.540804 35.827
 63    27.042 54432.21050538 50.41  90.217206  61.537644 35.827
 63    27.139 54432.21050602 50.46  90.214816  61.534494 35.827
 63    27.169 54432.21050667 45.14  90.212436  61.531334 35.827
 63    27.257 54432.21050731 41.46  90.210046  61.528184 35.827
 63    27.045 54432.21050796 42.86  90.207656  61.525034 35.827
 63    27.014 54432.21050860 48.68  90.205266  61.521874 35.827
 63    27.210 54432.21050925 51.65  90.202876  61.518724 35.827
 63    27.156 54432.21050989 51.04  90.200496  61.515574 35.827
 63    27.067 54432.21051053 50.88  90.198106  61.512414 35.827
 63    27.140 54432.21051118 51.25  90.195716  61.509264 35.827
 63    27.174 54432.21051182 51.92  90.193331  61.506110 25.006
 63    27.181 54432.21051247 51.49  90.190951  61.502950 25.006
 63    27.168 54432.21051311 50.45  90.188561  61.499800 25.006
 63    27.118 54432.21051376 49.70  90.186181  61.496640 25.006
 63    27.310 54432.21051440 44.22  90.183791  61.493490 25.006
 64    30.666 54467.21052930 20.54  90.222510  61.524149 11.324
 64    30.784 54467.21052995 20.69  90.220120  61.520989 11.324
 64    30.739 54467.21053059 19.28  90.217730  61.517839 11.324
 65    31.306 54502.21051729 15.32  90.229410  61.551092  8.123
 65    31.932 54502.21051794 14.32  90.227020  61.547942  8.123
 65    31.756 54502.21051858 16.11  90.224630  61.544792  8.123
 65    31.748 54502.21051923 16.09  90.222240  61.541632  8.123
 65    31.714 54502.21051987 15.34  90.219850  61.538482  8.123
 65    30.081 54502.21052696 13.96  90.193582  61.503783  6.057
 65    30.027 54502.21052761 13.76  90.191202  61.500633  6.057
 65    30.286 54502.21052825 12.31  90.188812  61.497473  6.057
 65    30.344 54502.21052890 12.93  90.186432  61.494323  6.057
 67    48.210 54572.21053027  2.32  90.183762  61.495397  2.237
 67    31.807 54572.21053092  7.62  90.181382  61.492237  2.237
 69    30.589 54642.21054280 46.35  90.228253  61.546880 20.388
 69    28.120 54642.21054344 47.49  90.225863  61.543730 20.388
 69    28.254 54642.21054409 48.07  90.223473  61.540570 20.388
 69    28.213 54642.21054473 49.42  90.221083  61.537420 20.388
 69    28.438 54642.21054538 49.74  90.218693  61.534260 20.388
 69    28.440 54642.21054602 50.49  90.216303  61.531110 20.388
 69    28.386 54642.21054667 49.85  90.213913  61.527954 33.914
 69    28.367 54642.21054731 48.24  90.211523  61.524804 33.914
 69    28.452 54642.21054796 49.30  90.209133  61.521644 33.914
 69    28.339 54642.21054860 50.86  90.206743  61.518494 33.914
 69    28.411 54642.21054925 49.80  90.204363  61.515344 33.914
 69    28.472 54642.21054989 51.14  90.201973  61.512184 33.914
 69    28.575 54642.21055053 52.61  90.199583  61.509034 33.914
 69    28.575 54642.21055118 51.67  90.197193  61.505884 33.914
 69    28.511 54642.21055182 52.02  90.194813  61.502724 33.914
 69    28.703 54642.21055247 51.41  90.192423  61.499574 33.914
 69    28.639 54642.21055311 51.39  90.190043  61.496414 33.914
 71    29.017 54712.21049804 29.98  90.226017  61.551542 12.484
 71    28.479 54712.21049868 28.06  90.223627  61.548392 12.484
 71    27.239 54712.21049933 26.97  90.221237  61.545242 12.484
 71    27.331 54712.21049997 27.30  90.218847  61.542082 12.484
 71    27.622 54712.21050062 26.92  90.216457  61.538932 12.484
 71    27.454 54712.21050126 25.07  90.214067  61.535772 12.484
 71    27.275 54712.21050448 24.76  90.202129  61.520009  8.717
 71    27.591 54712.21050513 22.29  90.199739  61.516849  8.717
 71    27.599 54712.21050577 23.22  90.197349  61.513699  8.717
 71    27.768 54712.21050642 24.70  90.194969  61.510539  8.717
 71    27.807 54712.21050706 23.24  90.192579  61.507389  8.717
 71    27.874 54712.21050771 24.22  90.190199  61.504239  8.717
 71    27.821 54712.21050835 22.99  90.187809  61.501079  8.717
 71    27.947 54712.21050900 21.92  90.185429  61.497929  8.717
 71    27.995 54712.21050964 24.77  90.183039  61.494769  8.717
 71    28.107 54712.21051029 22.24  90.180659  61.491619  8.717
 73    87.611 54782.21048627  9.05  90.224736  61.541348  8.336
 73    28.361 54782.21049013 40.88  90.210397  61.522423 22.048
 73    28.278 54782.21049078 42.19  90.208007  61.519273 22.048
 73    28.213 54782.21049142 42.85  90.205617  61.516123 22.048
 73   123.731 54782.21049207 21.59  90.203237  61.512963 22.048
 73   121.437 54782.21049271 22.01  90.200847  61.509813 22.048
 73   120.210 54782.21049336 15.13  90.198457  61.506653 22.048
 73   117.966 54782.21049400  7.76  90.196077  61.503503 22.048
 74    29.677 54817.21050780 22.61  90.228137  61.537049 10.085
 74    29.479 54817.21050844 26.88  90.225747  61.533889 10.085
 74    30.323 54817.21050909 25.62  90.223357  61.530739 10.085
 74    30.273 54817.21050973 27.21  90.220970  61.527584  9.451
 74    30.946 54817.21051038 26.06  90.218580  61.524434  9.451
 74    32.224 54817.21051102 26.84  90.216190  61.521284  9.451
 74    32.036 54817.21051167 24.09  90.213800  61.518124  9.451
 74    31.907 54817.21051231 21.89  90.211410  61.514974  9.451
 75    29.934 54852.21048254 17.49  90.227526  61.547342  8.011
 75    29.903 54852.21048319 17.13  90.225126  61.544192  8.011
 75    30.170 54852.21048383 17.11  90.222736  61.541042  8.011
 75    30.393 54852.21048448 15.76  90.220346  61.537882  8.011
 75    30.860 54852.21048512 15.16  90.217956  61.534732  8.011
 75    31.182 54852.21048576 14.57  90.215566  61.531572  8.011
 75    31.097 54852.21048641 15.75  90.213176  61.528422  8.011
 75    31.313 54852.21048705 15.08  90.210790  61.525264  4.701
 75    29.484 54852.21049350 13.33  90.186930  61.493724  4.701
 76    29.706 54887.21051312 14.64  90.221138  61.533720  6.107
 76    29.696 54887.21051377 13.69  90.218752  61.530568  7.349
 76    29.803 54887.21051441 13.54  90.216362  61.527418  7.349
 76    30.297 54887.21051506 12.36  90.213972  61.524258  7.349
 76    30.323 54887.21051570 13.11  90.211582  61.521108  7.349
 77    31.559 54922.21048190 10.17  90.222167  61.554969  8.124
 77    30.437 54922.21048255 10.05  90.219777  61.551819  8.124
 77    30.858 54922.21048319  8.74  90.217387  61.548659  8.124
 77    30.564 54922.21048384  9.45  90.214997  61.545509  8.124
 77    31.346 54922.21048448  9.67  90.212607  61.542349  8.124
 77    30.624 54922.21049028 10.25  90.191117  61.513966  5.675
 77    29.457 54922.21049415  9.41  90.176807  61.495036  5.675
 77    29.577 54922.21049480  7.05  90.174427  61.491886  5.675
 77    29.774 54922.21049544  6.34  90.172037  61.488726  5.675
 77    29.718 54922.21049609  5.70  90.169657  61.485576  5.675
 78    36.055 54957.21050759 32.77  90.230019  61.540543 13.186
 78    35.923 54957.21050824 35.11  90.227629  61.537393 13.186
 78    36.147 54957.21050888 35.96  90.225239  61.534233 13.186
 78    36.103 54957.21050953 36.65  90.222849  61.531083 13.186
 78    35.959 54957.21051017 38.54  90.220458  61.527927 21.403
 78    36.034 54957.21051082 41.76  90.218068  61.524777 21.403
 78    36.002 54957.21051146 40.89  90.215678  61.521627 21.403
 78    36.130 54957.21051211 42.25  90.213288  61.518467 21.403
 78    35.979 54957.21051275 40.12  90.210898  61.515317 21.403
 79    40.508 54992.21053841 13.94  90.195866  61.503510  6.686
 79    40.979 54992.21053906 19.89  90.193476  61.500360  6.686
 79    35.519 54992.21053970 20.94  90.191096  61.497200  6.686
 80    51.121 55027.21052197 29.29  90.221860  61.538306  5.695
 80    38.600 55027.21052261 39.44  90.219470  61.535146  5.695
 80    33.979 55027.21052326 43.23  90.217080  61.531996  5.695
 80    30.973 55027.21052390 43.27  90.214689  61.528839 25.473
 80    30.295 55027.21052455 42.78  90.212299  61.525689 25.473
 80    29.699 55027.21052519 42.99  90.209909  61.522539 25.473
 80    30.100 55027.21052584 43.49  90.207519  61.519379 25.473
 80    30.454 55027.21052648 43.04  90.205139  61.516229 25.473
 80    29.839 55027.21052712 44.39  90.202749  61.513069 25.473
 80    29.747 55027.21052777 45.40  90.200359  61.509919 25.473
 80    30.493 55027.21052841 44.03  90.197979  61.506769 25.473
 80    30.685 55027.21052906 42.08  90.195589  61.503609 25.473
 80    29.263 55027.21052970 46.17  90.193199  61.500459 25.473
 80    29.196 55027.21053035 48.11  90.190819  61.497299 25.473
 80    29.194 55027.21053099 41.96  90.188429  61.494149 25.473
 81    27.874 55062.21051525 50.76  90.221201  61.534885 22.557
 81    27.851 55062.21051590 51.32  90.218811  61.531725 22.557
 81    27.957 55062.21051654 51.61  90.216421  61.528575 22.557
 81    27.999 55062.21051719 47.79  90.214034  61.525416 30.099
 81    28.036 55062.21051783 49.37  90.211644  61.522266 30.099
 81    28.205 55062.21051848 52.90  90.209254  61.519116 30.099
 81    28.090 55062.21051912 48.74  90.206864  61.515956 30.099
 81    28.063 55062.21051977 51.77  90.204474  61.512806 30.099
 81    28.232 55062.21052041 50.26  90.202094  61.509646 30.099
 81    28.233 55062.21052106 53.01  90.199704  61.506496 30.099
 81    28.324 55062.21052170 52.08  90.197314  61.503346 30.099
 81    28.282 55062.21052235 51.76  90.194934  61.500186 30.099
 82    30.896 55097.21046768 30.04  90.193962  61.516844 10.773
 82    30.279 55097.21046832 29.75  90.191572  61.513684 10.773
 82    29.734 55097.21047155 24.45  90.179652  61.497914 10.773
 82    29.742 55097.21047219 25.28  90.177262  61.494764 10.773
 82    30.043 55097.21047284 23.62  90.174882  61.491604 10.773
 84    34.592 55167.21043150  6.55  90.197961  61.507726  9.249
 84    34.851 55167.21043215  6.57  90.195581  61.504576  9.249
 84    35.432 55167.21043279  6.93  90.193191  61.501426  9.249
 84    35.402 55167.21043343  7.53  90.190811  61.498266  9.249
 84    34.829 55167.21043408  8.11  90.188421  61.495116  9.249
 85    32.457 55202.21045083 12.02  90.224356  61.534646  7.098
 85    32.479 55202.21045147 11.81  90.221966  61.531486  7.098
 85    32.709 55202.21045212 10.84  90.219580  61.528332  5.856
 85    32.706 55202.21045276  8.72  90.217190  61.525182  5.856
 85    32.742 55202.21045340  9.81  90.214800  61.522022  5.856
 85    33.063 55202.21045405  9.16  90.212410  61.518872  5.856
 85    32.926 55202.21045469  8.50  90.210020  61.515722  5.856
 85    32.841 55202.21045534  8.34  90.207630  61.512562  5.856
 86    33.402 55237.21042979 11.65  90.226601  61.551914  9.466
 86    33.589 55237.21043044 11.90  90.224211  61.548754  9.466
 86    32.754 55237.21043624  7.62  90.202699  61.520376  4.677
 86    32.877 55237.21043689  7.03  90.200319  61.517216  4.677
 86    32.845 55237.21043753  7.66  90.197929  61.514066  4.677
 86    32.894 55237.21043818  6.87  90.195539  61.510906  4.677
 86    33.124 55237.21043882  4.87  90.193159  61.507756  4.677
 86    32.980 55237.21043946  5.15  90.190769  61.504606  4.677
 86    36.129 55237.21044011  4.60  90.188389  61.501446  4.677
 86    32.838 55237.21044075  5.84  90.185999  61.498296  4.677
 86    32.908 55237.21044140  5.84  90.183619  61.495136  4.677
 86    34.544 55237.21044204  4.16  90.181229  61.491986  4.677
 87    32.639 55272.21044290  9.12  90.229085  61.545840  6.972
 87    32.889 55272.21044355  8.91  90.226695  61.542680  6.972
 87    31.911 55272.21044419  9.79  90.224305  61.539530  6.972
 87    32.032 55272.21044484  9.35  90.221905  61.536380  6.972
 87    31.904 55272.21044548  8.82  90.219515  61.533220  6.972
 87    31.903 55272.21044613  9.00  90.217125  61.530065  4.218
 87    31.955 55272.21044677  7.54  90.214735  61.526915  4.218
 87    32.225 55272.21044742  6.94  90.212345  61.523755  4.218
 87    32.313 55272.21044806  6.88  90.209965  61.520605  4.218
 87    32.543 55272.21044871  5.42  90.207575  61.517455  4.218
 87    32.441 55272.21044935  4.95  90.205185  61.514295  4.218
 87    32.630 55272.21045000  4.30  90.202795  61.511145  4.218
 87    32.580 55272.21045064  3.90  90.200405  61.507995  4.218
 87    32.588 55272.21045128  3.50  90.198025  61.504835  4.218
 87    32.506 55272.21045193  3.38  90.195635  61.501685  4.218
 87    32.848 55272.21045257  2.85  90.193255  61.498525  4.218
 88    82.679 55307.21041253  2.20  90.221271  61.547605  6.129
 88    34.094 55307.21042285 11.70  90.183069  61.497142  7.328
 88    38.119 55307.21042349  6.23  90.180689  61.493982  7.328
 88    36.776 55307.21042414  5.80  90.178309  61.490832  7.328
 90    29.738 55377.21040593 41.46  90.228093  61.548204 19.064
 90    29.804 55377.21040657 40.24  90.225703  61.545054 19.064
 90    30.483 55377.21040721 39.56  90.223313  61.541894 19.064
 90    29.924 55377.21040786 42.25  90.220923  61.538744 19.064
 90    29.842 55377.21040850 43.07  90.218533  61.535584 19.064
 90    29.893 55377.21040915 45.79  90.216143  61.532434 19.064
 90    29.945 55377.21040979 47.05  90.213754  61.529277 30.168
 90    29.994 55377.21041044 45.95  90.211364  61.526127 30.168
 90    29.839 55377.21041108 45.81  90.208974  61.522977 30.168
 90    29.926 55377.21041173 46.54  90.206584  61.519817 30.168
 90    30.021 55377.21041237 47.17  90.204204  61.516667 30.168
 90    30.085 55377.21041302 46.54  90.201814  61.513507 30.168
 90    30.044 55377.21041366 50.02  90.199424  61.510357 30.168
 90    30.109 55377.21041431 50.63  90.197034  61.507207 30.168
 90    30.207 55377.21041495 48.85  90.194654  61.504047 30.168
 90    30.141 55377.21041560 49.55  90.192264  61.500897 30.168
 90    30.233 55377.21041624 50.55  90.189884  61.497737 30.168
 90    30.255 55377.21041689 47.88  90.187494  61.494587 30.168
 91    49.671 55412.21043330 13.29  90.221252  61.527716  9.416
 91    41.546 55412.21043395 13.03  90.218862  61.524566  9.416
 91    34.635 55412.21043459 13.36  90.216472  61.521416  9.416
 91    30.351 55412.21043524 14.30  90.214082  61.518256  9.416
 91    29.766 55412.21043588 15.29  90.211692  61.515106  9.416
 92    30.082 55447.21042141 13.34  90.226294  61.543114  3.668
 92    29.386 55447.21042205 19.93  90.223904  61.539954  3.668
 92    28.191 55447.21042270 23.22  90.221514  61.536804  3.668
 92    29.190 55447.21042334 20.55  90.219124  61.533654  3.668
 92    28.886 55447.21042399 19.70  90.216734  61.530494  3.668
 92    30.675 55447.21042463 18.06  90.214344  61.527344  3.668
 92    29.945 55447.21042528 17.78  90.211955  61.524185  9.752
 92    30.954 55447.21042592 16.77  90.209575  61.521035  9.752
 92    31.537 55447.21042657 16.50  90.207185  61.517885  9.752
 92    31.374 55447.21042721 20.04  90.204795  61.514725  9.752
 92    31.902 55447.21042786 16.67  90.202405  61.511575  9.752
 92    31.901 55447.21042850 19.19  90.200015  61.508415  9.752
 92    31.474 55447.21042915 24.27  90.197635  61.505265  9.752
 92    31.104 55447.21042979 27.10  90.195245  61.502115  9.752
 92    30.844 55447.21043044 30.22  90.192865  61.498955  9.752
 92    33.443 55447.21043108 29.90  90.190475  61.495805  9.752
 93    29.736 55482.21035036 29.81  90.222206  61.553266 14.819
 93    29.711 55482.21035100 30.00  90.219816  61.550116 14.819
 93    29.810 55482.21035165 29.34  90.217426  61.546966 14.819
 93    28.001 55482.21035229 38.25  90.215036  61.543806 14.819
 93    28.586 55482.21035809 44.43  90.193545  61.515424 15.122
 93    28.482 55482.21035874 40.71  90.191165  61.512264 15.122
 93    28.240 55482.21036196 31.40  90.179235  61.496494 15.122
 93    28.608 55482.21036261 28.96  90.176855  61.493344 15.122
 93    28.475 55482.21036325 29.44  90.174475  61.490184 15.122
 93    28.660 55482.21036390 28.53  90.172095  61.487034 15.122
