-167323.670   356.472     0.00    5.45
-166947.774   355.341    -3.01    6.87
-166571.949   352.244    -8.24   10.49
-166196.195   346.244   -15.97   13.62
-165820.514   340.024   -16.56   15.60
-165444.903   329.839   -27.12   16.51
-165069.364   322.537   -19.45   17.58
-164693.897   311.029   -30.65   19.21
-164318.501   302.304   -23.25   18.40
-163943.176   293.233   -24.17   15.55
-163567.922   289.277   -10.54   11.70
-163192.740   290.072     2.12   12.56
-162817.629   291.851     4.74   14.12
-162442.589   295.409     9.49   12.77
-162067.621   296.850     3.84   10.58
-161692.723   297.863     2.70    9.86
-161317.896   303.205    14.26   12.32
-160943.141   308.572    14.32   14.60
-160568.456   315.005    17.17   17.36
-160193.843   321.583    17.56   19.15
-159819.300   327.630    16.15   22.52
-159444.828   332.815    13.85   23.25
-159070.427   340.362    20.16   22.62
-158696.096   347.110    18.03   20.56
-158321.837   355.612    22.72   20.30
-157947.648   368.676    34.92   18.96
-157573.530   377.784    24.35   13.49
-157199.482   381.572    10.13    8.06
-156825.505   380.947    -1.67    6.88
-156451.598   377.018   -10.51    6.67
-156077.762   377.627     1.63    8.55
-155703.997   387.060    25.24   20.54
-155330.302   400.712    36.54   30.94
-154956.677   415.828    40.46   32.96
-154583.122   417.350     4.08   38.35
-154209.638   401.202   -43.24   40.22
-153836.224   380.142   -56.40   32.89
-153462.881   359.553   -55.16   19.70
-153089.607   347.679   -31.81   13.39
-152716.404   338.328   -25.06   10.74
-152343.270   332.279   -16.21    8.70
-151970.207   328.746    -9.47    7.98
-151597.214   326.130    -7.01    9.30
-151224.291   324.172    -5.25   10.24
-150851.437   323.049    -3.01   12.95
-150478.654   320.972    -5.57   13.89
-150105.940   316.025   -13.27   14.36
-149733.297   307.060   -24.06   14.76
-149360.723   299.942   -19.11   12.23
-148988.219   293.618   -16.98    7.73
-148615.784   290.560    -8.21    3.54
-148243.419   287.245    -8.90    6.09
-147871.124   283.193   -10.88    8.02
-147498.898   279.248   -10.60    7.94
-147126.742   277.386    -5.00    6.61
-146754.656   278.786     3.76    8.37
-146382.639   280.188     3.77    8.45
-146010.691   279.969    -0.59    8.17
-145638.813   278.109    -5.00    7.47
-145267.004   279.811     4.58   12.12
-144895.264   292.255    33.48   27.59
-144523.594   303.531    30.34   28.66
-144151.993   310.974    20.03   24.90
-143780.461   320.304    25.12   18.60
-143408.998   319.687    -1.66   26.88
-143037.605   326.350    17.94   37.65
-142666.280   333.258    18.60   42.09
-142295.025   329.167   -11.02   37.29
-141923.838   316.198   -34.94   36.17
-141552.721   290.665   -68.81   43.21
-141181.672   255.857   -93.82   49.64
-140810.693   213.106  -115.25   55.80
-140439.782   179.327   -91.08   50.58
-140068.940   155.483   -64.30   34.44
-139698.167   145.949   -25.72   27.39
-139327.462   152.094    16.58   30.90
-138956.827   166.351    38.47   31.50
-138586.260   183.551    46.42   31.33
-138215.761   213.781    81.60   46.33
-137845.331   254.487   109.90   58.42
-137474.970   290.409    97.00   58.95
-137104.677   299.687    25.06   67.45
-136734.453   274.374   -68.38   88.46
-136364.297   233.792  -109.65   90.40
-135994.209   187.037  -126.35   73.33
-135624.190   154.350   -88.35   45.52
-135254.239   136.130   -49.26   35.52
-134884.357   126.868   -25.04   32.20
-134514.543   121.092   -15.62   28.03
-134144.796   120.211    -2.38   23.21
-133775.119   118.892    -3.57   19.57
-133405.509   119.033     0.38   17.24
-133035.967   118.075    -2.59   19.06
-132666.493   117.338    -2.00   20.74
-132297.088   120.145     7.60   23.16
-131927.750   123.549     9.22   25.03
-131558.481   129.339    15.68   27.02
-131189.279   133.013     9.95   26.85
-130820.145   136.049     8.23   27.12
-130451.079   136.457     1.11   29.94
-130082.081   133.547    -7.89   33.82
-129713.150   128.549   -13.55   35.03
-129344.287   127.660    -2.41   35.51
-128975.492   131.974    11.70   37.88
-128606.765   144.273    33.36   41.40
-128238.105   165.653    58.00   35.75
-127869.513   187.918    60.41   15.37
-127500.988   198.268    28.09   10.52
-127132.531   206.020    21.04   10.02
-126764.141   213.471    20.23   10.24
-126395.819   218.893    14.72    9.06
-126027.564   222.537     9.90    6.31
-125659.376   223.921     3.76    3.94
-125291.256   223.504    -1.13    2.86
-124923.203   222.326    -3.20    2.93
-124555.217   219.539    -7.57    4.36
-124187.298   216.723    -7.65    4.50
-123819.447   213.784    -7.99    3.81
-123451.663   211.946    -5.00    3.59
-123083.945   210.176    -4.81    4.49
-122716.295   206.727    -9.38    6.34
-122348.712   203.569    -8.59    7.51
-121981.196   201.219    -6.39    8.71
-121613.747   199.066    -5.86   11.01
-121246.365   201.537     6.73   13.97
-120879.049   206.474    13.44   13.93
-120511.801   210.338    10.52   11.10
-120144.619   211.449     3.03    8.05
-119777.504   207.456   -10.88    9.21
-119410.456   201.772   -15.49   11.06
-119043.474   194.507   -19.80   12.50
-118676.559   186.942   -20.62   14.40
-118309.711   178.946   -21.80   14.94
-117942.929   172.527   -17.50   13.14
-117576.214   169.446    -8.40   10.62
-117209.565   168.100    -3.67   10.00
-116842.983   162.351   -15.69   14.48
-116467.518   155.541   -18.14   16.19
-116087.174   148.302   -19.03   14.35
-115706.903   144.029   -11.24   12.24
-115326.705   144.045     0.04   13.96
-114946.578   141.642    -6.32   12.90
-114566.524   141.786     0.38   11.19
-114186.541   143.172     3.65   10.25
-113806.631   146.786     9.51    9.65
-113426.793   151.248    11.75    9.42
-113047.027   154.653     8.97   10.53
-112667.333   153.310    -3.54   10.27
-112287.711   146.986   -16.66   11.46
-111908.160   141.974   -13.21    9.11
-111528.682   140.008    -5.18    7.33
-111149.275   141.813     4.76    6.07
-110769.940   146.304    11.84    8.19
-110390.677   153.874    19.96   13.76
-110011.486   164.739    28.65   18.21
-109632.366   181.591    44.45   23.13
-109253.317   194.989    35.35   23.75
-108874.341   208.558    35.81   23.15
-108495.435   216.411    20.73   19.89
-108116.602   216.068    -0.90   19.29
-107737.839   211.446   -12.20   19.11
-107359.148   202.350   -24.02   19.06
-106980.529   191.942   -27.49   19.85
-106601.981   182.645   -24.56   20.52
-106223.504   175.274   -19.48   17.40
-105845.098   168.057   -19.08   15.55
-105466.763   161.977   -16.07   16.03
-105088.500   156.041   -15.69   15.57
-104710.308   148.637   -19.58   14.67
-104332.187   142.339   -16.66   12.94
-103954.136   137.824   -11.94   11.84
-103576.157   133.484   -11.48   11.60
-103198.249   127.094   -16.91   16.62
-102820.412   116.793   -27.27   27.14
-102442.645   107.484   -24.64   30.32
-102064.950   100.815   -17.66   29.95
-101687.325    94.496   -16.73   29.21
-101309.771    91.145    -8.88   28.28
-100932.288    90.398    -1.98   26.59
-100554.875    88.303    -5.55   26.37
-100177.533    87.350    -2.52   27.06
 -99800.262    88.191     2.23   26.73
 -99423.061    88.025    -0.44   28.21
 -99045.931    92.630    12.21   28.57
 -98668.871   102.386    25.87   27.60
 -98291.882   114.508    32.16   14.53
 -97914.963   119.579    13.45    3.71
 -97538.114   119.074    -1.34    2.53
 -97161.336   118.080    -2.64    2.77
 -96784.628   116.716    -3.62    3.27
 -96407.990   114.327    -6.34    5.31
 -96031.423   113.272    -2.80    7.03
 -95654.925   111.515    -4.67    8.60
 -95278.498   101.424   -26.81   23.25
 -94902.141    85.444   -42.46   30.27
 -94525.854    78.906   -17.38   27.48
 -94149.637    82.065     8.40   25.01
 -93773.490    97.249    40.37   17.52
 -93397.412   106.700    25.13    7.92
 -93021.405   111.362    12.40    7.43
 -92645.468   114.557     8.50    6.61
 -92269.600   116.533     5.26    6.57
 -91893.802   120.156     9.64    5.58
 -91518.074   124.226    10.83    4.93
 -91142.416   127.591     8.96    4.78
 -90766.827   131.338     9.98    6.84
 -90391.308   136.315    13.26    9.76
 -90015.858   142.100    15.41   10.83
 -89640.478   147.786    15.15   11.15
 -89265.168   153.935    16.39   11.36
 -88889.927   156.579     7.05   12.16
 -88514.755   157.574     2.65   12.83
 -88139.653   157.205    -0.98   13.84
 -87764.620   153.471    -9.96   12.61
 -87389.657   150.712    -7.36   10.58
 -87014.762   146.549   -11.11    8.50
 -86639.937   143.667    -7.69    7.56
 -86265.182   139.844   -10.20    5.11
 -85890.495   137.001    -7.59    3.89
 -85515.877   134.445    -6.82    3.33
 -85141.329   133.118    -3.54    3.49
 -84766.850   131.209    -5.10    3.78
 -84392.439   129.221    -5.31    3.39
 -84018.098   127.541    -4.49    3.26
 -83643.825   125.522    -5.39    3.53
 -83269.622   123.267    -6.03    3.07
 -82895.487   122.115    -3.08    2.88
 -82521.421   120.707    -3.76    2.39
 -82147.424   119.448    -3.37    2.48
 -81773.496   118.505    -2.52    2.51
 -81399.636   118.315    -0.51    3.33
 -81025.845   118.660     0.92    3.70
 -80652.123   119.399     1.98    3.73
 -80278.469   119.651     0.67    3.50
 -79904.884   119.911     0.69    2.56
 -79531.367   121.479     4.20    4.16
 -79157.919   124.387     7.79    5.92
 -78784.539   129.712    14.26    7.96
 -78411.227   135.996    16.84    8.48
 -78037.984   144.863    23.76   11.66
 -77664.810   154.127    24.83   15.22
 -77291.703   164.386    27.50   17.78
 -76918.665   170.520    16.44   17.04
 -76545.695   176.014    14.73   17.20
 -76172.793   180.053    10.83   16.36
 -75799.960   181.252     3.22   13.81
 -75427.194   180.473    -2.09   10.23
 -75054.497   181.467     2.67    9.42
 -74681.867   183.399     5.18    9.32
 -74309.306   184.642     3.34    7.95
 -73936.813   181.806    -7.61   11.00
 -73564.387   171.793   -26.89   15.32
 -73192.029   158.630   -35.35   16.63
 -72819.739   146.740   -31.94   13.84
 -72447.517   139.967   -18.20    8.74
 -72075.363   137.351    -7.03    5.03
 -71703.277   139.302     5.24    3.97
 -71331.258   139.545     0.65    2.52
 -70959.307   139.274    -0.73    1.95
 -70587.423   136.715    -6.88    6.14
 -70215.607   132.856   -10.38    7.87
 -69843.859   131.097    -4.73    7.98
 -69472.178   132.349     3.37    7.60
 -69100.564   135.231     7.76    6.71
 -68729.018   135.981     2.02    8.05
 -68357.540   134.755    -3.30    8.79
 -67986.129   135.289     1.44    8.21
 -67614.785   136.832     4.16    7.61
 -67243.508   138.434     4.31    6.27
 -66872.299   142.386    10.65    3.85
 -66501.157   141.663    -1.95   10.16
 -66130.082   137.484   -11.26   16.75
 -65759.074   133.588   -10.50   18.79
 -65388.133   132.639    -2.56   19.00
 -65017.260   134.266     4.39   18.84
 -64646.453   137.325     8.25   17.84
 -64275.713   141.529    11.34   16.45
 -63905.041   150.191    23.37   10.95
 -63534.435   155.278    13.73    8.39
 -63163.896   160.374    13.75    5.65
 -62793.424   163.850     9.38    5.72
 -62423.019   167.338     9.42    6.95
 -62052.681   171.398    10.96    8.88
 -61682.409   176.008    12.45   10.49
 -61312.204   180.252    11.46    9.68
 -60942.066   182.707     6.63    8.77
 -60571.994   182.327    -1.03    9.11
 -60201.989   181.312    -2.74    9.98
 -59832.051   181.386     0.20   10.57
 -59462.179   182.112     1.96    9.64
 -59092.374   183.339     3.32    7.95
 -58722.635   182.070    -3.43    6.22
 -58352.962   179.660    -6.52    5.38
 -57983.356   177.627    -5.50    5.41
 -57613.816   174.221    -9.22    7.01
 -57244.343   170.720    -9.48    7.98
 -56874.936   165.779   -13.38    7.99
 -56505.595   160.564   -14.12    6.43
 -56136.320   156.151   -11.95    6.07
 -55767.111   151.812   -11.75    5.45
 -55397.969   148.679    -8.49    4.86
 -55028.893   146.485    -5.94    5.04
 -54659.882   144.198    -6.20    3.97
 -54290.938   143.066    -3.07    3.81
 -53922.060   141.435    -4.42    3.74
 -53553.248   140.411    -2.78    3.79
 -53184.501   138.724    -4.58    4.60
 -52815.821   135.584    -8.52    5.40
 -52447.206   132.691    -7.85    5.33
 -52078.657   130.728    -5.33    4.36
 -51710.174   129.193    -4.16    4.63
 -51341.757   128.880    -0.85    4.95
 -50973.405   128.803    -0.21    5.50
 -50605.119   127.815    -2.68    5.42
 -50236.899   125.691    -5.77    5.61
 -49868.744   123.326    -6.42    4.98
 -49500.655   120.982    -6.37    4.42
 -49132.632   118.813    -5.89    3.34
 -48764.674   116.413    -6.52    5.46
 -48396.781   112.374   -10.98    6.95
 -48028.954   108.105   -11.61    7.44
 -47661.192   107.254    -2.31    8.98
 -47293.496   110.336     8.38   13.89
 -46925.865   113.892     9.67   15.68
 -46558.299   117.349     9.41   15.53
 -46190.798   115.954    -3.79   14.07
 -45823.363   111.337   -12.57   12.91
 -45455.993   105.684   -15.39   10.86
 -45088.688   103.386    -6.25    8.22
 -44721.448   105.496     5.75    9.27
 -44354.273   107.435     5.28    9.32
 -43987.163   111.447    10.93    9.27
 -43620.119   114.567     8.50    8.07
 -43253.139   113.972    -1.62    8.11
 -42886.224   112.719    -3.41    7.11
 -42519.374   111.537    -3.22    5.42
 -42152.589   111.013    -1.43    4.38
 -41780.490   110.508    -1.36    3.99
 -41400.294   110.088    -1.10    4.59
 -41020.169   108.813    -3.35    4.31
 -40640.114   107.947    -2.28    3.61
 -40260.129   107.460    -1.28    3.66
 -39880.215   106.670    -2.08    3.86
 -39500.370   104.981    -4.45    4.25
 -39120.596    99.782   -13.69   10.29
 -38740.892    94.053   -15.09   11.18
 -38361.258    90.551    -9.22    9.75
 -37981.695    92.045     3.93    9.65
 -37602.201    97.566    14.55    7.17
 -37222.777    98.960     3.67    6.60
 -36843.423    99.248     0.76    7.47
 -36464.139    96.480    -7.30    8.25
 -36084.925    89.749   -17.75    9.17
 -35705.781    84.423   -14.05    8.89
 -35326.706    77.435   -18.43    7.56
 -34947.702    72.118   -14.03    6.37
 -34568.767    63.057   -23.91   12.79
 -34189.901    49.177   -36.64   22.88
 -33811.106    40.646   -22.52   26.59
 -33432.379    47.020    16.83   34.14
 -33053.723    64.821    47.01   39.42
 -32675.136    88.066    61.40   26.76
 -32296.618    97.572    25.11   14.42
 -31918.170    96.387    -3.13   13.49
 -31539.792    97.633     3.29   11.21
 -31161.482    98.233     1.59   10.21
 -30783.242   103.423    13.72    9.55
 -30405.071   107.272    10.18    7.08
 -30026.970   108.457     3.14    4.86
 -29648.938   107.969    -1.29    4.31
 -29270.975   106.142    -4.83    5.16
 -28893.081   102.764    -8.94    5.84
 -28515.256    98.803   -10.49    6.33
 -28137.500    94.522   -11.33    7.17
 -27759.814    89.252   -13.95    6.59
 -27382.196    83.935   -14.08    5.30
 -27004.647    81.041    -7.67    4.71
 -26627.167    79.069    -5.22    3.18
 -26249.756    78.349    -1.91    2.81
 -25872.414    78.461     0.29    2.48
 -25495.141    78.801     0.90    2.62
 -25117.936    78.541    -0.69    3.11
 -24740.800    77.861    -1.80    3.43
 -24363.733    77.033    -2.20    3.47
 -23986.735    75.874    -3.07    3.32
 -23609.805    74.893    -2.60    3.09
 -23232.943    72.849    -5.42    3.58
 -22856.151    70.850    -5.30    3.15
 -22479.426    69.124    -4.58    2.55
 -22102.770    67.130    -5.29    2.56
 -21726.183    65.526    -4.26    3.49
 -21349.664    63.255    -6.03    3.92
 -20973.213    60.769    -6.60    3.95
 -20596.831    59.374    -3.71    3.90
 -20220.517    58.325    -2.79    3.90
 -19844.271    57.687    -1.69    4.16
 -19468.093    57.498    -0.50    4.08
 -19091.984    56.499    -2.65    3.25
 -18715.943    55.862    -1.69    2.45
 -18339.969    55.764    -0.26    2.64
 -17964.064    55.740    -0.06    2.71
 -17588.227    54.987    -2.00    2.70
 -17212.458    54.535    -1.20    2.38
 -16836.757    54.794     0.69    2.44
 -16461.123    55.350     1.48    3.01
 -16085.558    55.886     1.43    3.19
 -15710.060    55.324    -1.50    3.40
 -15334.630    54.905    -1.12    3.09
 -14959.268    55.186     0.75    2.79
 -14583.974    55.949     2.03    2.55
 -14208.747    56.201     0.67    2.58
 -13833.588    55.297    -2.41    3.87
 -13458.497    53.422    -5.00    4.57
 -13083.473    52.491    -2.48    4.22
 -12708.516    52.667     0.47    4.03
 -12333.628    54.874     5.89    4.39
 -11958.806    58.115     8.65    4.38
 -11584.052    59.323     3.22    4.09
 -11209.366    59.228    -0.25    4.75
 -10834.747    57.413    -4.85    5.65
 -10460.195    54.691    -7.27    4.29
 -10085.710    53.335    -3.62    2.73
  -9711.293    52.755    -1.55    2.71
  -9336.943    53.361     1.62    4.11
  -8962.660    53.624     0.70    4.94
  -8588.444    53.612    -0.03    4.94
  -8214.296    52.755    -2.29    3.99
  -7840.214    52.124    -1.69    2.01
  -7466.199    52.954     2.22    2.94
  -7092.252    54.159     3.22    3.17
  -6718.371    56.025     4.99    3.47
  -6344.558    57.767     4.66    3.52
  -5970.811    58.073     0.82    3.44
  -5597.131    59.812     4.65    3.97
  -5223.518    61.374     4.18    4.12
  -4849.971    62.399     2.74    3.97
  -4476.492    61.289    -2.97    7.70
  -4103.079    57.337   -10.58   10.16
  -3729.733    55.574    -4.72   10.65
  -3356.453    56.288     1.91   10.65
  -2983.240    58.935     7.09    8.40
  -2610.093    57.720    -3.26   11.64
  -2237.014    50.979   -18.07   15.09
  -1864.000    43.238   -20.75   15.74
  -1491.053    35.545   -20.63   19.10
  -1118.173    23.387   -32.61   20.43
   -745.358    15.118   -22.18   20.94
   -372.611     6.249   -23.79   16.11
      0.071    -0.345   -17.69    2.01
    372.686    -0.626    -0.75    0.00
    745.235    -0.480     0.39    0.70
   1117.718    -0.095     1.03    1.69
   1490.134    -0.138    -0.12    1.98
   1862.485     1.899     5.47    6.06
   2234.769     8.033    16.48   12.38
   2606.987    14.642    17.76   12.61
   2979.140    20.472    15.66    9.30
   3351.226    27.691    19.40    8.21
   3723.246    35.325    20.52   13.79
   4095.201    46.880    31.07   16.22
   4467.089    57.935    29.73   13.98
   4838.912    66.448    22.90    8.41
   5210.668    71.325    13.12    4.86
   5582.359    72.899     4.23    5.72
   5953.985    67.745   -13.87   13.28
   6325.544    57.545   -27.45   22.80
   6697.038    48.937   -23.17   26.19
   7068.466    38.012   -29.41   26.41
   7439.829    31.460   -17.64   23.98
   7811.126    25.572   -15.86   19.56
   8182.357    21.559   -10.81   14.05
   8553.523    20.299    -3.40   11.98
   8924.624    23.066     7.45   13.60
   9295.659    29.300    16.80   18.23
   9666.629    37.289    21.53   19.64
  10037.533    48.812    31.07   18.63
  10408.372    55.449    17.90   16.85
  10779.146    61.917    17.45   13.28
  11149.854    66.240    11.66    9.86
  11520.497    66.695     1.23    6.53
  11891.075    64.794    -5.13    7.63
  12261.588    62.787    -5.42    8.41
  12632.036    58.594   -11.32   10.54
  13002.418    55.349    -8.76   11.34
  13372.736    53.254    -5.66   11.12
  13742.988    47.640   -15.16   11.59
  14113.176    46.707    -2.52   12.81
  14483.298    38.880   -21.15   18.10
  14853.356    31.021   -21.24   17.12
  15223.349    25.653   -14.51   15.92
  15593.277    22.424    -8.73   14.01
  15963.140    31.868    25.53   19.57
  16332.938    43.923    32.60   22.46
  16702.672    54.569    28.79   22.50
  17072.341    63.447    24.02   20.40
  17441.945    69.703    16.93   21.23
  17811.484    75.338    15.25   19.14
  18180.959    82.374    19.04   13.02
  18550.370    86.767    11.89    7.32
  18919.716    87.598     2.25    4.99
  19288.997    81.972   -15.24   12.92
  19658.214    71.150   -29.31   21.22
  20027.366    56.522   -39.63   23.14
  20396.454    45.738   -29.22   17.60
  20765.478    51.008    14.28   20.51
  21134.437    62.797    31.95   22.98
  21503.332    76.325    36.67   20.46
  21872.163    87.212    29.52   14.77
  22240.929    94.886    20.81    7.94
  22609.631   100.868    16.22   11.82
  22978.269   109.224    22.67   13.47
  23346.843   117.004    21.11   13.35
  23715.353   123.844    18.56   10.30
  24083.799   129.349    14.94    8.01
  24452.181   134.596    14.24    8.44
  24820.498   138.566    10.78    8.81
  25188.752   140.324     4.77    9.34
  25556.942   139.179    -3.11    9.73
  25925.068   139.300     0.33    8.73
  26293.130   141.238     5.27    8.28
  26661.128   143.337     5.70    9.05
  27029.062   147.621    11.64    9.76
  27396.933   151.843    11.48    9.40
  27764.740   155.507     9.96    7.35
  28132.483   158.249     7.46    6.11
  28500.163   162.049    10.33    7.93
  28867.779   167.517    14.87   10.29
  29235.331   173.764    17.00    9.06
  29602.820   179.282    15.01    7.56
  29970.245   182.547     8.89    5.42
  30337.607   183.006     1.25    5.16
  30704.905   184.214     3.29    5.44
  31072.140   185.085     2.37    5.82
  31439.311   186.460     3.74    6.72
  31806.419   188.015     4.24    7.04
  32173.464   187.646    -1.01    7.28
  32540.445   186.920    -1.98    6.62
  32909.456   185.584    -3.62    6.64
  33289.509   183.412    -5.71    5.82
  33669.493   182.831    -1.53    6.62
  34049.409   182.482    -0.92    7.45
  34429.256   182.094    -1.02    7.12
  34809.035   180.841    -3.30    7.38
  35188.746   179.302    -4.05    7.86
  35568.389   181.311     5.29   10.12
  35947.963   185.004     9.73   11.89
  36327.469   192.361    19.39   11.07
  36706.906   196.887    11.93   10.38
  37086.276   199.155     5.98   10.77
  37465.577   199.572     1.10   10.84
  37844.811   200.868     3.42   10.99
  38223.976   202.810     5.12   11.31
  38603.073   202.249    -1.48   11.35
  38982.102   198.361   -10.26   12.13
  39361.063   192.760   -14.78   12.25
  39739.957   185.361   -19.53    9.88
  40118.782   179.374   -15.80    8.78
  40497.540   173.595   -15.26   10.19
  40876.230   169.782   -10.07   10.45
  41254.852   165.450   -11.44    9.27
  41633.406   163.447    -5.29    7.42
  42011.893   161.362    -5.51    8.64
  42390.312   156.787   -12.09    8.89
  42768.663   153.041    -9.90    9.16
  43146.947   150.524    -6.65    8.63
  43525.163   148.300    -5.88    8.30
  43903.312   146.349    -5.16    6.48
  44281.393   147.112     2.02    5.53
  44659.407   146.868    -0.65    4.37
  45037.353   147.594     1.92    3.48
  45415.232   147.998     1.07    3.18
  45793.044   147.189    -2.14    2.85
  46170.788   148.094     2.40    3.82
  46548.465   151.549     9.15    6.52
  46926.075   157.712    16.32    8.75
  47303.618   165.398    20.36    9.96
  47681.094   174.020    22.84   10.25
  48058.502   180.140    16.21    8.57
  48435.843   183.925    10.03    5.83
  48813.118   184.784     2.28    5.18
  49190.325   183.594    -3.16    4.67
  49567.465   183.325    -0.71    5.03
  49944.539   184.584     3.34    5.23
  50321.545   186.762     5.78    5.77
  50698.485   187.524     2.02    7.76
  51075.358   186.146    -3.66    9.82
  51452.164   182.699    -9.15    9.26
  51828.903   179.959    -7.27    8.42
  52205.576   179.862    -0.26   10.63
  52582.181   179.808    -0.14   11.67
  52958.721   179.646    -0.43   10.22
  53335.193   180.769     2.98    8.43
  53711.599   181.557     2.09    7.11
  54087.939   183.699     5.69    6.07
  54464.212   187.512    10.13    6.89
  54840.418   188.024     1.36    6.94
  55216.558   188.226     0.54    6.01
  55592.632   188.475     0.66    5.91
  55968.639   189.594     2.97    7.40
  56344.580   192.112     6.70    7.88
  56720.455   195.349     8.61    8.62
  57096.263   198.797     9.17    9.83
  57472.005   199.893     2.92   10.11
  57847.681   204.115    11.24    8.63
  58223.291   208.917    12.79    6.94
  58598.834   211.987     8.17    5.70
  58974.312   213.079     2.91    5.39
  59349.723   210.572    -6.68    6.33
  59725.069   208.754    -4.84    6.95
  60100.349   209.899     3.05    8.52
  60475.562   210.695     2.12   10.29
  60850.710   211.274     1.54   11.32
  61225.792   208.296    -7.94   12.66
  61600.807   199.094   -24.54   17.04
  61975.758   185.400   -36.52   22.52
  62350.642   168.707   -44.53   28.19
  62725.461   153.658   -40.15   30.68
  63100.214   139.350   -38.18   31.12
  63474.901   131.901   -19.88   26.80
  63849.522   127.843   -10.83   21.96
  64224.078   130.348     6.69   22.52
  64598.569   141.728    30.39   23.24
  64972.994   153.946    32.63   19.27
  65347.353   164.787    28.96    9.77
  65721.647   170.790    16.04    6.87
  66095.876   173.535     7.33    6.25
  66470.039   174.298     2.04    6.64
  66844.137   173.399    -2.40    6.81
  67218.169   171.311    -5.58    5.61
  67592.136   169.237    -5.55    4.53
  67966.038   167.662    -4.21    4.85
  68339.875   166.893    -2.06    5.62
  68713.646   166.843    -0.13    8.17
  69087.353   170.325     9.32   11.23
  69460.994   173.810     9.33   12.17
  69834.570   174.105     0.79   12.07
  70208.081   161.745   -33.09   26.68
  70581.527   143.387   -49.16   31.89
  70954.908   127.337   -42.98   25.34
  71328.225   123.237   -10.98   20.86
  71701.476   140.162    45.34   24.75
  72074.662   156.849    44.71   18.78
  72447.784   170.547    36.71   12.75
  72820.840   178.812    22.15   11.30
  73193.832   184.162    14.34   11.45
  73566.760   187.260     8.31   11.09
  73939.622   187.324     0.17    9.98
  74312.420   186.298    -2.75    9.40
  74685.153   184.524    -4.76    8.09
  75057.822   182.121    -6.45    8.18
  75430.426   179.127    -8.03    7.08
  75802.965   176.374    -7.39    5.98
  76175.440   174.674    -4.56    4.74
  76547.850   176.041     3.67    6.51
  76920.196   178.899     7.68    7.59
  77292.478   181.615     7.29    8.60
  77664.695   180.624    -2.66   14.19
  78036.848   176.098   -12.16   18.72
  78408.937   174.724    -3.69   20.26
  78780.961   175.140     1.12   20.62
  79152.921   178.028     7.76   18.19
  79524.817   180.669     7.10   14.39
  79896.649   181.856     3.19    8.82
  80268.417   180.348    -4.06    6.81
  80640.120   179.374    -2.62    5.58
  81011.759   179.647     0.73    6.18
  81383.335   182.411     7.44    7.16
  81754.846   184.374     5.28    6.79
  82126.294   184.749     1.01    7.04
  82497.677   184.506    -0.66    8.34
  82868.997   186.299     4.83    9.21
  83240.252   190.114    10.28   10.29
  83611.444   195.581    14.73    9.56
  83982.572   201.673    16.41    7.47
  84353.637   203.924     6.07    6.66
  84724.637   203.532    -1.06    6.94
  85095.574   202.224    -3.53    6.89
  85466.447   200.569    -4.46    5.70
  85837.257   201.460     2.40    5.94
  86208.003   203.725     6.11    4.93
  86578.685   205.222     4.04    3.51
  86949.304   205.519     0.80    3.72
  87319.859   204.324    -3.22    3.59
  87690.351   204.244    -0.22    3.57
  88060.779   203.683    -1.52    3.68
  88431.144   202.551    -3.05    3.47
  88801.446   200.462    -5.64    5.11
  89171.684   198.656    -4.88    5.78
  89541.859   197.337    -3.56    5.59
  89911.971   197.019    -0.86    5.11
  90282.019   196.037    -2.65    4.44
  90652.005   193.579    -6.64    4.80
  91021.927   188.483   -13.78    7.45
  91391.785   182.233   -16.90   10.49
  91761.581   172.187   -27.17   15.22
  92131.314   161.772   -28.17   18.54
  92500.984   151.174   -28.67   18.44
  92870.590   142.438   -23.63   14.30
  93240.134   132.189   -27.73   16.46
  93609.615   118.887   -36.00   21.35
  93979.032   106.399   -33.80   20.63
  94348.387   103.777    -7.10   18.96
  94717.679   110.374    17.86   22.14
  95086.909   119.207    23.92   16.95
  95456.075   124.374    13.99    8.92
  95825.179   123.214    -3.14    8.32
  96194.220   121.174    -5.53    5.24
  96563.198   124.105     7.94    7.08
  96932.113   131.322    19.56    9.66
  97300.966   136.855    15.00    8.54
  97669.757   142.374    14.96    6.61
  98038.485   147.349    13.49    6.44
  98407.150   151.716    11.84    8.48
  98775.753   156.146    12.02    9.10
  99144.293   161.746    15.19    5.84
  99512.771   164.237     6.76    4.11
  99881.186   166.504     6.15    2.73
 100249.539   167.212     1.92    2.91
 100617.830   168.260     2.85    3.94
 100986.058   169.749     4.04    4.90
 101354.225   171.140     3.78    5.88
 101722.329   171.999     2.33    6.05
 102090.370   172.177     0.48    6.47
 102458.350   170.249    -5.24    7.07
 102826.267   170.427     0.48    7.35
 103194.122   171.549     3.05    8.81
 103561.916   172.928     3.75    9.91
 103929.647   176.078     8.56    8.76
 104297.316   179.334     8.85    8.85
 104664.923   181.862     6.88    8.29
 105032.468   186.654    13.04    8.62
 105399.951   190.589    10.71    7.02
 105767.373   191.867     3.48    6.23
 106134.732   193.112     3.39    5.58
 106502.030   191.308    -4.91    7.58
 106869.266   189.099    -6.02    7.71
 107236.440   187.195    -5.19    7.46
 107603.552   185.324    -5.09    7.18
 107982.537   182.349    -7.85    7.28
 108362.380   180.510    -4.84    4.95
 108742.156   178.320    -5.77    3.27
 109121.866   175.473    -7.50    5.54
 109501.509   171.698    -9.94    6.78
 109881.086   166.522   -13.64    7.12
 110260.596   162.488   -10.63    4.65
 110640.039   160.990    -3.95    3.88
 111019.417   157.764    -8.50    6.38
 111398.727   154.244    -9.28    7.16
 111777.972   152.913    -3.51    7.51
 112157.150   153.759     2.23    7.98
 112536.261   158.146    11.57    7.34
 112915.307   162.425    11.29    5.25
 113294.286   163.412     2.60    4.35
 113673.199   161.874    -4.06    6.16
 114052.046   153.301   -22.63   14.05
 114430.827   141.442   -31.31   16.67
 114809.542   128.387   -34.47   16.79
 115188.190   117.994   -27.44   13.59
 115566.773   112.032   -15.75   12.37
 115945.290   111.028    -2.65   13.48
 116323.740   110.682    -0.91   14.52
 116702.125   115.150    11.81   14.17
 117080.444   119.784    12.25   12.93
 117458.697   125.438    14.95   11.33
 117836.884   128.843     9.00    7.92
 118215.006   128.602    -0.64    7.55
 118593.061   125.747    -7.55   11.02
 118971.051   119.028   -17.77   13.35
 119348.976   109.631   -24.86   13.59
 119726.834    97.362   -32.47   14.89
 120104.628    87.496   -26.11   13.06
 120482.355    76.741   -28.47   15.09
 120860.017    69.399   -19.44   12.61
 121237.614    65.032   -11.56    9.53
 121615.145    63.712    -3.50    8.64
 121992.610    63.737     0.07    8.43
 122370.010    63.336    -1.06    8.09
 122747.345    63.779     1.18    7.19
 123124.615    63.574    -0.54    7.52
 123501.819    63.653     0.21    8.39
 123878.958    65.994     6.21    9.75
 124256.032    70.972    13.20   11.57
 124633.040    81.874    28.92   15.32
 125009.983    96.671    39.25   18.61
 125386.862   109.324    33.57   17.16
 125763.675   119.979    28.27   11.83
 126140.423   122.322     6.22    8.52
 126517.106   123.361     2.76    7.12
 126893.724   124.587     3.25    6.00
 127270.277   123.387    -3.18    6.75
 127646.765   122.687    -1.86    8.74
 128023.189   122.491    -0.52    8.88
 128399.547   124.994     6.65    7.69
 128775.841   127.757     7.34    6.43
 129152.070   129.174     3.77    5.06
 129528.234   130.554     3.67    4.49
 129904.333   131.111     1.48    4.75
 130280.368   131.475     0.97    4.42
 130656.338   132.058     1.55    3.71
 131032.243   132.589     1.41    2.58
 131408.084   132.172    -1.11    3.17
 131783.860   129.830    -6.23    4.31
 132159.572   125.921   -10.40    6.43
 132535.219   121.824   -10.90    8.18
 132910.802   117.922   -10.39    8.05
 133286.321   115.024    -7.72    8.74
 133661.775   113.063    -5.22    9.87
 134037.164   111.933    -3.01   10.65
 134412.490   113.270     3.56   10.77
 134787.751   115.159     5.03    9.84
 135162.948   116.190     2.75   10.22
 135538.080   116.249     0.16   10.31
 135913.149   115.790    -1.22   11.32
 136288.153   116.678     2.37   10.36
 136663.093   114.298    -6.35   11.59
 137037.969   110.855    -9.18   13.86
 137412.781   102.537   -22.19   15.11
 137787.529    94.887   -20.41   14.98
 138162.213    85.105   -26.10   14.52
 138536.833    78.756   -16.95   10.69
 138911.389    77.836    -2.46    9.38
 139285.881    83.515    15.16   15.24
 139660.310    98.574    40.21   22.79
 140034.674   117.515    50.59   21.84
 140408.975   134.643    45.76   14.37
 140783.212   143.335    23.22    7.25
 141157.385   146.549     8.59    3.85
 141531.495   146.161    -1.04    5.27
 141905.541   142.487    -9.82    7.84
 142279.523   138.185   -11.50    8.80
 142653.442   131.959   -16.65    9.98
 143027.297   126.888   -13.56    7.82
 143401.089   126.112    -2.08    6.85
 143774.817   127.780     4.46    7.36
 144148.482   133.137    14.33    5.53
 144522.083   136.280     8.41    4.42
 144895.621   138.937     7.11    4.39
 145269.096   141.908     7.96    4.48
 145642.507   143.309     3.75    4.34
 146015.855   143.793     1.30    3.89
 146389.139   143.488    -0.82    3.57
 146762.361   143.721     0.62    3.30
 147135.519   144.687     2.59    4.27
 147508.614   145.254     1.52    5.28
 147881.646   145.656     1.08    5.13
 148254.615   145.720     0.17    4.28
 148627.520   145.741     0.06    3.13
 149000.363   145.413    -0.88    2.22
 149373.143   144.931    -1.29    2.64
 149745.859   142.803    -5.71    3.81
 150118.513   140.627    -5.84    4.06
 150491.104   137.660    -7.96    4.04
 150863.632   135.925    -4.66    3.56
 151236.097   135.187    -1.98    3.83
 151608.499   135.112    -0.20    3.99
 151980.839   134.310    -2.15    4.52
 152353.116   132.131    -5.85    5.15
 152725.330   128.720    -9.16    5.94
 153097.481   125.637    -8.28    5.84
 153469.570   124.682    -2.57    5.79
 153841.596   122.751    -5.19    6.98
 154213.559   118.849   -10.49   10.46
 154585.460   116.526    -6.25   10.13
 154957.299   115.439    -2.92    8.49
 155329.075   117.660     5.97    8.48
 155700.788   122.361    12.65    6.76
 156072.439   124.075     4.61    5.25
 156444.028   118.741   -14.35   12.37
 156815.554   112.582   -16.58   14.61
 157187.018   106.913   -15.26   13.52
 157558.420   103.849    -8.25   11.37
 157929.759   103.695    -0.41   12.05
 158301.036   103.624    -0.19   12.31
 158672.251   102.602    -2.75   12.43
 159043.404   103.002     1.08   12.35
 159414.495   103.539     1.45   11.45
 159785.523   107.361    10.30   10.70
 160156.489   111.938    12.34    9.50
 160527.394   114.589     7.15    8.01
 160898.236   112.349    -6.04   10.07
 161269.017   106.427   -15.97   11.02
 161639.735   102.931    -9.43    8.46
 162010.391   104.677     4.71    8.14
 162380.986   110.224    14.97    8.99
 162751.519   115.227    13.50    7.17
 163121.990   120.028    12.96    7.16
 163492.399   123.246     8.69    9.08
 163862.746   128.166    13.28   12.28
 164233.032   133.006    13.07   12.41
 164603.255   136.488     9.40   11.17
 164973.418   138.334     4.99   10.06
 165343.518   139.474     3.08    8.92
 165713.557   140.254     2.11    8.07
 166083.535   145.233    13.46    9.02
 166453.450   151.504    16.95    8.78
 166823.305   158.227    18.18    6.95
 167193.098   162.296    11.00    5.00
 167562.829   163.977     4.54    3.30
 167932.499   163.121    -2.31    4.28
 168302.107   159.937    -8.61    5.79
 168671.654   156.374    -9.64    5.27
 169041.140   153.146    -8.73    3.70
 169410.565   151.062    -5.64    3.16
 169779.928   149.011    -5.55    3.74
 170149.230   147.169    -4.99    3.11
 170518.471   145.569    -4.33    1.91
 170887.651   144.822    -2.02    1.18
 171256.769   144.564    -0.70    1.03
 171625.826   144.479    -0.23    1.32
 171994.823   144.108    -1.01    1.43
 172363.758   143.712    -1.07    1.46
 172732.632   143.425    -0.78    1.76
 173101.445   143.096    -0.89    1.88
 173470.198   142.653    -1.20    1.81
 173838.889   141.309    -3.64    2.64
 174207.519   139.907    -3.80    3.02
 174576.089   138.611    -3.51    2.33
 174944.598   137.729    -2.39    1.22
 175313.046   138.049     0.87    0.91
 175681.433   137.797    -0.68    1.28
 176049.759   137.618    -0.49    1.42
 176418.025   137.779     0.44    1.56
 176786.230   137.695    -0.23    1.40
 177154.374   138.400     1.92    1.88
 177522.458   139.566     3.17    2.97
 177890.481   140.414     2.30    3.86
 178258.443   139.615    -2.17    4.49
 178626.345   137.493    -5.77    5.08
 178994.186   135.784    -4.64    5.96
 179361.967   134.595    -3.23    5.30
 179729.688   133.241    -3.68    4.13
 180097.348   131.881    -3.70    4.63
 180464.948   130.861    -2.77    4.80
 180832.487   129.294    -4.26    3.85
 181199.966   129.037    -0.70    3.19
 181567.385   129.610     1.56    2.62
 181934.743   131.462     5.04    2.52
 182302.042   132.915     3.96    2.54
 182678.113   134.532     4.30    2.88
 183057.818   135.182     1.71    3.11
 183437.457   134.439    -1.96    4.04
 183817.032   133.257    -3.11    4.25
 184196.542   132.959    -0.79    3.87
 184575.987   132.938    -0.05    3.66
 184955.368   133.756     2.15    3.76
 185334.684   133.210    -1.44    4.23
 185713.935   131.654    -4.10    4.01
 186093.121   131.244    -1.08    3.04
 186472.243   132.596     3.57    3.68
 186851.301   134.608     5.31    3.42
 187230.293   136.563     5.16    3.19
 187609.222   138.015     3.83    2.56
 187988.085   138.094     0.21    2.42
 188366.885   138.246     0.40    2.13
 188745.620   137.561    -1.81    2.58
 189124.290   136.085    -3.90    3.62
 189502.896   133.777    -6.09    4.34
 189881.438   131.024    -7.27    3.71
 190259.916   129.067    -5.17    3.09
 190638.329   127.253    -4.80    2.71
 191016.678   125.528    -4.56    2.61
 191394.963   123.888    -4.34    2.28
 191773.184   122.949    -2.48    2.07
 192151.340   122.144    -2.13    1.56
 192529.433   122.286     0.37    1.69
 192907.461   121.641    -1.71    2.33
 193285.426   120.322    -3.49    2.58
 193663.326   119.259    -2.81    2.24
 194041.163   118.399    -2.27    1.53
 194418.936   117.951    -1.19    1.82
 194796.644   117.045    -2.40    2.03
 195174.289   115.893    -3.05    1.82
 195551.870   114.787    -2.93    1.91
 195929.388   113.887    -2.39    1.81
 196306.841   112.908    -2.59    2.00
 196684.231   112.156    -1.99    2.03
 197061.557   111.525    -1.67    2.03
 197438.820   111.764     0.63    2.43
 197816.018   113.388     4.30    3.37
 198193.154   115.296     5.06    3.41
 198570.225   116.694     3.71    2.15
 198947.234   116.438    -0.68    2.06
 199324.178   114.677    -4.67    2.80
 199701.059   113.466    -3.21    2.54
 200077.877   112.478    -2.62    2.38
 200454.631   111.751    -1.93    2.11
 200831.322   111.585    -0.44    2.10
 201207.950   111.006    -1.54    1.96
 201584.515   109.966    -2.76    1.89
 201961.016   109.496    -1.25    1.84
 202337.453   109.361    -0.36    1.83
 202713.828   109.306    -0.15    1.93
 203090.140   109.349     0.11    1.87
 203466.388   108.527    -2.18    2.38
 203842.573   107.045    -3.94    2.48
 204218.695   105.496    -4.12    2.25
 204594.754   103.764    -4.60    2.47
 204970.751   102.322    -3.84    2.47
 205346.684   101.361    -2.55    2.02
 205722.554   100.803    -1.49    1.82
 206098.361   100.452    -0.93    1.94
 206474.105   100.400    -0.14    2.31
 206849.787   100.187    -0.57    3.07
 207225.406   100.490     0.80    3.31
 207600.962   101.966     3.93    3.38
 207976.455   104.272     6.14    3.53
 208351.885   105.927     4.41    3.73
 208727.253   107.650     4.59    3.19
 209102.558   107.712     0.16    3.12
 209477.800   108.598     2.36    3.51
 209852.980   109.334     1.96    3.29
 210228.098   108.918    -1.11    4.05
 210603.152   108.291    -1.67    5.21
 210978.145   106.187    -5.61    5.40
 211353.074   104.320    -4.98    4.52
 211727.942   103.577    -1.98    3.33
 212102.747   103.867     0.78    2.79
 212477.489   104.608     1.98    2.50
 212852.169   105.045     1.17    2.33
 213226.787   106.634     4.24    2.58
 213601.343   108.257     4.33    3.10
 213975.836   109.543     3.43    3.19
 214350.267   109.699     0.42    4.35
 214724.636   108.307    -3.72    6.83
 215098.943   104.349   -10.57    9.30
 215473.188   101.227    -8.34    9.82
 215847.370    96.861   -11.67    8.86
 216221.491    94.454    -6.43    7.48
 216595.549    92.283    -5.80    5.16
 216969.546    91.598    -1.83    4.82
 217343.480    92.993     3.73    6.00
 217717.353    94.523     4.09    6.00
 218091.164    96.972     6.55    5.54
 218464.912    99.813     7.60    5.29
 218838.599   101.260     3.87    5.87
 219212.224   102.582     3.54    6.38
 219585.788   103.083     1.34    7.06
 219959.289   102.292    -2.12    7.37
 220332.729   101.036    -3.36    6.95
 220706.108    99.631    -3.76    6.41
 221079.424    97.966    -4.46    5.20
 221452.679    95.734    -5.98    5.06
 221825.872    92.761    -7.97    6.11
 222199.004    89.227    -9.47    6.19
 222572.074    86.131    -8.30    5.32
 222945.083    84.216    -5.13    4.16
 223318.030    82.977    -3.32    2.57
 223690.916    82.547    -1.15    1.67
 224063.740    82.959     1.10    1.61
 224436.503    82.782    -0.47    1.78
 224809.205    83.244     1.24    2.24
 225181.845    84.049     2.16    2.72
 225554.424    84.746     1.87    2.68
 225926.942    86.374     4.37    2.34
 226299.399    86.900     1.41    2.25
 226671.794    86.777    -0.33    2.12
 227044.128    85.835    -2.53    2.93
 227416.401    84.374    -3.92    2.84
 227788.613    83.644    -1.96    2.76
 228160.764    84.134     1.31    3.75
 228532.854    85.848     4.61    5.45
 228904.883    89.002     8.48    8.11
 229276.851    92.506     9.42    9.40
 229648.758    93.027     1.40    9.30
 230020.604    92.454    -1.54    8.79
 230392.389    93.374     2.47    8.93
 230764.113    94.814     3.87    9.68
 231135.776    96.220     3.78    9.85
 231507.379    95.955    -0.71    9.44
 231878.921    96.549     1.60    8.94
 232250.402    97.082     1.44    9.26
 232621.822    96.899    -0.49    9.53
 232993.182    96.018    -2.37    8.84
 233364.481    95.624    -1.06    9.04
 233735.719    97.045     3.83    9.15
 234106.897    97.387     0.92    8.60
 234478.014    98.417     2.77    8.33
 234849.071   100.532     5.70    9.80
 235220.067   103.854     8.95   10.64
 235591.003   104.677     2.22   10.93
 235961.878   101.721    -7.97   11.13
 236332.693    99.551    -5.85    9.65
 236703.448    98.402    -3.10    7.94
 237074.142    99.475     2.90    8.17
 237444.776   102.457     8.04    8.86
 237815.350   106.203    10.11    9.61
 238185.863   107.347     3.09   10.70
 238556.316   106.414    -2.52   10.66
 238926.709   105.760    -1.76    9.35
 239297.042   103.427    -6.30    8.02
 239667.314   102.621    -2.18    7.26
 240037.527   101.690    -2.51    6.98
 240407.679   102.360     1.81    7.90
 240777.771   100.951    -3.81    8.09
 241147.804    99.555    -3.77    7.37
 241517.776    99.087    -1.26    7.26
 241887.688    99.652     1.53    8.21
 242257.541   101.959     6.24    8.90
 242627.333   103.045     2.94    8.82
 242997.066   101.611    -3.88    8.74
 243366.739   101.160    -1.22    9.20
 243736.352   101.814     1.77    9.76
 244105.905   101.163    -1.76    9.28
 244475.398   100.572    -1.60    7.38
 244844.832   100.999     1.16    6.75
 245214.206   103.842     7.69    8.06
 245583.521   105.430     4.30    7.91
 245952.775   107.562     5.77    7.38
 246321.970   108.235     1.82    6.91
 246691.106   108.784     1.49    7.28
 247060.182   110.073     3.49    6.99
 247429.198   111.137     2.88    6.94
 247798.155   112.497     3.69    6.41
 248167.053   113.572     2.91    6.30
 248535.891   113.403    -0.46    7.37
 248904.670   112.322    -2.93    7.91
 249273.389   111.985    -0.91    8.14
 249642.049   111.229    -2.05    8.00
 250010.650   111.416     0.51    7.15
 250379.191   111.674     0.70    6.32
 250747.673   113.569     5.14    5.47
 251116.096   114.977     3.82    4.83
 251484.460   117.096     5.75    5.18
 251852.764   119.387     6.22    4.41
 252221.009   121.730     6.36    4.51
 252589.196   125.072     9.07    5.03
 252957.323   128.235     8.59    5.10
 253325.391   130.387     5.85    4.41
 253693.400   131.117     1.98    3.74
 254061.350   132.190     2.92    4.07
 254429.241   132.888     1.90    4.33
 254797.073   135.161     6.18    4.55
 255164.847   136.307     3.11    3.39
 255532.561   135.887    -1.14    3.74
 255900.216   135.658    -0.62    4.08
 256267.813   135.792     0.36    4.08
 256635.351   136.237     1.21    4.27
 257002.830   136.233    -0.01    4.24
 257376.227   137.212     2.62    4.06
 257755.800   137.782     1.50    4.23
 258135.309   138.707     2.44    4.18
 258514.755   139.861     3.04    4.86
 258894.138   141.938     5.47    5.36
 259273.458   143.050     2.93    5.12
 259652.715   144.577     4.03    3.85
 260031.909   144.716     0.37    3.32
 260411.040   142.927    -4.72    4.08
 260790.108   140.814    -5.57    4.61
 261169.113   137.478    -8.80    5.55
 261548.055   133.834    -9.62    6.01
 261926.934   133.070    -2.01    5.51
 262305.751   133.610     1.42    6.12
 262684.505   134.690     2.85    5.28
 263063.196   135.018     0.87    3.92
 263441.824   134.507    -1.35    3.92
 263820.389   133.239    -3.35    3.64
 264198.892   131.753    -3.93    4.30
 264577.333   129.900    -4.89    4.73
 264955.710   128.335    -4.14    4.28
 265334.026   126.979    -3.58    4.25
 265712.278   125.561    -3.75    4.86
 266090.468   123.938    -4.29    5.98
 266468.596   123.292    -1.71    5.35
 266846.661   124.184     2.36    5.16
 267224.664   125.180     2.63    5.04
 267602.605   126.298     2.96    4.63
 267980.483   126.936     1.69    4.40
 268358.299   125.733    -3.18    6.21
 268736.052   123.894    -4.87    6.63
 269113.743   123.716    -0.47    6.25
 269491.372   123.192    -1.39    6.27
 269868.939   123.045    -0.39    6.84
 270246.444   124.563     4.02    7.06
 270623.887   124.662     0.26    6.71
 271001.267   126.814     5.70    6.64
 271378.586   129.888     8.14    5.90
 271755.842   132.894     7.97    6.16
 272133.036   135.291     6.35    4.96
 272510.169   136.792     3.98    4.21
 272887.239   137.777     2.61    3.21
 273264.248   137.843     0.17    2.56
 273641.195   138.077     0.62    2.57
 274018.080   139.143     2.83    2.43
 274394.903   140.256     2.95    2.61
 274771.664   141.861     4.26    3.10
 275148.364   143.006     3.04    2.87
 275525.001   143.627     1.65    2.49
 275901.578   143.758     0.35    2.39
 276278.092   143.550    -0.55    2.79
 276654.545   144.374     2.19    3.43
 277030.936   144.881     1.35    3.27
 277407.266   145.993     2.95    3.35
 277783.534   145.902    -0.24    3.52
 278159.741   145.716    -0.49    3.18
 278535.886   145.694    -0.06    3.25
 278911.970   145.210    -1.29    2.44
 279287.992   145.169    -0.11    1.86
 279663.953   144.478    -1.84    2.06
 280039.852   143.294    -3.15    2.28
 280415.691   142.677    -1.64    2.20
 280791.468   141.787    -2.37    2.13
 281167.183   141.177    -1.63    2.41
 281542.838   139.874    -3.47    3.13
 281918.431   138.171    -4.53    3.26
 282293.963   136.319    -4.93    2.71
 282669.434   135.563    -2.01    2.53
 283044.844   135.454    -0.29    1.94
 283420.193   135.874     1.12    1.63
 283795.480   136.164     0.77    1.53
 284170.707   136.832     1.78    1.36
 284545.873   136.987     0.41    1.34
 284920.978   137.638     1.73    1.70
 285296.021   138.311     1.79    1.86
 285671.004   138.685     1.00    2.21
 286045.926   140.062     3.67    3.32
 286420.788   141.482     3.79    5.02
 286795.588   143.205     4.60    6.44
 287170.328   145.058     4.94    7.43
 287545.007   145.256     0.53    7.65
 287919.625   144.493    -2.04    6.78
 288294.182   144.453    -0.11    5.93
 288668.679   145.144     1.85    5.86
 289043.115   146.521     3.68    5.19
 289417.491   147.018     1.33    4.64
 289791.806   145.867    -3.07    5.04
 290166.061   142.534    -8.90    4.83
 290540.255   141.942    -1.58    5.38
 290914.388   142.427     1.30    5.49
 291288.461   143.501     2.87    3.98
 291662.474   142.137    -3.64    4.82
 292036.426   139.957    -5.83    4.14
 292410.318   139.220    -1.97    3.34
 292784.150   138.971    -0.67    3.47
 293157.921   139.887     2.45    3.22
 293531.632   140.895     2.70    3.40
 293905.283   141.959     2.85    3.66
 294278.873   142.761     2.15    3.68
 294652.404   141.334    -3.82    4.69
 295025.874   137.210   -11.04    7.64
 295399.284   133.207   -10.72    7.84
 295772.634   129.374   -10.26    6.08
