# NaN NaN NaN ;Mean Elev.(m), Avg Gradient(m/km), RMS Gradient(m/km) - SRTM1     
#    2.457  -6.003  12.512 ;Mean Elev.(m), Avg Gradient(m/km), RMS Gradient(m/km) - ASTER GDEM
#    1.382  -5.993  12.581 ;Mean Elev.(m), Avg Gradient(m/km), RMS Gradient(m/km) - GMTED2010 
  7     1.136 52467.24879179 21.16  84.290682  69.698430 14.563
  7     1.446 52467.24879243 21.07  84.286380  69.695426  9.577
  7     1.930 52467.24879308 21.92  84.282080  69.692436  9.577
  7     2.261 52467.24879372 29.47  84.277790  69.689436  9.577
  7     3.511 52467.24879565 25.59  84.264900  69.680436  9.577
  7     1.347 52467.24879630 25.89  84.260610  69.677446  9.577
  7     1.053 52467.24879694 25.33  84.256320  69.674446  9.577
  7     0.843 52467.24879759 25.91  84.252020  69.671446  9.577
  7     0.585 52467.24879823 26.86  84.247730  69.668446  9.577
  9    57.352 52537.24876847  8.00  84.311708  69.696393 12.362
  9    49.505 52537.24876911 11.94  84.307408  69.693393 12.362
  9    45.108 52537.24876976 12.57  84.303108  69.690403 12.362
  9     7.215 52537.24877040 15.00  84.298808  69.687403 12.362
  9     6.392 52537.24877298 23.13  84.281617  69.675409 14.015
  9     6.445 52537.24877362 15.95  84.277317  69.672419 14.015
  9     6.429 52537.24877427 13.27  84.273027  69.669419 14.015
  9     4.443 52537.24877491 15.01  84.268727  69.666419 14.015
  9     2.904 52537.24877556 14.72  84.264437  69.663419 14.015
  9     1.806 52537.24877620 16.24  84.260147  69.660419 14.015
  9     2.299 52537.24877685 16.42  84.255857  69.657419 14.015
 10    49.592 52572.24880612 11.08  84.294630  69.699178  5.748
 10    48.299 52572.24880676  9.92  84.290330  69.696178  5.748
 10    47.076 52572.24880741  9.51  84.286030  69.693188  5.748
 10     0.639 52572.24880999 30.13  84.268845  69.681198  6.966
 10     0.651 52572.24881063 30.34  84.264545  69.678198  6.966
 10     1.089 52572.24881128 32.72  84.260255  69.675198  6.966
 10     1.310 52572.24881192 32.64  84.255965  69.672198  6.966
 10     1.689 52572.24881256 31.71  84.251675  69.669198  6.966
 10     1.832 52572.24881321 32.66  84.247385  69.666198  6.966
 10     1.544 52572.24881385 34.37  84.243095  69.663208  6.966
 10     1.507 52572.24881450 35.16  84.238805  69.660208  6.966
 10     1.375 52572.24881514 34.55  84.234525  69.657208  6.966
 11    48.344 52607.24876371  5.53  84.287459  69.698083  3.662
 11    47.241 52607.24876435  5.76  84.283159  69.695083  3.662
 11    46.365 52607.24876500  5.30  84.278859  69.692093  3.662
 11    44.299 52607.24876564  5.35  84.274559  69.689093  3.662
 11     0.127 52607.24876822 17.68  84.257389  69.677093  3.662
 11    -0.013 52607.24876887 17.24  84.253099  69.674103  3.662
 11     0.305 52607.24876951 16.35  84.248809  69.671103  3.662
 11     0.556 52607.24877016 16.37  84.244519  69.668103  3.662
 11     0.531 52607.24877080 16.09  84.240229  69.665103  3.662
 11     0.490 52607.24877144 16.00  84.235949  69.662103  3.662
 11     0.379 52607.24877209 16.32  84.231659  69.659103  3.662
 11     0.484 52607.24877273 16.27  84.227379  69.656103  3.662
 12    49.391 52642.24876251  2.74  84.299405  69.696022  3.143
 12    47.944 52642.24876315  2.91  84.295095  69.693032  3.143
 12    46.745 52642.24876380  2.17  84.290795  69.690032  3.143
 12    45.453 52642.24876444  2.09  84.286505  69.687032  3.143
 12    31.421 52642.24876637  7.69  84.273615  69.678042  3.143
 12    -0.312 52642.24876831 13.91  84.260737  69.669049  2.437
 12    -0.071 52642.24876895 13.93  84.256437  69.666049  2.437
 12     0.176 52642.24876960 12.68  84.252147  69.663049  2.437
 12     0.333 52642.24877024 12.36  84.247867  69.660049  2.437
 12     0.280 52642.24877089 12.43  84.243577  69.657049  2.437
 12     0.015 52642.24877153 12.22  84.239287  69.654059  2.437
 12    -0.100 52642.24877218 12.02  84.235007  69.651059  2.437
 13    49.692 52677.24874804  1.82  84.289034  69.700615  3.723
 13    48.692 52677.24874869  1.49  84.284734  69.697625  3.723
 13    47.001 52677.24874933  0.94  84.280434  69.694625  3.723
 13    45.166 52677.24874998  1.15  84.276134  69.691625  3.723
 13    44.910 52677.24875062  1.30  84.271844  69.688625  3.723
 13    41.881 52677.24875191  0.25  84.263254  69.682635  3.723
 13    30.219 52677.24875256  5.87  84.258954  69.679635  3.723
 13    -0.207 52677.24875449 11.12  84.246084  69.670635  3.723
 13    -0.562 52677.24875514 11.26  84.241794  69.667635  3.723
 13    -0.323 52677.24875578 11.19  84.237514  69.664635  3.723
 13    -0.517 52677.24875643 10.72  84.233227  69.661646  1.874
 13    -0.174 52677.24875707 10.18  84.228937  69.658646  1.874
 13    -0.184 52677.24875771 10.43  84.224657  69.655646  1.874
 14    50.923 52712.24878012  0.37  84.300923  69.697295  2.436
 14    49.618 52712.24878077  0.40  84.296623  69.694295  2.436
 14    47.722 52712.24878141  0.70  84.292323  69.691295  2.436
 14    39.976 52712.24878399  0.76  84.275133  69.679305  2.436
 14    29.380 52712.24878463  5.04  84.270833  69.676305  2.436
 14    -0.409 52712.24878592 11.12  84.262252  69.670314  2.729
 14    -0.242 52712.24878657 11.20  84.257962  69.667314  2.729
 14    -0.171 52712.24878721 10.48  84.253672  69.664314  2.729
 14     0.377 52712.24878786 10.07  84.249382  69.661314  2.729
 14    -0.191 52712.24878850  9.71  84.245092  69.658314  2.729
 14    -0.174 52712.24878915  9.76  84.240802  69.655324  2.729
 14     0.139 52712.24878979  9.90  84.236522  69.652324  2.729
 15    50.666 52747.24880677  1.00  84.278673  69.702030  2.246
 15    48.923 52747.24880742  0.54  84.274373  69.699030  2.246
 15    47.372 52747.24880806  0.48  84.270083  69.696030  2.246
 15    47.129 52747.24880871  0.21  84.265783  69.693030  2.246
 15    39.797 52747.24881129  1.83  84.248603  69.681040  2.246
 15     0.332 52747.24881322 10.20  84.235733  69.672041  3.022
 15     0.204 52747.24881386 10.83  84.231443  69.669041  3.022
 15     0.126 52747.24881451 11.10  84.227153  69.666041  3.022
 15     0.463 52747.24881515 10.44  84.222863  69.663051  3.022
 15     0.538 52747.24881580 10.35  84.218583  69.660051  3.022
 15     0.371 52747.24881644 10.52  84.214303  69.657051  3.022
 16    50.682 52782.24874601 12.64  84.308690  69.696994 13.031
 16    50.609 52782.24874665  9.71  84.304390  69.693994 13.031
 16    -4.415 52782.24875052 42.96  84.278590  69.676014 13.031
 16     3.155 52782.24875117 28.61  84.274300  69.673014 13.031
 16     3.352 52782.24875181 24.00  84.270010  69.670014 13.031
 16     3.207 52782.24875246 23.94  84.265710  69.667014 13.031
 16     3.212 52782.24875310 23.47  84.261422  69.664020 21.351
 16     3.104 52782.24875374 24.15  84.257132  69.661020 21.351
 16     2.617 52782.24875439 25.63  84.252842  69.658020 21.351
 17    47.918 52817.24882571 10.03  84.303462  69.694895 17.154
 17     7.550 52817.24882636 11.77  84.299162  69.691895 17.154
 17     7.204 52817.24882700 16.12  84.294862  69.688895 17.154
 17     7.708 52817.24882765 24.65  84.290562  69.685895 17.154
 17     5.698 52817.24882958 24.06  84.277672  69.676905 17.154
 17     6.149 52817.24883023 17.13  84.273372  69.673905 17.154
 17     5.377 52817.24883087 13.42  84.269077  69.670915  8.052
 17     4.618 52817.24883152 12.51  84.264787  69.667915  8.052
 17     3.372 52817.24883216 12.14  84.260497  69.664915  8.052
 17     2.871 52817.24883280 12.00  84.256207  69.661915  8.052
 17     2.442 52817.24883345 12.19  84.251917  69.658915  8.052
 17     2.002 52817.24883409 12.45  84.247627  69.655915  8.052
 17     2.365 52817.24883474 12.48  84.243337  69.652925  8.052
 17     3.860 52817.24883538 11.66  84.239057  69.649925  8.052
 18    55.750 52852.24887615  5.75  84.299897  69.695813 15.730
 18    47.953 52852.24887680  7.38  84.295597  69.692813 15.730
 18     1.695 52852.24888324 14.65  84.252651  69.662829 15.312
 18    -0.002 52852.24888389 18.80  84.248361  69.659829 15.312
 18     0.810 52852.24888453 18.78  84.244081  69.656839 15.312
 18     1.229 52852.24888518 20.59  84.239791  69.653839 15.312
 18     1.752 52852.24888582 24.96  84.235511  69.650839 15.312
 20    47.948 52922.24886487 16.89  84.283648  69.701340  8.949
 20    46.908 52922.24886552 14.87  84.279348  69.698340  8.949
 20     0.946 52922.24886745 29.33  84.266458  69.689350  8.949
 20     0.886 52922.24886874 31.01  84.257868  69.683350  8.949
 20     0.541 52922.24886938 27.29  84.253578  69.680350  8.949
 20     0.527 52922.24887003 25.68  84.249288  69.677350  8.949
 20     0.057 52922.24887067 24.60  84.244998  69.674350  8.949
 20    -0.489 52922.24887132 23.46  84.240708  69.671360  8.949
 20     1.326 52922.24887196 22.61  84.236421  69.668353 13.680
 20     1.290 52922.24887261 22.36  84.232131  69.665363 13.680
 20     1.178 52922.24887325 21.51  84.227851  69.662363 13.680
 21    50.379 52957.24883078  7.87  84.307267  69.694586  4.190
 21    49.343 52957.24883143  7.29  84.302957  69.691596  4.190
 21    47.911 52957.24883207  7.59  84.298657  69.688596  4.190
 21    44.177 52957.24883272  9.62  84.294367  69.685596  4.190
 21     4.141 52957.24883465 18.11  84.281477  69.676606  4.190
 21     0.394 52957.24883594 19.96  84.272887  69.670606  4.190
 21     0.627 52957.24883659 19.49  84.268601  69.667613  2.570
 21     0.739 52957.24883723 18.80  84.264301  69.664613  2.570
 21     1.031 52957.24883788 18.72  84.260011  69.661613  2.570
 21     0.859 52957.24883852 18.70  84.255731  69.658613  2.570
 21     0.924 52957.24883917 18.96  84.251441  69.655613  2.570
 21     0.470 52957.24883981 18.66  84.247151  69.652623  2.570
 21     0.784 52957.24884045 18.44  84.242871  69.649623  2.570
 21     0.191 52957.24884110 18.57  84.238591  69.646623  2.570
 22    50.028 52992.24885192  2.65  84.301881  69.698195  2.735
 22    49.039 52992.24885257  2.73  84.297581  69.695195  2.735
 22    47.846 52992.24885321  3.30  84.293281  69.692205  2.735
 22    46.903 52992.24885386  2.01  84.288981  69.689205  2.735
 22     4.579 52992.24885644  9.21  84.271799  69.677217  3.090
 22     3.409 52992.24885708 11.90  84.267509  69.674217  3.090
 22    -0.215 52992.24885773 14.03  84.263219  69.671217  3.090
 22    -0.249 52992.24885837 14.24  84.258929  69.668217  3.090
 22    -0.282 52992.24885901 13.67  84.254639  69.665217  3.090
 22    -0.108 52992.24885966 13.20  84.250349  69.662227  3.090
 22    -0.031 52992.24886030 12.73  84.246059  69.659227  3.090
 22     0.208 52992.24886095 12.65  84.241779  69.656227  3.090
 22    -0.034 52992.24886159 12.78  84.237489  69.653227  3.090
 23    48.736 53027.24881770  1.70  84.287276  69.699243  2.804
 23    47.772 53027.24881834  1.17  84.282976  69.696243  2.804
 23    46.450 53027.24881898  0.55  84.278676  69.693253  2.804
 23    44.547 53027.24881963  0.74  84.274386  69.690253  2.804
 23    38.828 53027.24882156  3.11  84.261498  69.681256  3.396
 23    29.699 53027.24882221  5.77  84.257208  69.678256  3.396
 23    -0.860 53027.24882414 13.59  84.244338  69.669266  3.396
 23    -0.559 53027.24882479 12.41  84.240058  69.666266  3.396
 23    -0.536 53027.24882543 12.37  84.235768  69.663266  3.396
 23    -0.525 53027.24882608 12.12  84.231488  69.660266  3.396
 23    -0.527 53027.24882672 11.93  84.227198  69.657266  3.396
 24    49.996 53062.24882657  0.02  84.302283  69.697050  2.350
 24    47.006 53062.24882786  0.03  84.293683  69.691050  2.350
 24    33.836 53062.24883108  3.46  84.272204  69.676068  3.094
 24    -0.788 53062.24883301 12.91  84.259334  69.667068  3.094
 24    -1.105 53062.24883366 12.04  84.255044  69.664068  3.094
 24    -0.606 53062.24883430 11.56  84.250754  69.661078  3.094
 24    -0.640 53062.24883495 11.38  84.246464  69.658078  3.094
 24    -0.464 53062.24883559 11.21  84.242184  69.655078  3.094
 24    -0.554 53062.24883624 11.20  84.237894  69.652078  3.094
 25    -1.429 53097.24885608 11.43  84.232310  69.669684  3.194
 25    -1.584 53097.24885672 11.41  84.228017  69.666686  2.172
 25    -1.181 53097.24885737 10.83  84.223727  69.663686  2.172
 25    -1.088 53097.24885801 10.25  84.219447  69.660686  2.172
 25    -1.043 53097.24885866 10.12  84.215167  69.657686  2.172
 25    -0.829 53097.24885930  9.89  84.210877  69.654686  2.172
 26    29.808 53132.24882814  3.04  84.274799  69.674226  2.618
 26     0.082 53132.24882878  8.55  84.270509  69.671226  2.618
 26    -0.381 53132.24882943 10.32  84.266219  69.668226  2.618
 26    -1.352 53132.24883007 10.91  84.261929  69.665227  2.118
 26    -1.378 53132.24883072 11.29  84.257639  69.662227  2.118
 26    -0.689 53132.24883136  9.95  84.253349  69.659227  2.118
 26    -0.539 53132.24883201  9.83  84.249059  69.656227  2.118
 26    -0.615 53132.24883265  9.71  84.244779  69.653237  2.118
 26    -0.628 53132.24883330  9.76  84.240499  69.650237  2.118
 28    50.344 53202.24890104  7.65  84.294931  69.699119 16.465
 28    48.393 53202.24890168  8.37  84.290631  69.696129 16.465
 28     7.338 53202.24890233 10.88  84.286331  69.693129 16.465
 28     7.549 53202.24890297 11.93  84.282031  69.690129 16.465
 28     6.064 53202.24890491 26.13  84.269141  69.681139 16.465
 28     5.868 53202.24890555 15.30  84.264841  69.678139 16.465
 28     5.353 53202.24890620 13.57  84.260551  69.675139 16.465
 28     4.274 53202.24890684 14.44  84.256257  69.672142 15.974
 28     3.931 53202.24890749 14.72  84.251967  69.669142 15.974
 28     1.472 53202.24890813 15.20  84.247677  69.666142 15.974
 28     0.845 53202.24890878 17.75  84.243397  69.663142 15.974
 28     0.509 53202.24890942 20.63  84.239107  69.660142 15.974
 29    47.196 53237.24887026 13.81  84.290409  69.699056 12.497
 29     2.105 53237.24887091 17.67  84.286109  69.696066 12.497
 29     3.633 53237.24887155 16.42  84.281809  69.693066 12.497
 29     4.933 53237.24887220 20.05  84.277519  69.690066 12.497
 29     3.469 53237.24887413 28.24  84.264629  69.681076 12.497
 29     0.479 53237.24887478 25.01  84.260339  69.678076 12.497
 30    55.496 53272.24882709 11.32  84.313040  69.693575 12.472
 30    54.641 53272.24882773  8.53  84.308740  69.690575 12.472
 30     5.084 53272.24883095 28.83  84.287250  69.675585 12.472
 30     4.978 53272.24883160 24.41  84.282950  69.672595 12.472
 30     5.267 53272.24883224 21.47  84.278660  69.669595 12.472
 30     5.154 53272.24883289 17.64  84.274360  69.666595 12.472
 30     4.279 53272.24883353 17.10  84.270070  69.663595 12.472
 30     2.710 53272.24883418 18.60  84.265777  69.660602 11.591
 30     0.523 53272.24883482 19.57  84.261487  69.657602 11.591
 30     1.053 53272.24883547 20.38  84.257207  69.654602 11.591
 30     1.424 53272.24883611 22.32  84.252917  69.651602 11.591
 30     1.592 53272.24883676 24.84  84.248627  69.648602 11.591
 31    48.446 53307.24889139 12.67  84.294104  69.697907  5.967
 31    47.359 53307.24889204 13.05  84.289804  69.694907  5.967
 31    38.084 53307.24889268 19.43  84.285504  69.691907  5.967
 31     1.225 53307.24889526 25.28  84.268314  69.679917  5.967
 31     1.691 53307.24889590 27.30  84.264024  69.676917  5.967
 31     1.842 53307.24889655 25.99  84.259724  69.673917  5.967
 31     1.550 53307.24889719 25.69  84.255434  69.670917  5.967
 31     1.615 53307.24889784 25.01  84.251144  69.667927  5.967
 31     1.159 53307.24889848 25.45  84.246854  69.664927  5.967
 31     0.928 53307.24889913 25.16  84.242562  69.661927  6.733
 36    50.860 53482.24890444  0.58  84.293230  69.697138  2.529
 36    49.697 53482.24890509  0.23  84.288930  69.694138  2.529
 36    35.840 53482.24890896  1.80  84.263150  69.676148  2.529
 36     1.269 53482.24890960  4.91  84.258850  69.673158  2.529
 36     0.068 53482.24891025  8.84  84.254560  69.670158  2.529
 36    -0.203 53482.24891089  9.11  84.250270  69.667158  2.529
 36     0.265 53482.24891154  9.45  84.245985  69.664159  2.061
 36     0.366 53482.24891218  8.65  84.241695  69.661159  2.061
 36     0.668 53482.24891282  8.12  84.237405  69.658159  2.061
 36     0.304 53482.24891347  7.96  84.233115  69.655159  2.061
 37    49.922 53517.24890550  3.22  84.293436  69.700173  7.723
 37    48.987 53517.24890614  3.42  84.289136  69.697173  7.723
 37    47.390 53517.24890679  3.16  84.284836  69.694173  7.723
 37     4.400 53517.24891001 29.85  84.263356  69.679183  7.723
 37     3.897 53517.24891065 25.37  84.259066  69.676183  7.723
 37     4.062 53517.24891130 23.46  84.254776  69.673183  7.723
 37     3.919 53517.24891194 24.29  84.250486  69.670183  7.723
 37     3.088 53517.24891259 24.89  84.246196  69.667193  7.723
 37     4.649 53517.24891323 24.69  84.241906  69.664187 12.998
 37     4.761 53517.24891388 23.70  84.237616  69.661187 12.998
 38    48.406 53552.24892660 12.34  84.286725  69.700410  9.770
 38    47.692 53552.24892724  9.82  84.282425  69.697410  9.770
 38    45.986 53552.24892789 10.09  84.278125  69.694410  9.770
 38     4.941 53552.24892853 15.20  84.273825  69.691410  9.770
 38     5.058 53552.24893047 19.07  84.260935  69.682420  9.770
 38     4.684 53552.24893111 14.94  84.256645  69.679420  9.770
 38     4.088 53552.24893176 14.17  84.252355  69.676420  9.770
 38     3.138 53552.24893240 14.66  84.248065  69.673420  9.770
 38     1.924 53552.24893305 15.29  84.243775  69.670420  9.770
 38     1.283 53552.24893369 16.66  84.239485  69.667430  9.770
 38     0.693 53552.24893434 20.03  84.235195  69.664425 14.928
 38     0.687 53552.24893498 23.01  84.230905  69.661425 14.928
 38     0.645 53552.24893562 24.08  84.226625  69.658425 14.928
 38     2.311 53552.24893627 26.28  84.222335  69.655435 14.928
 39    48.207 53587.24888026  7.79  84.288457  69.698589  9.979
 39    47.683 53587.24888090  5.03  84.284157  69.695589  9.979
 39    45.225 53587.24888155 10.91  84.279857  69.692589  9.979
 39     0.484 53587.24888412 30.17  84.262677  69.680599  9.979
 39     0.298 53587.24888477 22.51  84.258387  69.677599  9.979
 39     0.461 53587.24888541 20.26  84.254097  69.674599  9.979
 39     0.281 53587.24888606 18.08  84.249807  69.671599  9.979
 39     0.624 53587.24888670 19.09  84.245517  69.668599  9.979
 39     1.590 53587.24888735 18.97  84.241227  69.665609  9.979
 40    49.045 53622.24884710  9.31  84.302526  69.694971 13.032
 40     5.837 53622.24884774 13.73  84.298226  69.691971 13.032
 40     5.447 53622.24884839 16.44  84.293926  69.688971 13.032
 40    -0.308 53622.24885097 32.69  84.276726  69.676981 13.032
 40     4.445 53622.24885161 20.83  84.272436  69.673991 13.032
 40     3.644 53622.24885226 17.82  84.268146  69.670991 13.032
 40     3.682 53622.24885290 15.21  84.263846  69.667991 13.032
 40     1.685 53622.24885355 15.97  84.259556  69.664991 13.032
 40     0.946 53622.24885419 16.74  84.255271  69.661997 19.095
 40     0.591 53622.24885483 17.38  84.250981  69.658997 19.095
 40     1.271 53622.24885548 18.60  84.246691  69.655997 19.095
 41    50.409 53657.24887456 19.54  84.300562  69.697936  9.777
 41    48.624 53657.24887521 18.82  84.296262  69.694936  9.777
 41    47.810 53657.24887585 16.84  84.291962  69.691936  9.777
 41    44.452 53657.24887650 17.04  84.287662  69.688936  9.777
 41     5.058 53657.24887843 29.99  84.274772  69.679946  9.777
 41     5.111 53657.24887908 23.64  84.270482  69.676946  9.777
 41    31.676 53657.24887972 17.26  84.266182  69.673946  9.777
 41     2.961 53657.24888165 17.36  84.253312  69.664956  9.777
 41     1.341 53657.24888230 17.87  84.249022  69.661958 14.065
 41     1.342 53657.24888294 18.98  84.244732  69.658958 14.065
 41     1.604 53657.24888359 19.92  84.240442  69.655958 14.065
 42    48.770 53692.24885993  5.13  84.285046  69.698819  4.452
 42    47.658 53692.24886057  5.07  84.280746  69.695819  4.452
 42    46.804 53692.24886122  4.68  84.276446  69.692819  4.452
 42    45.427 53692.24886186  4.41  84.272146  69.689819  4.452
 42     0.376 53692.24886444 20.10  84.254976  69.677829  4.452
 42     0.403 53692.24886508 20.06  84.250686  69.674829  4.452
 42     0.376 53692.24886573 20.15  84.246396  69.671829  4.452
 42     0.950 53692.24886637 19.09  84.242106  69.668829  4.452
 42     0.887 53692.24886702 18.98  84.237816  69.665839  4.452
 42     0.963 53692.24886766 19.25  84.233533  69.662832  4.030
 42     1.014 53692.24886831 18.74  84.229243  69.659832  4.030
 42     1.130 53692.24886895 19.08  84.224963  69.656842  4.030
 43    48.699 53727.24878315  4.89  84.279303  69.701214  3.862
 43    47.902 53727.24878380  4.68  84.275003  69.698224  3.862
 43    46.391 53727.24878444  3.77  84.270713  69.695224  3.862
 43    45.778 53727.24878509  3.46  84.266413  69.692224  3.862
 43    42.520 53727.24878637  3.61  84.257823  69.686224  3.862
 43    -0.327 53727.24878895 14.76  84.240663  69.674234  3.862
 43    -0.504 53727.24878960 15.01  84.236373  69.671234  3.862
 43    -0.381 53727.24879024 13.95  84.232093  69.668234  3.862
 43    -0.066 53727.24879089 13.77  84.227803  69.665234  3.862
 43     0.266 53727.24879153 13.80  84.223516  69.662240  2.074
 43     0.085 53727.24879218 14.18  84.219236  69.659240  2.074
 43     0.120 53727.24879282 13.96  84.214956  69.656240  2.074
 44    50.641 53762.24873738  2.79  84.311060  69.695708  3.443
 44    50.406 53762.24873803  2.24  84.306760  69.692708  3.443
 44    48.705 53762.24873867  1.85  84.302460  69.689708  3.443
 44    47.407 53762.24873931  1.61  84.298160  69.686708  3.443
 44    28.186 53762.24874189  7.96  84.280980  69.674718  3.443
 44    -0.182 53762.24874318 13.09  84.272390  69.668728  3.443
 44    -0.422 53762.24874383 13.68  84.268100  69.665728  3.443
 44    -0.467 53762.24874447 13.21  84.263810  69.662728  3.443
 44    -0.366 53762.24874512 12.89  84.259524  69.659730  1.945
 44    -0.346 53762.24874576 12.58  84.255234  69.656730  1.945
 44     0.216 53762.24874641 12.39  84.250944  69.653730  1.945
 44    -0.184 53762.24874705 12.22  84.246664  69.650730  1.945
 44     0.026 53762.24874770 12.34  84.242374  69.647740  1.945
 45    50.288 53797.24874946  2.10  84.286055  69.699777  3.458
 45    49.258 53797.24875010  1.32  84.281755  69.696777  3.458
 45    47.265 53797.24875075  1.70  84.277455  69.693777  3.458
 45    45.764 53797.24875139  1.35  84.273165  69.690777  3.458
 45    42.067 53797.24875333  0.48  84.260275  69.681787  3.458
 45    28.858 53797.24875397  6.63  84.255985  69.678787  3.458
 45    -0.619 53797.24875591 12.92  84.243115  69.669787  3.458
 45    -0.739 53797.24875655 12.68  84.238825  69.666787  3.458
 45    -0.467 53797.24875720 11.58  84.234542  69.663797  1.921
 45    -0.535 53797.24875784 11.01  84.230262  69.660797  1.921
 45    -0.331 53797.24875849 10.84  84.225972  69.657797  1.921
 45    -0.217 53797.24875913 10.90  84.221692  69.654797  1.921
 47    50.808 53867.24880829  0.15  84.296770  69.696370  2.808
 47    27.784 53867.24881280  4.40  84.266690  69.675380  2.808
 47     0.398 53867.24881345  8.02  84.262400  69.672380  2.808
 47     0.497 53867.24881409  8.87  84.258110  69.669390  2.808
 47     0.085 53867.24881474  8.93  84.253810  69.666390  2.808
 47    -0.227 53867.24881538  9.22  84.249520  69.663390  2.808
 47     0.657 53867.24881603  8.54  84.245235  69.660389  1.787
 47     0.118 53867.24881667  8.17  84.240945  69.657389  1.787
 47     0.253 53867.24881732  7.99  84.236665  69.654389  1.787
 47     0.611 53867.24881796  8.02  84.232375  69.651399  1.787
 48    51.227 53902.24883818  9.53  84.293464  69.698551  9.526
 48    49.423 53902.24883882 11.44  84.289164  69.695551  9.526
 48    37.734 53902.24884011 13.44  84.280564  69.689561  9.526
 48     6.725 53902.24884204 16.91  84.267674  69.680561  9.526
 48     6.360 53902.24884269 14.94  84.263384  69.677561  9.526
 48     6.051 53902.24884333 14.12  84.259094  69.674561  9.526
 48     5.632 53902.24884398 14.36  84.254804  69.671571  9.526
 48     5.713 53902.24884462 13.28  84.250514  69.668571  9.526
 48     5.152 53902.24884527 13.30  84.246221  69.665569  7.354
 48     5.451 53902.24884591 13.38  84.241931  69.662569  7.354
 48     5.613 53902.24884656 12.75  84.237651  69.659569  7.354
 48     6.101 53902.24884720 12.15  84.233361  69.656569  7.354
 49     3.629 53937.24887626 13.91  84.284935  69.698908  8.870
 49     1.277 53937.24887691 17.00  84.280635  69.695908  8.870
 49     2.058 53937.24887755 20.05  84.276335  69.692908  8.870
 49     2.127 53937.24887820 24.27  84.272035  69.689908  8.870
 49     4.177 53937.24888013 24.50  84.259145  69.680918  8.870
 49     3.570 53937.24888078 20.84  84.254855  69.677918  8.870
 49     0.237 53937.24888142 17.65  84.250565  69.674918  8.870
 49     2.184 53937.24888207 17.45  84.246275  69.671918  8.870
 49     1.088 53937.24888271 17.54  84.241985  69.668918  8.870
 50    40.756 53972.24884049 17.09  84.283160  69.701311  6.594
 50    39.128 53972.24884113 16.20  84.278860  69.698321  6.594
 50     3.985 53972.24884178 15.74  84.274560  69.695321  6.594
 50     5.202 53972.24884242 15.77  84.270260  69.692321  6.594
 50     4.526 53972.24884307 15.78  84.265970  69.689321  6.594
 50     5.015 53972.24884436 18.62  84.257380  69.683331  6.594
 50     4.566 53972.24884500 14.95  84.253080  69.680331  6.594
 50     3.906 53972.24884565 14.97  84.248790  69.677331  6.594
 50     2.753 53972.24884629 15.37  84.244500  69.674331  6.594
 50     1.480 53972.24884694 17.32  84.240210  69.671331  6.594
 50     1.205 53972.24884758 17.84  84.235920  69.668331  6.594
 50     1.009 53972.24884823 20.13  84.231640  69.665331  6.594
 52    49.510 54042.24885106  8.63  84.304126  69.696335  5.646
 52    48.324 54042.24885171  8.16  84.299826  69.693345  5.646
 52    47.558 54042.24885235  7.50  84.295526  69.690345  5.646
 52    43.535 54042.24885300 10.98  84.291226  69.687345  5.646
 52     0.373 54042.24885622 26.94  84.269756  69.672355  5.646
 52     0.483 54042.24885687 26.52  84.265456  69.669355  5.646
 52     0.955 54042.24885751 26.63  84.261166  69.666365  5.646
 52     0.872 54042.24885816 27.23  84.256876  69.663365  5.646
 52     1.154 54042.24885880 26.83  84.252596  69.660365  5.646
 52     0.657 54042.24885944 26.74  84.248304  69.657364  3.886
 52     0.961 54042.24886009 27.24  84.244014  69.654364  3.886
 52     1.049 54042.24886073 25.83  84.239734  69.651364  3.886
 52     0.520 54042.24886138 25.80  84.235454  69.648364  3.886
 54    46.908 54112.24878521  3.35  84.272515  69.699759  4.416
 54    46.199 54112.24878585  1.53  84.268215  69.696759  4.416
 54    44.799 54112.24878650  2.05  84.263915  69.693759  4.416
 54    43.482 54112.24878714  2.08  84.259625  69.690759  4.416
 54    42.662 54112.24878778  1.00  84.255325  69.687759  4.416
 54    40.783 54112.24878843  0.57  84.251035  69.684769  4.416
 54    -0.523 54112.24879101 14.55  84.233875  69.672769  4.416
 54    -0.738 54112.24879165 14.30  84.229585  69.669769  4.416
 54    -0.722 54112.24879230 14.24  84.225305  69.666769  4.416
 54    -0.384 54112.24879294 13.49  84.221019  69.663774  2.015
 54    -0.114 54112.24879359 13.35  84.216739  69.660774  2.015
 54    -0.010 54112.24879423 13.13  84.212449  69.657774  2.015
 54    -0.236 54112.24879488 12.91  84.208169  69.654774  2.015
 56    49.332 54182.24877297  1.47  84.276413  69.700136  2.591
 56    47.872 54182.24877362  1.80  84.272113  69.697136  2.591
 56    46.289 54182.24877426  2.20  84.267813  69.694136  2.591
 56    45.640 54182.24877491  0.30  84.263521  69.691142  3.337
 56    41.772 54182.24877620  0.63  84.254931  69.685142  3.337
 56    30.305 54182.24877749  3.04  84.246351  69.679142  3.337
 56    -1.184 54182.24877942 12.78  84.233481  69.670152  3.337
 56    -1.349 54182.24878007 12.66  84.229201  69.667152  3.337
 56    -0.366 54182.24878071 11.41  84.224911  69.664152  3.337
 56    -0.541 54182.24878135 11.31  84.220631  69.661152  3.337
 56    -0.405 54182.24878200 10.83  84.216351  69.658152  3.337
 56    -0.296 54182.24878264 10.78  84.212061  69.655152  3.337
 57    53.366 54217.24879606  3.01  84.299792  69.697849  2.480
 57    51.159 54217.24879670  2.95  84.295493  69.694849  3.578
 57    49.121 54217.24879735  2.82  84.291193  69.691849  3.578
 57    46.836 54217.24879799  1.98  84.286893  69.688859  3.578
 57    37.754 54217.24879992  4.73  84.274003  69.679859  3.578
 57     4.393 54217.24880057  9.07  84.269703  69.676859  3.578
 57     1.000 54217.24880121 12.09  84.265413  69.673869  3.578
 57     0.799 54217.24880186 13.89  84.261123  69.670869  3.578
 57     0.948 54217.24880250 14.18  84.256823  69.667869  3.578
 57     1.182 54217.24880315 13.56  84.252543  69.664869  3.578
 57     1.373 54217.24880379 13.89  84.248253  69.661869  3.578
 57     1.847 54217.24880444 12.99  84.243963  69.658869  3.578
 57     1.671 54217.24880508 12.78  84.239673  69.655869  3.578
 57     1.659 54217.24880573 13.13  84.235393  69.652879  3.578
 58    51.595 54252.24882208  6.05  84.293033  69.697238  3.030
 58    49.642 54252.24882273  6.12  84.288737  69.694234 13.701
 58     8.319 54252.24882402 33.03  84.280137  69.688244 13.701
 58     8.518 54252.24882595 31.48  84.267247  69.679244 13.701
 58     8.170 54252.24882660 27.87  84.262957  69.676244 13.701
 58     8.390 54252.24882724 26.81  84.258667  69.673254 13.701
 58     8.411 54252.24882789 26.62  84.254367  69.670254 13.701
 58     8.603 54252.24882853 28.66  84.250077  69.667254 13.701
 59     3.489 54287.24882718 10.56  84.290121  69.697647 19.899
 59     5.501 54287.24882782 10.58  84.285821  69.694647 19.899
 59     6.156 54287.24882847 18.15  84.281526  69.691659 13.282
 59     6.403 54287.24882911 22.96  84.277226  69.688659 13.282
 59     5.421 54287.24883105 16.90  84.264336  69.679659 13.282
 59     5.141 54287.24883169 13.72  84.260046  69.676659 13.282
 59     4.428 54287.24883233 13.14  84.255756  69.673669 13.282
 59     3.489 54287.24883298 13.13  84.251466  69.670669 13.282
 59     2.016 54287.24883362 13.76  84.247176  69.667669 13.282
 59     1.412 54287.24883427 14.42  84.242886  69.664669 13.282
 59     1.180 54287.24883491 15.44  84.238606  69.661669 13.282
 59     1.353 54287.24883556 15.93  84.234316  69.658669 13.282
 59     1.577 54287.24883620 19.10  84.230036  69.655669 13.282
 60     2.079 54322.24882426 18.72  84.292676  69.697841 16.655
 60     2.622 54322.24882491 18.81  84.288376  69.694851 16.655
 60     3.175 54322.24882555 19.80  84.284072  69.691845  9.364
 60     7.838 54322.24882619 20.32  84.279772  69.688855  9.364
 60     6.316 54322.24882813 20.50  84.266892  69.679855  9.364
 60     5.395 54322.24882877 17.62  84.262592  69.676855  9.364
 61    47.212 54357.24878324 11.98  84.277697  69.699343  9.646
 61    38.896 54357.24878389 14.65  84.273397  69.696343  9.646
 61     5.326 54357.24878453 14.06  84.269097  69.693343  9.646
 61     2.390 54357.24878518 29.03  84.264806  69.690347 10.497
 61     5.136 54357.24878647 17.43  84.256216  69.684347 10.497
 61     3.845 54357.24878711 16.02  84.251926  69.681347 10.497
 61     3.413 54357.24878776 17.38  84.247636  69.678347 10.497
 61     1.690 54357.24878840 17.09  84.243346  69.675357 10.497
 61     1.371 54357.24878905 17.99  84.239056  69.672357 10.497
 61     0.699 54357.24878969 19.58  84.234766  69.669357 10.497
 61     0.129 54357.24879033 20.70  84.230486  69.666357 10.497
 61     0.399 54357.24879098 21.60  84.226196  69.663357 10.497
 62    48.486 54392.24876468 20.29  84.295060  69.698075  9.532
 62    46.817 54392.24876533 20.35  84.290760  69.695075  9.532
 62    38.698 54392.24876597 24.41  84.286460  69.692085  9.532
 62    37.586 54392.24876662 23.17  84.282170  69.689085  9.532
 62     5.393 54392.24876855 25.57  84.269277  69.680093  8.526
 62     5.093 54392.24876920 22.64  84.264987  69.677093  8.526
 62     4.914 54392.24876984 20.44  84.260697  69.674093  8.526
 62     4.070 54392.24877049 20.32  84.256397  69.671093  8.526
 62     2.959 54392.24877113 21.21  84.252107  69.668093  8.526
 62     1.475 54392.24877177 21.34  84.247827  69.665103  8.526
 62     0.732 54392.24877242 20.51  84.243537  69.662103  8.526
 62     0.784 54392.24877306 20.38  84.239247  69.659103  8.526
 62     1.446 54392.24877371 19.80  84.234967  69.656103  8.526
 63    47.447 54427.24873340  1.47  84.286488  69.698258  3.195
 63    46.602 54427.24873404  2.20  84.282188  69.695258  3.195
 63    46.025 54427.24873469  1.17  84.277898  69.692258  3.195
 63    44.048 54427.24873533  1.48  84.273598  69.689258  3.195
 63     0.078 54427.24873856 15.16  84.252136  69.674270  3.185
 63    -0.135 54427.24873920 15.55  84.247846  69.671270  3.185
 63     0.221 54427.24873985 14.67  84.243556  69.668270  3.185
 63     0.432 54427.24874049 14.44  84.239266  69.665270  3.185
 63     0.668 54427.24874114 14.28  84.234976  69.662280  3.185
 63     0.720 54427.24874178 14.26  84.230696  69.659280  3.185
 63     1.004 54427.24874242 14.23  84.226416  69.656280  3.185
 64    51.964 54462.24874255  2.49  84.299577  69.696100  2.262
 64    49.790 54462.24874319  2.53  84.295277  69.693100  2.262
 64    48.039 54462.24874383  2.17  84.290977  69.690100  2.262
 64    46.002 54462.24874448  1.70  84.286677  69.687100  2.262
 64    41.595 54462.24874641  0.72  84.273784  69.678113  3.033
 64     0.192 54462.24874835 12.49  84.260904  69.669113  3.033
 64     0.026 54462.24874899 13.08  84.256614  69.666113  3.033
 64     0.212 54462.24874964 12.59  84.252324  69.663123  3.033
 64     0.333 54462.24875028 11.98  84.248044  69.660123  3.033
 64     0.303 54462.24875093 11.65  84.243754  69.657123  3.033
 64     0.476 54462.24875157 11.46  84.239464  69.654123  3.033
 64     0.514 54462.24875222 11.85  84.235184  69.651123  3.033
 65    50.874 54497.24874119  1.08  84.288173  69.699299  3.054
 65    49.510 54497.24874183  0.21  84.283873  69.696299  3.054
 65    48.300 54497.24874248  0.17  84.279573  69.693309  3.054
 65    45.694 54497.24874312  0.44  84.275283  69.690309  3.054
 65    36.613 54497.24874570  3.13  84.258103  69.678309  3.054
 65    -0.752 54497.24874763 11.77  84.245233  69.669317  2.552
 65    -0.383 54497.24874828 11.27  84.240943  69.666317  2.552
 65    -0.373 54497.24874892 10.64  84.236653  69.663317  2.552
 65     0.095 54497.24874957 10.35  84.232373  69.660317  2.552
 65     0.181 54497.24875021  9.79  84.228083  69.657327  2.552
 66    51.961 54532.24875563  0.01  84.298239  69.697333  2.157
 66    49.636 54532.24875627  0.34  84.293939  69.694333  2.157
 66    31.374 54532.24876014  4.02  84.268156  69.676351  2.801
 66    -0.489 54532.24876143 10.19  84.259576  69.670351  2.801
 66    -0.261 54532.24876207 10.30  84.255286  69.667351  2.801
 66    -0.533 54532.24876272 10.68  84.250996  69.664351  2.801
 66    -0.417 54532.24876336 10.10  84.246706  69.661361  2.801
 66    -0.144 54532.24876401  9.92  84.242416  69.658361  2.801
 66     0.507 54532.24876465  9.70  84.238136  69.655361  2.801
 66     0.441 54532.24876530  9.58  84.233856  69.652361  2.801
 67    50.136 54567.24874620  1.55  84.279078  69.700179  2.584
 67    48.490 54567.24874685  1.34  84.274778  69.697179  2.584
 67    47.245 54567.24874749  1.10  84.270478  69.694189  2.584
 67    46.058 54567.24874813  0.48  84.266188  69.691189  2.584
 67    29.918 54567.24875071  4.48  84.249018  69.679189  2.584
 67    -0.089 54567.24875265 11.32  84.236145  69.670202  2.785
 67     0.001 54567.24875329 11.49  84.231865  69.667202  2.785
 67     0.448 54567.24875394 10.22  84.227575  69.664202  2.785
 67     0.726 54567.24875458 10.16  84.223285  69.661202  2.785
 67     0.676 54567.24875523 10.25  84.219005  69.658202  2.785
 67     0.662 54567.24875587 10.44  84.214725  69.655202  2.785
 68    53.522 54602.24875052  1.89  84.297136  69.699152  2.599
 68    51.806 54602.24875116  1.80  84.292826  69.696152  2.599
 68    50.692 54602.24875181  1.15  84.288526  69.693162  2.599
 68    47.766 54602.24875245  0.94  84.284236  69.690162  2.599
 68    35.261 54602.24875568  2.81  84.262756  69.675172  2.599
 68    19.364 54602.24875632  5.16  84.258466  69.672172  2.599
 68     1.064 54602.24875697  6.54  84.254176  69.669172  2.599
 68     1.244 54602.24875761  6.54  84.249886  69.666172  2.599
 68     1.363 54602.24875826  6.56  84.245596  69.663172  2.599
 68     1.258 54602.24875890  6.64  84.241306  69.660172  2.599
 68     1.474 54602.24875955  6.02  84.237026  69.657172  2.599
 68     1.793 54602.24876019  5.81  84.232734  69.654183  2.060
 69     3.960 54637.24876209 36.45  84.291786  69.699609 10.409
 69     2.815 54637.24876273 32.83  84.287486  69.696609 10.409
 69     2.915 54637.24876338 33.07  84.283196  69.693609 10.409
 69     3.023 54637.24876402 33.10  84.278896  69.690609 10.409
 69     4.750 54637.24876596 33.52  84.266006  69.681619 10.409
 69     4.751 54637.24876660 33.40  84.261716  69.678619 10.409
 69     4.479 54637.24876724 34.44  84.257420  69.675622  5.933
 69     4.636 54637.24876789 35.20  84.253130  69.672622  5.933
 69     4.356 54637.24876853 35.86  84.248840  69.669622  5.933
 70    48.086 54672.24876568  7.91  84.288577  69.698658 11.936
 70    46.783 54672.24876633  9.15  84.284277  69.695658 11.936
 70     5.504 54672.24876697 12.26  84.279977  69.692658 11.936
 70     5.781 54672.24876762 19.63  84.275677  69.689658 11.936
 70     5.682 54672.24876955 18.31  84.262787  69.680668 11.936
 70     5.090 54672.24877020 15.20  84.258497  69.677668 11.936
 70     3.032 54672.24877084 15.72  84.254203  69.674669 12.903
 70     1.862 54672.24877149 17.19  84.249913  69.671669 12.903
 70     1.056 54672.24877213 17.28  84.245623  69.668669 12.903
 70     0.503 54672.24877277 18.58  84.241343  69.665669 12.903
 70     0.475 54672.24877342 21.13  84.237053  69.662669 12.903
 71    48.370 54707.24872495 10.48  84.287111  69.700719 15.106
 71    46.859 54707.24872559  9.12  84.282811  69.697719 15.106
 71     0.386 54707.24872882 30.21  84.261331  69.682729 15.106
 71     0.576 54707.24872946 25.16  84.257041  69.679729 15.106
 71     0.365 54707.24873010 22.96  84.252751  69.676729 15.106
 71    -0.367 54707.24873075 23.02  84.248461  69.673739 15.106
 71     0.277 54707.24873139 22.32  84.244169  69.670734 12.392
 71     1.319 54707.24873204 21.53  84.239879  69.667734 12.392
 71     0.749 54707.24873268 23.03  84.235589  69.664744 12.392
 71     0.583 54707.24873333 23.07  84.231309  69.661744 12.392
 72    49.838 54742.24873029  8.34  84.299275  69.698998 13.119
 72    54.704 54742.24873093  7.70  84.294975  69.695998 13.119
 72    39.567 54742.24873158 11.79  84.290675  69.692998 13.119
 72     7.730 54742.24873222 14.90  84.286375  69.689998 13.119
 72     6.603 54742.24873480 17.50  84.269195  69.678008 13.119
 72     4.681 54742.24873544 17.11  84.264902  69.675015 15.500
 72    -0.352 54742.24873609 19.26  84.260612  69.672015 15.500
 72    -0.067 54742.24873673 19.30  84.256312  69.669015 15.500
 72     0.529 54742.24873738 20.44  84.252032  69.666015 15.500
 72     0.607 54742.24873802 21.19  84.247742  69.663015 15.500
 73    48.388 54777.24870694 11.02  84.287570  69.698088  5.251
 73    47.274 54777.24870759 11.31  84.283270  69.695088  5.251
 73    45.883 54777.24870823 11.05  84.278970  69.692088  5.251
 73     1.886 54777.24871081 24.12  84.261790  69.680098  5.251
 73     1.847 54777.24871146 25.02  84.257500  69.677098  5.251
 73     1.803 54777.24871210 23.62  84.253212  69.674100  3.880
 73     2.131 54777.24871275 23.98  84.248922  69.671100  3.880
 73     2.242 54777.24871339 23.29  84.244632  69.668100  3.880
 73     2.051 54777.24871403 24.67  84.240342  69.665100  3.880
 73     1.802 54777.24871468 23.21  84.236052  69.662110  3.880
 73     1.604 54777.24871532 23.46  84.231772  69.659110  3.880
 73     1.398 54777.24871597 23.42  84.227482  69.656110  3.880
 74    49.951 54812.24872411  5.39  84.302579  69.696516  3.695
 74    47.834 54812.24872475  5.04  84.298279  69.693516  3.695
 74    47.695 54812.24872540  5.11  84.293979  69.690516  3.695
 74    46.072 54812.24872604  4.46  84.289679  69.687526  3.695
 74     0.549 54812.24872927 15.95  84.268203  69.672535  2.495
 74     0.706 54812.24872991 15.47  84.263913  69.669535  2.495
 74     0.418 54812.24873055 15.28  84.259623  69.666535  2.495
 74     0.937 54812.24873120 14.93  84.255333  69.663535  2.495
 74     0.653 54812.24873184 15.28  84.251043  69.660535  2.495
 74     0.816 54812.24873249 15.05  84.246753  69.657535  2.495
 74     0.627 54812.24873313 15.09  84.242463  69.654545  2.495
 74     0.686 54812.24873378 14.75  84.238183  69.651545  2.495
 75    48.745 54847.24870684  3.88  84.286232  69.699780  3.530
 75    47.039 54847.24870748  3.61  84.281932  69.696780  3.530
 75    45.761 54847.24870813  3.88  84.277632  69.693790  3.530
 75    44.635 54847.24870877  3.76  84.273332  69.690790  3.530
 75     0.616 54847.24871199 13.34  84.251872  69.675800  3.530
 75     0.319 54847.24871264 13.28  84.247580  69.672798  2.387
 75     0.624 54847.24871328 12.99  84.243290  69.669798  2.387
 75     0.690 54847.24871393 13.14  84.239000  69.666798  2.387
 75     0.486 54847.24871457 12.86  84.234710  69.663808  2.387
 75     0.508 54847.24871522 12.67  84.230430  69.660808  2.387
 75     0.426 54847.24871586 12.84  84.226150  69.657808  2.387
 75    -0.059 54847.24871651 12.81  84.221860  69.654808  2.387
 76    50.019 54882.24872741  2.14  84.296720  69.697888  2.301
 76    48.577 54882.24872805  1.97  84.292420  69.694888  2.301
 76    47.305 54882.24872869  1.53  84.288120  69.691888  2.301
 76    46.319 54882.24872934  1.70  84.283820  69.688898  2.301
 76    40.169 54882.24873127  0.54  84.270930  69.679898  2.301
 76    -0.214 54882.24873321 12.44  84.258053  69.670907  3.094
 76    -0.505 54882.24873385 13.05  84.253763  69.667907  3.094
 76    -0.570 54882.24873450 12.71  84.249473  69.664907  3.094
 76    -0.441 54882.24873514 12.20  84.245183  69.661917  3.094
 76    -0.069 54882.24873579 11.68  84.240903  69.658917  3.094
 76    -0.524 54882.24873643 11.63  84.236613  69.655917  3.094
 76    -0.047 54882.24873708 11.62  84.232323  69.652917  3.094
 77    49.767 54917.24870957  1.96  84.279810  69.702324  2.600
 77    48.286 54917.24871021  2.12  84.275510  69.699334  2.600
 77    47.231 54917.24871086  1.19  84.271210  69.696334  2.600
 77    46.212 54917.24871150  1.31  84.266910  69.693334  2.600
 77    45.050 54917.24871215  0.73  84.262620  69.690334  2.600
 77    39.742 54917.24871408  1.47  84.249740  69.681344  2.600
 77    -0.286 54917.24871602 11.43  84.236871  69.672340  3.282
 77    -0.633 54917.24871666 12.43  84.232581  69.669340  3.282
 77    -0.708 54917.24871730 12.21  84.228291  69.666350  3.282
 77    -0.392 54917.24871795 12.35  84.224011  69.663350  3.282
 77    -0.459 54917.24871859 11.69  84.219731  69.660350  3.282
 77    -0.546 54917.24871924 11.87  84.215441  69.657350  3.282
 77    -0.584 54917.24871988 11.43  84.211161  69.654350  3.282
 78    52.195 54952.24872119  1.96  84.294551  69.697317  2.865
 78    51.031 54952.24872183  1.65  84.290251  69.694317  2.865
 78    48.398 54952.24872248  1.50  84.285951  69.691317  2.865
 78    46.935 54952.24872312  1.17  84.281651  69.688327  2.865
 78    29.901 54952.24872570  4.68  84.264471  69.676327  2.865
 78     1.003 54952.24872699  9.36  84.255881  69.670337  2.865
 78     1.042 54952.24872764 10.61  84.251591  69.667337  2.865
 78     1.062 54952.24872828 10.58  84.247301  69.664337  2.865
 78     1.086 54952.24872892 10.42  84.243021  69.661337  2.865
 78     1.405 54952.24872957  9.95  84.238731  69.658337  2.865
 78     1.397 54952.24873021  9.71  84.234441  69.655337  2.865
 79     4.522 54987.24874571 33.76  84.291945  69.697338 17.467
 79     7.095 54987.24874636 29.39  84.287645  69.694338 17.467
 79     6.597 54987.24874700 33.93  84.283345  69.691338 17.467
 79     6.237 54987.24874765 29.29  84.279045  69.688348 17.467
 80    48.909 55022.24873780  9.91  84.292430  69.699940 10.169
 80     3.818 55022.24873844 14.36  84.288130  69.696940 10.169
 80     2.304 55022.24873909 15.39  84.283840  69.693940 10.169
 80     6.457 55022.24873973 16.00  84.279540  69.690940 10.169
 80     6.784 55022.24874038 21.29  84.275240  69.687940 10.169
 80     5.477 55022.24874167 23.58  84.266650  69.681950 10.169
 80     5.345 55022.24874231 18.66  84.262360  69.678950 10.169
 80     3.438 55022.24874296 18.98  84.258069  69.675952  7.045
 80     1.932 55022.24874360 19.56  84.253779  69.672952  7.045
 80     1.124 55022.24874425 20.53  84.249489  69.669952  7.045
 80     1.022 55022.24874489 21.12  84.245199  69.666952  7.045
 80     0.780 55022.24874554 21.71  84.240909  69.663962  7.045
 80     1.194 55022.24874618 22.35  84.236619  69.660962  7.045
 80     1.164 55022.24874682 23.46  84.232339  69.657962  7.045
 80     1.836 55022.24874747 24.26  84.228059  69.654962  7.045
 81    47.816 55057.24873448  8.86  84.287567  69.697260 13.000
 81     6.973 55057.24873577 13.11  84.278967  69.691260 13.000
 81     6.641 55057.24873642 21.04  84.274667  69.688260 13.000
 81     5.817 55057.24873835 16.48  84.261787  69.679270 13.000
 81     5.057 55057.24873900 13.39  84.257497  69.676270 13.000
 81     3.420 55057.24873964 14.00  84.253204  69.673269 12.418
 81     2.343 55057.24874028 14.79  84.248914  69.670269 12.418
 81     1.579 55057.24874093 15.23  84.244624  69.667269 12.418
 81     1.891 55057.24874157 16.69  84.240334  69.664269 12.418
 82    47.547 55092.24869050 15.57  84.280288  69.700509 10.895
 82     0.704 55092.24869114 15.98  84.275988  69.697509 10.895
 82     1.348 55092.24869179 19.89  84.271688  69.694509 10.895
 82     1.721 55092.24869243 26.72  84.267398  69.691519 10.895
 82     3.618 55092.24869436 19.27  84.254518  69.682519 10.895
 82     1.150 55092.24869501 19.25  84.250218  69.679519 10.895
 82     0.152 55092.24869565 20.06  84.245928  69.676519 10.895
 82     0.300 55092.24869630 20.43  84.241638  69.673519 10.895
 82     1.132 55092.24869694 21.32  84.237352  69.670522 17.323
 83    49.106 55127.24867409 14.26  84.295593  69.698130 11.010
 83    47.481 55127.24867474 16.66  84.291293  69.695130 11.010
 83    38.715 55127.24867538 20.38  84.286993  69.692130 11.010
 83     2.423 55127.24867603 25.31  84.282693  69.689140 11.010
 83     0.952 55127.24867796 27.02  84.269803  69.680140 11.010
 83     5.136 55127.24867860 21.19  84.265512  69.677148 14.322
 83     3.437 55127.24867925 18.86  84.261222  69.674148 14.322
 83     0.947 55127.24867989 20.47  84.256932  69.671148 14.322
 83     1.738 55127.24868054 20.02  84.252642  69.668148 14.322
 83    -0.612 55127.24868118 22.18  84.248352  69.665148 14.322
 83    -1.677 55127.24868183 25.19  84.244062  69.662158 14.322
 84    48.747 55162.24865210  3.60  84.286551  69.698844  4.291
 84    47.571 55162.24865274  3.12  84.282251  69.695844  4.291
 84    46.330 55162.24865339  3.44  84.277951  69.692854  4.291
 84    45.607 55162.24865403  2.82  84.273661  69.689854  4.291
 84    -0.142 55162.24865726 19.32  84.252191  69.674864  4.291
 84     0.096 55162.24865790 18.18  84.247900  69.671863  2.468
 84     0.370 55162.24865855 17.76  84.243610  69.668863  2.468
 84     0.085 55162.24865919 17.68  84.239320  69.665863  2.468
 84     0.465 55162.24865984 17.78  84.235030  69.662863  2.468
 84     0.311 55162.24866048 18.15  84.230750  69.659873  2.468
 84     0.190 55162.24866113 17.93  84.226460  69.656873  2.468
 85    49.683 55197.24866511  1.27  84.299626  69.696643  2.777
 85    48.205 55197.24866575  1.32  84.295326  69.693643  2.777
 85    47.891 55197.24866640  1.37  84.291026  69.690643  2.777
 85    46.530 55197.24866704  0.98  84.286726  69.687653  2.777
 85     0.004 55197.24867091 15.71  84.260954  69.669663  3.351
 85     0.027 55197.24867155 15.37  84.256664  69.666663  3.351
 85     0.243 55197.24867220 14.58  84.252374  69.663663  3.351
 85    -0.192 55197.24867284 14.86  84.248084  69.660663  3.351
 85     0.582 55197.24867349 14.70  84.243804  69.657673  3.351
 85    -0.069 55197.24867413 14.67  84.239514  69.654673  3.351
 85    -0.039 55197.24867478 14.96  84.235224  69.651673  3.351
 86    49.954 55232.24865550  1.62  84.283923  69.701781  3.673
 86    48.729 55232.24865615  1.35  84.279623  69.698791  3.673
 86    47.572 55232.24865679  0.62  84.275323  69.695791  3.673
 86    46.025 55232.24865744  0.77  84.271023  69.692791  3.673
 86    45.050 55232.24865808  0.23  84.266733  69.689791  3.673
 86     0.066 55232.24866195 14.61  84.240980  69.671800  3.324
 86     0.055 55232.24866259 15.24  84.236690  69.668800  3.324
 86     0.294 55232.24866324 14.39  84.232410  69.665800  3.324
 86     0.436 55232.24866388 14.21  84.228120  69.662810  3.324
 86     0.422 55232.24866453 14.02  84.223840  69.659810  3.324
 86     0.590 55232.24866517 13.98  84.219550  69.656810  3.324
 87    50.858 55267.24865983  0.32  84.296124  69.698480  2.286
 87    49.239 55267.24866047  0.41  84.291824  69.695480  2.286
 87    48.254 55267.24866112  0.08  84.287524  69.692480  2.286
 87    32.993 55267.24866370  4.31  84.270334  69.680490  2.286
 87     0.357 55267.24866563 11.49  84.257460  69.671498  3.261
 87    -0.216 55267.24866628 11.98  84.253170  69.668498  3.261
 87    -0.129 55267.24866692 11.82  84.248880  69.665498  3.261
 87     0.330 55267.24866757 11.67  84.244590  69.662508  3.261
 87     0.268 55267.24866821 11.53  84.240300  69.659508  3.261
 87     0.353 55267.24866886 11.39  84.236020  69.656508  3.261
 87     0.789 55267.24866950 11.54  84.231740  69.653508  3.261
 88    39.578 55302.24864031  0.29  84.253583  69.681141  2.750
 88     0.195 55302.24864224 10.40  84.240713  69.672141  2.750
 88    -0.005 55302.24864288 12.13  84.236427  69.669151  2.615
 88    -0.029 55302.24864353 11.92  84.232137  69.666151  2.615
 88     0.233 55302.24864417 12.32  84.227857  69.663151  2.615
 88     0.477 55302.24864482 11.51  84.223567  69.660151  2.615
 88     0.492 55302.24864546 11.47  84.219287  69.657151  2.615
 89    51.883 55337.24863396  1.69  84.292226  69.699796  2.070
 89    50.507 55337.24863461  1.31  84.287926  69.696796  2.070
 89    49.048 55337.24863525  1.64  84.283626  69.693796  2.070
 89    47.754 55337.24863590  0.84  84.279326  69.690796  2.070
 89    20.114 55337.24863783  6.10  84.266437  69.681805 13.440
 89     1.937 55337.24864041 26.18  84.249277  69.669815 13.440
 89     2.243 55337.24864105 29.80  84.244987  69.666815 13.440
 89     2.161 55337.24864170 31.05  84.240697  69.663815 13.440
 89     2.296 55337.24864234 27.00  84.236407  69.660815 13.440
 89     2.204 55337.24864299 23.99  84.232127  69.657815 13.440
 89     2.759 55337.24864363 24.69  84.227837  69.654815 13.440
 90     2.328 55372.24862435 22.35  84.289859  69.697854  9.350
 90     2.259 55372.24862500 25.19  84.285559  69.694854  9.350
 90     2.729 55372.24862564 26.14  84.281259  69.691854  9.350
 90     3.474 55372.24862629 27.80  84.276959  69.688854  9.350
 90     4.354 55372.24862822 28.44  84.264079  69.679864  9.350
 90     3.709 55372.24862887 28.97  84.259789  69.676864  9.350
 90     3.953 55372.24862951 29.91  84.255491  69.673866 11.823
 90     4.073 55372.24863016 29.86  84.251201  69.670866 11.823
 90     3.978 55372.24863080 30.65  84.246911  69.667866 11.823
 90     4.126 55372.24863145 31.75  84.242621  69.664866 11.823
 90     4.379 55372.24863209 33.07  84.238341  69.661866 11.823
 90     5.488 55372.24863273 32.02  84.234051  69.658876 11.823
 91    56.718 55407.24864405  9.93  84.299339  69.697849 11.253
 91    47.542 55407.24864534 10.69  84.290739  69.691849 11.253
 91     6.143 55407.24864599 21.37  84.286439  69.688849 11.253
 91     4.424 55407.24864792 28.15  84.273549  69.679859 11.253
 91     5.114 55407.24864856 17.90  84.269259  69.676859 11.253
 91     5.690 55407.24864921 13.90  84.264972  69.673863 14.342
 91     4.891 55407.24864985 13.26  84.260672  69.670863 14.342
 91     3.635 55407.24865050 14.12  84.256382  69.667863 14.342
 91     2.911 55407.24865114 13.89  84.252092  69.664863 14.342
 91     1.285 55407.24865179 15.42  84.247812  69.661873 14.342
 91     1.643 55407.24865243 14.15  84.243522  69.658873 14.342
 91     1.728 55407.24865308 14.51  84.239232  69.655873 14.342
 91     1.837 55407.24865372 15.11  84.234952  69.652873 14.342
 92    48.293 55442.24864305 10.27  84.290336  69.699530 11.591
 92    48.006 55442.24864369  9.92  84.286036  69.696530 11.591
 92     5.104 55442.24864433 14.02  84.281736  69.693540 11.591
 92     5.503 55442.24864498 19.12  84.277436  69.690540 11.591
 92     4.860 55442.24864691 22.75  84.264556  69.681540 11.591
 92     5.098 55442.24864756 13.80  84.260256  69.678550 11.591
 92     4.635 55442.24864820 14.42  84.255966  69.675550 11.591
 92     3.081 55442.24864885 13.21  84.251682  69.672548  9.234
 92     2.684 55442.24864949 13.07  84.247382  69.669548  9.234
 92     1.718 55442.24865014 16.02  84.243102  69.666548  9.234
 92     0.770 55442.24865078 14.19  84.238812  69.663548  9.234
 92     1.214 55442.24865143 14.21  84.234522  69.660558  9.234
 92     1.179 55442.24865207 13.79  84.230242  69.657558  9.234
 92     1.660 55442.24865272 13.65  84.225952  69.654558  9.234
 93    42.446 55477.24858418 20.44  84.279343  69.700798  8.902
 93    45.494 55477.24858483 18.42  84.275043  69.697798  8.902
 93    44.972 55477.24858547 16.00  84.270743  69.694798  8.902
 93    43.182 55477.24858612 16.56  84.266453  69.691808  8.902
 93    35.844 55477.24858741 16.81  84.257863  69.685808  8.902
 93    34.005 55477.24858805 15.30  84.253573  69.682808  8.902
 93    31.360 55477.24858869 15.70  84.249283  69.679808  8.902
 93     3.605 55477.24858934 16.28  84.244993  69.676808  8.902
 93     2.376 55477.24858998 17.30  84.240703  69.673818  8.902
 93     1.395 55477.24859063 18.73  84.236416  69.670811 11.200
 93     1.735 55477.24859127 20.19  84.232126  69.667821 11.200
 93     1.221 55477.24859192 24.09  84.227846  69.664821 11.200
 93     1.129 55477.24859256 23.01  84.223556  69.661821 11.200
 93     0.547 55477.24859321 24.68  84.219276  69.658821 11.200
 93     1.602 55477.24859385 23.27  84.214996  69.655821 11.200
