# NaN NaN NaN ;Mean Elev.(m), Avg Gradient(m/km), RMS Gradient(m/km) - SRTM1     
#  -11.120  -2.533   6.302 ;Mean Elev.(m), Avg Gradient(m/km), RMS Gradient(m/km) - ASTER GDEM
#    1.000  -1.733   4.447 ;Mean Elev.(m), Avg Gradient(m/km), RMS Gradient(m/km) - GMTED2010 
  6    16.489 52420.23337129 35.78  86.649295  67.023062 28.621
  6    16.424 52420.23337193 39.03  86.645845  67.019992 28.621
  6    16.398 52420.23337257 39.34  86.642405  67.016922 28.621
  6    16.394 52420.23337322 40.31  86.638955  67.013852 28.621
  6    16.427 52420.23337386 34.12  86.635505  67.010782 28.621
  6    16.511 52420.23337451 36.68  86.632065  67.007722 28.621
  7     4.569 52455.23339508 24.54  86.644678  67.024968 11.831
  7     4.030 52455.23339572 20.66  86.641228  67.021898 11.831
  7    18.800 52455.23339637 18.67  86.637778  67.018828 11.831
  7    18.932 52455.23339701 15.45  86.634338  67.015758 11.831
  8     2.470 52490.23337082 29.15  86.647405  67.021162 12.777
  8     2.087 52490.23337146 25.31  86.643965  67.018092 12.777
  8     1.787 52490.23337211 20.96  86.640515  67.015032 12.777
  8     1.338 52490.23337275 19.56  86.637075  67.011962 12.777
  9     2.517 52525.23334763 27.35  86.644276  67.032108 13.400
  9     2.520 52525.23334828 22.24  86.640826  67.029038 13.400
  9     2.435 52525.23334892 19.46  86.637386  67.025968 13.400
  9    18.122 52525.23334957 17.63  86.633936  67.022898 13.400
 10     1.924 52560.23339859 25.94  86.649027  67.019791  7.458
 10     8.252 52560.23339923 24.12  86.645577  67.016721  7.458
 10     1.156 52560.23339988 25.35  86.642127  67.013651  7.458
 10     1.021 52560.23340052 24.98  86.638687  67.010581  7.458
 10     0.603 52560.23340117 26.35  86.635237  67.007521  7.458
 10     0.391 52560.23340181 24.89  86.631797  67.004451  7.458
 11     0.344 52595.23340426 21.17  86.645554  67.029129  4.477
 11     0.428 52595.23340491 23.98  86.642104  67.026059  4.477
 11     0.312 52595.23340555 23.42  86.638654  67.022989  4.477
 11     0.370 52595.23340620 22.41  86.635204  67.019919  4.477
 11     0.179 52595.23340684 21.86  86.631764  67.016859  4.477
 12     8.872 52630.23333942 12.23  86.655169  67.017012  2.494
 12     9.641 52630.23334006 12.35  86.651729  67.013952  2.494
 12     9.992 52630.23334071 11.42  86.648279  67.010882  2.494
 12    10.618 52630.23334135 11.59  86.644839  67.007812  2.494
 12    10.508 52630.23334199 11.33  86.641385  67.004747  2.653
 12    10.244 52630.23334264 11.11  86.637945  67.001677  2.653
 12    10.480 52630.23334328 11.44  86.634505  66.998607  2.653
 14    11.651 52700.23334106 10.88  86.657777  67.013138  2.444
 14    11.316 52700.23334170 11.03  86.654327  67.010068  2.444
 14    11.161 52700.23334235 10.78  86.650887  67.006998  2.444
 14    11.026 52700.23334299 10.64  86.647437  67.003928  2.444
 14    10.810 52700.23334364 10.46  86.643997  67.000858  2.444
 14    10.991 52700.23334428  9.74  86.640557  66.997798  2.444
 14    11.012 52700.23334493  9.95  86.637105  66.994728  3.193
 14    10.212 52700.23334557  9.84  86.633665  66.991658  3.193
 14     9.684 52700.23334622 10.49  86.630225  66.988588  3.193
 15     9.173 52735.23337221 10.39  86.645729  67.021717  3.211
 15    10.551 52735.23337285  7.87  86.642289  67.018647  3.211
 15    28.791 52735.23337350  5.27  86.638839  67.015577  3.211
 15    10.451 52735.23337414  6.77  86.635399  67.012507  3.211
 15    15.267 52735.23337479  9.24  86.631949  67.009437  3.211
 16     1.471 52770.23335681 40.16  86.643960  67.033468 25.354
 16     1.233 52770.23335745 37.68  86.640510  67.030398 25.354
 16     1.241 52770.23335810 38.40  86.637060  67.027338 25.354
 16     1.287 52770.23335874 42.14  86.633610  67.024268 25.354
 16     1.235 52770.23335939 42.21  86.630170  67.021198 25.354
 17    18.377 52805.23339688 15.08  86.654631  67.017337 11.244
 17    18.304 52805.23339752 16.13  86.651181  67.014267 11.244
 17    18.806 52805.23339817 17.54  86.647731  67.011207 11.244
 17    20.145 52805.23339881 18.30  86.644291  67.008137 11.244
 17    21.409 52805.23339946 19.10  86.640845  67.005071  9.741
 17    18.863 52805.23340010 20.98  86.637405  67.002001  9.741
 17    22.566 52805.23340075 20.88  86.633955  66.998931  9.741
 18     2.498 52840.23345764 34.53  86.654135  67.019335 15.443
 18     2.372 52840.23345829 28.30  86.650685  67.016265 15.443
 18     1.991 52840.23345893 25.62  86.647235  67.013195 15.443
 18     1.600 52840.23345958 21.54  86.643795  67.010125 15.443
 18    10.666 52840.23346151 17.75  86.633456  67.000926 12.789
 19     1.472 52875.23349652 46.52  86.651111  67.021505 23.375
 19     1.473 52875.23349717 49.41  86.647661  67.018445 23.375
 19     1.478 52875.23349781 51.95  86.644211  67.015375 23.375
 19     1.468 52875.23349846 51.01  86.640771  67.012305 23.375
 19     1.413 52875.23349910 44.44  86.637321  67.009235 23.375
 19     1.473 52875.23349974 49.27  86.633881  67.006165 23.375
 20     1.307 52910.23346632 48.60  86.647881  67.026089 17.215
 20     1.891 52910.23346697 52.60  86.644431  67.023019 17.215
 20     1.728 52910.23346761 51.20  86.640991  67.019949 17.215
 20     1.857 52910.23346826 50.76  86.637541  67.016879 17.215
 20     1.804 52910.23346890 51.22  86.634101  67.013819 17.215
 20     1.755 52910.23346955 49.79  86.630651  67.010749 17.215
 21     0.805 52945.23341094 30.20  86.659654  67.012742 12.376
 21     0.880 52945.23341159 30.50  86.656204  67.009672 12.376
 21     0.914 52945.23341223 31.40  86.652764  67.006602 12.376
 21     0.839 52945.23341287 33.29  86.649314  67.003532 12.376
 21     0.710 52945.23341352 33.10  86.645874  67.000472 12.376
 21     0.704 52945.23341416 32.38  86.642424  66.997402 12.376
 21     0.743 52945.23341481 30.87  86.638989  66.994334 11.130
 21     0.811 52945.23341545 32.91  86.635539  66.991264 11.130
 21     0.757 52945.23341610 31.75  86.632099  66.988194 11.130
 21     0.799 52945.23341674 31.65  86.628659  66.985124 11.130
 23     3.357 53015.23345336 11.03  86.645147  67.029504  2.415
 23     4.279 53015.23345401 10.76  86.641697  67.026434  2.415
 23     4.653 53015.23345465 10.33  86.638247  67.023364  2.415
 23    13.376 53015.23345529 10.52  86.634807  67.020304  2.415
 23     8.216 53015.23345594 10.08  86.631357  67.017234  2.415
 24     8.106 53050.23342999 14.95  86.652972  67.015942  3.497
 24     8.352 53050.23343064 14.70  86.649522  67.012872  3.497
 24     8.329 53050.23343128 14.89  86.646082  67.009812  3.497
 24     9.872 53050.23343193 14.00  86.642632  67.006742  3.497
 24     8.962 53050.23343257 13.33  86.639192  67.003672  3.497
 24     9.582 53050.23343322 12.73  86.635742  67.000602  3.497
 25    12.817 53085.23346342  9.79  86.643547  67.033020  2.622
 25    13.918 53085.23346407  8.94  86.640097  67.029950  2.622
 25     6.640 53085.23346471  9.31  86.636657  67.026890  2.622
 25     6.820 53085.23346536  9.83  86.633207  67.023820  2.622
 25    21.258 53085.23346600  8.51  86.629757  67.020750  2.622
 26     6.427 53120.23343545 13.44  86.651496  67.020749  3.369
 26     7.047 53120.23343610 13.59  86.648046  67.017679  3.369
 26     7.228 53120.23343674 14.50  86.644596  67.014609  3.369
 26     7.502 53120.23343739 13.33  86.641156  67.011549  3.369
 26     7.310 53120.23343803 14.67  86.637706  67.008479  3.369
 26     1.527 53120.23343868 14.91  86.634266  67.005409  3.369
 27    14.833 53155.23348830 28.07  86.645777  67.022564 15.058
 27    14.758 53155.23348894 28.07  86.642327  67.019494 15.058
 27    14.931 53155.23348959 28.01  86.638877  67.016434 15.058
 27    14.828 53155.23349023 28.01  86.635437  67.013364 15.058
 27    14.957 53155.23349088 30.74  86.631987  67.010294 15.058
 28     3.595 53190.23347953 22.61  86.648242  67.017981 15.486
 28     3.208 53190.23348017 17.76  86.644802  67.014921 15.486
 28     4.434 53190.23348082 16.96  86.641352  67.011851 15.486
 29     2.646 53225.23348800 25.31  86.645768  67.023620 12.257
 29     2.378 53225.23348864 23.78  86.642328  67.020560 12.257
 29     2.145 53225.23348928 19.45  86.638878  67.017490 12.257
 29    15.842 53225.23348993 17.52  86.635438  67.014420 12.257
 30     2.149 53260.23346083 23.67  86.642592  67.033719 11.288
 30     1.970 53260.23346147 23.25  86.639152  67.030649 11.288
 30     4.317 53260.23346212 18.44  86.635702  67.027579 11.288
 30    17.459 53260.23346276 17.29  86.632252  67.024509 11.288
 30    18.021 53260.23346341 21.80  86.628812  67.021449 11.288
 31     2.307 53295.23349142 38.54  86.647239  67.022732 18.012
 31     2.264 53295.23349207 44.42  86.643789  67.019662 18.012
 31     2.419 53295.23349271 44.63  86.640339  67.016592 18.012
 31     2.427 53295.23349336 43.68  86.636899  67.013532 18.012
 31     2.326 53295.23349400 46.97  86.633449  67.010462 18.012
 32     1.969 53330.23346444 16.05  86.646805  67.022331  3.355
 32     2.580 53330.23346508 15.49  86.643355  67.019261  3.355
 32     2.327 53330.23346573 17.01  86.639915  67.016201  3.355
 32     2.678 53330.23346637 20.64  86.636465  67.013131  3.355
 32     2.297 53330.23346702 15.34  86.633025  67.010061  3.355
 35     5.005 53435.23342831  9.44  86.643717  67.026283  2.672
 35     5.315 53435.23342895  9.18  86.640267  67.023213  2.672
 35     5.322 53435.23342960  8.99  86.636827  67.020143  2.672
 35     6.515 53435.23343024  8.76  86.633377  67.017083  2.672
 35     6.893 53435.23343089  8.66  86.629937  67.014013  2.672
 36     6.948 53470.23347514  9.40  86.651037  67.019722  2.487
 36     8.607 53470.23347579  8.99  86.647587  67.016662  2.487
 36    16.337 53470.23347643  8.75  86.644147  67.013592  2.487
 36     9.875 53470.23347708  8.84  86.640697  67.010522  2.487
 36    22.228 53470.23347772  8.39  86.637257  67.007452  2.487
 36    15.609 53470.23347837  8.52  86.633807  67.004382  2.487
 38     4.987 53540.23351460 20.10  86.645041  67.023805 12.381
 38    18.430 53540.23351525 16.96  86.641601  67.020735 12.381
 38    19.593 53540.23351654 16.54  86.634701  67.014605 12.381
 38     5.979 53540.23351718 26.32  86.631261  67.011535 12.381
 39     2.589 53575.23350778 30.04  86.643925  67.029310 10.637
 39     2.521 53575.23350842 27.38  86.640475  67.026240 10.637
 39     2.289 53575.23350907 23.00  86.637025  67.023170 10.637
 39    18.122 53575.23350971 19.80  86.633585  67.020100 10.637
 40     2.364 53610.23345772 27.93  86.642792  67.034119 15.476
 40     2.286 53610.23345836 24.53  86.639342  67.031049 15.476
 40     2.156 53610.23345901 21.65  86.635902  67.027979 15.476
 40     2.229 53610.23345965 20.83  86.632452  67.024909 15.476
 40    18.063 53610.23346030 18.15  86.629002  67.021839 15.476
 41     1.937 53645.23346358 33.50  86.653988  67.017581  9.779
 41     1.883 53645.23346422 27.01  86.650538  67.014521  9.779
 41     1.549 53645.23346486 23.41  86.647098  67.011451  9.779
 41     1.557 53645.23346551 19.68  86.643648  67.008381  9.779
 42     1.622 53680.23347935 43.12  86.643024  67.027256 12.023
 42     1.755 53680.23347999 43.19  86.639574  67.024186 12.023
 42     1.788 53680.23348064 38.16  86.636124  67.021116 12.023
 42     1.949 53680.23348128 38.21  86.632684  67.018046 12.023
 43     3.107 53715.23340694 13.87  86.646302  67.028834  2.181
 43     4.062 53715.23340759 13.83  86.642862  67.025764  2.181
 43     3.940 53715.23340823 13.56  86.639412  67.022694  2.181
 43     4.294 53715.23340888 13.29  86.635962  67.019624  2.181
 43     5.862 53715.23340952 12.88  86.632522  67.016564  2.181
 44    10.050 53750.23332535 11.06  86.660613  67.015696  2.306
 44    10.586 53750.23332600 10.76  86.657163  67.012626  2.306
 44    10.921 53750.23332664 10.35  86.653723  67.009566  2.306
 44    10.915 53750.23332729 10.06  86.650273  67.006496  2.306
 44    11.511 53750.23332793 10.13  86.646833  67.003426  2.306
 44    11.054 53750.23332857 10.05  86.643383  67.000356  2.306
 44    10.701 53750.23332922  9.24  86.639943  66.997296  2.306
 44    13.350 53750.23332986  9.19  86.636503  66.994226  2.306
 44    17.524 53750.23333051  9.30  86.633053  66.991156  2.306
 44    22.618 53750.23333115  9.68  86.629613  66.988086  2.306
 45     6.838 53785.23335506  9.86  86.646228  67.021886  2.612
 45     7.592 53785.23335571  9.68  86.642778  67.018816  2.612
 45     7.879 53785.23335635  9.43  86.639328  67.015756  2.612
 45     8.616 53785.23335700  9.42  86.635888  67.012686  2.612
 45     8.949 53785.23335764  9.56  86.632448  67.009616  2.612
 46    12.586 53820.23331159  8.00  86.644559  67.035167  2.463
 46     5.434 53820.23331224  8.29  86.641111  67.032097  2.355
 46     4.273 53820.23331288  7.78  86.637661  67.029027  2.355
 46    32.703 53820.23331353  7.44  86.634221  67.025957  2.355
 46    31.635 53820.23331417  7.00  86.630771  67.022897  2.355
 47     6.624 53855.23339802  7.78  86.648412  67.020965  2.668
 47     7.501 53855.23339866  7.81  86.644972  67.017895  2.668
 47     8.160 53855.23339930  7.60  86.641522  67.014835  2.668
 47     8.519 53855.23339995  7.44  86.638072  67.011765  2.668
 47     8.683 53855.23340059  7.81  86.634632  67.008695  2.668
 48    16.111 53890.23340829 37.03  86.652766  67.019592 28.576
 48    16.190 53890.23340894 45.72  86.649316  67.016532 28.576
 48    16.324 53890.23340958 50.53  86.645866  67.013462 28.576
 48    16.284 53890.23341023 53.74  86.642426  67.010392 28.576
 48    16.187 53890.23341087 51.90  86.638986  67.007322 28.576
 48    16.233 53890.23341152 51.64  86.635536  67.004252 28.576
 48    16.271 53890.23341216 49.21  86.632096  67.001192 28.576
 49     3.285 53925.23347161 29.43  86.645882  67.028174 11.266
 49     3.198 53925.23347225 26.30  86.642432  67.025104 11.266
 49     2.716 53925.23347290 24.16  86.638982  67.022034 11.266
 49     2.314 53925.23347354 21.61  86.635542  67.018964 11.266
 49    18.069 53925.23347419 20.81  86.632092  67.015904 11.266
 50     2.427 53960.23345963 31.65  86.642778  67.031766 12.899
 50     2.491 53960.23346027 26.24  86.639338  67.028696 12.899
 50     2.188 53960.23346092 25.72  86.635888  67.025626 12.899
 50     1.961 53960.23346156 21.45  86.632438  67.022556 12.899
 51     2.315 53995.23339841 25.31  86.661276  67.012259  7.119
 51     2.241 53995.23339905 20.53  86.657826  67.009189  7.119
 51     2.369 53995.23339970 18.10  86.654376  67.006119  7.119
 51    11.574 53995.23340034 16.17  86.650936  67.003049  7.119
 51    11.645 53995.23340099 15.44  86.647486  66.999979  7.119
 51    22.546 53995.23340292 14.47  86.637156  66.990779  7.119
 51    30.527 53995.23340357 14.00  86.633716  66.987709  7.119
 51    34.518 53995.23340421 15.56  86.630276  66.984649  7.119
 51    34.891 53995.23340486 13.92  86.626836  66.981579  7.119
 51    42.482 53995.23340550 15.39  86.623396  66.978509  7.119
 52     1.081 54030.23345385 34.71  86.654973  67.018399 28.523
 52     1.160 54030.23345449 36.69  86.651533  67.015329 28.523
 52     1.280 54030.23345514 38.83  86.648083  67.012269 28.523
 52     1.248 54030.23345578 48.17  86.644633  67.009199 28.523
 52     1.169 54030.23345642 49.75  86.641193  67.006129 28.523
 52     1.213 54030.23345707 47.36  86.637753  67.003059 28.523
 52     1.304 54030.23345771 44.18  86.634303  66.999989 28.523
 53     5.408 54065.23344723 12.83  86.646482  67.022795  2.709
 53     5.981 54065.23344788 12.78  86.643032  67.019725  2.709
 53     7.545 54065.23344852 12.77  86.639592  67.016655  2.709
 53     7.852 54065.23344917 12.61  86.636142  67.013595  2.709
 53     7.934 54065.23344981 13.06  86.632702  67.010525  2.709
 55    25.651 54135.23337362  5.76  86.651290  67.016718  2.264
 55    27.141 54135.23337427  5.18  86.647840  67.013648  2.264
 55    27.820 54135.23337491  5.73  86.644400  67.010588  2.264
 55    29.666 54135.23337556  5.39  86.640950  67.007518  2.264
 55    28.382 54135.23337620  5.10  86.637500  67.004448  2.264
 55    32.139 54135.23337685  4.21  86.634060  67.001378  2.264
 57     1.092 54205.23337788 20.90  86.653017  67.018575  4.446
 57     9.009 54205.23337853 18.32  86.649567  67.015505  4.446
 57     9.551 54205.23337917 16.82  86.646127  67.012445  4.446
 57     9.624 54205.23337982 16.29  86.642677  67.009375  4.446
 57     9.726 54205.23338046 15.59  86.639237  67.006305  4.446
 57     9.540 54205.23338111 15.10  86.635787  67.003235  4.446
 57     9.126 54205.23338175 16.38  86.632347  67.000165  4.446
 58    16.746 54240.23341087 35.39  86.649077  67.023134 32.215
 58    16.754 54240.23341152 35.25  86.645627  67.020064 32.215
 58    16.729 54240.23341216 33.93  86.642187  67.016994 32.215
 58    16.718 54240.23341280 34.47  86.638737  67.013924 32.215
 58    16.730 54240.23341345 33.08  86.635297  67.010864 32.215
 58    16.748 54240.23341409 35.74  86.631847  67.007794 32.215
 59     7.574 54275.23342687 45.93  86.648795  67.023948 18.663
 59     7.527 54275.23342751 46.83  86.645345  67.020878 18.663
 59     7.616 54275.23342816 47.98  86.641905  67.017808 18.663
 59     7.605 54275.23342880 48.59  86.638455  67.014738 18.663
 59     7.596 54275.23342945 46.42  86.635015  67.011678 18.663
 59     7.611 54275.23343009 47.92  86.631565  67.008608 18.663
 61     3.955 54345.23340304 51.88  86.643074  67.029370 22.968
 61     4.006 54345.23340368 51.58  86.639634  67.026300 22.968
 61     4.075 54345.23340433 50.78  86.636184  67.023230 22.968
 61     4.078 54345.23340497 51.83  86.632744  67.020160 22.968
 61     4.096 54345.23340562 49.31  86.629294  67.017090 22.968
 62     2.785 54380.23336544 28.25  86.651110  67.018765 10.293
 62     2.571 54380.23336609 21.25  86.647670  67.015705 10.293
 62     7.167 54380.23336673 18.59  86.644220  67.012635 10.293
 62    15.952 54380.23336738 15.56  86.640770  67.009565 10.293
 62    16.426 54380.23336802 14.95  86.637330  67.006495 10.293
 62    17.521 54380.23336867 15.19  86.633890  67.003425 10.293
 63     1.941 54415.23335211 42.28  86.645851  67.026170 21.577
 63     1.986 54415.23335275 49.63  86.642401  67.023100 21.577
 63     2.027 54415.23335340 53.19  86.638961  67.020040 21.577
 63     2.091 54415.23335404 51.90  86.635511  67.016970 21.577
 63     2.161 54415.23335469 44.67  86.632071  67.013900 21.577
 65     7.445 54485.23334817  9.12  86.647963  67.021134  2.702
 65    10.622 54485.23334882  8.43  86.644511  67.018069  3.118
 65     8.275 54485.23334946  8.54  86.641071  67.014999  3.118
 65    14.252 54485.23335011  8.91  86.637621  67.011929  3.118
 65    13.670 54485.23335075  9.66  86.634181  67.008859  3.118
 66    17.242 54520.23334660  8.31  86.652612  67.019444  2.611
 66    12.111 54520.23334725  8.65  86.649162  67.016374  2.611
 66    16.724 54520.23334789  8.28  86.645712  67.013304  2.611
 66    18.098 54520.23334853  8.08  86.642272  67.010244  2.611
 66    22.699 54520.23334918  7.93  86.638822  67.007174  2.611
 66    23.332 54520.23334982  7.41  86.635383  67.004106  3.123
 67    30.797 54555.23335818  7.48  86.644034  67.028155  2.112
 67    32.289 54555.23335883  8.04  86.640584  67.025085  2.112
 67    33.227 54555.23335947  7.25  86.637134  67.022015  2.112
 67    33.859 54555.23336011  6.49  86.633694  67.018945  2.112
 67    34.109 54555.23336076  6.38  86.630244  67.015885  2.112
 68     7.494 54590.23334224  8.73  86.648859  67.020645  3.081
 68     7.861 54590.23334288  8.66  86.645409  67.017575  3.081
 68     8.342 54590.23334353  9.36  86.641959  67.014505  3.081
 68     2.921 54590.23334417  9.92  86.638519  67.011435  3.081
 68     2.481 54590.23334482  9.84  86.635069  67.008365  3.081
 68     2.272 54590.23334546 10.01  86.631629  67.005305  3.081
 69    20.416 54625.23335848 18.71  86.645790  67.024105  5.725
 69    19.990 54625.23335913 19.71  86.642340  67.021045  5.725
 69    21.115 54625.23335977 19.81  86.638900  67.017975  5.725
 69    20.022 54625.23336041 22.09  86.635450  67.014905  5.725
 69    21.400 54625.23336106 23.30  86.632010  67.011835  5.725
 70     3.511 54660.23336683 28.85  86.647229  67.023622 15.609
 70     3.226 54660.23336747 23.82  86.643779  67.020562 15.609
 70     2.772 54660.23336812 21.02  86.640329  67.017492 15.609
 70    17.667 54660.23336876 16.26  86.636889  67.014422 15.609
 71     3.174 54695.23334523 51.33  86.643610  67.025139 27.272
 71     3.204 54695.23334588 50.90  86.640160  67.022069 27.272
 71     3.202 54695.23334652 51.38  86.636720  67.018999 27.272
 71     3.214 54695.23334717 51.14  86.633270  67.015929 27.272
 72     3.521 54730.23332253 31.86  86.651306  67.018951 17.606
 72     3.123 54730.23332317 24.59  86.647856  67.015881 17.606
 72     1.668 54730.23332382 24.00  86.644406  67.012811 17.606
 72     2.069 54730.23332446 22.62  86.640966  67.009741 17.606
 72     4.410 54730.23332511 20.68  86.637516  67.006681 17.606
 73     1.931 54765.23332428 24.07  86.646175  67.021996  9.220
 73     1.970 54765.23332493 22.03  86.642725  67.018936  9.220
 73     1.756 54765.23332557 21.95  86.639285  67.015866  9.220
 73     1.825 54765.23332622 20.80  86.635835  67.012796  9.220
 73     1.996 54765.23332686 19.93  86.632395  67.009726  9.220
 75     6.219 54835.23331500 10.47  86.647331  67.024429  2.226
 75     5.508 54835.23331565 10.25  86.643881  67.021359  2.226
 75     7.372 54835.23331629  9.63  86.640431  67.018299  2.226
 75     7.619 54835.23331694  9.51  86.636991  67.015229  2.226
 75     7.984 54835.23331758  9.46  86.633541  67.012159  2.226
 77     4.199 54905.23332296  9.63  86.642631  67.030405  2.532
 77     4.327 54905.23332360  9.68  86.639181  67.027335  2.532
 77    20.875 54905.23332425  9.18  86.635731  67.024265  2.532
 77     5.334 54905.23332489  8.99  86.632291  67.021195  2.532
 77     5.719 54905.23332554  8.97  86.628841  67.018135  2.532
 78     6.501 54940.23330516  9.53  86.651096  67.019838  2.450
 78    15.438 54940.23330581  9.19  86.647646  67.016768  2.450
 78    16.162 54940.23330645  9.66  86.644196  67.013698  2.450
 78    10.645 54940.23330710  9.70  86.640756  67.010638  2.450
 78    13.320 54940.23330774  9.36  86.637306  67.007568  2.450
 78    22.937 54940.23330839  8.86  86.633866  67.004498  2.450
 79     7.782 54975.23333473 40.68  86.647430  67.021465 42.862
 79     7.671 54975.23333537 38.53  86.643980  67.018405 42.862
 79     7.679 54975.23333602 38.24  86.640540  67.015335 42.862
 79     7.698 54975.23333666 37.38  86.637090  67.012265 42.862
 79     7.666 54975.23333731 30.07  86.633650  67.009195 42.862
 80     4.968 55010.23334604 19.01  86.645091  67.024763 17.374
 80     4.557 55010.23334669 18.68  86.641641  67.021693 17.374
 80    18.427 55010.23334733 14.51  86.638201  67.018623 17.374
 80     6.074 55010.23334862 23.99  86.631311  67.012493 17.374
 81     2.425 55045.23333704 32.46  86.648469  67.022098 12.046
 81     1.952 55045.23333769 28.12  86.645019  67.019028 12.046
 81     1.545 55045.23333833 25.11  86.641579  67.015968 12.046
 81     1.157 55045.23333898 19.71  86.638129  67.012898 12.046
 82     1.816 55080.23331115 19.99  86.642543  67.028051  8.082
 82     1.652 55080.23331179 18.95  86.639093  67.024981  8.082
 82     1.558 55080.23331244 17.96  86.635643  67.021911  8.082
 82    17.731 55080.23331308 17.54  86.632203  67.018841  8.082
 83     1.642 55115.23326984 26.83  86.650007  67.019052  9.498
 83     1.567 55115.23327048 20.42  86.646557  67.015982  9.498
 83    15.779 55115.23327113 16.80  86.643117  67.012912  9.498
 83    17.637 55115.23327177 16.33  86.639667  67.009842  9.498
 83    18.798 55115.23327242 15.09  86.636227  67.006782  9.498
 83    17.633 55115.23327306 19.65  86.632777  67.003712  9.498
 84     5.535 55150.23326818 19.79  86.647843  67.025583  3.986
 84     6.375 55150.23326882 19.58  86.644393  67.022513  3.986
 84     6.987 55150.23326947 18.40  86.640943  67.019443  3.986
 84     7.432 55150.23327011 18.69  86.637503  67.016383  3.986
 84     7.526 55150.23327076 19.36  86.634053  67.013313  3.986
 84     7.453 55150.23327140 19.80  86.630613  67.010243  3.986
 85    11.394 55185.23325405 12.39  86.652625  67.018670  2.437
 85     9.006 55185.23325470 12.30  86.649175  67.015600  2.437
 85    11.348 55185.23325534 11.79  86.645725  67.012530  2.437
 85    11.038 55185.23325599 11.78  86.642285  67.009470  2.437
 85    10.693 55185.23325663 11.49  86.638835  67.006400  2.437
 85    10.147 55185.23325728 11.13  86.635392  67.003332  2.606
 86     4.016 55220.23326638 13.79  86.644910  67.024958  3.710
 86     4.296 55220.23326702 13.65  86.641460  67.021888  3.710
 86     4.679 55220.23326767 13.75  86.638020  67.018828  3.710
 86     1.538 55220.23326831 15.40  86.634570  67.015758  3.710
 86     4.671 55220.23326896 13.36  86.631130  67.012688  3.710
 87    11.898 55255.23325052 10.53  86.650105  67.017600  2.473
 87    10.815 55255.23325117 10.32  86.646655  67.014540  2.473
 87     8.813 55255.23325181 10.14  86.643215  67.011470  2.473
 87     9.775 55255.23325246 10.04  86.639765  67.008400  2.473
 87     9.344 55255.23325310  9.61  86.636321  67.005334  2.957
 87     9.945 55255.23325375  9.49  86.632881  67.002264  2.957
 88     2.912 55290.23325478 10.69  86.642471  67.029508  2.085
 88     4.273 55290.23325542 10.16  86.639021  67.026438  2.085
 88     8.778 55290.23325606 10.28  86.635571  67.023368  2.085
 88     4.330 55290.23325671  9.71  86.632131  67.020298  2.085
 89     1.794 55325.23323502 15.58  86.648308  67.024854  5.474
 89     1.578 55325.23323566 16.12  86.644858  67.021784  5.474
 89     1.680 55325.23323631 15.33  86.641408  67.018714  5.474
 89     1.453 55325.23323695 14.77  86.637968  67.015654  5.474
 89     1.382 55325.23323759 15.87  86.634518  67.012584  5.474
 89     1.862 55325.23323824 15.39  86.631078  67.009514  5.474
 90    23.048 55360.23323256 13.07  86.646112  67.025638  6.516
 90    23.048 55360.23323321 13.68  86.642662  67.022568  6.516
 90    21.323 55360.23323385 15.06  86.639222  67.019508  6.516
 90    20.272 55360.23323449 17.76  86.635772  67.016438  6.516
 90    19.148 55360.23323514 19.88  86.632322  67.013368  6.516
 91     2.910 55395.23323848 35.06  86.651370  67.020645 13.344
 91     2.778 55395.23323913 27.66  86.647920  67.017575 13.344
 91     2.279 55395.23323977 23.34  86.644470  67.014505 13.344
 91     1.775 55395.23324042 21.93  86.641030  67.011435 13.344
 92     2.538 55430.23324834 32.73  86.649489  67.022663 13.448
 92     2.215 55430.23324899 29.71  86.646039  67.019593 13.448
 92     1.983 55430.23324963 23.41  86.642599  67.016523 13.448
 92     1.570 55430.23325028 19.82  86.639149  67.013463 13.448
 93     2.522 55465.23320881 34.14  86.644239  67.031009 16.368
 93     2.564 55465.23320946 27.39  86.640799  67.027949 16.368
 93     2.394 55465.23321010 22.79  86.637349  67.024879 16.368
 93    17.093 55465.23321075 20.85  86.633909  67.021809 16.368
 93    17.612 55465.23321139 20.43  86.630459  67.018739 16.368
