 -98143.501    88.492     0.00    3.16
 -97777.254    91.860     9.20    4.54
 -97411.095    93.573     4.68    4.11
 -97045.026    94.352     2.13    3.38
 -96679.045    94.004    -0.95    4.42
 -96313.154    91.760    -6.13    5.56
 -95947.351    89.576    -5.97    5.86
 -95581.637    87.611    -5.37    5.13
 -95216.012    87.493    -0.32    4.77
 -94850.476    87.248    -0.67    5.91
 -94485.028    86.423    -2.26    6.77
 -94119.668    86.881     1.25    7.97
 -93754.397    87.896     2.78    8.32
 -93389.215    88.802     2.48    6.84
 -93024.120    89.707     2.48    5.84
 -92659.114    90.959     3.43    5.44
 -92294.197    91.416     1.25    6.67
 -91929.367    90.587    -2.27    8.14
 -91564.625    89.224    -3.74    8.78
 -91199.972    87.078    -5.89    8.35
 -90835.406    83.959    -8.56    8.40
 -90470.928    80.924    -8.33   10.17
 -90106.538    75.889   -13.82   11.87
 -89742.236    71.131   -13.06   10.26
 -89378.022    70.524    -1.67    9.91
 -89013.895    72.543     5.55   10.63
 -88649.856    77.687    14.13   10.34
 -88285.904    81.924    11.64   10.34
 -87922.040    86.220    11.81    8.55
 -87541.561    86.364     0.38    7.79
 -87159.213    81.406   -12.97   11.39
 -86776.965    71.845   -25.01   13.45
 -86394.815    64.463   -19.32    9.24
 -86012.764    61.700    -7.23    6.02
 -85630.812    64.654     7.74    9.95
 -85248.959    70.623    15.63   14.07
 -84867.204    76.272    14.80   14.39
 -84485.548    80.691    11.58   11.46
 -84103.991    81.631     2.46    9.60
 -83722.532    81.299    -0.87    7.38
 -83341.172    80.611    -1.80    4.84
 -82959.910    79.635    -2.56    4.20
 -82578.746    76.002    -9.53    7.21
 -82197.680    71.729   -11.21    8.74
 -81816.713    62.698   -23.71   12.28
 -81435.843    53.002   -25.46   13.53
 -81055.071    42.932   -26.45   11.96
 -80674.398    33.854   -23.85   10.17
 -80293.822    28.259   -14.70   10.87
 -79913.344    24.150   -10.80   12.84
 -79532.963    20.774    -8.88   11.94
 -79152.680    22.240     3.85   10.43
 -78772.495    25.164     7.69   11.57
 -78392.407    34.863    25.52   13.32
 -78012.416    43.623    23.05   11.44
 -77632.523    47.424    10.01    9.38
 -77252.726    45.489    -5.09   10.41
 -76873.027    41.280   -11.08   10.95
 -76493.425    36.463   -12.69   10.33
 -76113.920    33.088    -8.89    9.65
 -75734.512    32.536    -1.45    7.82
 -75355.201    33.400     2.28    6.19
 -74975.987    35.463     5.44    6.17
 -74596.869    38.103     6.96    4.71
 -74217.848    39.339     3.26    3.60
 -73838.923    39.021    -0.84    3.26
 -73460.095    38.182    -2.21    2.98
 -73081.364    36.696    -3.93    4.00
 -72702.728    34.265    -6.42    5.51
 -72324.189    31.829    -6.44    5.38
 -71945.746    28.729    -8.19    4.22
 -71567.399    26.133    -6.86    4.06
 -71189.149    25.121    -2.67    4.54
 -70810.994    23.394    -4.57    6.17
 -70432.935    21.836    -4.12    7.95
 -70054.972    20.134    -4.50    9.45
 -69677.104    15.012   -13.56   10.65
 -69299.333     9.441   -14.75    9.81
 -68921.657     4.355   -13.47    6.95
 -68544.076     0.950    -9.02    2.34
 -68166.591     0.098    -2.26    0.58
 -67789.202    -0.032    -0.34    0.13
 -67411.907    -0.050    -0.05    0.00
 -67034.708    -0.050     0.00    0.00
 -66657.604    -0.050     0.00    0.00
 -66280.596    -0.050     0.00    0.00
 -65903.682    -0.050     0.00    0.00
 -65526.863    -0.050     0.00    0.00
 -65150.139    -0.050     0.00    0.00
 -64773.510    -0.050     0.00    0.00
 -64396.976    -0.050     0.00    0.00
 -64020.536    -0.050     0.00    0.00
 -63644.191     0.127     0.47    0.68
 -63267.941     0.761     1.68    1.42
 -62891.785     1.275     1.37    1.48
 -62515.723     1.605     0.88    1.42
 -62139.756     1.707     0.27    1.30
 -61763.883     1.396    -0.83    1.15
 -61388.104     1.141    -0.68    1.07
 -61012.419     1.301     0.42    1.16
 -60636.829     1.602     0.80    1.33
 -60261.332     1.433    -0.45    1.39
 -59885.929     1.131    -0.80    1.45
 -59510.620     0.631    -1.33    1.29
 -59135.405     0.148    -1.29    0.67
 -58760.283    -0.050    -0.53    0.00
 -58385.256    -0.050     0.00    0.00
 -58010.321    -0.050     0.00    0.00
 -57635.481    -0.050     0.00    0.00
 -57260.733    -0.050     0.00    0.00
 -56886.079    -0.050     0.00    0.00
 -56511.518    -0.050     0.00    0.00
 -56137.051    -0.050     0.00    0.00
 -55762.677    -0.050     0.00    0.00
 -55388.395    -0.050     0.00    0.00
 -55014.207    -0.050     0.00    0.00
 -54640.112    -0.050     0.00    0.00
 -54266.109    -0.050     0.00    0.00
 -53892.199    -0.050     0.00    0.00
 -53518.382    -0.050     0.00    0.00
 -53144.658    -0.050     0.00    0.00
 -52771.026    -0.050     0.00    0.00
 -52397.487    -0.050     0.00    0.00
 -52024.041    -0.050     0.00    0.00
 -51650.686    -0.050     0.00    0.00
 -51277.424    -0.050     0.00    0.00
 -50904.255     0.204     0.68    0.75
 -50531.177     0.566     0.97    1.08
 -50158.192     1.105     1.44    1.34
 -49785.298     1.433     0.88    1.36
 -49412.497     1.515     0.22    1.38
 -49039.787     1.275    -0.64    1.39
 -48667.170     0.776    -1.34    1.22
 -48294.644     0.410    -0.98    0.99
 -47922.210     0.049    -0.97    0.40
 -47549.867    -0.050    -0.27    0.00
 -47177.616    -0.050     0.00    0.00
 -46805.457    -0.050     0.00    0.00
 -46433.389    -0.050     0.00    0.00
 -46061.413    -0.050     0.00    0.00
 -45689.527    -0.050     0.00    0.00
 -45317.733    -0.050     0.00    0.00
 -44946.031    -0.050     0.00    0.00
 -44574.419    -0.050     0.00    0.00
 -44202.898    -0.050     0.00    0.00
 -43831.469    -0.050     0.00    0.00
 -43460.130    -0.050     0.00    0.00
 -43088.882     0.050     0.27    0.41
 -42717.725     0.755     1.90    1.36
 -42346.658     1.598     2.27    1.65
 -41975.683     2.380     2.11    1.72
 -41604.797     2.788     1.10    1.59
 -41234.003     2.548    -0.65    1.68
 -40863.299     2.301    -0.67    1.62
 -40492.685     2.344     0.12    1.54
 -40122.161     1.994    -0.94    1.38
 -39751.728     1.824    -0.46    1.36
 -39381.385     1.437    -1.05    1.10
 -39011.132     1.075    -0.98    0.62
 -38640.969     1.064    -0.03    0.63
 -38270.896     0.950    -0.31    0.00
 -37900.913     1.059     0.29    0.53
 -37531.020     1.354     0.80    1.10
 -37161.217     1.486     0.36    1.25
 -36791.503     1.783     0.81    1.38
 -36421.879     1.782    -0.00    1.32
 -36052.345     1.666    -0.31    1.14
 -35682.900     1.806     0.38    1.35
 -35313.545     2.118     0.85    1.57
 -34944.279     2.143     0.07    1.65
 -34575.103     1.897    -0.67    1.49
 -34206.016     1.874    -0.06    1.43
 -33837.018     2.331     1.24    1.54
 -33468.109     2.700     1.00    1.50
 -33099.289     2.743     0.12    1.51
 -32730.558     2.454    -0.78    1.64
 -32361.916     2.459     0.01    1.88
 -31993.363     2.685     0.61    1.85
 -31624.899     3.209     1.42    1.81
 -31256.524     3.455     0.67    1.43
 -30888.237     3.516     0.17    1.16
 -30520.039     3.312    -0.56    1.19
 -30151.930     2.808    -1.37    1.22
 -29783.909     2.477    -0.90    1.29
 -29415.977     1.869    -1.65    1.54
 -29048.133     1.084    -2.13    1.37
 -28680.377     0.431    -1.78    0.80
 -28312.710     0.074    -0.97    0.40
 -27945.130    -0.050    -0.34    0.00
 -27577.639    -0.050     0.00    0.00
 -27210.236    -0.050     0.00    0.00
 -26842.921    -0.050     0.00    0.00
 -26475.694    -0.050     0.00    0.00
 -26108.555    -0.050     0.00    0.00
 -25741.503    -0.050     0.00    0.00
 -25374.540    -0.050     0.00    0.00
 -25007.664    -0.050     0.00    0.00
 -24640.875    -0.050     0.00    0.00
 -24274.175    -0.050     0.00    0.00
 -23907.561     0.337     1.06    1.40
 -23541.036     1.649     3.58    3.25
 -23174.597     2.604     2.61    3.52
 -22808.246     2.941     0.92    3.26
 -22441.982     3.013     0.20    3.00
 -22075.805     2.211    -2.19    1.33
 -21709.716     2.587     1.03    1.09
 -21343.713     2.846     0.71    1.19
 -20977.798     3.189     0.94    1.59
 -20611.969     4.346     3.16    2.83
 -20246.228     5.666     3.61    3.59
 -19880.573     6.994     3.63    3.82
 -19515.005     9.244     6.15    3.82
 -19149.524    11.138     5.18    3.81
 -18784.129    10.057    -2.96    4.55
 -18418.821     8.198    -5.09    5.57
 -18053.599     5.508    -7.37    5.44
 -17688.464     2.977    -6.93    3.64
 -17323.415     1.323    -4.53    2.22
 -16958.453     0.428    -2.45    1.38
 -16593.577    -0.031    -1.26    0.14
 -16228.787    -0.050    -0.05    0.00
 -15864.083    -0.050     0.00    0.00
 -15499.465    -0.050     0.00    0.00
 -15134.934     0.074     0.34    0.64
 -14770.488     0.309     0.64    1.29
 -14406.128     0.218    -0.25    1.13
 -14041.854     0.022    -0.54    0.46
 -13677.666    -0.050    -0.20    0.00
 -13313.564    -0.041     0.02    0.09
 -12939.635    -0.050    -0.02    0.00
 -12557.452    -0.041     0.02    0.09
 -12175.366    -0.050    -0.02    0.00
 -11793.377    -0.050     0.00    0.00
 -11411.485    -0.023     0.07    0.21
 -11029.689     0.068     0.24    0.62
 -10647.989     0.057    -0.03    0.63
 -10266.386     0.023    -0.09    0.40
  -9884.879     0.789     2.01    1.72
  -9503.468     1.611     2.15    1.98
  -9122.154     2.295     1.80    1.80
  -8740.935     2.856     1.47    1.35
  -8359.813     3.155     0.79    1.92
  -7978.786     3.892     1.93    2.09
  -7597.856     4.352     1.21    2.23
  -7217.021     4.384     0.08    2.39
  -6836.282     3.736    -1.70    2.40
  -6455.638     3.668    -0.18    2.32
  -6075.090     3.566    -0.27    2.20
  -5694.638     3.614     0.13    2.45
  -5314.281     3.432    -0.48    2.52
  -4934.019     2.968    -1.22    2.59
  -4553.852     2.877    -0.24    2.56
  -4173.781     2.680    -0.52    2.26
  -3793.805     3.265     1.54    2.24
  -3413.924     3.941     1.78    2.02
  -3034.138     4.027     0.23    2.08
  -2654.447     3.057    -2.55    2.72
  -2274.851     1.719    -3.52    2.62
  -1895.350     0.477    -3.27    1.49
  -1515.943    -0.041    -1.36    0.10
  -1136.631    -0.050    -0.02    0.00
   -757.414    -0.050     0.00    0.00
   -378.291    -0.050     0.00    0.00
      0.737    -0.050     0.00    0.00
    379.671    -0.050     0.00    0.00
    758.511    -0.050     0.00    0.00
   1137.256    -0.050     0.00    0.00
   1515.908    -0.050     0.00    0.00
   1894.465    -0.050     0.00    0.00
   2272.928     0.423     1.25    1.28
   2651.297     1.744     3.49    2.53
   3029.573     2.545     2.12    2.34
   3407.754     3.225     1.80    1.95
   3785.842     3.132    -0.25    1.75
   4163.836     2.486    -1.71    1.06
   4541.736     2.950     1.23    1.82
   4919.543     4.103     3.05    3.30
   5297.257     5.167     2.82    4.23
   5674.877     5.668     1.33    4.33
   6052.403     6.315     1.71    3.90
   6429.837     6.534     0.58    2.73
   6807.177     6.589     0.15    2.12
   7184.424     5.590    -2.65    2.94
   7561.578     4.445    -3.03    2.96
   7938.639     3.750    -1.84    2.71
   8315.607     5.173     3.78    4.38
   8692.482     8.748     9.49    5.61
   9069.264    11.247     6.63    5.47
   9445.954    11.731     1.28    5.77
   9822.551     9.677    -5.45    5.26
  10199.055     7.417    -6.00    3.04
  10575.467     6.220    -3.18    1.94
  10951.786     6.060    -0.43    2.12
  11328.013     4.959    -2.93    2.12
  11704.148     4.023    -2.49    1.54
  12080.190     4.422     1.06    1.65
  12456.141     4.459     0.10    1.62
  12831.999     4.601     0.38    1.66
  13207.765     4.177    -1.13    1.85
  13583.439     3.705    -1.26    1.86
  13959.021     3.541    -0.44    2.02
  14334.511     3.996     1.21    2.20
  14709.910     4.341     0.92    2.30
  15085.216     4.561     0.59    2.21
  15460.431     4.265    -0.79    1.89
  15835.555     4.563     0.79    1.94
  16210.587     4.565     0.01    2.15
  16585.527     4.698     0.35    2.37
  16960.377     6.573     5.00    3.79
  17335.134     7.450     2.34    3.96
  17709.801     8.656     3.22    3.48
  18084.376     9.515     2.29    2.33
  18458.860     8.886    -1.68    1.77
  18833.253     8.101    -2.10    1.05
  19207.556     8.232     0.35    1.10
  19581.767     8.912     1.82    1.77
  19955.887     9.432     1.39    2.00
  20329.917    10.139     1.89    1.84
  20703.856     9.986    -0.41    1.85
  21077.704     9.396    -1.58    1.44
  21451.461     9.107    -0.77    1.21
  21825.128     8.896    -0.57    1.07
  22198.705     8.669    -0.61    1.14
  22572.191     8.605    -0.17    1.24
  22945.587     8.412    -0.51    1.36
  23318.892     8.325    -0.23    1.46
  23692.107     8.241    -0.23    1.38
  24065.232     8.023    -0.58    1.21
  24438.267     7.814    -0.56    1.15
  24811.212     7.585    -0.61    1.11
  25184.067     7.268    -0.85    1.16
  25556.833     7.037    -0.62    0.97
  25929.508     7.168     0.35    1.10
  26302.094     7.409     0.65    1.17
  26674.589     7.592     0.49    1.03
  27046.996     7.786     0.52    0.99
  27419.312     7.875     0.24    0.92
  27791.539     7.759    -0.31    0.94
  28163.677     7.748    -0.03    1.01
  28535.726     8.014     0.71    1.23
  28907.685     8.221     0.56    1.18
  29279.554     8.767     1.47    1.51
  29651.335     9.659     2.40    2.12
  30023.026     9.845     0.50    2.29
  30394.629     9.959     0.31    2.36
  30766.142    11.205     3.35    4.31
  31137.567    12.896     4.55    4.98
  31508.902    14.293     3.76    4.19
  31880.149    14.345     0.14    4.21
  32251.307    13.450    -2.41    4.17
  32622.376    13.495     0.12    4.08
  32993.357    15.410     5.16    4.10
  33364.249    17.610     5.93    3.12
  33735.053    16.968    -1.73    3.12
  34105.768    16.265    -1.90    3.59
  34476.395    17.389     3.03    4.42
  34846.934    18.441     2.84    4.52
  35217.384    20.690     6.07    3.91
  35587.746    23.207     6.79    4.22
  35958.020    23.811     1.63    4.94
  36328.206    22.867    -2.55    6.33
  36698.304    22.395    -1.28    6.43
  37068.314    21.931    -1.25    5.70
  37438.237    22.823     2.41    5.53
  37808.071    23.999     3.18    4.76
  38177.818    24.877     2.38    4.95
  38547.477    27.675     7.57    6.91
  38917.048    33.450    15.63   10.55
  39286.532    41.079    20.65   10.12
  39655.928    47.229    16.65    7.31
  40025.237    49.785     6.92    5.10
  40394.458    49.705    -0.22    3.72
  40763.592    49.913     0.56    3.75
  41132.639    50.539     1.70    3.83
  41501.599    50.598     0.16    4.31
  41870.472    50.723     0.34    5.12
  42239.257    51.280     1.51    5.92
  42607.956    53.086     4.90    5.80
  42976.567    55.913     7.67    6.56
  43345.092    62.274    17.26    9.45
  43713.530    70.395    22.04   11.60
  44081.881    79.046    23.49   10.65
  44450.145    86.941    21.44    8.98
  44818.323    91.506    12.40    6.88
  45186.414    96.014    12.25    6.76
  45554.419    98.877     7.78    7.29
  45922.337   101.562     7.30    7.27
  46290.169   103.868     6.27    6.24
  46657.915   104.760     2.42    5.27
  47025.574   102.413    -6.38    6.31
  47393.147    98.106   -11.72    7.67
  47760.634    92.118   -16.29    8.63
  48128.034    86.523   -15.23    9.46
  48495.349    79.469   -19.20   11.31
  48862.578    73.423   -16.46   10.93
  49229.721    67.607   -15.84    9.90
  49596.778    61.709   -16.07    9.33
  49963.749    56.106   -15.27    8.94
  50330.634    50.607   -14.99    8.41
  50697.434    46.141   -12.18    5.48
  51064.148    43.385    -7.51    5.36
  51430.777    41.885    -4.09    5.36
  51797.320    42.150     0.72    5.71
  52163.777    43.425     3.48    5.55
  52530.149    46.184     7.53    6.30
  52896.436    48.959     7.58    7.36
  53262.638    53.145    11.43    7.55
  53628.754    56.061     7.97    6.98
  53994.786    57.806     4.77    5.61
  54360.732    56.885    -2.52    5.54
  54726.593    56.302    -1.59    5.30
  55092.369    57.265     2.63    5.54
  55458.061    60.341     8.41    5.98
  55823.667    63.843     9.58    4.71
  56189.189    63.112    -2.00    5.73
  56554.626    58.735   -11.98    8.79
  56919.978    51.389   -20.11    9.86
  57285.246    43.877   -20.57    9.38
  57650.429    37.607   -17.17    6.79
  58015.528    34.734    -7.87    5.74
  58380.542    33.809    -2.53    7.27
  58745.472    36.651     7.79   11.59
  59110.317    38.088     3.94   13.08
  59475.078    38.190     0.28   12.45
  59839.755    40.791     7.13   10.59
  60204.348    43.996     8.79    9.71
  60568.857    49.265    14.45    8.86
  60933.282    54.642    14.75    5.52
  61297.622    57.527     7.92    4.34
  61665.469    60.427     7.88    5.79
  62047.482    63.893     9.07    5.51
  62429.401    64.005     0.29    5.39
  62811.226    59.296   -12.33   10.31
  63192.957    52.333   -18.24   10.87
  63574.593    48.698    -9.53    7.69
  63956.135    51.371     7.01    9.38
  64337.584    56.791    14.21    8.67
  64718.938    60.436     9.56    5.80
  65100.199    58.604    -4.80    7.95
  65481.365    51.252   -19.29    9.99
  65862.438    45.170   -15.96    8.09
  66243.418    41.607    -9.35    4.67
  66624.303    42.831     3.21    5.43
  67005.096    46.998    10.94    6.01
  67385.794    51.895    12.86    7.04
  67766.400    57.450    14.59    5.66
  68146.911    61.182     9.81    4.07
  68527.330    64.594     8.97    4.63
  68907.656    69.308    12.39    6.58
  69287.888    73.912    12.11    6.74
  69668.027    77.660     9.86    4.39
  70048.074    79.128     3.86    2.94
  70428.027    77.978    -3.03    3.54
  70807.888    74.893    -8.12    6.42
  71187.655    69.756   -13.53    7.48
  71567.330    65.299   -11.74    5.48
  71946.913    61.791    -9.24    4.03
  72326.403    62.006     0.57    4.33
  72705.800    63.809     4.75    4.92
  73085.105    66.400     6.83    5.20
  73464.317    70.969    12.05    6.52
  73843.437    76.381    14.27    9.75
  74222.465    82.358    15.77   10.81
  74601.400    89.128    17.86    9.91
  74980.244    94.710    14.73    9.76
  75358.995    99.501    12.65   10.45
  75737.655   104.727    13.80   11.70
  76116.222   110.785    16.00   11.73
  76494.698   115.610    12.75    8.57
  76873.082   116.820     3.20    6.61
  77251.374   113.651    -8.38    9.14
  77629.574   105.548   -21.42   12.26
  78007.683    97.670   -20.84   12.58
  78385.700    88.129   -25.24    9.22
  78763.626    82.978   -13.63    7.24
  79141.461    80.912    -5.47    5.34
  79519.204    84.357     9.12    6.71
  79896.856    88.787    11.73    7.07
  80274.416    93.811    13.31    4.90
  80651.886    96.493     7.10    2.58
  81029.264    96.464    -0.08    3.10
  81406.551    95.100    -3.62    3.68
  81783.748    92.885    -5.87    3.52
  82160.854    90.997    -5.01    3.35
  82537.868    88.950    -5.43    4.05
  82914.792    84.997   -10.49    5.46
  83291.626    81.188   -10.11    5.15
  83668.368    79.308    -4.99    4.03
  84045.020    78.178    -3.00    3.05
  84421.582    79.405     3.26    3.02
  84798.053    80.200     2.11    3.07
  85174.434    80.177    -0.06    3.35
  85550.725    81.008     2.21    3.12
  85926.925    82.604     4.24    3.26
  86303.035    84.176     4.18    3.45
  86679.055    86.148     5.24    3.73
  87054.985    87.184     2.75    4.21
  87430.825    87.464     0.75    5.48
  87806.575    86.418    -2.78    5.85
  88182.235    84.838    -4.21    6.14
  88557.806    82.997    -4.90    6.36
  88933.286    80.297    -7.19    6.25
  89308.677    78.244    -5.47    4.78
  89683.979    77.667    -1.54    3.39
  90059.191    78.530     2.30    3.60
  90434.313    80.296     4.71    3.70
  90809.346    82.137     4.91    3.92
  91184.290    84.847     7.23    5.15
  91559.144    88.630    10.09    6.10
  91933.909    93.794    13.78    7.28
  92308.585    98.409    12.32    7.13
  92683.172   101.345     7.84    6.12
  93057.670   104.323     7.95    6.75
  93432.079   106.118     4.80    6.78
  93806.399   107.978     4.97    6.14
  94180.630   109.978     5.34    4.60
  94554.773   110.118     0.37    3.72
  94928.826   108.998    -3.00    4.02
  95302.791   107.739    -3.37    4.62
  95676.668   104.430    -8.85    4.48
  96050.456   100.987    -9.21    5.91
  96424.155    96.381   -12.32    6.79
  96797.766    90.607   -15.45    6.65
  97171.289    85.607   -13.39    5.83
  97544.723    79.501   -16.35    7.33
  97918.069    73.763   -15.37    7.80
  98291.327    68.383   -14.41    7.05
  98664.497    63.519   -13.03    5.59
  99037.579    60.297    -8.64    4.47
  99410.573    57.726    -6.89    3.81
  99783.479    56.391    -3.58    3.04
 100156.297    57.174     2.10    4.27
 100529.027    58.629     3.90    4.74
 100901.670    60.724     5.62    5.23
 101274.225    62.053     3.57    4.83
 101646.692    61.990    -0.17    4.59
 102019.072    60.488    -4.03    5.42
 102391.364    58.593    -5.09    5.39
 102763.569    56.858    -4.66    5.55
 103135.686    55.988    -2.34    5.01
 103507.716    56.558     1.53    4.41
 103879.659    56.567     0.03    3.17
 104251.515    57.102     1.44    2.69
 104623.284    56.767    -0.90    3.12
 104994.965    55.348    -3.82    3.66
 105366.560    54.258    -2.93    4.04
 105738.068    53.028    -3.31    3.59
 106109.488    52.156    -2.35    3.27
 106480.822    51.356    -2.15    3.14
 106852.069    49.836    -4.09    3.45
 107223.230    47.552    -6.15    4.12
 107594.304    45.300    -6.07    3.81
 107965.291    44.941    -0.97    3.39
 108336.192    45.217     0.75    3.28
 108707.006    45.356     0.37    3.13
 109077.734    46.331     2.63    2.86
 109448.375    45.809    -1.41    2.89
 109818.931    44.997    -2.19    2.06
 110189.400    45.630     1.71    2.77
 110559.783    46.913     3.46    3.59
 110930.079    49.510     7.01    4.11
 111300.290    53.156     9.85    5.04
 111670.415    56.422     8.82    5.80
 112040.454    60.809    11.85    7.01
 112410.407    64.941    11.17    7.83
 112780.274    68.474     9.55    7.91
 113150.055    67.737    -1.99    7.96
 113519.751    65.795    -5.25    8.29
 113889.361    62.724    -8.31    6.07
 114258.886    60.521    -5.96    5.46
 114628.325    58.306    -6.00    5.56
 114997.678    57.139    -3.16    4.28
 115366.946    56.698    -1.19    4.18
 115736.129    55.922    -2.10    5.00
 116105.227    54.585    -3.62    6.05
 116474.239    52.408    -5.90    5.12
 116843.166    51.721    -1.86    4.15
 117212.009    53.093     3.72    4.59
 117580.766    56.422     9.03    4.96
 117949.438    59.500     8.35    4.64
 118318.025    60.830     3.61    4.48
 118686.527    63.581     7.47    5.20
 119054.945    66.799     8.73    5.95
 119423.277    68.695     5.15    5.25
 119791.526    70.160     3.98    4.03
 120159.689    69.617    -1.47    4.46
 120527.768    68.062    -4.22    4.45
 120895.762    66.042    -5.49    4.73
 121263.672    65.045    -2.71    4.06
 121631.497    65.327     0.77    3.98
 121999.239    66.629     3.54    3.89
 122366.895    67.842     3.30    3.00
 122734.468    66.857    -2.68    3.43
 123101.956    64.528    -6.33    4.10
 123469.361    61.110    -9.30    4.55
 123836.681    58.771    -6.37    4.90
 124203.917    54.892   -10.56    5.22
 124571.069    51.648    -8.84    4.88
 124938.138    48.930    -7.40    4.26
 125305.122    47.309    -4.42    3.58
 125672.023    46.581    -1.98    3.59
 126038.840    46.758     0.48    3.20
 126405.574    47.450     1.89    3.03
 126772.224    48.871     3.87    3.15
 127138.790    49.598     1.98    2.98
 127505.273    51.097     4.09    3.57
 127871.672    52.676     4.31    4.53
 128237.988    53.455     2.12    4.68
 128604.221    54.998     4.21    4.42
 128970.370    55.053     0.15    4.07
 129336.436    52.940    -5.77    5.80
 129702.419    48.200   -12.95    7.61
 130068.319    44.008   -11.46    7.16
 130434.136    41.610    -6.55    4.39
 130799.870    42.134     1.43    4.14
 131165.521    43.338     3.29    3.96
 131531.089    43.997     1.80    2.56
 131896.574    42.998    -2.73    2.44
 132261.977    41.610    -3.80    1.95
 132627.297    40.752    -2.35    1.35
 132992.534    39.911    -2.30    1.34
 133357.689    40.172     0.72    1.64
 133722.761    41.008     2.29    2.35
 134087.750    42.226     3.34    2.66
 134452.658    43.560     3.65    2.10
 134817.482    44.342     2.15    2.21
 135182.225    44.582     0.66    2.03
 135546.885    44.548    -0.09    1.84
 135911.463    44.445    -0.28    1.58
 136275.959    44.101    -0.94    1.36
 136655.493    44.188     0.23    1.22
 137037.243    45.129     2.47    1.89
 137418.900    47.017     4.94    2.60
 137800.465    48.128     2.91    2.29
 138181.939    47.315    -2.13    3.54
 138563.321    44.412    -7.61    5.15
 138944.611    40.210   -11.02    4.53
 139325.809    37.674    -6.65    3.03
 139706.916    37.038    -1.67    2.13
 140087.932    38.026     2.59    2.53
 140468.856    39.990     5.15    2.32
 140849.689    39.422    -1.49    2.96
 141230.430    38.544    -2.30    3.22
 141611.080    37.763    -2.05    2.71
 141991.639    37.460    -0.80    1.86
 142372.107    39.346     4.96    2.33
 142752.484    40.919     4.14    2.22
 143132.770    44.535     9.51    5.44
 143512.965    49.198    12.26    7.09
 143893.070    53.478    11.26    6.13
 144273.083    56.475     7.89    2.66
 144653.006    56.507     0.08    2.16
 145032.838    55.219    -3.39    2.25
 145412.580    54.302    -2.41    1.88
 145792.231    53.798    -1.33    1.65
 146171.791    53.086    -1.87    1.90
 146551.262    51.873    -3.20    2.47
 146930.642    50.152    -4.54    2.34
 147309.931    48.940    -3.19    1.64
 147689.131    48.296    -1.70    1.72
 148068.240    47.912    -1.01    2.67
 148447.259    46.970    -2.49    3.32
 148826.188    45.054    -5.06    3.65
 149205.028    42.524    -6.68    3.47
 149583.777    39.750    -7.32    3.69
 149962.437    37.573    -5.75    3.20
 150341.006    36.450    -2.96    2.65
 150719.487    35.307    -3.02    3.23
 151097.877    33.845    -3.86    4.04
 151476.178    32.039    -4.77    3.97
 151854.389    30.507    -4.05    3.58
 152232.511    29.138    -3.62    2.86
 152610.544    28.036    -2.92    2.41
 152988.487    26.450    -4.20    2.63
 153366.341    24.721    -4.57    2.43
 153744.106    23.683    -2.75    1.97
 154121.782    22.824    -2.28    1.26
 154499.368    22.502    -0.85    1.34
 154876.866    22.979     1.26    2.01
 155254.275    24.422     3.82    3.04
 155631.594    26.793     6.28    3.46
 156008.825    29.683     7.66    3.48
 156385.968    32.440     7.31    3.22
 156763.021    32.635     0.52    2.98
 157139.986    31.314    -3.51    3.19
 157516.862    30.007    -3.47    3.41
 157893.650    30.519     1.36    4.94
 158270.350    32.110     4.23    5.24
 158646.961    34.222     5.61    4.62
 159023.483    36.521     6.11    3.61
 159399.918    37.102     1.54    2.43
 159776.264    35.517    -4.21    3.84
 160152.522    32.998    -6.70    4.75
 160528.692    29.804    -8.49    3.26
 160904.774    28.969    -2.22    2.08
 161280.767    30.182     3.23    2.96
 161656.674    32.375     5.83    3.05
 162032.492    34.613     5.96    2.10
 162408.222    35.245     1.68    1.71
 162783.865    34.810    -1.16    1.95
 163159.420    33.988    -2.19    2.09
 163534.887    32.999    -2.63    1.39
 163910.267    32.384    -1.64    0.88
 164285.560    33.037     1.74    1.81
 164660.765    34.027     2.64    2.19
 165035.882    35.074     2.79    1.99
 165410.913    36.019     2.52    1.34
 165785.856    35.585    -1.16    1.94
 166160.712    33.536    -5.46    3.87
 166535.481    30.739    -7.46    4.05
 166910.163    28.879    -4.96    2.86
 167284.757    28.760    -0.32    2.19
 167659.265    29.633     2.33    1.83
 168033.686    30.112     1.28    1.63
 168408.020    30.450     0.90    2.06
 168782.268    30.698     0.66    2.26
 169156.428    30.950     0.67    2.17
 169530.502    30.980     0.08    2.03
 169904.490    30.940    -0.11    1.85
 170278.391    31.030     0.24    1.71
 170652.205    32.368     3.58    2.00
 171025.934    33.481     2.98    1.94
 171399.575    33.511     0.08    2.31
 171773.131    33.415    -0.26    2.66
 172146.600    34.341     2.48    2.94
 172519.983    35.329     2.65    2.69
 172893.280    35.814     1.30    2.47
 173266.491    35.195    -1.66    2.92
 173639.616    33.366    -4.90    2.83
 174012.655    32.094    -3.41    2.03
 174385.608    31.256    -2.25    1.31
 174758.476    30.825    -1.16    1.43
 175131.257    30.536    -0.78    1.56
 175503.953    30.167    -0.99    1.26
 175876.563    29.940    -0.61    0.76
 176249.088    29.597    -0.92    0.96
 176621.527    29.300    -0.80    1.27
 176993.881    28.140    -3.11    2.93
 177366.149    24.931    -8.62    6.14
 177738.332    21.246    -9.90    7.44
 178110.430    18.096    -8.47    6.54
 178482.442    15.481    -7.03    3.89
 178854.369    15.422    -0.16    2.36
 179226.212    15.766     0.92    1.78
 179597.969    16.416     1.75    1.82
 179969.641    16.649     0.63    1.86
 180341.228    16.500    -0.40    1.79
 180712.730    15.950    -1.48    1.65
 181084.148    15.175    -2.09    1.18
 181455.480    14.455    -1.94    1.43
 181826.728    14.450    -0.01    1.86
 182197.891    15.422     2.62    2.74
 182568.970    16.902     3.99    2.87
 182939.964    18.274     3.70    1.98
 183310.874    18.871     1.61    1.25
 183681.699    19.240     1.00    1.35
 184052.440    20.364     3.03    1.98
 184423.097    21.807     3.89    2.12
 184793.669    23.416     4.34    2.03
 185164.157    24.722     3.53    1.41
 185534.561    24.817     0.25    1.58
 185904.881    24.746    -0.19    1.87
 186275.117    24.931     0.50    3.16
 186645.269    25.881     2.57    4.67
 187015.337    28.110     6.02    5.69
 187385.321    30.902     7.55    5.65
 187755.221    33.940     8.21    4.44
 188125.038    35.769     4.95    1.84
 188494.770    36.338     1.54    1.20
 188864.420    36.766     1.16    1.08
 189233.985    36.989     0.60    1.05
 189603.467    37.780     2.14    1.20
 189972.866    39.498     4.65    2.91
 190342.181    42.052     6.91    4.19
 190711.413    45.681     9.83    4.55
 191080.562    48.326     7.17    2.81
 191449.627    48.940     1.66    1.88
 191818.609    48.479    -1.25    2.13
 192187.509    47.930    -1.49    1.79
 192556.325    47.460    -1.28    1.41
 192925.057    47.445    -0.04    1.60
 193293.707    47.358    -0.24    1.85
 193662.275    47.009    -0.95    2.00
 194030.759    46.707    -0.82    2.01
 194399.160    46.803     0.26    1.96
 194767.479    47.089     0.78    1.72
 195135.715    47.306     0.59    1.29
 195503.868    46.710    -1.62    1.51
 195871.939    45.560    -3.13    1.60
 196239.927    44.650    -2.47    1.71
 196607.833    43.921    -1.98    1.78
 196975.657    43.777    -0.39    1.68
 197343.398    43.834     0.15    1.97
 197711.056    43.277    -1.51    2.74
 198078.633    42.055    -3.32    3.19
 198446.127    40.569    -4.04    3.47
 198813.539    39.530    -2.83    3.18
 199180.869    38.843    -1.87    3.36
 199548.117    38.360    -1.32    3.35
 199915.283    37.775    -1.59    3.02
 200282.368    37.787     0.03    2.51
 200649.370    37.929     0.39    1.95
 201016.290    39.368     3.92    2.66
 201383.129    40.020     1.78    2.29
 201749.886    38.969    -2.86    3.53
 202116.561    36.671    -6.27    5.24
 202483.155    32.475   -11.45    5.68
 202849.667    29.200    -8.93    5.15
 203216.098    26.356    -7.76    3.21
 203582.447    25.734    -1.70    1.35
 203948.715    26.185     1.23    1.28
 204314.902    26.802     1.68    1.14
 204681.007    28.008     3.30    1.85
 205047.031    29.670     4.54    2.58
 205412.974    31.882     6.04    3.02
 205778.836    33.826     5.31    2.78
 206144.617    35.470     4.49    2.44
 206510.317    35.989     1.42    2.15
 206875.936    35.465    -1.43    2.33
 207241.473    34.767    -1.91    2.51
 207606.930    33.430    -3.66    2.45
 207972.307    32.633    -2.18    2.24
 208337.602    31.820    -2.22    2.55
 208702.817    31.019    -2.19    2.31
 209067.951    30.387    -1.73    1.69
 209433.005    30.277    -0.30    1.44
 209797.978    29.950    -0.90    1.32
 210162.871    29.650    -0.82    1.09
 210527.683    29.969     0.88    1.55
 210892.415    30.734     2.10    1.98
 211266.279    31.470     1.97    1.81
 211647.858    32.290     2.15    1.49
 212029.347    33.881     4.17    2.96
 212410.747    36.152     5.95    4.20
 212792.056    38.772     6.87    3.83
 213173.277    40.940     5.69    2.13
 213554.408    41.440     1.31    1.20
 213935.450    41.115    -0.85    1.16
 214316.403    40.584    -1.39    1.30
 214697.266    39.843    -1.94    1.34
 215078.041    38.445    -3.67    2.27
 215458.726    36.719    -4.53    2.82
 215839.322    34.647    -5.44    2.92
 216219.830    32.862    -4.69    1.98
 216600.248    32.253    -1.60    1.34
 216980.578    32.601     0.91    1.33
 217360.819    33.516     2.41    1.65
 217740.971    35.008     3.92    2.36
 218121.035    36.333     3.49    2.40
 218501.010    37.154     2.16    2.23
 218880.897    36.658    -1.30    2.60
 219260.695    35.348    -3.45    2.45
 219640.405    34.093    -3.31    1.97
 220020.026    33.533    -1.48    1.88
 220399.559    33.708     0.46    2.23
 220779.004    34.853     3.02    2.27
 221158.361    35.634     2.06    1.69
 221537.630    35.183    -1.19    1.66
 221916.811    34.019    -3.07    1.92
 222295.904    31.921    -5.54    2.56
 222674.909    30.516    -3.71    2.37
 223053.826    29.479    -2.73    1.83
 223432.655    28.920    -1.48    1.55
 223811.397    29.154     0.62    1.52
 224190.051    29.772     1.63    1.65
 224568.617    31.009     3.27    2.22
 224947.096    31.960     2.51    1.98
 225325.487    31.852    -0.29    2.25
 225703.791    31.316    -1.42    2.22
 226082.008    31.050    -0.70    2.00
 226460.137    31.474     1.12    1.86
 226838.179    32.170     1.84    1.01
 227216.134    31.146    -2.71    2.99
 227594.002    28.610    -6.71    5.45
 227971.783    26.086    -6.68    6.64
 228349.477    23.001    -8.17    6.03
 228727.083    21.594    -3.73    4.26
 229104.603    21.197    -1.05    2.10
 229482.036    22.254     2.80    1.66
 229859.383    23.515     3.34    1.43
 230236.642    24.758     3.29    1.42
 230613.815    25.304     1.45    1.12
 230990.902    24.979    -0.86    1.40
 231367.901    24.277    -1.86    1.47
 231744.815    23.352    -2.45    1.26
 232121.642    22.748    -1.60    1.41
 232498.382    22.430    -0.84    1.63
 232875.037    22.059    -0.99    1.88
 233251.605    20.980    -2.87    2.30
 233628.087    19.510    -3.90    1.98
 234004.483    18.489    -2.71    1.61
 234380.792    18.237    -0.67    1.39
 234757.016    18.020    -0.58    1.48
 235133.154    17.406    -1.63    1.77
 235509.206    16.195    -3.22    2.17
 235885.172    14.931    -3.36    1.67
 236261.052    14.157    -2.06    1.15
 236636.847    14.008    -0.39    1.11
 237012.556    14.042     0.09    1.71
 237388.179    13.999    -0.12    2.33
 237763.717    14.393     1.05    2.63
 238139.169    16.254     4.95    3.55
 238514.536    18.360     5.61    3.91
 238889.818    21.087     7.27    3.51
 239265.014    23.970     7.68    4.27
 239640.125    28.415    11.85    5.71
 240015.151    30.673     6.02    5.09
 240390.091    32.001     3.54    3.47
 240764.947    30.940    -2.83    3.05
 241139.717    29.217    -4.60    1.99
 241514.403    29.166    -0.14    1.82
 241889.004    29.939     2.07    1.88
 242263.519    30.911     2.59    1.99
 242637.950    32.418     4.02    1.84
 243012.297    33.656     3.31    1.85
 243386.558    34.920     3.38    1.60
 243760.735    36.180     3.37    1.72
 244134.828    37.636     3.89    1.90
 244508.836    38.870     3.30    1.60
 244882.759    39.087     0.58    1.43
 245256.598    38.584    -1.35    1.65
 245630.353    37.584    -2.68    2.16
 246004.023    36.053    -4.10    2.41
 246377.609    35.154    -2.41    2.14
 246751.111    34.565    -1.58    1.50
 247124.529    34.138    -1.14    1.30
 247497.863    33.867    -0.73    1.46
 247871.113    34.136     0.72    1.72
 248244.279    35.233     2.94    2.63
 248617.361    36.558     3.55    2.75
 248990.359    38.081     4.08    2.53
 249363.273    38.891     2.17    1.94
 249736.104    38.930     0.11    1.42
 250108.851    38.243    -1.84    1.51
 250481.514    38.078    -0.44    1.42
 250854.094    38.277     0.53    1.77
 251226.591    38.173    -0.28    2.60
 251599.003    38.488     0.84    3.03
 251971.333    38.950     1.24    3.54
 252343.579    39.438     1.31    3.63
 252715.742    40.123     1.84    3.01
 253087.821    40.490     0.98    3.03
