-146554.279   223.127     0.00    7.13
-146182.502   225.171     5.50    6.97
-145810.797   229.171    10.76    4.95
-145439.163   231.374     5.93    2.88
-145067.600   232.895     4.10    3.49
-144696.108   233.851     2.57    4.28
-144324.687   233.968     0.32    4.71
-143953.337   232.615    -3.64    6.25
-143582.058   230.156    -6.63    6.81
-143210.850   228.560    -4.30    5.77
-142839.713   228.615     0.15    6.02
-142468.647   231.263     7.14    7.88
-142097.652   233.453     5.90    9.08
-141726.728   234.179     1.96    8.85
-141355.874   237.251     8.28    9.58
-140985.091   241.013    10.15   10.87
-140614.379   247.329    17.04    8.93
-140243.737   253.294    16.09    8.99
-139873.166   260.314    18.95    9.96
-139502.666   270.513    27.53   14.68
-139132.236   282.627    32.71   16.95
-138761.876   293.662    29.80   16.46
-138391.587   304.968    30.54   11.90
-138021.368   309.422    12.03    7.98
-137651.220   310.205     2.12    7.47
-137281.142   308.707    -4.05    9.00
-136911.134   305.039    -9.92   11.07
-136541.197   299.411   -15.21   14.88
-136171.330   292.499   -18.69   15.06
-135801.532   282.208   -27.83   16.71
-135431.805   273.914   -22.44   17.44
-135062.148   264.116   -26.51   18.70
-134692.562   258.251   -15.87   19.43
-134323.045   250.377   -21.31   20.93
-133953.598   239.536   -29.35   19.68
-133584.221   225.758   -37.30   18.89
-133214.913   211.900   -37.53   16.65
-132845.676   201.321   -28.65   10.92
-132476.509   195.006   -17.11    8.71
-132107.411   185.520   -25.70   13.33
-131738.383   173.926   -31.42   20.46
-131369.424   161.220   -34.44   20.36
-131000.536   152.559   -23.48   14.79
-130631.717   148.103   -12.08   11.50
-130262.967   148.006    -0.26   11.75
-129894.287   147.472    -1.45   13.15
-129525.676   145.241    -6.05   13.26
-129157.135   142.592    -7.19   11.75
-128788.664   142.650     0.16   12.00
-128420.261   143.085     1.18   12.50
-128051.928   145.312     6.05   13.42
-127683.665   146.843     4.16   12.97
-127315.470   145.025    -4.94   11.95
-126947.345   145.763     2.01   11.80
-126579.289   144.455    -3.56   11.11
-126211.302   143.512    -2.56   10.79
-125843.384   144.222     1.93   12.15
-125475.535   143.960    -0.71   12.29
-125107.755   143.405    -1.51   11.33
-124740.045   142.797    -1.65   12.53
-124372.403   143.689     2.42   15.74
-124004.830   142.799    -2.42   16.96
-123637.326   142.460    -0.92   17.56
-123269.891   141.098    -3.71   15.20
-122902.524   139.064    -5.54   11.92
-122535.226   138.445    -1.68   11.16
-122167.997   139.507     2.89   11.45
-121800.837   140.593     2.96   10.63
-121433.745   139.434    -3.16   10.45
-121066.722   141.928     6.80   11.57
-120699.768   142.263     0.91   13.13
-120332.881   143.484     3.33   13.56
-119966.064   145.087     4.37   14.20
-119599.315   145.565     1.30   13.41
-119232.634   144.786    -2.13   11.16
-118866.022   143.800    -2.69    9.07
-118499.478   140.363    -9.38    9.20
-118133.002   137.127    -8.83    7.99
-117766.594   134.013    -8.50    8.56
-117400.255   131.360    -7.24    8.27
-117020.977   130.615    -1.96    8.17
-116640.498   132.425     4.76   10.78
-116260.093   140.348    20.83   15.02
-115879.763   150.017    25.43   14.35
-115499.507   160.558    27.72   15.88
-115119.325   172.146    30.48   21.52
-114739.218   186.521    37.82   30.01
-114359.185   197.090    27.81   29.48
-113979.225   194.742    -6.18   28.22
-113599.340   191.066    -9.68   25.25
-113219.529   190.267    -2.11   20.56
-112839.792   197.192    18.24   20.57
-112460.129   203.144    15.68   20.60
-112080.540   200.453    -7.09   25.67
-111701.025   191.138   -24.54   27.28
-111321.583   181.748   -24.75   19.12
-110942.216   176.332   -14.28   15.01
-110562.922   175.388    -2.49   13.53
-110183.701   177.073     4.44   12.00
-109804.555   180.400     8.78   11.02
-109425.482   187.639    19.10   12.90
-109046.482   199.604    31.57   16.54
-108667.557   214.298    38.78   18.53
-108288.704   229.732    40.74   16.06
-107909.925   238.164    22.26   10.44
-107531.220   237.041    -2.97   11.94
-107152.588   227.529   -25.12   16.30
-106774.029   212.827   -38.84   20.29
-106395.543   199.158   -36.12   17.27
-106017.131   192.161   -18.49   13.69
-105638.792   186.528   -14.89    9.94
-105260.526   186.064    -1.23    7.56
-104882.333   189.700     9.62    6.82
-104504.213   192.248     6.74    7.57
-104126.166   196.898    12.30    8.91
-103748.193   200.857    10.48    9.22
-103370.292   204.725    10.24    9.15
-102992.464   209.305    12.12    9.81
-102614.709   215.581    16.61   10.70
-102237.027   219.262     9.75   10.43
-101859.417   224.581    14.08    8.22
-101481.880   227.309     7.23    7.74
-101104.416   231.687    11.60   10.93
-100727.025   238.914    19.15   13.96
-100349.706   246.674    20.57   13.10
 -99972.460   252.567    15.62   10.46
 -99595.286   257.332    12.63    6.20
 -99218.185   258.801     3.90    6.88
 -98841.156   263.039    11.24   10.67
 -98464.199   268.557    14.64   12.47
 -98087.315   275.429    18.24   10.18
 -97710.504   278.639     8.52    8.32
 -97333.764   273.301   -14.17   14.85
 -96957.097   265.362   -21.08   16.84
 -96580.502   253.328   -31.96   18.31
 -96203.979   241.234   -32.12   17.58
 -95827.528   225.156   -42.71   19.89
 -95451.149   207.529   -46.83   21.35
 -95074.843   189.604   -47.64   22.21
 -94698.608   172.232   -46.18   17.03
 -94322.445   156.394   -42.11   16.35
 -93946.354   140.257   -42.91   17.30
 -93570.335   124.616   -41.60   17.68
 -93194.388   116.890   -20.55   12.36
 -92818.513   119.487     6.91   12.86
 -92442.709   128.505    24.00   11.35
 -92066.977   140.145    30.98   11.82
 -91691.317   148.911    23.34   11.92
 -91315.728   155.799    18.34   10.55
 -90940.211   160.269    11.90    8.78
 -90564.765   162.259     5.30    9.77
 -90189.391   163.701     3.84   10.76
 -89814.088   166.317     6.97   13.43
 -89438.857   167.493     3.13   15.69
 -89063.697   169.278     4.76   17.14
 -88688.609   171.639     6.30   19.48
 -88313.592   172.046     1.08   20.96
 -87938.646   170.241    -4.81   20.90
 -87563.771   164.788   -14.55   17.10
 -87188.967   159.675   -13.64   13.72
 -86814.235   154.011   -15.12   11.61
 -86439.573   149.446   -12.18   11.53
 -86064.983   145.918    -9.42   10.38
 -85690.464   145.520    -1.06    9.28
 -85316.016   146.926     3.76    8.35
 -84941.638   151.916    13.33    9.20
 -84567.332   156.948    13.45   10.21
 -84193.096   161.145    11.21    9.26
 -83818.931   164.236     8.26    8.86
 -83444.837   166.258     5.40    9.87
 -83070.814   167.834     4.21    9.68
 -82696.861   167.042    -2.12    9.48
 -82322.979   164.860    -5.84    9.33
 -81949.167   162.968    -5.06    6.84
 -81575.427   162.788    -0.48    5.88
 -81201.756   164.032     3.33    5.46
 -80828.156   164.801     2.06    5.70
 -80454.627   166.446     4.40    5.76
 -80081.168   167.782     3.58    6.19
 -79707.779   168.225     1.19    5.40
 -79334.461   168.098    -0.34    4.89
 -78961.213   167.892    -0.55    4.35
 -78588.035   167.720    -0.46    4.44
 -78214.928   168.916     3.21    4.64
 -77841.891   170.197     3.43    5.20
 -77468.923   173.145     7.91    6.42
 -77096.026   175.845     7.24    7.14
 -76723.199   178.220     6.37    6.43
 -76350.442   178.860     1.72    6.52
 -75977.755   180.071     3.25    7.43
 -75605.138   181.087     2.73    7.42
 -75232.591   182.713     4.37    6.69
 -74860.113   185.046     6.26    5.54
 -74487.706   187.727     7.20    5.81
 -74115.368   190.663     7.89    5.85
 -73743.100   193.440     7.46    5.78
 -73370.902   195.556     5.69    5.55
 -72998.773   196.727     3.15    6.09
 -72626.714   196.184    -1.46    6.15
 -72254.724   193.740    -6.57    6.63
 -71882.805   191.087    -7.13    6.28
 -71510.954   187.454    -9.77    5.68
 -71139.173   185.839    -4.35    6.41
 -70767.462   186.015     0.47    7.26
 -70395.820   185.732    -0.76    6.54
 -70024.247   186.127     1.06    5.43
 -69652.743   184.906    -3.29    5.67
 -69281.309   181.187   -10.01    6.66
 -68909.944   175.110   -16.36    7.76
 -68538.648   170.908   -11.32    6.31
 -68167.422   168.813    -5.64    4.85
 -67796.264   167.822    -2.67    6.77
 -67425.176   167.464    -0.96    9.11
 -67054.157   166.685    -2.10   11.60
 -66683.206   164.836    -4.98   12.75
 -66312.325   161.302    -9.53   13.24
 -65941.512   157.568   -10.07   11.94
 -65570.769   152.945   -12.47    9.63
 -65200.094   151.748    -3.23    8.77
 -64829.488   153.996     6.07   11.40
 -64458.951   157.903    10.54   13.78
 -64088.483   160.675     7.48   13.91
 -63718.083   162.056     3.73   14.97
 -63347.752   164.059     5.41   16.50
 -62977.490   163.883    -0.47   18.54
 -62607.296   162.615    -3.43   19.78
 -62237.171   161.208    -3.80   20.25
 -61867.114   154.964   -16.87   20.04
 -61497.126   153.097    -5.05   19.77
 -61127.206   152.522    -1.55   20.82
 -60757.354   153.531     2.73   22.42
 -60387.571   155.860     6.30   22.27
 -60017.856   156.247     1.05   21.36
 -59648.210   152.533   -10.05   19.62
 -59278.632   150.902    -4.41   16.47
 -58909.122   148.557    -6.35   12.93
 -58539.680   147.840    -1.94    9.65
 -58170.306   145.848    -5.39    7.99
 -57801.000   144.602    -3.37    7.49
 -57431.763   142.345    -6.11    6.79
 -57062.593   140.181    -5.86    7.14
 -56693.491   142.926     7.44    8.84
 -56324.458   145.639     7.35    9.64
 -55955.492   149.251     9.79   10.22
 -55586.594   151.314     5.59    9.01
 -55217.764   148.865    -6.64   11.06
 -54849.002   145.914    -8.00   10.57
 -54480.307   142.818    -8.40    9.53
 -54111.680   143.794     2.65   10.99
 -53743.121   146.851     8.29   11.89
 -53374.630   149.392     6.90   11.74
 -53006.206   154.109    12.80   11.41
 -52637.850   160.039    16.10   14.76
 -52269.561   168.085    21.85   17.21
 -51901.339   175.604    20.42   21.81
 -51533.186   182.427    18.53   23.47
 -51165.099   190.079    20.79   25.02
 -50797.080   200.090    27.20   23.79
 -50429.129   209.162    24.66   23.96
 -50061.244   219.331    27.64   19.93
 -49693.427   224.732    14.68   17.33
 -49325.677   227.555     7.68   14.95
 -48957.995   228.371     2.22   13.63
 -48590.379   225.418    -8.03   14.09
 -48222.831   218.533   -18.73   14.81
 -47855.349   209.420   -24.80   17.21
 -47487.935   194.286   -41.19   22.42
 -47120.588   178.880   -41.94   20.44
 -46753.308   168.567   -28.08   12.80
 -46386.094   167.239    -3.62   10.38
 -46018.948   172.555    14.48   12.29
 -45651.869   181.466    24.28   13.27
 -45284.856   190.306    24.09   10.00
 -44917.910   193.044     7.46    7.50
 -44551.031   191.715    -3.62    9.02
 -44184.218   187.521   -11.43   10.39
 -43817.473   181.102   -17.50   11.21
 -43450.794   175.348   -15.69   11.57
 -43084.181   169.109   -17.02   11.80
 -42717.635   160.020   -24.80   14.03
 -42341.987   150.091   -26.43   18.00
 -41961.658   136.558   -35.58   19.07
 -41581.401   124.215   -32.46   15.44
 -41201.217   114.460   -25.66    9.02
 -40821.105   108.802   -14.89    5.99
 -40441.066   104.756   -10.65    5.78
 -40061.099   100.690   -10.70    5.14
 -39681.204    97.921    -7.29    4.69
 -39301.381    95.405    -6.63    4.25
 -38921.630    91.968    -9.05    5.87
 -38541.951    87.906   -10.70    6.94
 -38162.345    84.262    -9.60    6.46
 -37782.810    79.832   -11.67    7.14
 -37403.348    74.255   -14.70    8.78
 -37023.957    68.451   -15.30    8.31
 -36644.638    64.374   -10.75    6.37
 -36265.391    61.168    -8.45    7.15
 -35886.216    61.604     1.15    8.12
 -35507.113    63.185     4.17    8.43
 -35128.081    64.740     4.10    6.72
 -34749.121    64.937     0.52    4.76
 -34370.232    63.260    -4.43    4.61
 -33991.416    61.192    -5.46    4.49
 -33612.671    60.450    -1.96    5.67
 -33233.997    59.698    -1.98    5.67
 -32855.395    58.140    -4.12    5.28
 -32476.864    55.987    -5.69    6.16
 -32098.404    54.145    -4.87    5.62
 -31720.016    51.434    -7.16    5.69
 -31341.700    50.244    -3.15    5.99
 -30963.454    50.496     0.67    5.98
 -30585.280    50.003    -1.30    7.02
 -30207.177    51.091     2.88    7.77
 -29829.145    50.663    -1.13    6.92
 -29451.185    50.098    -1.50    5.86
 -29073.295    52.270     5.75    6.70
 -28695.477    53.157     2.35    6.27
 -28317.729    49.806    -8.87   10.70
 -27940.052    47.325    -6.57   13.75
 -27562.447    45.104    -5.88   15.95
 -27184.912    46.380     3.38   17.35
 -26807.448    48.498     5.61   16.44
 -26430.055    51.140     7.00   14.96
 -26052.732    53.639     6.62   11.34
 -25675.480    53.450    -0.50    8.70
 -25298.299    51.687    -4.67    8.38
 -24921.189    47.590   -10.86   10.85
 -24544.149    39.627   -21.12   12.46
 -24167.180    33.121   -17.26    9.19
 -23790.281    32.377    -1.97    7.37
 -23413.453    34.108     4.59    6.83
 -23036.695    37.651     9.40    6.81
 -22660.008    38.687     2.75    7.65
 -22283.391    38.880     0.51    8.97
 -21906.844    37.788    -2.90   10.76
 -21530.368    34.710    -8.17   10.78
 -21153.962    29.262   -14.47    8.61
 -20777.626    25.874    -9.00    6.97
 -20401.360    23.688    -5.81    7.22
 -20025.164    22.321    -3.63    6.86
 -19649.039    19.820    -6.65    5.20
 -19272.983    18.482    -3.56    4.21
 -18896.998    17.940    -1.44    3.68
 -18521.082    19.556     4.30    4.54
 -18145.237    21.760     5.86    5.89
 -17769.461    22.916     3.08    5.51
 -17393.755    25.484     6.84    5.13
 -17018.119    27.098     4.30    5.72
 -16642.553    30.239     8.36    6.61
 -16267.056    33.725     9.28    4.36
 -15891.630    35.025     3.46    4.18
 -15516.272    35.627     1.60    6.67
 -15140.985    36.868     3.31    7.81
 -14765.767    37.310     1.18    7.95
 -14390.619    34.822    -6.63    8.60
 -14015.540    31.047   -10.07    7.74
 -13640.530    28.953    -5.58    6.49
 -13265.590    29.257     0.81    7.25
 -12890.720    34.413    13.75    9.41
 -12515.918    40.488    16.21    8.63
 -12141.187    44.133     9.73    6.51
 -11766.524    46.740     6.96    4.84
 -11391.931    46.474    -0.71    5.83
 -11017.406    45.601    -2.33    6.60
 -10642.951    46.133     1.42    7.35
 -10268.565    44.477    -4.42    8.54
  -9894.249    43.651    -2.21    9.00
  -9520.001    43.832     0.49    9.00
  -9145.822    43.434    -1.06    7.67
  -8771.712    43.794     0.96    6.37
  -8397.671    43.674    -0.32    5.37
  -8023.699    44.002     0.88    4.25
  -7649.796    44.068     0.18    3.88
  -7275.962    44.281     0.57    3.38
  -6902.196    44.827     1.46    2.73
  -6528.500    45.538     1.90    2.90
  -6154.872    44.901    -1.71    2.80
  -5781.312    43.627    -3.41    3.32
  -5407.821    41.721    -5.10    3.64
  -5034.399    40.486    -3.31    3.17
  -4661.046    40.472    -0.04    3.40
  -4287.761    40.402    -0.19    3.86
  -3914.544    41.251     2.27    3.74
  -3541.396    42.127     2.35    3.83
  -3168.316    41.359    -2.06    3.91
  -2795.305    40.871    -1.31    4.13
  -2422.361    40.027    -2.26    4.46
  -2049.487    36.794    -8.67    5.62
  -1676.680    28.073   -23.39   13.13
  -1303.942    18.294   -26.24   14.74
   -931.272     9.086   -24.71   12.64
   -558.670     2.127   -18.68    6.23
   -186.136    -0.373    -6.71    0.00
    186.330    -0.232     0.38    0.35
    558.728     0.699     2.50    2.50
    931.058     3.230     6.80    4.88
   1303.320     7.239    10.77    6.32
   1675.514    10.576     8.97    5.19
   2047.640    11.711     3.05    3.17
   2419.698     9.678    -5.46    4.35
   2791.688     7.192    -6.68    4.09
   3163.611     7.204     0.03    4.80
   3535.466    10.115     7.83    5.85
   3907.253    13.076     7.96    5.08
   4278.973    15.756     7.21    2.35
   4650.624    16.037     0.76    2.22
   5022.209    14.091    -5.24    3.61
   5393.726    10.804    -8.85    5.51
   5765.175     6.756   -10.90    5.68
   6136.557     3.766    -8.05    4.25
   6507.871     2.796    -2.61    3.11
   6879.118     3.477     1.84    2.76
   7250.298     4.259     2.11    2.15
   7621.410     4.738     1.29    2.20
   7992.455     5.249     1.38    2.35
   8363.433     4.702    -1.47    2.68
   8734.343     4.674    -0.08    2.61
   9105.187     5.639     2.60    2.67
   9475.963     6.688     2.83    2.69
   9846.672     7.701     2.73    1.93
  10217.314     6.909    -2.14    2.84
  10587.889     6.493    -1.12    3.27
  10958.397     6.639     0.39    4.16
  11328.838     6.923     0.77    4.50
  11699.212     8.037     3.01    3.90
  12069.519     8.627     1.59    2.99
  12439.760     9.013     1.04    2.89
  12809.933     9.908     2.42    3.06
  13180.040    10.981     2.90    2.89
  13550.080    12.097     3.02    2.74
  13920.053    12.760     1.79    2.05
  14289.960    12.908     0.40    1.83
  14659.800    12.517    -1.06    2.64
  15029.573    12.032    -1.31    2.55
  15399.280    11.810    -0.60    2.37
  15768.921    12.039     0.62    2.23
  16138.494    12.577     1.46    1.70
  16508.002    13.244     1.81    1.59
  16877.443    12.700    -1.47    2.19
  17246.817    11.232    -3.98    3.24
  17616.125     9.552    -4.55    3.48
  17985.367     9.883     0.90    4.05
  18354.543    10.766     2.39    5.20
  18723.652    13.792     8.20    5.62
  19092.696    16.589     7.58    4.64
  19461.673    16.639     0.14    3.98
  19830.583    16.037    -1.63    3.68
  20199.428    14.886    -3.12    3.40
  20568.207    15.127     0.65    3.48
  20936.920    15.908     2.12    4.54
  21305.566    17.183     3.46    5.34
  21674.147    19.441     6.13    5.63
  22042.662    21.183     4.73    5.43
  22411.111    23.849     7.24    5.45
  22779.494    26.310     6.68    4.77
  23147.811    28.290     5.37    3.53
  23516.063    28.408     0.32    3.50
  23884.248    28.133    -0.75    3.47
  24252.368    27.928    -0.56    3.30
  24620.423    27.371    -1.51    3.65
  24988.411    27.151    -0.60    3.57
  25356.334    27.796     1.75    4.58
  25724.192    26.578    -3.31    5.17
  26091.984    27.127     1.49    4.80
  26459.710    28.046     2.50    5.42
  26827.372    28.578     1.45    6.21
  27194.967    29.286     1.93    5.99
  27562.497    29.406     0.33    6.48
  27929.962    30.532     3.06    5.70
  28297.362    32.024     4.06    4.59
  28664.696    33.278     3.41    3.30
  29031.965    33.718     1.20    3.83
  29399.169    34.580     2.35    4.27
  29766.307    35.874     3.52    4.58
  30133.381    36.207     0.91    4.23
  30500.389    36.269     0.17    3.83
  30867.333    35.246    -2.79    4.50
  31234.211    34.237    -2.75    3.97
  31601.024    33.844    -1.07    4.27
  31967.772    34.115     0.74    3.95
  32340.080    34.908     2.13    3.38
  32720.260    36.010     2.90    2.86
  33100.370    36.420     1.08    2.67
  33480.409    36.331    -0.23    2.33
  33860.378    37.509     3.10    3.03
  34240.277    37.540     0.08    3.52
  34620.105    34.460    -8.11    6.26
  34999.863    32.858    -4.22    6.38
  35379.550    31.015    -4.85    4.67
  35759.168    30.050    -2.54    3.44
  36138.715    29.164    -2.34    4.64
  36518.192    29.306     0.38    5.28
  36897.599    29.960     1.72    5.32
  37276.936    30.244     0.75    5.54
  37656.203    31.073     2.18    4.90
  38035.399    32.121     2.76    3.65
  38414.526    33.420     3.43    5.03
  38793.583    35.420     5.28    4.36
  39172.571    36.968     4.09    3.32
  39551.488    37.318     0.92    3.15
  39930.335    36.405    -2.41    3.01
  40309.113    36.180    -0.59    3.01
  40687.821    35.614    -1.49    3.82
  41066.460    33.603    -5.31    4.43
  41445.028    31.484    -5.60    4.00
  41823.528    31.062    -1.11    4.00
  42201.957    30.538    -1.38    4.81
  42580.317    29.310    -3.25    5.43
  42958.608    29.405     0.25    5.33
  43336.829    28.851    -1.47    4.82
  43714.980    29.528     1.79    4.21
  44093.063    30.467     2.48    3.52
  44471.076    30.627     0.42    3.32
  44849.019    30.371    -0.68    3.85
  45226.894    30.444     0.19    3.83
  45604.699    30.908     1.23    3.54
  45982.435    31.408     1.32    3.00
  46360.102    31.565     0.42    2.71
  46737.700    31.836     0.72    3.06
  47115.229    31.427    -1.08    3.71
  47492.688    31.491     0.17    3.84
  47870.079    31.551     0.16    3.85
  48247.401    32.345     2.10    4.08
  48624.653    33.319     2.58    4.30
  49001.837    34.591     3.37    3.81
  49378.952    35.550     2.54    3.14
  49755.999    35.921     0.98    3.22
  50132.976    35.943     0.06    2.77
  50509.885    36.158     0.57    2.91
  50886.725    36.405     0.66    3.00
  51263.497    36.980     1.53    2.72
  51640.199    36.740    -0.64    2.62
  52016.834    37.615     2.32    2.45
  52393.399    38.516     2.39    2.61
  52769.897    39.566     2.79    2.61
  53146.325    41.468     5.05    3.44
  53522.686    43.493     5.38    3.98
  53898.978    47.565    10.82    6.01
  54275.201    52.565    13.29    7.88
  54651.356    57.322    12.65    6.43
  55027.443    60.973     9.71    5.06
  55403.462    63.281     6.14    4.29
  55779.413    63.700     1.11    4.32
  56155.295    64.686     2.62    4.10
  56531.109    64.931     0.65    4.12
  56906.855    65.936     2.67    4.39
  57282.533    67.883     5.18    4.12
  57658.143    72.505    12.30    7.65
  58033.686    79.486    18.59   11.43
  58409.160    88.481    23.95   12.85
  58784.566    97.851    24.96    9.70
  59159.904   105.578    20.59    9.40
  59535.175   113.512    21.14   11.37
  59910.377   121.996    22.61   13.07
  60285.512   131.242    24.65   11.00
  60660.580   138.773    20.08   10.19
  61035.579   143.473    12.53    7.16
  61410.511   148.258    12.76    8.98
  61785.375   153.215    13.22   10.06
  62160.172   158.429    13.91   12.22
  62534.901   167.440    24.04   12.41
  62909.563   174.851    19.78   10.95
  63284.157   179.290    11.85    8.06
  63658.684   179.862     1.53    6.63
  64033.143   178.244    -4.32    6.20
  64407.535   177.032    -3.24    4.69
  64781.859   177.197     0.44    5.63
  65156.117   179.782     6.91    6.95
  65530.307   184.042    11.38    7.04
  65904.430   187.061     8.07    6.89
  66278.486   190.408     8.95    6.16
  66652.474   189.261    -3.07    7.70
  67026.396   184.940   -11.56    9.81
  67400.250   179.749   -13.88    8.66
  67774.037   175.529   -11.29    3.35
  68147.758   176.456     2.48    3.86
  68521.411   178.554     5.61    4.87
  68894.998   181.690     8.40    5.97
  69268.517   183.689     5.35    6.25
  69641.970   186.371     7.18    6.68
  70015.356   189.615     8.69    6.93
  70388.675   191.502     5.05    6.28
  70761.927   191.886     1.03    6.13
  71135.113   189.862    -5.43    6.40
  71508.232   186.772    -8.28    5.94
  71881.284   185.442    -3.56    5.83
  72254.270   182.578    -7.68    2.49
  72627.189   181.874    -1.89    0.99
  73000.042   182.956     2.90    4.28
  73372.828   184.552     4.28    6.72
  73745.548   186.627     5.57    8.24
  74118.201   188.277     4.43    9.13
  74490.788   188.856     1.55    8.74
  74863.309   191.475     7.03    9.46
  75235.763   192.145     1.80    8.83
  75608.151   191.726    -1.13    7.65
  75980.473   190.553    -3.15    7.29
  76352.728   187.862    -7.23    6.61
  76724.917   184.456    -9.15    4.94
  77097.041   182.713    -4.68    3.14
  77469.098   182.290    -1.14    2.41
  77841.089   182.615     0.87    2.54
  78213.014   182.386    -0.61    2.10
  78584.873   182.377    -0.02    2.13
  78956.666   182.249    -0.34    2.00
  79328.393   181.715    -1.44    0.40
  79700.054   181.880     0.45    1.02
  80071.649   182.045     0.44    1.36
  80443.179   181.820    -0.61    1.63
  80814.642   181.812    -0.02    1.70
  81186.040   181.676    -0.37    1.28
  81557.373   181.713     0.10    1.03
  81928.639   181.834     0.33    1.57
  82299.840   181.849     0.04    1.73
  82670.975   182.281     1.16    2.37
  83042.045   182.765     1.30    3.27
  83413.049   181.993    -2.08    4.59
  83783.988   180.602    -3.75    5.72
  84154.861   180.244    -0.97    5.87
  84525.669   179.365    -2.37    5.05
  84896.411   180.565     3.24    5.39
  85267.088   183.529     8.00    5.31
  85637.700   184.615     2.93    6.15
  86008.246   185.553     2.53    6.99
  86378.727   183.424    -5.74    9.90
  86749.143   179.121   -11.62   11.07
  87119.494   174.380   -12.80   10.50
  87489.779   172.286    -5.66    9.40
  87860.000   172.090    -0.53    7.45
  88230.155   175.127     8.21    6.44
  88600.245   178.923    10.26    5.80
  88970.270   178.244    -1.83    8.83
  89340.231   176.738    -4.07   10.70
  89710.126   175.849    -2.40   11.61
  90079.956   176.244     1.07   11.97
  90449.722   176.529     0.77   11.49
  90819.422   178.627     5.67    9.62
  91189.058   179.395     2.08    7.01
  91558.629   177.341    -5.56    6.59
  91928.135   173.479   -10.45    8.58
  92297.577   168.752   -12.79   11.35
  92666.954   162.591   -16.68   12.81
  93036.266   155.052   -20.41    9.74
  93405.513   151.715    -9.04    8.36
  93774.696   151.061    -1.77    7.57
  94143.815   153.788     7.39    9.51
  94512.869   155.757     5.34    9.11
  94881.858   159.997    11.49    8.50
  95250.783   162.443     6.63    7.81
  95619.644   163.115     1.82    8.16
  95988.440   165.497     6.46    7.42
  96357.172   165.434    -0.17    7.12
  96725.840   166.017     1.58    7.33
  97094.443   168.815     7.59    7.36
  97462.982   174.057    14.22    7.95
  97831.457   177.675     9.82    7.65
  98199.868   179.488     4.92    6.72
  98568.214   181.368     5.10    5.82
  98936.497   179.402    -5.34    5.67
  99304.715   176.244    -8.57    7.92
  99672.870   175.340    -2.46    7.99
 100040.960   174.432    -2.47    7.78
 100408.986   176.090     4.50    8.08
 100776.949   179.140     8.29    6.69
 101144.847   180.392     3.41    5.65
 101512.682   179.109    -3.49    5.47
 101880.453   174.359   -12.91    9.34
 102248.160   167.165   -19.56   13.28
 102615.803   161.802   -14.58   13.36
 102983.383   156.553   -14.28   12.62
 103350.898   154.200    -6.40   11.16
 103718.351   159.336    13.98   11.66
 104085.739   162.775     9.36   10.86
 104453.064   165.268     6.79   12.16
 104820.325   168.078     7.65   12.18
 105187.523   170.276     5.99   11.70
 105554.658   171.078     2.18   11.27
 105921.728   172.127     2.86   10.34
 106288.736   170.689    -3.92   10.39
 106655.680   169.074    -4.40   10.34
 107024.925   165.115   -10.72    9.36
 107404.961   162.575    -6.68    7.84
 107784.927   162.874     0.79    6.90
 108164.826   164.035     3.06    6.24
 108544.655   165.109     2.83    6.76
 108924.416   163.931    -3.10    7.53
 109304.109   163.554    -0.99    7.99
 109683.733   165.763     5.82    8.72
 110063.289   166.842     2.84    9.16
 110442.776   168.500     4.37    9.23
 110822.195   170.071     4.14    9.68
 111201.546   172.726     7.00    8.05
 111580.829   174.171     3.81    5.42
 111960.043   173.290    -2.33    6.26
 112339.189   170.134    -8.32    6.53
 112718.267   167.306    -7.46    5.69
 113097.277   165.178    -5.61    4.76
 113476.219   166.911     4.57    6.72
 113855.093   167.406     1.31    7.58
 114233.899   169.652     5.93    9.72
 114612.636   171.690     5.38    9.50
 114991.306   174.127     6.44    8.23
 115369.909   174.177     0.13    6.26
 115748.443   171.084    -8.17    7.31
 116126.909   167.140   -10.42    7.14
 116505.308   164.127    -7.96    4.17
 116883.639   162.627    -3.96    0.00
 117261.902   162.627     0.00    0.00
 117640.097   162.627     0.00    0.00
 118018.225   162.627     0.00    0.00
 118396.286   163.103     1.26    1.92
 118774.278   163.311     0.55    2.28
 119152.204   163.338     0.07    2.26
 119530.061   163.443     0.28    2.47
 119907.852   162.840    -1.60    1.21
 120285.575   162.848     0.02    1.24
 120663.230   163.084     0.62    2.01
 121040.818   163.754     1.77    3.52
 121418.339   164.115     0.96    4.42
 121795.793   163.323    -2.10    2.76
 122173.179   163.102    -0.59    1.75
 122550.498   163.516     1.10    2.92
 122927.751   162.911    -1.60    1.37
 123304.935   163.775     2.29    3.37
 123682.053   165.365     4.21    4.88
 124059.104   167.940     6.83    6.10
 124436.088   170.589     7.03    6.59
 124813.005   173.310     7.22    6.22
 125189.855   176.095     7.39    5.19
 125566.637   177.936     4.89    4.44
 125943.354   178.427     1.30    6.13
 126320.003   178.188    -0.63    7.83
 126696.585   178.180    -0.02    7.57
 127073.101   177.847    -0.88    5.98
 127449.550   177.307    -1.43    4.92
 127825.932   177.923     1.64    4.39
 128202.248   178.009     0.23    4.38
 128578.497   177.874    -0.36    4.07
 128954.679   176.374    -3.99    4.12
 129330.795   174.170    -5.86    4.04
 129706.844   173.565    -1.61    4.73
 130082.827   173.790     0.60    5.14
 130458.743   174.537     1.99    4.54
 130834.593   175.516     2.60    3.63
 131210.377   173.825    -4.50    4.19
 131586.094   170.890    -7.81    4.85
 131961.745   167.281    -9.60    5.08
 132337.330   163.986    -8.77    6.57
 132712.848   160.615    -8.98    6.80
 133088.301   158.437    -5.80    6.84
 133463.687   155.871    -6.84    6.92
 133839.007   153.222    -7.06    6.38
 134214.261   148.965   -11.34    6.22
 134589.449   147.094    -4.99    8.29
 134964.570   147.146     0.14    9.72
 135339.626   144.653    -6.65   11.27
 135714.616   139.343   -14.16   11.64
 136089.540   138.735    -1.62   10.49
 136464.398   138.183    -1.47    8.63
 136839.190   137.357    -2.20    7.51
 137213.917   137.701     0.92    7.08
 137588.577   135.095    -6.96    8.14
 137963.172   132.444    -7.07    7.13
 138337.701   131.432    -2.70    6.26
 138712.165   134.040     6.96    7.24
 139086.563   138.352    11.52    5.24
 139460.895   139.164     2.17    6.26
 139835.162   138.690    -1.26    9.00
 140209.363   137.052    -4.38   10.24
 140583.499   133.063   -10.66   11.57
 140957.569   132.665    -1.06   12.77
 141331.573   130.977    -4.51   12.90
 141705.513   131.195     0.58   13.35
 142079.387   137.899    17.93   14.56
 142453.196   141.184     8.79   13.55
 142826.939   146.089    13.12   10.51
 143200.617   148.931     7.61    7.19
 143574.230   147.183    -4.68    4.57
 143947.778   144.788    -6.41    5.68
 144321.260   142.368    -6.48    7.98
 144694.678   140.298    -5.54    9.71
 145068.030   140.090    -0.56   10.79
 145441.317   135.121   -13.31   13.48
 145814.539   128.565   -17.56   16.08
 146187.697   123.500   -13.57   14.22
 146560.789   121.440    -5.52   10.43
 146933.817   128.716    19.50   13.22
 147306.779   140.315    31.10   14.99
 147679.677   148.960    23.18   14.64
 148052.510   158.788    26.35   12.14
 148425.278   165.943    19.19    7.70
 148797.981   169.664     9.98    6.38
 149170.620   171.056     3.73    6.00
 149543.194   170.702    -0.95    6.66
 149915.703   170.562    -0.38    6.21
 150288.148   169.202    -3.65    6.43
 150660.528   168.127    -2.89    6.48
 151032.843   167.133    -2.67    7.16
 151405.094   165.731    -3.77    6.52
 151777.281   164.465    -3.40    5.75
 152149.403   161.311    -8.47    6.82
 152521.461   157.779    -9.49    6.23
 152893.454   158.524     2.00    8.81
 153265.383   163.139    12.41   11.98
 153637.248   169.267    16.48   11.78
 154009.048   173.257    10.73    8.24
 154380.784   174.890     4.39    5.37
 154752.456   171.994    -7.79    6.10
 155124.064   167.232   -12.81    5.65
 155495.608   164.676    -6.88    5.30
 155867.087   163.200    -3.97    5.14
 156238.503   163.010    -0.51    5.50
 156609.854   163.140     0.35    6.67
 156981.142   160.184    -7.96    7.42
 157352.365   156.324   -10.40    7.25
 157723.525   151.121   -14.02    6.80
 158094.620   146.440   -12.61    4.79
 158465.652   144.578    -5.02    3.32
 158836.620   143.864    -1.92    2.84
 159207.524   143.462    -1.08    2.83
 159578.364   143.456    -0.02    2.28
 159949.141   143.726     0.73    2.26
 160319.854   144.174     1.21    2.98
 160690.503   145.355     3.19    3.69
 161061.089   146.814     3.93    3.55
 161431.611   147.652     2.26    3.14
 161802.069   147.445    -0.56    3.57
 162172.464   147.286    -0.43    4.80
 162542.795   145.861    -3.85    5.17
 162913.063   147.515     4.47    6.54
 163283.267   151.390    10.47    8.39
 163653.408   157.817    17.36    9.90
 164023.486   163.268    14.73    7.71
 164393.500   167.022    10.14    7.95
 164763.451   171.237    11.39    8.66
 165133.339   174.090     7.71    7.77
 165503.163   174.706     1.67    7.80
 165872.924   170.577   -11.17   10.83
 166242.622   167.336    -8.77   10.44
 166612.257   167.052    -0.77    9.75
 166981.829   170.435     9.15    9.45
 167351.338   174.440    10.84    5.22
 167720.783   173.185    -3.39    6.07
 168090.166   169.315   -10.48    6.80
 168459.485   165.222   -11.08    6.39
 168828.742   159.590   -15.25    6.65
 169197.936   155.294   -11.63    7.27
 169567.067   149.490   -15.72    6.77
 169936.134   146.486    -8.14    5.51
 170305.140   146.190    -0.80    4.59
 170674.082   145.713    -1.29    6.23
 171042.962   143.152    -6.94    8.63
 171411.778   140.640    -6.81    9.47
 171780.533   137.653    -8.10    9.34
 172149.224   133.742   -10.61    9.25
 172517.853   130.315    -9.30    9.81
 172886.419   128.368    -5.28    9.39
 173254.923   129.220     2.31   10.39
 173623.364   133.204    10.81   10.77
 173991.743   136.276     8.34    9.44
 174360.059   135.190    -2.95   10.69
 174728.313   136.396     3.28   12.18
 175096.504   139.399     8.15   14.00
 175464.633   148.475    24.65   15.32
 175832.700   158.652    27.65   10.89
 176200.704   164.456    15.77    7.39
 176568.646   168.452    10.86    4.67
 176936.526   168.666     0.58    4.80
 177304.344   166.577    -5.68    5.21
 177672.099   164.601    -5.37    5.88
 178039.792   162.090    -6.83    5.86
 178407.423   159.343    -7.47    4.29
 178774.992   155.973    -9.17    6.02
 179142.499   150.424   -15.10    7.17
 179509.944   141.777   -23.53   11.35
 179877.327   131.307   -28.49   12.68
 180244.648   117.943   -36.38   16.76
 180611.907   100.720   -46.89   21.29
 180979.105    83.427   -47.09   22.01
 181346.240    71.627   -32.14   15.53
 181713.313    68.465    -8.61    9.76
 182092.574    73.406    13.03   11.73
 182472.400    80.412    18.44   11.01
 182852.159    87.509    18.68    6.91
 183231.851    93.952    16.97    9.13
 183611.477   100.040    16.04   10.39
 183991.036   106.427    16.82    8.44
 184370.528   110.364    10.37    4.74
 184749.954   111.977     4.25    4.10
 185129.313   113.615     4.32    4.85
 185508.606   115.252     4.32    4.58
 185887.832   116.409     3.05    3.55
 186266.992   116.371    -0.10    3.00
 186646.086   116.090    -0.74    3.40
 187025.113   115.267    -2.17    3.84
 187404.073   112.488    -7.33    5.72
 187782.968   109.653    -7.48    6.20
 188161.796   107.627    -5.35    5.42
 188540.558   105.992    -4.32    4.41
 188919.253   106.627     1.68    4.51
 189297.883   107.341     1.89    4.27
 189676.446   107.412     0.19    3.63
 190054.944   107.940     1.39    3.04
 190433.375   109.227     3.40    2.59
 190811.740   110.817     4.20    2.77
 191190.039   112.653     4.85    3.32
 191568.272   114.577     5.09    2.96
 191946.440   115.745     3.09    2.75
 192324.541   117.146     3.70    2.97
 192702.577   118.809     4.40    3.76
 193080.547   120.490     4.45    3.52
 193458.450   122.208     4.55    2.66
 193836.289   122.960     1.99    2.20
 194214.061   124.330     3.62    2.22
 194591.768   125.177     2.24    2.05
 194969.409   126.076     2.38    1.82
 195346.985   126.340     0.70    1.46
 195724.495   124.994    -3.56    2.74
 196101.939   120.691   -11.40    9.15
 196479.318   112.198   -22.50   13.66
 196856.632   105.524   -17.69   13.33
 197233.880   100.012   -14.61   10.24
 197611.062    98.114    -5.03    8.11
 197988.179   101.766     9.68    9.55
 198365.231   105.512     9.93   10.02
 198742.218   109.802    11.38    8.73
 199119.139   114.353    12.07    5.91
 199495.995   116.985     6.98    5.44
 199872.786   119.384     6.37    5.71
 200249.512   122.452     8.14    5.78
 200626.172   126.185     9.91    5.57
 201002.768   130.240    10.76    6.52
 201379.298   135.193    13.15    8.62
 201755.764   139.902    12.51    9.60
 202132.164   145.276    14.28    8.37
 202508.500   148.691     9.07    7.36
 202884.770   154.202    14.64    8.40
 203260.976   157.429     8.58    8.82
 203637.116   158.852     3.78    8.83
 204013.192   158.653    -0.53    8.84
 204389.203   156.121    -6.73    8.44
 204765.150   155.796    -0.86    6.72
 205141.031   156.349     1.47    5.95
 205516.848   157.358     2.69    5.95
 205892.601   159.217     4.95    5.20
 206268.288   159.267     0.13    4.36
 206643.911   160.615     3.59    4.18
 207019.470   162.276     4.42    4.03
 207394.964   164.763     6.62    4.68
 207770.393   168.492     9.93    5.73
 208145.758   175.190    17.84    9.83
 208521.059   181.614    17.12    7.90
 208896.295   183.918     6.14    5.70
 209271.467   183.934     0.04    6.29
 209646.574   179.090   -12.91    8.40
 210021.618   171.845   -19.31    9.72
 210396.597   166.614   -13.95    9.07
 210771.511   161.281   -14.22    5.65
 211146.362   160.440    -2.24    4.92
 211521.148   162.102     4.44    6.80
 211895.870   165.178     8.21    7.20
 212270.529   168.589     9.10    6.04
 212645.123   169.824     3.30    5.32
 213019.653   167.095    -7.29    7.52
 213394.119   164.134    -7.91    8.18
 213768.521   160.473    -9.77    6.68
 214142.859   157.576    -7.74    3.62
 214517.134   158.652     2.87    4.19
 214891.344   161.956     8.83    6.48
 215265.491   165.315     8.97    7.58
 215639.573   165.548     0.62    7.76
 216013.593   163.615    -5.17    7.85
 216387.548   160.760    -7.63    6.55
 216761.439   156.939   -10.22    4.91
 217135.267   153.880    -8.18    5.12
 217509.032   150.565    -8.87    6.32
 217882.733   146.951    -9.67    6.45
 218256.370   143.701    -8.70    5.21
 218629.943   143.303    -1.07    5.37
 219003.454   145.902     6.96    6.86
 219376.900   150.572    12.50    7.50
 219750.283   153.640     8.21    6.46
 220123.603   154.854     3.25    4.96
 220496.860   156.361     4.04    6.14
 220870.053   156.920     1.50    6.70
 221243.183   157.490     1.53    6.08
 221616.249   157.588     0.26    6.06
 221989.253   156.153    -3.85    6.69
 222362.193   154.909    -3.33    6.71
 222735.070   155.159     0.67    7.00
 223107.883   155.224     0.18    7.54
 223480.634   154.323    -2.42    7.80
 223853.322   153.419    -2.43    7.85
 224225.946   153.387    -0.09    7.27
 224598.508   151.406    -5.31    6.40
 224971.006   150.858    -1.47    6.49
 225343.442   151.690     2.23    6.13
 225715.815   152.665     2.62    5.35
 226088.125   152.550    -0.31    5.56
 226460.372   150.926    -4.36    6.40
 226832.556   148.285    -7.09    5.58
 227204.677   146.969    -3.54    4.99
 227576.736   146.263    -1.90    4.49
 227948.732   145.462    -2.15    4.76
 228320.665   144.115    -3.62    5.37
 228692.535   141.002    -8.37    5.55
 229064.343   137.848    -8.48    5.21
 229436.088   134.416    -9.23    6.78
 229807.771   130.349   -10.94    6.96
 230179.391   128.108    -6.03    5.54
 230550.949   126.652    -3.92    4.97
 230922.444   127.473     2.21    5.66
 231293.877   127.728     0.69    5.86
 231665.248   126.358    -3.69    6.16
 232036.556   124.537    -4.90    7.16
 232407.801   122.864    -4.51    6.90
 232778.985   122.090    -2.09    6.26
 233150.106   122.864     2.09    6.36
 233521.165   126.387     9.49    4.95
 233892.161   126.913     1.42    5.34
 234263.096   123.082   -10.33    7.74
 234633.968   119.460    -9.76    7.26
 235004.778   117.794    -4.49    5.81
 235375.526   119.600     4.87    6.77
 235746.212   122.627     8.16    6.89
 236116.836   124.916     6.18    5.77
 236487.398   125.285     0.99    4.84
 236857.899   125.030    -0.69    4.47
 237228.337   125.755     1.96    4.88
 237598.713   127.768     5.43    4.94
 237969.027   130.024     6.09    5.24
 238339.280   131.414     3.75    5.64
 238709.471   131.890     1.29    5.88
 239079.599   131.832    -0.15    6.26
 239449.667   130.260    -4.25    6.35
 239819.672   127.509    -7.43    5.29
 240189.616   126.184    -3.58    4.28
 240559.498   126.114    -0.19    3.77
 240929.319   127.601     4.02    4.14
 241299.078   129.920     6.27    3.65
 241668.775   132.690     7.49    3.59
 242038.411   134.858     5.86    3.53
 242407.985   135.488     1.70    3.92
 242777.498   135.732     0.66    4.91
 243146.950   134.354    -3.73    5.68
 243516.340   133.781    -1.55    5.91
 243885.669   132.832    -2.57    5.71
 244254.936   133.191     0.97    6.39
 244624.142   135.475     6.18    7.03
 244993.287   136.443     2.62    7.20
 245362.371   137.652     3.28    6.84
 245731.393   138.509     2.32    5.16
 246100.354   139.147     1.73    4.27
 246469.254   139.452     0.83    4.06
 246838.093   140.057     1.64    3.55
 247206.871   140.500     1.20    3.06
 247575.587   140.250    -0.68    2.47
 247944.243   140.185    -0.18    2.11
 248312.838   140.377     0.52    3.03
 248681.372   140.601     0.61    3.16
 249049.844   141.484     2.40    3.79
 249418.256   141.678     0.53    4.05
 249786.607   141.140    -1.46    3.99
 250154.897   139.742    -3.79    3.00
 250523.127   138.448    -3.52    2.24
 250891.295   137.371    -2.92    3.05
 251259.403   136.166    -3.27    4.02
 251627.450   134.298    -5.08    4.02
 251995.437   132.916    -3.75    3.81
 252363.362   131.871    -2.84    4.05
 252731.227   130.965    -2.46    4.08
 253099.032   131.315     0.95    4.96
 253466.776   133.302     5.40    6.17
 253834.459   135.499     5.97    5.75
 254202.082   136.867     3.72    4.71
 254569.645   135.227    -4.46    5.67
 254937.146   133.572    -4.50    5.65
 255304.588   133.108    -1.26    5.47
 255671.969   134.316     3.29    5.20
 256039.290   134.035    -0.77    4.77
 256406.550   132.781    -3.41    4.78
