# NaN NaN NaN ;Mean Elev.(m), Avg Gradient(m/km), RMS Gradient(m/km) - SRTM1     
#   -8.586  -2.470   8.517 ;Mean Elev.(m), Avg Gradient(m/km), RMS Gradient(m/km) - ASTER GDEM
#    1.258  -3.029   6.291 ;Mean Elev.(m), Avg Gradient(m/km), RMS Gradient(m/km) - GMTED2010 
  6  86.739227  67.102795    17.470    16.530 11 52420.23335452 39.547
  7  86.741538  67.110835    20.172    21.122  9 52455.23337703 14.224
  8  86.737295  67.100908    20.211    20.476 11 52490.23335406 14.232
  9  86.720335  67.099584    18.518    18.304  7 52525.23333345 15.196
 10  86.747039  67.106678     1.714     1.917  3 52560.23338032 34.204
 11  86.742440  67.114992    10.171    11.678  7 52595.23338621 19.185
 12  86.745088  67.096748    23.317    30.042 11 52630.23332265 13.318
 14  86.747679  67.092869    34.397    32.858 11 52700.23332430 10.427
 15  86.737348  67.102988    27.563    30.689 12 52735.23335512  8.652
 16  86.728689  67.108614     1.202     1.166  6 52770.23334101 43.928
 17  86.744562  67.097072    25.544    24.842 11 52805.23338012 17.058
 18  86.744054  67.099068    20.461    20.493 11 52840.23344088 13.667
 19  86.735828  67.096645     1.513     1.437  8 52875.23348073 41.811
 20  86.736048  67.104296     2.176     1.853 10 52910.23344988 46.796
 21  86.753024  67.095537     1.177     1.237  7 52945.23339353 32.200
 23  86.742012  67.115373    14.287    14.315  7 53015.23343531 14.976
 24  86.746351  67.098742    12.372    12.618 11 53050.23341259 14.249
 25  86.719630  67.100491    13.876    13.595  7 53085.23344924 14.192
 26  86.741427  67.100483    10.397     9.941 11 53120.23341869 15.586
 27  86.737437  67.103834    15.532    14.946 10 53155.23347121 32.931
 28  86.741597  67.100794    21.428    21.336 11 53190.23346212 14.025
 29  86.732200  67.100297    20.763    18.754  9 53225.23347188 14.477
 30  86.727337  67.108857    18.558    19.270  6 53260.23344503 16.544
 31  86.738917  67.103998    15.165    14.970 12 53295.23347434 21.273
 32  86.740175  67.105137    16.015    16.411 11 53330.23344703 13.752
 35  86.740554  67.112155    22.066    25.964  9 53435.23341026  9.468
 36  86.740962  67.099458    36.451    36.325 11 53470.23345838  5.519
 38  86.736693  67.105078    19.924    20.055 10 53540.23349752 16.114
 39  86.716513  67.093716    16.260    15.840  3 53575.23349424 11.286
 40  86.715390  67.098527    17.689    17.024  7 53610.23344418 16.729
 41  86.743915  67.097318    25.748    26.718 11 53645.23344681 16.416
 42  86.738158  67.111591     2.281     2.417  4 53680.23346162 35.618
 43  86.739684  67.111640    17.231    23.053  9 53715.23338954 14.238
 44  86.747066  67.092364    36.809    36.422 11 53750.23330923  7.513
 45  86.737847  67.103161    26.714    25.991 12 53785.23333798  9.936
 46  86.727548  67.108777    20.046    20.125  8 53820.23329612  9.429
 47  86.740079  67.102234    30.643    32.050 12 53855.23338093  6.439
 48  86.742662  67.099334    16.294    16.262 11 53890.23339153 39.731
 49  86.721962  67.095643    18.222    17.990  5 53925.23345743 13.459
 50  86.729274  67.108434     7.501     7.501  2 53960.23344351 15.779
 51  86.763346  67.102713    30.609    30.609  2 53995.23337939 15.414
 52  86.744894  67.098134     1.457     1.496 11 54030.23343708 37.771
 53  86.738111  67.104067    22.020    21.810 10 54065.23343015 13.370
 55  86.744668  67.099524    35.947    35.178 11 54135.23335622  7.493
 57  86.742943  67.098312     1.694     1.676 11 54205.23336112 34.703
 58  86.738995  67.102872    16.469    16.444 11 54240.23339411 29.578
 59  86.735246  67.100618    18.917    19.011 11 54275.23341075 20.018
 61  86.731255  67.107576     3.309     3.303  8 54345.23338660 44.687
 62  86.744493  67.101571    17.334    17.158 11 54380.23334804 18.089
 63  86.728829  67.099778     2.200     2.183  9 54415.23333664 45.313
 65  86.739600  67.102404    26.499    25.331 12 54485.23333109  9.939
 66  86.742523  67.099177    34.154    32.434 11 54520.23332984  8.545
 67  86.732214  67.106362    29.739    30.048  8 54555.23334174  8.161
 68  86.742239  67.103445    33.298    33.940 11 54590.23332483  5.287
 69  86.737435  67.105380    19.916    20.133 10 54625.23334140 22.495
 70  86.737148  67.103362    19.496    19.179 10 54660.23335007 14.699
 71  86.721372  67.094150     3.093     3.089  4 54695.23333073 44.337
 72  86.741217  67.098683    16.717    18.200 11 54730.23330577 16.540
 73  86.737815  67.103268     8.405     7.534 12 54765.23330720 24.937
 75  86.733781  67.101103    15.832    14.934 11 54835.23329888 10.964
 77  86.729082  67.107076    20.124    19.880  8 54905.23330684 10.275
 78  86.741013  67.099576    36.325    36.818 11 54940.23328840  3.962
 79  86.739074  67.102743     7.834     7.736 12 54975.23331764 33.196
 80  86.728063  67.098370    19.238    18.792  7 55010.23333057 15.680
 81  86.738382  67.101842    15.779    17.435 11 55045.23332028 14.148
 82  86.716842  67.093992    15.252    14.446  4 55080.23329729 13.926
 83  86.743381  67.101849    23.700    23.147 11 55115.23325243 13.786
 84  86.736032  67.103787     9.423     8.492 10 55150.23325174 22.603
 85  86.742544  67.098404    29.372    30.854 11 55185.23323729 14.352
 86  86.741761  67.110830    21.786    25.702  9 55220.23324833 13.665
 87  86.743473  67.100402    37.332    38.674 11 55255.23323312  9.652
 88  86.730653  67.107715    20.912    21.093  8 55290.23323834 11.930
 89  86.743438  67.109193    33.837    36.626  8 55325.23321729  4.899
 90  86.729092  67.099244    20.318    20.045  9 55360.23321709 18.302
 91  86.741287  67.100379    25.373    25.292 11 55395.23322172 12.761
 92  86.739404  67.102402    21.164    21.167 11 55430.23323158 14.710
 93  86.744568  67.119951     2.725     2.826  5 55465.23319012 45.269
