# NaN NaN NaN ;Mean Elev.(m), Avg Gradient(m/km), RMS Gradient(m/km) - SRTM1     
#  -12.822  -4.357   9.182 ;Mean Elev.(m), Avg Gradient(m/km), RMS Gradient(m/km) - ASTER GDEM
#    1.240  -4.700   7.738 ;Mean Elev.(m), Avg Gradient(m/km), RMS Gradient(m/km) - GMTED2010 
  6  86.403823  67.446622    21.720    21.235 12 52439.23531151 17.925
  7  86.394727  67.435819     8.018     6.392  7 52474.23531248 24.929
  8  86.402292  67.442200    18.903    19.882 10 52509.23527534 17.091
  9  86.418162  67.435534    19.603    19.835  8 52544.23527365 16.840
 10  86.406476  67.440494     4.857     4.742  8 52579.23531335 26.584
 11  86.400245  67.448006    22.900    19.277 13 52614.23527892 13.242
 12  86.410438  67.437083    23.813    20.590  9 52649.23526105 10.017
 13  86.404135  67.441070    23.978    27.497 11 52684.23524114  8.901
 14  86.406469  67.440451    22.332    23.391 10 52719.23529506  6.908
 16  86.417307  67.435421    17.836    17.839  8 52789.23526743 24.976
 17  86.422376  67.443587     7.608     7.576  4 52824.23533640 18.864
 18  86.414359  67.436419     5.111     2.290  8 52859.23538412 19.972
 19  86.404582  67.443717     0.855    -0.917  9 52894.23541429 25.617
 20  86.397138  67.450378    18.077    19.116 14 52929.23536330 21.070
 21  86.418731  67.435609     7.559     0.897  9 52964.23535052 22.372
 22  86.402029  67.443516    12.448    18.192 12 52999.23538598 15.524
 23  86.402710  67.452452     6.561     6.482 12 53034.23533590 15.518
 24  86.409484  67.440315    19.247    19.196 10 53069.23535416 11.286
 25  86.393731  67.449021    14.906    13.447 13 53104.23533863 10.395
 28  86.403381  67.442648    15.477    18.719 11 53209.23541434 17.981
 29  86.394320  67.435410     1.395     1.391  6 53244.23538360 35.719
 30  86.416002  67.436552    19.735    20.364  9 53279.23536208 20.489
 31  86.408100  67.440862    11.924    10.289  8 53314.23538512 28.370
 32  86.403975  67.440950    26.534    27.180 10 53349.23535095  9.464
 33  86.416446  67.437265    25.083    25.867  8 53384.23532531  6.928
 34  86.411646  67.439189    26.885    25.928  9 53419.23533159  8.254
 35  86.422664  67.436258    25.264    25.458  8 53454.23533762  6.351
 36  86.403549  67.443177    32.813    32.876 11 53489.23542206  5.895
 37  86.410988  67.442065    16.592    15.704  8 53524.23540875 31.410
 38  86.391675  67.438013     2.304     2.309  6 53559.23543685 46.252
 39  86.401453  67.441506     7.003     6.401 11 53594.23537371 18.527
 40  86.415211  67.436580     3.740     1.727  9 53629.23536655 22.890
 41  86.404884  67.440713     0.240     0.074  7 53664.23539026 26.144
 42  86.403032  67.443136    13.883    11.786  8 53699.23534815 17.175
 43  86.402141  67.448591    31.942    32.836 12 53734.23526948  7.822
 44  86.412633  67.437155    23.450    23.493  9 53769.23525507  9.164
 45  86.404428  67.446016    30.541    30.073 12 53804.23524947  6.728
 46  86.414451  67.436735    25.227    24.856  8 53839.23527045  7.757
 47  86.416102  67.445013     1.707     1.806  6 53874.23531511 22.784
 48  86.405338  67.440449    24.996    25.525  9 53909.23536074 17.297
 49  86.401446  67.446817    19.159    20.806 13 53944.23538235 13.701
 50  86.401169  67.448975    10.916     9.221 13 53979.23533136 17.282
 51  86.419258  67.435135    19.750    19.714  8 54014.23534715 18.557
 54  86.400038  67.453770    22.590    23.346 13 54119.23527100 11.562
 55  86.404243  67.440352    29.742    29.733 10 54154.23530039  6.224
 56  86.398287  67.447728    30.533    29.267 13 54189.23526772  6.573
 57  86.404147  67.436010    13.017    11.721  8 54224.23531157 17.655
 58  86.415724  67.448942    11.417    11.636  5 54259.23532994 25.987
 59  86.406583  67.440267    17.728    20.036 10 54294.23533516 16.775
 60  86.403560  67.442423    20.259    21.363 11 54329.23532884 17.435
 61  86.399073  67.449430    24.936    25.393 13 54364.23527411 15.857
 62  86.405918  67.437663     1.634     1.675  9 54399.23527035 27.125
 63  86.400844  67.446150     7.460     0.884 12 54434.23522673 19.221
 64  86.416605  67.440383    13.541    18.615  7 54469.23525256 12.143
 65  86.405186  67.448970    15.688    17.515 10 54504.23524102 10.023
 66  86.409304  67.443453    23.993    25.515  9 54539.23526750  8.425
 67  86.400711  67.446939    34.769    33.939 13 54574.23524190  4.025
 68  86.413629  67.447420    10.340    10.105  6 54609.23525923 19.316
 69  86.403484  67.441175    23.371    23.676 11 54644.23526874 15.556
 70  86.404044  67.441118    18.682    19.359 10 54679.23527021 14.927
 71  86.401468  67.449308    19.367    19.730 13 54714.23522057 15.753
 72  86.412930  67.442988    18.414    18.436  8 54749.23523959 20.360
 73  86.400013  67.441309     8.541     7.773  9 54784.23521014 26.936
 74  86.411717  67.440398    18.460    19.383  9 54819.23523242 11.365
 75  86.404057  67.444585    19.193    20.086  9 54854.23520611  9.164
 76  86.403994  67.441344    26.366    26.285 11 54889.23523740  8.453
 77  86.397936  67.450494    29.264    29.973 14 54924.23520480  7.139
 78  86.412901  67.443032    19.843    23.326  8 54959.23523403 14.417
 79  86.403683  67.442047    19.513    20.333 11 54994.23525671 21.782
 80  86.404024  67.442249     2.970     2.089 11 55029.23524675 20.743
 81  86.403179  67.441389     1.573     1.362 11 55064.23523822 25.653
 82  86.397217  67.450824    22.097    19.771 14 55099.23518156 14.562
 83  86.408700  67.439676     1.385     1.367  9 55134.23518303 39.963
 84  86.402773  67.445454    16.417    17.746 12 55169.23514640 14.378
 85  86.408647  67.439539    21.229    18.686 10 55204.23517581 11.305
 86  86.401204  67.447617    25.945    27.884 12 55239.23515314 10.058
 87  86.403690  67.442449    23.810    25.772 10 55274.23516938  9.132
 88  86.400701  67.448277    27.803    29.744 11 55309.23513605  5.100
 89  86.409242  67.443132     7.666     7.641  8 55344.23513709 22.936
 90  86.402069  67.443483    22.334    22.461 12 55379.23513210 16.267
 91  86.410372  67.438986    16.837    19.054 10 55414.23515777 21.426
 92  86.401646  67.442273    24.355    24.884 10 55449.23514506 14.329
 93  86.397453  67.449657    22.400    21.068 14 55484.23507024 17.803
