-111087.759    50.968     0.00   13.23
-110709.833    56.253    13.98   10.64
-110331.814    59.011     7.30    9.79
-109953.703    59.225     0.57   14.17
-109575.501    57.491    -4.59   17.43
-109197.207    53.944    -9.38   17.46
-108818.820    51.835    -5.57   14.95
-108440.342    51.607    -0.60   11.67
-108061.771    48.972    -6.96    9.02
-107683.108    46.933    -5.39    8.70
-107304.353    45.500    -3.78    9.12
-106925.505    44.375    -2.97   11.06
-106546.565    43.523    -2.25   11.87
-106167.533    43.152    -0.98   11.88
-105788.408    41.954    -3.16    9.76
-105409.190    41.953    -0.00    7.48
-105029.879    42.333     1.00    5.68
-104650.476    42.439     0.28    5.15
-104270.980    43.852     3.72    5.21
-103891.391    45.794     5.12    6.84
-103511.709    49.607    10.04    8.42
-103131.934    52.009     6.32    8.54
-102752.065    54.095     5.49    7.64
-102372.104    53.919    -0.46    5.92
-101992.049    53.808    -0.29    4.08
-101611.901    53.138    -1.76    4.05
-101231.660    51.154    -5.22    6.29
-100851.325    46.345   -12.64    9.27
-100470.897    38.125   -21.61   11.81
-100090.375    28.417   -25.51   11.15
 -99709.759    20.877   -19.81    7.22
 -99329.050    15.881   -13.12    4.89
 -98948.247    12.617    -8.57    4.86
 -98567.350    10.128    -6.53    4.71
 -98186.359     7.722    -6.32    3.44
 -97805.274     5.333    -6.27    2.72
 -97424.095     3.916    -3.72    2.93
 -97042.822     2.407    -3.96    2.40
 -96661.454     1.243    -3.05    1.01
 -96279.993     1.000    -0.64    0.00
 -95898.437     1.000     0.00    0.00
 -95516.786     1.000     0.00    0.00
 -95135.042     1.009     0.02    0.10
 -94753.202     1.571     1.47    1.73
 -94371.268     3.345     4.64    3.10
 -94004.269     5.433     5.69    3.16
 -93640.060     7.183     4.81    1.92
 -93275.767     7.694     1.40    1.14
 -92911.390     6.241    -3.99    2.85
 -92546.929     4.564    -4.60    3.32
 -92182.384     2.792    -4.86    2.86
 -91817.754     1.355    -3.94    1.28
 -91453.039     2.505     3.15    4.89
 -91088.241    15.217    34.85   23.67
 -90723.357    34.193    52.00   31.51
 -90358.389    52.124    49.13   26.30
 -89993.336    60.910    24.07   13.28
 -89628.199    59.509    -3.84    9.51
 -89262.976    53.047   -17.69    8.08
 -88897.669    47.755   -14.49   10.26
 -88532.277    44.509    -8.88   11.45
 -88166.800    42.706    -4.93   12.45
 -87801.238    40.642    -5.65   11.52
 -87435.590    39.010    -4.46    8.94
 -87069.858    40.827     4.97    7.90
 -86704.040    44.419     9.82    9.25
 -86338.137    48.454    11.03    9.21
 -85972.149    51.519     8.37    8.06
 -85606.076    54.811     8.99    8.85
 -85239.916    57.227     6.60   10.21
 -84873.672    62.248    13.71   11.56
 -84507.342    70.100    21.43   12.34
 -84140.926    76.518    17.52    9.64
 -83774.424    81.664    14.04    5.68
 -83407.837    83.900     6.10    4.59
 -83041.164    85.410     4.12    5.08
 -82674.405    88.157     7.49    5.80
 -82307.560    91.682     9.61    6.04
 -81940.629    93.704     5.51    6.28
 -81573.612    93.836     0.36    6.68
 -81206.509    93.243    -1.62    5.79
 -80839.320    94.360     3.04    4.74
 -80472.044    96.055     4.61    4.97
 -80104.683    97.148     2.98    4.76
 -79737.234    97.836     1.87    5.63
 -79369.700    97.048    -2.14    8.06
 -79002.079    94.730    -6.31    9.14
 -78634.371    92.565    -5.89    8.66
 -78266.577    90.757    -4.92    5.89
 -77898.696    91.418     1.80    5.44
 -77530.729    96.330    13.35    8.24
 -77162.674   100.664    11.77    7.89
 -76794.533   104.075     9.27    6.16
 -76426.305   105.800     4.69    5.87
 -76057.990   105.673    -0.35    5.98
 -75689.588   104.048    -4.41    5.91
 -75321.099   102.773    -3.46    5.55
 -74952.523   103.075     0.82    6.25
 -74583.859   106.380     8.96    7.04
 -74215.108   110.000     9.82    6.46
 -73846.270   112.417     6.55    4.66
 -73477.345   110.927    -4.04    5.53
 -73108.332   108.260    -7.23    5.65
 -72739.231   106.582    -4.55    4.90
 -72370.043   105.759    -2.23    3.78
 -72000.767   105.780     0.06    4.48
 -71631.404   105.373    -1.10    6.08
 -71261.953   104.573    -2.17    7.25
 -70892.414   103.910    -1.79    7.80
 -70522.787   103.857    -0.14    8.54
 -70153.072   104.139     0.76    9.25
 -69783.269   104.440     0.82    9.84
 -69413.378   105.037     1.61   10.74
 -69043.399   106.000     2.60   10.32
 -68673.332   106.288     0.78    8.97
 -68303.176   103.270    -8.15    9.02
 -67932.932    96.550   -18.15   11.38
 -67562.600    85.259   -30.49   14.53
 -67192.179    76.255   -24.31   13.59
 -66821.670    70.619   -15.21    9.67
 -66451.072    72.099     3.99    8.73
 -66080.386    77.623    14.90    9.88
 -65709.611    86.009    22.62   10.07
 -65338.747    92.700    18.04    8.17
 -64967.794    96.954    11.47    5.80
 -64596.752    97.351     1.07    5.28
 -64225.622    93.356   -10.77    7.50
 -63854.402    87.336   -16.21   10.55
 -63483.093    83.500   -10.33   10.85
 -63111.696    83.073    -1.15   11.18
 -62740.209    86.109     8.17   11.31
 -62368.632    91.664    14.95    8.44
 -61996.967    93.893     6.00    6.47
 -61625.211    94.885     2.67    5.74
 -61253.367    92.423    -6.62    6.94
 -60881.433    88.092   -11.65    7.46
 -60509.409    83.138   -13.32    7.16
 -60137.296    78.898   -11.39    5.99
 -59765.093    74.259   -12.46    5.02
 -59392.800    70.091   -11.20    5.19
 -59020.417    66.000   -10.99    4.83
 -58647.944    63.882    -5.69    3.66
 -58275.382    62.963    -2.47    3.03
 -57902.729    61.982    -2.63    4.20
 -57529.986    59.872    -5.66    6.79
 -57157.153    54.421   -14.62    8.51
 -56784.230    48.964   -14.63    7.39
 -56411.217    43.913   -13.54    4.89
 -56038.113    40.856    -8.19    3.50
 -55664.919    39.402    -3.90    2.94
 -55291.634    38.982    -1.12    2.85
 -54918.258    39.009     0.07    2.93
 -54544.792    38.389    -1.66    3.83
 -54171.236    34.946    -9.22    6.69
 -53797.588    29.654   -14.16    8.75
 -53423.850    25.793   -10.33    8.25
 -53050.021    23.407    -6.38    8.09
 -52676.101    23.375    -0.09    8.33
 -52302.089    24.578     3.22    8.52
 -51927.987    26.624     5.47    6.16
 -51553.794    26.919     0.79    3.59
 -51179.509    25.302    -4.32    4.65
 -50805.133    20.591   -12.58    7.71
 -50430.666    14.144   -17.22    9.15
 -50056.107     8.884   -14.04    8.25
 -49681.457     5.218    -9.78    5.36
 -49306.715     4.345    -2.33    3.71
 -48931.882     5.642     3.46    4.62
 -48556.957     7.890     5.99    4.65
 -48181.940    10.018     5.67    4.07
 -47806.831    12.404     6.36    3.19
 -47431.631    13.964     4.16    2.07
 -47056.338    14.262     0.79    1.68
 -46680.954    13.946    -0.84    2.07
 -46305.477    14.110     0.44    2.21
 -45929.909    14.757     1.72    2.34
 -45554.248    14.919     0.43    2.28
 -45178.494    14.358    -1.49    2.25
 -44802.649    13.821    -1.43    1.80
 -44426.711    13.442    -1.01    1.46
 -44050.680    14.297     2.27    2.61
 -43674.557    15.833     4.08    3.38
 -43298.341    16.083     0.66    3.20
 -42922.033    15.679    -1.07    3.10
 -42545.632    15.400    -0.74    2.98
 -42169.138    14.404    -2.65    2.58
 -41792.551    13.355    -2.78    2.23
 -41415.871    13.054    -0.80    2.26
 -41039.098    13.075     0.06    2.32
 -40662.232    14.283     3.20    2.89
 -40285.273    15.620     3.55    2.04
 -39908.221    15.509    -0.30    2.05
 -39531.075    14.682    -2.19    2.54
 -39153.836    13.455    -3.25    2.41
 -38776.503    12.645    -2.14    1.92
 -38399.077    11.936    -1.88    1.44
 -38021.558    11.277    -1.75    1.45
 -37643.945    10.702    -1.52    1.48
 -37266.238    10.116    -1.55    1.94
 -36888.437     7.885    -5.91    3.20
 -36510.542     5.607    -6.03    3.45
 -36132.554     3.874    -4.59    2.81
 -35754.471     2.624    -3.31    1.10
 -35376.295     2.673     0.13    1.02
 -34998.024     2.491    -0.48    1.01
 -34619.659     2.561     0.19    1.06
 -34241.200     2.881     0.84    1.18
 -33862.646     2.929     0.13    1.29
 -33483.998     2.741    -0.50    1.36
 -33105.256     2.759     0.05    1.30
 -32726.419     2.702    -0.15    1.20
 -32347.487     2.618    -0.22    1.23
 -31968.461     2.688     0.18    1.18
 -31589.340     2.884     0.52    1.15
 -31210.124     2.730    -0.41    1.17
 -30830.813     2.928     0.52    1.15
 -30451.407     2.920    -0.02    1.07
 -30071.906     2.991     0.19    0.96
 -29692.310     2.679    -0.82    1.12
 -29312.619     2.179    -1.32    1.03
 -28932.833     1.814    -0.96    1.00
 -28552.951     1.686    -0.34    1.01
 -28172.974     1.717     0.08    1.02
 -27792.901     1.764     0.12    0.99
 -27412.733     2.009     0.64    1.12
 -27032.469     2.164     0.41    1.09
 -26652.110     2.385     0.58    0.93
 -26271.655     2.564     0.47    0.96
 -25891.104     2.518    -0.12    1.15
 -25510.457     2.263    -0.67    1.17
 -25129.714     1.800    -1.22    1.06
 -24748.875     1.723    -0.20    1.02
 -24367.940     1.793     0.18    1.31
 -23986.909     1.866     0.19    1.44
 -23605.782     1.750    -0.30    1.16
 -23224.558     1.607    -0.37    0.91
 -22843.238     1.848     0.63    1.16
 -22461.821     2.248     1.05    1.41
 -22080.308     2.845     1.57    1.62
 -21698.698     3.536     1.81    1.50
 -21316.992     3.618     0.22    1.51
 -20935.188     3.491    -0.33    1.62
 -20553.288     3.270    -0.58    1.65
 -20171.291     3.099    -0.45    1.54
 -19789.197     3.143     0.11    1.27
 -19414.948     3.101    -0.11    1.13
 -19050.985     2.920    -0.50    1.09
 -18686.937     2.780    -0.38    1.12
 -18322.803     2.712    -0.19    1.23
 -17958.582     2.777     0.18    1.21
 -17594.276     3.048     0.74    1.20
 -17229.884     3.310     0.72    1.04
 -16865.405     3.261    -0.13    1.08
 -16500.840     3.243    -0.05    1.03
 -16136.189     3.204    -0.11    1.11
 -15771.451     3.371     0.46    1.11
 -15406.627     3.307    -0.18    1.05
 -15041.716     3.125    -0.50    1.24
 -14676.719     2.752    -1.02    1.37
 -14311.635     2.381    -1.02    1.45
 -13946.465     2.324    -0.15    1.52
 -13581.207     2.673     0.95    1.39
 -13215.863     2.772     0.27    1.23
 -12850.432     2.981     0.57    1.26
 -12484.914     3.035     0.15    1.35
 -12119.309     2.784    -0.69    1.51
 -11753.617     3.171     1.06    2.36
 -11387.838     3.421     0.68    2.96
 -11021.972     4.269     2.32    3.26
 -10656.018     5.451     3.23    3.27
 -10289.978     6.098     1.77    2.83
  -9923.849     6.153     0.15    2.42
  -9557.634     5.637    -1.41    2.49
  -9191.330     5.629    -0.02    2.58
  -8824.940     4.858    -2.10    3.01
  -8458.461     3.750    -3.02    2.88
  -8091.895     2.569    -3.22    2.31
  -7725.241     1.866    -1.92    1.79
  -7358.499     1.255    -1.67    1.56
  -6991.670     0.652    -1.64    1.26
  -6624.752     0.225    -1.16    0.82
  -6257.747     0.018    -0.56    0.13
  -5890.653     0.000    -0.05    0.00
  -5523.472     0.000     0.00    0.00
  -5156.202     0.036     0.10    0.23
  -4788.844     0.107     0.19    0.41
  -4421.397     0.321     0.58    0.89
  -4053.862     0.518     0.54    1.11
  -3686.239     0.624     0.29    1.28
  -3318.527     0.464    -0.43    1.14
  -2950.727     0.292    -0.47    0.90
  -2582.838     0.093    -0.54    0.47
  -2214.860     0.018    -0.21    0.13
  -1846.794     0.000    -0.05    0.00
  -1478.638     0.000     0.00    0.00
  -1110.394     0.000     0.00    0.00
   -742.061     0.000     0.00    0.00
   -373.639     0.000     0.00    0.00
     -5.127     0.000     0.00    0.00
    363.473     0.000     0.00    0.00
    732.163     0.000     0.00    0.00
   1100.942     0.000     0.00    0.00
   1469.810     0.061     0.17    0.33
   1838.768     0.117     0.15    0.46
   2207.815     0.080    -0.10    0.38
   2576.952     0.009    -0.19    0.09
   2946.178     0.000    -0.02    0.00
   3315.494     0.000     0.00    0.00
   3684.900     0.000     0.00    0.00
   4054.395     0.000     0.00    0.00
   4423.980     0.000     0.00    0.00
   4793.656     0.000     0.00    0.00
   5163.421     0.000     0.00    0.00
   5533.276     0.000     0.00    0.00
   5903.222     0.000     0.00    0.00
   6273.258     0.000     0.00    0.00
   6643.383     0.098     0.27    0.44
   7013.600     0.219     0.33    0.69
   7383.906     0.219    -0.00    0.69
   7754.303     0.123    -0.26    0.53
   8124.791     0.027    -0.26    0.16
   8495.369     0.000    -0.07    0.00
   8866.038     0.000     0.00    0.00
   9236.798     0.000     0.00    0.00
   9607.648     0.000     0.00    0.00
   9978.589     0.000     0.00    0.00
  10349.621     0.000     0.00    0.00
  10720.744     0.000     0.00    0.00
  11091.959     0.000     0.00    0.00
  11463.264     0.000     0.00    0.00
  11834.660     0.000     0.00    0.00
  12206.148     0.000     0.00    0.00
  12577.727     0.000     0.00    0.00
  12949.397     0.000     0.00    0.00
  13321.159     0.000     0.00    0.00
  13693.013     0.000     0.00    0.00
  14064.958     0.000     0.00    0.00
  14436.994     0.000     0.00    0.00
  14809.122     0.000     0.00    0.00
  15181.343     0.000     0.00    0.00
  15553.654     0.000     0.00    0.00
  15926.058     0.000     0.00    0.00
  16298.554     0.000     0.00    0.00
  16671.142     0.000     0.00    0.00
  17043.822     0.000     0.00    0.00
  17416.594     0.000     0.00    0.00
  17789.459     0.132     0.35    0.57
  18162.416     0.275     0.39    0.78
  18535.465     0.219    -0.15    0.68
  18908.607     0.092    -0.34    0.35
  19281.841     0.000    -0.25    0.00
  19655.168     0.000     0.00    0.00
  20028.587     0.000     0.00    0.00
  20402.099     0.000     0.00    0.00
  20775.704     0.000     0.00    0.00
  21149.402     0.026     0.07    0.21
  21523.193     0.682     1.75    1.48
  21897.077     2.474     4.79    3.07
  22271.054     4.513     5.45    3.40
  22645.124     6.478     5.25    2.53
  23019.287     7.322     2.26    1.74
  23393.544     7.202    -0.32    1.22
  23767.894     6.956    -0.66    0.99
  24142.337     6.938    -0.05    0.95
  24516.874     7.114     0.47    1.02
  24891.505     7.061    -0.14    1.13
  25266.229     5.531    -4.08    2.91
  25641.047     5.000    -1.42    3.28
  26015.958     5.683     1.82    4.07
  26390.964     7.395     4.57    4.25
  26766.063     9.310     5.11    2.79
  27141.256     9.982     1.79    1.89
  27516.544     9.772    -0.56    1.95
  27891.925     8.864    -2.42    2.30
  28267.401     7.270    -4.25    2.49
  28642.971     5.352    -5.11    2.60
  29018.635     4.228    -2.99    2.61
  29394.394     3.387    -2.24    2.57
  29770.247     3.211    -0.47    2.61
  30146.195     3.158    -0.14    2.62
  30522.237     2.860    -0.79    2.49
  30898.374     2.461    -1.06    2.31
  31274.606     2.486     0.07    2.61
  31650.933     2.861     1.00    2.52
  32027.354     2.826    -0.09    2.16
  32403.871     2.278    -1.45    2.00
  32780.482     1.540    -1.96    1.76
  33157.189     0.804    -1.95    1.27
  33533.991     0.948     0.38    1.47
  33910.888     1.405     1.21    1.59
  34287.880     1.957     1.46    1.44
  34664.968     2.490     1.41    1.10
  35042.152     2.696     0.54    1.08
  35419.430     2.637    -0.16    1.34
  35796.805     2.461    -0.47    1.57
  36174.275     2.202    -0.69    1.65
  36551.841     1.956    -0.65    1.82
  36929.503     1.635    -0.85    1.99
  37307.260     1.333    -0.80    2.00
  37685.114     0.713    -1.64    1.58
  38063.064     0.248    -1.23    0.86
  38441.110     0.000    -0.66    0.00
  38819.252     0.000     0.00    0.00
  39197.490     0.000     0.00    0.00
  39575.825     0.000     0.00    0.00
  39954.256     0.000     0.00    0.00
  40332.783     0.000     0.00    0.00
  40711.407     0.000     0.00    0.00
  41090.128     0.000     0.00    0.00
  41468.946     0.000     0.00    0.00
  41847.860     0.052     0.14    0.26
  42226.871     0.186     0.35    0.63
  42605.979     0.478     0.77    1.09
  42985.184     0.632     0.40    1.15
  43364.486     0.770     0.36    1.17
  43743.885     1.207     1.15    1.73
  44123.382     1.402     0.51    1.83
  44502.976     1.483     0.21    1.79
  44882.667     1.532     0.13    1.76
  45262.455     1.440    -0.24    1.38
  45642.341     1.625     0.49    1.45
  46022.325     1.897     0.71    1.48
  46402.406     1.982     0.23    1.40
  46782.586     2.752     2.02    2.07
  47162.862     3.759     2.65    3.06
  47543.237     4.411     1.71    3.07
  47923.710     4.325    -0.23    3.06
  48304.281     3.486    -2.20    3.12
  48684.950     1.992    -3.93    1.87
  49065.717     1.358    -1.66    1.15
  49446.582     1.233    -0.33    1.23
  49827.546     1.230    -0.01    1.29
  50208.608     1.322     0.24    1.31
  50589.769     1.566     0.64    1.27
  50971.028     1.896     0.86    1.31
  51352.386     1.940     0.12    1.24
  51733.843     1.823    -0.31    1.20
  52115.398     1.704    -0.31    1.05
  52497.052     2.164     1.20    1.85
  52878.805     3.130     2.53    2.98
  53260.658     4.444     3.44    3.33
  53642.609     4.466     0.06    2.90
  54024.659     4.389    -0.20    3.47
  54406.809     4.217    -0.45    3.47
  54789.058     4.168    -0.13    3.43
  55171.122     4.103    -0.17    3.36
  55534.839     4.069    -0.09    3.20
  55898.643     4.127     0.16    3.34
  56262.535     5.009     2.42    3.69
  56626.515     5.254     0.68    3.78
  56990.582     5.531     0.76    3.82
  57354.737     5.748     0.60    3.71
  57718.980     5.690    -0.16    3.52
  58083.312     5.591    -0.27    3.29
  58447.731     4.548    -2.86    3.57
  58812.238     3.120    -3.92    3.40
  59176.834     1.330    -4.91    2.38
  59541.517     0.190    -3.13    0.79
  59906.289     0.000    -0.52    0.00
  60271.150     0.000     0.00    0.00
  60636.098     0.000     0.00    0.00
  61001.136     0.009     0.02    0.09
  61366.262     0.043     0.09    0.30
  61731.476     0.045     0.01    0.31
  62096.779     0.000    -0.12    0.00
  62462.171     0.000     0.00    0.00
  62827.652     0.000     0.00    0.00
  63193.222     0.000     0.00    0.00
  63558.880     0.000     0.00    0.00
  63924.628     0.000     0.00    0.00
  64290.465     0.000     0.00    0.00
  64656.390     0.000     0.00    0.00
  65022.405     0.000     0.00    0.00
  65388.510     0.000     0.00    0.00
  65754.703     0.000     0.00    0.00
  66120.986     0.000     0.00    0.00
  66487.359     0.000     0.00    0.00
  66853.821     0.000     0.00    0.00
  67220.373     0.000     0.00    0.00
  67587.014     0.000     0.00    0.00
  67953.745     0.000     0.00    0.00
  68320.566     0.000     0.00    0.00
  68687.477     0.000     0.00    0.00
  69054.477     0.000     0.00    0.00
  69421.568     0.000     0.00    0.00
  69788.749     0.000     0.00    0.00
  70156.019     0.000     0.00    0.00
  70523.380     0.000     0.00    0.00
  70890.832     0.000     0.00    0.00
  71258.373     0.000     0.00    0.00
  71626.005     0.000     0.00    0.00
  71993.728     0.000     0.00    0.00
  72361.541     0.000     0.00    0.00
  72729.444     0.000     0.00    0.00
  73097.439     0.000     0.00    0.00
  73465.524     0.000     0.00    0.00
  73833.699     0.000     0.00    0.00
  74201.966     0.000     0.00    0.00
  74570.323     0.000     0.00    0.00
  74938.772     0.000     0.00    0.00
  75307.312     0.000     0.00    0.00
  75675.942     0.000     0.00    0.00
  76044.664     0.000     0.00    0.00
  76413.478     0.000     0.00    0.00
  76782.382     0.000     0.00    0.00
  77151.378     0.000     0.00    0.00
  77520.465     0.000     0.00    0.00
  77889.644     0.000     0.00    0.00
  78258.915     0.000     0.00    0.00
  78628.277     0.000     0.00    0.00
  78997.731     0.000     0.00    0.00
  79367.277     0.000     0.00    0.00
  79736.915     0.000     0.00    0.00
  80106.644     0.000     0.00    0.00
  80476.466     0.000     0.00    0.00
  80846.380     0.000     0.00    0.00
  81216.385     0.000     0.00    0.00
  81586.483     0.000     0.00    0.00
  81956.674     0.000     0.00    0.00
  82326.957     0.000     0.00    0.00
  82697.332     0.000     0.00    0.00
  83067.799     0.000     0.00    0.00
  83438.360     0.000     0.00    0.00
  83809.012     0.000     0.00    0.00
  84179.758     0.000     0.00    0.00
  84550.596     0.000     0.00    0.00
  84921.527     0.000     0.00    0.00
  85292.551     0.000     0.00    0.00
  85663.668     0.000     0.00    0.00
  86034.879     0.000     0.00    0.00
  86406.182     0.000     0.00    0.00
  86777.578     0.000     0.00    0.00
  87149.068     0.000     0.00    0.00
  87520.651     0.000     0.00    0.00
  87892.327     0.000     0.00    0.00
  88264.097     0.000     0.00    0.00
  88635.960     0.000     0.00    0.00
  89007.918     0.000     0.00    0.00
  89379.968     0.000     0.00    0.00
  89752.113     0.000     0.00    0.00
  90124.351     0.000     0.00    0.00
  90496.683     0.000     0.00    0.00
  90869.109     0.000     0.00    0.00
  91241.629     0.000     0.00    0.00
  91614.244     0.000     0.00    0.00
  91986.952     0.000     0.00    0.00
  92359.755     0.000     0.00    0.00
  92732.652     0.000     0.00    0.00
  93105.643     0.000     0.00    0.00
  93478.729     0.000     0.00    0.00
  93851.909     0.000     0.00    0.00
  94225.184     0.000     0.00    0.00
  94598.554     0.000     0.00    0.00
  94972.019     0.000     0.00    0.00
  95345.578     0.000     0.00    0.00
  95719.232     0.000     0.00    0.00
  96092.981     0.000     0.00    0.00
  96466.825     0.000     0.00    0.00
  96840.764     0.000     0.00    0.00
  97214.799     0.000     0.00    0.00
  97588.929     0.000     0.00    0.00
  97963.154     0.000     0.00    0.00
  98337.474     0.000     0.00    0.00
  98711.890     0.000     0.00    0.00
  99086.401     0.000     0.00    0.00
  99461.008     0.000     0.00    0.00
  99835.711     1.478     3.95    4.23
 100210.509     6.068    12.25    7.97
 100585.404    10.924    12.95    8.13
 100960.394    15.862    13.17    5.48
 101335.480    18.202     6.24    2.48
 101710.662    18.591     1.04    2.19
 102085.941    18.415    -0.47    2.58
 102461.315    18.088    -0.87    2.80
 102836.786    17.052    -2.76    2.78
 103212.353    18.305     3.34    4.34
 103588.017    20.631     6.19    6.58
 103963.777    24.297     9.76    7.50
 104339.634    27.133     7.55    6.72
 104715.587    28.128     2.65    5.47
 105091.637    27.778    -0.93    4.62
 105467.784    25.810    -5.23    3.70
 105844.028    25.630    -0.48    3.22
 106220.368    26.836     3.21    4.02
 106596.806    26.958     0.32    6.18
 106973.341    27.246     0.76    8.49
 107349.973    30.220     7.90   10.31
 107726.702    32.769     6.77    9.82
 108103.528    35.044     6.04    7.64
 108480.452    37.042     5.30    5.05
 108857.473    36.918    -0.33    5.53
 109234.592    35.185    -4.60    5.17
 109611.809    34.612    -1.52    5.57
 109989.123    33.630    -2.60    7.01
 110366.535    32.085    -4.09    8.22
 110744.045    30.388    -4.50    9.30
 111121.652    27.197    -8.45    9.05
 111499.358    25.212    -5.25    8.16
 111877.162    25.314     0.27    7.64
 112255.064    29.692    11.59   10.58
 112633.064    37.328    20.20   11.52
 113011.162    44.197    18.17   10.04
 113389.359    47.517     8.78    8.93
 113767.654    47.814     0.78    9.27
 114146.048    45.912    -5.02    8.93
 114524.540    47.067     3.05    8.32
 114903.131    51.130    10.73   11.32
 115281.821    57.678    17.29   11.03
 115660.610    61.744    10.73    8.75
 116039.497    61.607    -0.36   10.35
 116418.484    60.769    -2.21    9.61
 116797.569    62.966     5.80   10.37
 117176.754    68.252    13.94   10.46
 117556.038    76.000    20.43   10.38
 117935.421    83.445    19.63   11.76
 118314.903    92.122    22.87   12.73
 118694.486   101.342    24.29   12.31
 119074.167   107.824    17.07   13.35
 119453.948   112.127    11.33   11.66
 119833.829   111.263    -2.28   10.93
 120213.810   107.207   -10.67   10.63
 120593.890   100.182   -18.49   11.41
 120974.070    91.850   -21.92    8.64
 121354.351    85.188   -17.52   10.05
 121734.731    78.678   -17.12   11.75
 122115.212    71.393   -19.15    9.28
 122495.792    67.992    -8.94    7.45
 122876.473    65.026    -7.79    7.83
 123257.255    60.370   -12.23    8.51
 123638.137    54.864   -14.46    6.86
 124019.119    52.429    -6.39    6.63
 124400.202    53.460     2.71   10.33
 124781.386    62.000    22.40   16.61
 125162.671    70.521    22.35   16.54
 125544.056    80.322    25.70   14.81
 125925.543    86.890    17.22   15.55
 126307.130    93.267    16.71   17.18
 126688.818    98.802    14.50   13.90
 127070.608    99.982     3.09   10.04
 127452.499    92.636   -19.24   12.88
 127834.491    82.912   -25.46   14.06
 128216.585    72.681   -26.78   11.05
 128598.780    66.267   -16.78    9.06
 128981.077    60.314   -15.57    6.60
 129363.475    56.907    -8.91    5.54
 129745.975    52.348   -11.92    5.45
 130117.280    47.570   -12.87    7.82
 130480.843    41.384   -17.02   10.28
 130844.495    33.331   -22.15   10.45
 131208.237    27.542   -15.92    7.77
 131572.068    25.904    -4.50    7.72
 131935.988    32.125    17.10   12.01
 132299.999    38.150    16.55   10.07
 132664.098    42.265    11.30    5.56
 133028.288    41.425    -2.31    5.12
 133392.567    38.664    -7.58    5.98
 133756.936    33.252   -14.85    8.22
 134121.395    27.949   -14.55    8.16
 134485.944    24.451    -9.60    5.70
 134850.583    26.915     6.76    8.09
 135215.313    30.847    10.78   10.25
 135580.132    37.289    17.66    9.82
 135945.042    41.636    11.91    8.66
 136310.041    42.492     2.34    7.99
 136675.132    41.558    -2.56    6.88
 137040.313    39.583    -5.41    5.76
 137405.584    39.403    -0.49    5.14
 137770.946    39.629     0.62    5.03
 138136.398    39.450    -0.49    4.58
 138501.941    39.646     0.54    3.60
 138867.575    39.317    -0.90    3.82
 139233.300    38.550    -2.10    3.66
 139599.116    37.974    -1.58    4.61
 139965.023    37.050    -2.53    5.55
 140331.021    35.286    -4.82    5.59
 140697.110    33.219    -5.65    6.34
 141063.290    28.860   -11.91    7.35
 141429.561    23.966   -13.36    8.28
 141795.924    19.530   -12.11    7.65
 142162.378    19.639     0.30    7.35
 142528.924    23.973    11.82   11.71
 142895.561    31.568    20.72   13.65
 143262.290    38.132    17.90   11.20
 143629.110    43.368    14.28    7.23
 143996.022    40.966    -6.55   10.47
 144363.026    36.403   -12.43   11.99
 144730.122    30.530   -16.00   12.02
 145097.310    27.231    -8.98   11.46
 145464.590    24.588    -7.20    9.77
 145831.962    24.305    -0.77    9.10
 146199.426    25.566     3.43    7.94
 146566.982    26.272     1.92    4.31
 146934.631    27.117     2.30    6.90
 147302.372    27.847     1.99    8.69
 147670.205    27.949     0.28    9.03
 148038.131    26.058    -5.14    8.87
 148406.150    21.443   -12.54    8.04
 148774.261    17.579   -10.50    6.94
 149142.465    16.051    -4.15    5.88
 149510.761    16.500     1.22    5.93
 149879.151    18.443     5.27    4.80
 150247.633    19.427     2.67    3.77
 150616.209    19.529     0.28    3.92
 150984.877    19.383    -0.40    3.79
 151353.639    18.474    -2.47    4.32
 151722.494    15.615    -7.75    7.66
 152091.442    13.085    -6.86    8.23
 152460.483     9.719    -9.12    7.72
 152829.618     7.711    -5.44    7.44
 153198.847     6.256    -3.94    7.21
 153568.169     3.874    -6.45    6.39
 153937.584     1.883    -5.39    4.38
 154307.094     0.517    -3.70    2.08
 154676.697     0.050    -1.26    0.34
 155046.394     0.000    -0.14    0.00
 155416.185     0.000     0.00    0.00
 155786.070     0.000     0.00    0.00
 156156.049     0.000     0.00    0.00
 156526.122     0.000     0.00    0.00
 156896.289     0.000     0.00    0.00
 157266.550     0.000     0.00    0.00
 157636.906     0.000     0.00    0.00
 158007.357     0.000     0.00    0.00
 158377.902     0.000     0.00    0.00
 158748.541     0.000     0.00    0.00
 159119.275     0.000     0.00    0.00
 159490.104     0.000     0.00    0.00
 159861.027     0.000     0.00    0.00
 160232.046     0.000     0.00    0.00
 160603.159     0.000     0.00    0.00
 160974.368     0.000     0.00    0.00
 161345.671     0.000     0.00    0.00
 161717.070     0.000     0.00    0.00
 162088.563     0.000     0.00    0.00
 162460.153     0.000     0.00    0.00
 162831.837     0.000     0.00    0.00
 163203.617     0.000     0.00    0.00
 163575.492     0.000     0.00    0.00
 163947.464     0.000     0.00    0.00
 164319.530     0.000     0.00    0.00
 164691.693     0.000     0.00    0.00
 165063.951     0.000     0.00    0.00
 165436.305     0.000     0.00    0.00
 165808.755     0.000     0.00    0.00
 166181.301     0.000     0.00    0.00
 166553.944     0.000     0.00    0.00
 166926.682     0.000     0.00    0.00
 167299.517     0.000     0.00    0.00
 167672.448     0.000     0.00    0.00
 168045.475     0.000     0.00    0.00
 168418.599     0.000     0.00    0.00
 168791.820     0.000     0.00    0.00
 169165.137     0.000     0.00    0.00
 169538.551     0.000     0.00    0.00
 169912.061     0.000     0.00    0.00
 170285.669     0.000     0.00    0.00
 170659.373     0.000     0.00    0.00
 171033.175     0.000     0.00    0.00
 171407.073     0.000     0.00    0.00
 171781.069     0.000     0.00    0.00
 172155.162     0.000     0.00    0.00
 172529.352     0.000     0.00    0.00
 172903.640     0.000     0.00    0.00
 173278.025     0.000     0.00    0.00
 173652.507     0.000     0.00    0.00
 174027.087     0.000     0.00    0.00
 174401.765     0.000     0.00    0.00
 174776.541     0.000     0.00    0.00
 175151.414     0.000     0.00    0.00
 175526.386     0.000     0.00    0.00
 175901.455     0.000     0.00    0.00
 176276.623     0.000     0.00    0.00
 176651.888     0.000     0.00    0.00
 177027.252     0.000     0.00    0.00
 177402.715     0.000     0.00    0.00
 177778.275     0.000     0.00    0.00
 178153.934     0.000     0.00    0.00
 178529.692     0.000     0.00    0.00
 178905.548     0.000     0.00    0.00
 179281.503     0.000     0.00    0.00
 179657.556     0.000     0.00    0.00
 180033.709     0.000     0.00    0.00
 180409.960     0.000     0.00    0.00
 180786.311     0.000     0.00    0.00
 181162.760     0.000     0.00    0.00
 181539.309     0.000     0.00    0.00
 181915.957     0.000     0.00    0.00
 182292.704     0.000     0.00    0.00
 182669.550     0.000     0.00    0.00
 183046.496     0.000     0.00    0.00
 183423.542     0.000     0.00    0.00
 183800.687     0.000     0.00    0.00
 184177.932     0.000     0.00    0.00
 184555.277     0.000     0.00    0.00
 184932.721     0.000     0.00    0.00
 185310.266     0.000     0.00    0.00
 185687.910     0.000     0.00    0.00
 186065.655     0.000     0.00    0.00
 186443.500     0.000     0.00    0.00
 186821.445     0.000     0.00    0.00
 187199.490     0.000     0.00    0.00
 187577.636     0.000     0.00    0.00
 187955.883     0.000     0.00    0.00
 188334.229     0.000     0.00    0.00
 188712.677     0.000     0.00    0.00
 189091.225     0.000     0.00    0.00
 189469.874     0.000     0.00    0.00
 189848.625     0.000     0.00    0.00
 190227.476     0.000     0.00    0.00
 190606.428     0.000     0.00    0.00
 190985.481     0.000     0.00    0.00
 191364.635     0.000     0.00    0.00
