-241926.323   170.444     0.00    4.84
-241550.407   170.353    -0.24    4.92
-241174.427   168.480    -4.98    6.18
-240798.381   165.691    -7.41    6.43
-240422.271   161.955    -9.93    5.87
-240046.095   162.822     2.30    6.89
-239669.854   168.228    14.36   10.84
-239293.548   173.884    15.03   10.88
-238917.177   176.433     6.77    9.64
-238540.741   174.820    -4.28   10.47
-238164.240   171.997    -7.50    9.93
-237787.673   168.497    -9.29    8.38
-237411.041   165.263    -8.59    6.55
-237034.344   162.921    -6.22    4.43
-236657.581   160.334    -6.86    4.30
-236280.753   157.664    -7.09    4.62
-235903.860   154.547    -8.27    6.33
-235526.901   152.707    -4.88    7.92
-235149.876   151.572    -3.01    9.19
-234772.786   149.483    -5.54   11.34
-234395.630   143.592   -15.62   13.93
-234018.409   137.800   -15.35   13.18
-233641.122   138.589     2.09   14.25
-233263.770   148.273    25.66   21.12
-232886.351   160.359    32.02   20.09
-232508.867   171.457    29.39   11.69
-232131.318   174.997     9.37    9.03
-231753.702   174.614    -1.01    9.09
-231376.020   173.634    -2.59    8.93
-230998.273   171.820    -4.80    8.27
-230620.460   170.945    -2.31    6.66
-230242.581   171.484     1.43    5.08
-229864.635   172.529     2.76    4.50
-229486.624   174.086     4.12    4.16
-229108.547   175.127     2.75    2.88
-228730.403   174.380    -1.98    2.58
-228352.194   173.281    -2.91    3.08
-227973.918   172.122    -3.06    3.67
-227595.576   171.119    -2.65    3.69
-227217.168   168.847    -6.00    4.69
-226838.694   165.668    -8.40    6.33
-226460.153   163.572    -5.54    5.47
-226081.546   163.099    -1.25    4.83
-225702.873   165.882     7.35    6.26
-225324.133   169.292     9.00    6.11
-224945.327   170.111     2.16    5.19
-224566.454   170.212     0.27    4.62
-224187.514   170.161    -0.13    3.67
-223808.509   170.318     0.41    3.23
-223429.436   169.619    -1.84    4.17
-223050.297   169.441    -0.47    4.47
-222671.092   170.848     3.71    6.89
-222291.819   172.824     5.21    7.84
-221912.480   173.896     2.82    8.30
-221533.074   173.225    -1.77    8.59
-221153.602   169.882    -8.81    7.75
-220774.062   166.567    -8.73    6.44
-220394.456   164.394    -5.72    4.76
-220014.783   164.817     1.11    4.55
-219635.042   166.009     3.14    4.74
-219255.235   168.187     5.73    5.22
-218884.514   170.597     6.50    6.56
-218517.499   170.301    -0.81    8.15
-218150.423   168.572    -4.71    9.52
-217783.285   165.845    -7.43    9.61
-217416.085   161.972   -10.55    8.24
-217048.823   159.355    -7.12    6.27
-216681.498   156.034    -9.04    5.84
-216314.111   153.187    -7.75    4.73
-215946.663   151.286    -5.17    4.99
-215579.151   150.792    -1.35    5.22
-215211.578   152.086     3.52    5.64
-214843.942   154.293     6.00    5.49
-214476.244   157.048     7.49    5.34
-214108.484   160.440     9.22    3.81
-213740.661   162.305     5.07    4.55
-213372.776   162.672     1.00    6.44
-213004.829   162.215    -1.24    7.63
-212636.818   162.010    -0.56    8.05
-212268.746   160.296    -4.66    8.07
-211900.611   157.448    -7.73    9.04
-211532.413   153.250   -11.40    9.09
-211164.152   148.634   -12.53    7.33
-210795.829   143.294   -14.50    5.44
-210427.444   141.170    -5.77    4.94
-210058.995   141.589     1.14    5.71
-209690.484   145.614    10.92    8.30
-209321.910   150.659    13.69    8.07
-208953.273   155.182    12.27    6.18
-208584.573   159.294    11.15    4.35
-208215.811   163.234    10.68    6.11
-207846.985   168.270    13.65    6.76
-207478.097   174.851    17.84    7.61
-207109.146   180.399    15.04    7.36
-206740.131   185.884    14.86    7.63
-206371.054   191.931    16.38    7.51
-206001.913   197.209    14.30    6.06
-205632.710   200.491     8.89    4.12
-205263.443   202.522     5.50    3.68
-204894.113   201.523    -2.71    4.45
-204524.720   200.284    -3.35    6.03
-204155.264   201.604     3.57    7.47
-203785.744   201.602    -0.01    6.79
-203416.161   202.870     3.43    4.98
-203046.515   204.109     3.35    4.66
-202676.805   202.728    -3.74    4.50
-202307.032   201.409    -3.56    4.25
-201937.196   198.642    -7.48    5.17
-201567.296   196.497    -5.80    4.68
-201197.333   195.269    -3.32    4.53
-200827.306   193.589    -4.54    4.66
-200457.215   191.599    -5.38    4.87
-200087.061   187.384   -11.39    6.12
-199716.843   182.921   -12.05    7.59
-199346.562   178.207   -12.73    7.46
-198976.217   174.836    -9.10    6.35
-198605.808   173.602    -3.33    6.29
-198235.336   174.253     1.76    7.37
-197864.799   176.672     6.53    8.03
-197494.199   179.565     7.80    6.33
-197123.535   183.441    10.46    6.14
-196752.807   185.478     5.49    5.69
-196382.015   187.552     5.59    4.80
-196011.159   189.561     5.42    3.19
-195640.239   190.523     2.59    3.07
-195269.255   191.861     3.61    3.25
-194898.208   192.552     1.86    3.13
-194527.095   193.454     2.43    3.56
-194155.919   194.861     3.79    4.04
-193784.679   196.402     4.15    4.83
-193413.374   197.433     2.78    4.38
-193042.006   195.133    -6.19    6.48
-192670.573   191.478    -9.84    8.80
-192299.075   185.547   -15.96   10.04
-191927.514   180.259   -14.23    7.93
-191555.888   180.407     0.40    7.90
-191184.197   182.048     4.41    8.53
-190812.442   185.284     8.71    7.79
-190440.623   189.306    10.81    6.10
-190068.739   191.701     6.44    5.25
-189696.791   193.389     4.54    5.40
-189324.778   195.138     4.70    5.42
-188952.701   194.775    -0.98    6.12
-188580.558   194.170    -1.63    4.85
-188208.352   194.194     0.07    4.22
-187836.080   194.145    -0.13    3.84
-187463.744   194.111    -0.09    3.55
-187091.343   193.882    -0.62    3.56
-186718.877   192.898    -2.64    3.57
-186346.346   191.886    -2.72    3.90
-185973.751   189.985    -5.10    5.49
-185601.090   187.522    -6.61    5.74
-185228.365   183.234   -11.50    6.92
-184855.575   179.326   -10.48    7.35
-184482.719   175.812    -9.42    5.56
-184109.799   174.174    -4.39    4.28
-183736.813   174.725     1.48    4.50
-183363.763   175.434     1.90    5.17
-182990.647   176.059     1.67    6.37
-182617.466   176.934     2.34    7.43
-182244.220   175.009    -5.16    8.30
-181870.909   171.870    -8.41    8.92
-181497.532   168.910    -7.93    9.20
-181124.090   166.153    -7.38    8.57
-180750.583   163.272    -7.71    8.37
-180377.010   161.035    -5.99    7.45
-180003.372   162.145     2.97    8.16
-179629.668   165.599     9.24    9.80
-179255.899   170.680    13.59    9.36
-178882.064   173.207     6.76    8.05
-178508.164   171.082    -5.68    7.97
-178134.199   169.905    -3.15    7.85
-177760.167   172.701     7.47    7.67
-177386.070   176.089     9.06    7.71
-177011.907   180.108    10.74    6.80
-176637.679   183.824     9.93    5.54
-176263.385   185.762     5.18    4.87
-175889.025   187.668     5.09    6.56
-175514.599   190.180     6.71    8.04
-175140.107   193.399     8.60    8.90
-174765.549   196.484     8.23    7.71
-174390.926   197.680     3.19    6.36
-174016.236   195.838    -4.92    6.98
-173641.480   189.415   -17.14    9.12
-173266.659   183.145   -16.72   11.62
-172891.771   174.882   -22.04   10.30
-172516.817   170.009   -12.99    9.10
-172141.797   167.322    -7.17    9.44
-171766.711   168.231     2.42    9.85
-171391.559   168.241     0.02    9.61
-171016.340   164.529    -9.89    9.22
-170641.055   160.832    -9.85    7.88
-170265.704   158.322    -6.69    7.21
-169890.286   156.664    -4.42    6.18
-169514.802   159.297     7.01    7.27
-169139.251   164.269    13.24    9.87
-168763.634   166.792     6.72    9.36
-168387.951   163.059    -9.94   15.18
-168012.201   157.744   -14.14   17.55
-167636.384   154.460    -8.74   18.83
-167260.501   153.361    -2.93   18.17
-166884.551   154.318     2.55   18.35
-166508.535   152.397    -5.11   16.54
-166132.452   148.404   -10.61   15.83
-165756.302   140.548   -20.88   15.90
-165380.085   134.194   -16.89   14.53
-165003.801   127.970   -16.54   10.76
-164627.451   122.097   -15.60    9.02
-164251.033   117.022   -13.48   10.10
-163874.549   114.890    -5.66   10.28
-163497.998   112.313    -6.84   12.96
-163121.380   109.997    -6.15   15.98
-162744.694   108.984    -2.69   17.46
-162367.942   106.787    -5.83   16.73
-161991.122   107.194     1.08   15.57
-161614.236   110.701     9.30   16.16
-161237.282   116.022    14.11   15.88
-160860.261   122.920    18.29   13.37
-160483.172   131.256    22.10   11.38
-160106.017   139.617    22.17   10.68
-159728.794   144.623    13.27    9.25
-159351.504   144.136    -1.29   10.29
-158974.146   140.234   -10.34   10.45
-158596.721   135.477   -12.60    6.91
-158219.228   132.355    -8.27    6.27
-157841.668   127.523   -12.80    8.78
-157464.040   124.704    -7.46    9.37
-157086.345   124.828     0.33    9.33
-156708.582   130.434    14.84   12.75
-156330.752   140.554    26.78   11.97
-155952.854   149.306    23.16    8.55
-155574.888   155.565    16.56    7.13
-155196.854   160.060    11.89    7.34
-154818.752   166.134    16.06    6.94
-154440.583   170.594    11.79    6.62
-154062.346   175.380    12.65    7.12
-153684.041   178.972     9.49    6.18
-153305.668   182.157     8.42    5.13
-152927.227   183.387     3.25    5.72
-152548.717   184.265     2.32    5.86
-152170.140   184.971     1.86    7.44
-151791.495   183.096    -4.95    9.74
-151412.782   180.050    -8.04   10.88
-151034.000   175.334   -12.45   10.82
-150655.150   172.147    -8.41    8.00
-150276.233   171.783    -0.96    6.06
-149897.246   171.389    -1.04    4.64
-149518.192   173.120     4.57    5.57
-149139.069   173.592     1.24    6.57
-148759.877   175.281     4.45    6.85
-148380.618   176.680     3.69    6.19
-148001.290   176.597    -0.22    6.10
-147621.893   176.318    -0.74    5.83
-147242.428   175.330    -2.60    5.11
-146862.894   171.741    -9.46    7.28
-146483.291   168.620    -8.22    8.31
-146103.620   168.380    -0.63    9.33
-145723.880   169.168     2.08   11.14
-145344.072   173.072    10.28    9.27
-144964.195   175.133     5.42    8.12
-144584.249   174.310    -2.16    7.53
-144209.860   172.997    -3.51    6.35
-143843.045   173.182     0.50    6.08
-143476.165   173.867     1.87    5.72
-143109.223   174.898     2.81    5.09
-142742.217   176.724     4.97    4.32
-142375.147   179.219     6.80    4.88
-142008.013   181.260     5.56    4.63
-141640.816   181.351     0.25    4.26
-141273.555   181.865     1.40    4.10
-140906.230   179.949    -5.22    4.66
-140538.841   177.789    -5.88    5.06
-140171.388   173.787   -10.89    7.56
-139803.872   168.711   -13.81    8.39
-139436.292   161.277   -20.22   10.20
-139068.647   154.668   -17.98    8.63
-138700.939   150.876   -10.31    6.51
-138333.167   149.897    -2.66    6.21
-137965.331   152.059     5.88    5.94
-137597.430   154.577     6.84    3.40
-137229.466   155.293     1.95    3.49
-136861.437   154.777    -1.40    4.88
-136493.344   149.098   -15.43    9.19
-136125.187   141.119   -21.67   12.49
-135756.966   130.094   -29.94   14.39
-135388.680   122.521   -20.56   11.97
-135020.330   118.367   -11.28    7.60
-134651.916   119.734     3.71    7.22
-134283.437   123.697    10.75    5.94
-133914.894   126.105     6.53    3.64
-133546.286   126.668     1.53    4.39
-133177.614   126.367    -0.82    5.68
-132808.878   125.869    -1.35    6.95
-132440.076   126.473     1.64    9.31
-132071.211   128.477     5.43   12.23
-131702.280   128.997     1.41   13.76
-131333.285   127.740    -3.40   13.35
-130964.225   124.985    -7.47   11.95
-130595.101   119.800   -14.05    9.37
-130225.912   113.315   -17.56   13.90
-129856.658   107.694   -15.22   13.14
-129487.339   105.899    -4.86   12.71
-129117.955   104.348    -4.20   12.09
-128748.507   105.265     2.48   12.07
-128378.993   104.594    -1.82   11.19
-128009.415   106.558     5.31   11.20
-127639.771   110.099     9.58   10.96
-127270.062   114.651    12.31    9.52
-126900.289   119.516    13.15    6.09
-126530.450   121.402     5.10    4.85
-126160.546   121.170    -0.63    5.76
-125790.577   119.509    -4.49    6.34
-125420.543   119.485    -0.07    5.74
-125050.443   119.436    -0.13    4.29
-124680.278   120.935     4.05    3.33
-124310.048   122.022     2.93    2.76
-123939.753   122.355     0.90    3.04
-123569.392   122.351    -0.01    3.11
-123198.966   122.022    -0.89    4.36
-122828.474   119.387    -7.11    7.35
-122457.917   116.343    -8.22    7.40
-122087.294   115.790    -1.49    7.95
-121716.606   115.570    -0.59    7.87
-121345.852   115.460    -0.30    7.23
-120975.032   115.910     1.21    6.59
-120604.147   116.022     0.30    5.36
-120233.196   114.887    -3.06    4.69
-119862.180   114.676    -0.57    4.35
-119491.097   114.229    -1.21    3.78
-119119.949   112.787    -3.88    5.40
-118748.735   110.216    -6.92    8.22
-118377.455   104.838   -14.48   10.96
-118006.109    98.899   -15.99   10.06
-117634.698    92.503   -17.22    7.89
-117263.220    88.484   -10.82    5.68
-116891.676    82.898   -15.03    7.10
-116520.066    78.729   -11.22    9.04
-116148.391    75.033    -9.94    9.16
-115776.649    73.351    -4.53    8.16
-115404.840    74.627     3.43    7.03
-115032.966    76.887     6.08    6.70
-114661.025    77.775     2.39    4.96
-114289.019    77.842     0.18    4.56
-113916.945    75.120    -7.31    5.70
-113544.806    72.828    -6.16    5.23
-113172.600    70.119    -7.28    4.59
-112800.328    66.509    -9.70    5.48
-112427.989    63.222    -8.83    5.91
-112055.584    60.528    -7.23    5.63
-111683.112    57.022    -9.41    4.88
-111310.574    53.936    -8.28    5.30
-110937.969    50.651    -8.81    6.20
-110565.298    47.923    -7.32    6.03
-110192.560    44.318    -9.67    4.59
-109819.755    41.790    -6.78    3.39
-109446.884    40.009    -4.77    2.40
-109073.945    39.046    -2.58    1.98
-108700.940    37.886    -3.11    1.92
-108327.868    37.277    -1.63    1.96
-107954.730    36.021    -3.37    2.08
-107581.524    35.412    -1.63    2.02
-107208.251    34.097    -3.52    1.49
-106834.912    33.533    -1.51    1.54
-106461.505    32.753    -2.09    1.89
-106088.032    31.631    -3.00    2.22
-105714.491    31.448    -0.49    2.31
-105340.883    32.083     1.70    2.73
-104967.208    34.143     5.51    3.52
-104593.466    36.009     4.99    2.95
-104219.656    37.783     4.74    2.77
-103845.780    38.521     1.98    3.06
-103471.836    37.711    -2.17    3.68
-103097.824    36.722    -2.64    3.99
-102723.746    35.271    -3.88    3.23
-102349.599    34.404    -2.32    1.35
-101975.386    35.417     2.71    2.11
-101601.105    37.559     5.72    3.91
-101226.756    41.358    10.15    5.97
-100852.340    44.133     7.41    6.39
-100477.856    47.096     7.91    5.80
-100103.305    47.478     1.02    6.10
 -99728.686    46.550    -2.48    6.63
 -99353.999    45.172    -3.68    6.36
 -98979.244    42.985    -5.84    7.08
 -98604.422    42.832    -0.41    6.81
 -98229.532    42.152    -1.82    6.01
 -97854.574    41.335    -2.18    6.45
 -97479.548    41.253    -0.22    6.25
 -97104.454    40.164    -2.90    5.97
 -96729.293    38.816    -3.59    5.15
 -96354.063    37.240    -4.20    3.55
 -95978.765    36.155    -2.89    2.78
 -95603.399    35.361    -2.12    2.43
 -95227.965    36.152     2.11    2.86
 -94852.463    37.176     2.73    3.16
 -94476.893    38.643     3.91    3.74
 -94101.254    38.753     0.29    3.49
 -93725.547    37.660    -2.91    3.83
 -93349.772    35.136    -6.71    4.82
 -92973.929    32.949    -5.82    3.87
 -92598.017    32.168    -2.08    3.41
 -92222.037    31.460    -1.88    3.30
 -91845.988    31.281    -0.48    3.03
 -91469.871    31.241    -0.11    3.29
 -91093.685    31.207    -0.09    3.46
 -90717.431    31.107    -0.27    3.60
 -90341.108    31.985     2.33    3.46
 -89964.717    32.119     0.36    3.20
 -89588.256    31.580    -1.43    3.35
 -89211.728    31.660     0.21    3.47
 -88835.130    30.592    -2.83    3.74
 -88458.464    29.858    -1.95    3.89
 -88081.728    30.202     0.91    4.00
 -87704.924    29.125    -2.86    4.01
 -87328.051    31.616     6.61    6.41
 -86951.109    34.035     6.42    7.83
 -86574.098    34.382     0.92    8.15
 -86197.019    35.523     3.02    7.05
 -85819.870    34.792    -1.94    6.16
 -85442.652    32.817    -5.23    4.02
 -85065.364    32.538    -0.74    3.79
 -84688.008    33.820     3.40    5.34
 -84310.583    34.787     2.56    5.56
 -83933.088    34.824     0.10    5.51
 -83555.524    33.711    -2.95    5.13
 -83177.890    32.777    -2.47    4.09
 -82800.188    33.741     2.55    4.64
 -82422.415    35.399     4.39    4.87
 -82044.574    35.497     0.26    4.94
 -81666.663    35.154    -0.91    4.85
 -81288.682    34.826    -0.87    4.53
 -80910.632    34.616    -0.56    4.41
 -80532.513    33.859    -2.00    4.47
 -80154.323    32.961    -2.38    4.61
 -79776.064    32.010    -2.51    5.13
 -79397.736    32.378     0.97    5.82
 -79019.337    32.174    -0.54    6.08
 -78640.869    31.033    -3.01    6.60
 -78262.331    31.010    -0.06    6.51
 -77883.723    30.082    -2.45    5.96
 -77505.046    29.651    -1.14    5.88
 -77126.298    30.902     3.30    5.11
 -76747.481    30.756    -0.38    5.25
 -76368.593    29.322    -3.79    5.65
 -75989.635    27.858    -3.86    4.87
 -75610.607    27.771    -0.23    4.42
 -75231.510    28.747     2.57    4.38
 -74852.342    29.214     1.23    4.62
 -74473.103    28.816    -1.05    4.17
 -74093.795    27.836    -2.58    3.27
 -73714.416    27.277    -1.47    3.77
 -73334.967    28.071     2.09    4.00
 -72955.448    28.538     1.23    4.10
 -72575.858    30.087     4.08    4.64
 -72196.197    31.664     4.15    4.28
 -71816.467    32.497     2.19    3.90
 -71436.665    31.220    -3.36    4.59
 -71056.794    28.668    -6.72    4.41
 -70676.851    27.108    -4.11    4.51
 -70296.838    26.306    -2.11    4.50
 -69916.754    26.521     0.57    4.56
 -69538.370    27.753     3.26    4.81
 -69171.758    28.716     2.63    5.03
 -68805.080    29.424     1.93    4.37
 -68438.338    29.160    -0.72    3.90
 -68071.530    28.397    -2.08    3.47
 -67704.657    27.105    -3.52    3.54
 -67337.718    25.420    -4.59    3.26
 -66970.715    25.044    -1.02    3.02
 -66603.646    23.820    -3.34    3.75
 -66236.512    21.913    -5.19    4.22
 -65869.312    19.359    -6.95    4.99
 -65502.047    16.173    -8.67    4.77
 -65134.716    14.627    -4.21    3.34
 -64767.320    15.546     2.50    3.75
 -64399.859    17.070     4.15    3.74
 -64032.332    18.274     3.28    2.61
 -63664.739    18.546     0.74    1.48
 -63297.080    18.449    -0.26    1.88
 -62929.356    19.069     1.69    2.26
 -62561.567    19.631     1.53    2.07
 -62193.711    18.759    -2.37    3.69
 -61825.790    16.295    -6.70    5.48
 -61457.802    14.021    -6.18    5.70
 -61089.749    11.984    -5.53    4.87
 -60721.630    11.140    -2.29    4.14
 -60353.446    10.627    -1.39    2.96
 -59985.195     9.973    -1.77    1.74
 -59616.878    10.497     1.42    2.40
 -59248.495    11.580     2.94    2.78
 -58880.046    12.922     3.64    2.47
 -58511.531    13.687     2.08    1.71
 -58142.950    13.164    -1.42    1.82
 -57774.303    12.262    -2.45    1.85
 -57405.589    11.491    -2.09    1.70
 -57036.809    12.318     2.24    2.60
 -56667.963    13.409     2.96    2.57
 -56299.051    14.190     2.11    2.37
 -55930.072    14.556     0.99    2.04
 -55561.027    13.675    -2.39    2.26
 -55191.915    12.034    -4.45    2.64
 -54822.737    10.723    -3.55    2.59
 -54453.493    10.556    -0.45    2.41
 -54084.182    10.399    -0.43    2.02
 -53714.804    10.131    -0.73    2.18
 -53345.360     9.852    -0.75    2.40
 -52975.849     9.473    -1.03    2.11
 -52606.271     9.424    -0.13    1.91
 -52236.627     8.660    -2.07    2.19
 -51866.916     8.116    -1.47    2.22
 -51497.138     7.675    -1.19    2.02
 -51127.293     7.934     0.70    2.29
 -50757.382     8.259     0.88    2.47
 -50387.403     8.235    -0.06    3.02
 -50017.358     7.756    -1.29    3.68
 -49647.246     7.922     0.45    3.70
 -49277.066     7.033    -2.40    4.08
 -48906.820     7.180     0.40    3.90
 -48536.506     7.973     2.14    4.05
 -48166.126     8.882     2.45    3.62
 -47795.678     9.599     1.94    3.04
 -47425.163    10.440     2.27    2.44
 -47054.581    10.656     0.58    2.57
 -46683.932    10.933     0.75    2.68
 -46313.215    11.864     2.51    2.99
 -45942.431    13.766     5.13    3.10
 -45571.580    15.432     4.49    3.03
 -45200.661    17.377     5.24    1.79
 -44829.675    17.295    -0.22    1.87
 -44458.621    16.225    -2.88    2.31
 -44087.500    14.822    -3.78    2.82
 -43716.311    13.884    -2.53    2.37
 -43345.054    14.253     0.99    2.51
 -42973.730    15.515     3.40    2.63
 -42602.339    17.077     4.21    2.66
 -42230.879    17.515     1.18    2.50
 -41859.352    17.168    -0.94    2.60
 -41487.757    17.293     0.34    2.83
 -41116.094    17.427     0.36    2.90
 -40744.364    18.326     2.42    2.69
 -40372.565    18.611     0.77    2.69
 -40000.699    17.750    -2.32    3.56
 -39628.764    16.555    -3.21    3.69
 -39256.762    15.675    -2.36    3.58
 -38884.692    15.202    -1.27    3.24
 -38512.553    14.572    -1.69    2.62
 -38140.347    14.306    -0.71    2.15
 -37768.072    14.667     0.97    2.21
 -37395.729    14.009    -1.77    4.52
 -37023.318    13.330    -1.82    6.11
 -36650.838    11.806    -4.09    7.57
 -36278.291    10.726    -2.90    7.97
 -35905.675     9.267    -3.91    7.98
 -35532.990     6.935    -6.26    7.60
 -35160.237     4.461    -6.64    6.52
 -34787.416     2.672    -4.80    5.28
 -34414.526     0.973    -4.55    3.32
 -34041.568     0.094    -2.36    0.56
 -33668.541    -0.003    -0.26    0.00
 -33295.445    -0.003     0.00    0.00
 -32922.281    -0.003     0.00    0.00
 -32549.049    -0.003     0.00    0.00
 -32175.747    -0.003     0.00    0.00
 -31802.377    -0.003     0.00    0.00
 -31428.938    -0.003     0.00    0.00
 -31055.430     0.303     0.82    2.51
 -30681.853     4.864    12.21   11.52
 -30308.207     9.784    13.17   15.89
 -29934.493    19.173    25.12   20.55
 -29560.709    28.229    24.23   21.85
 -29186.857    37.878    25.81   19.10
 -28812.935    45.194    19.57   11.46
 -28438.944    47.840     7.07    6.08
 -28064.884    45.568    -6.07    6.44
 -27690.755    41.636   -10.51    6.45
 -27316.557    40.639    -2.67    6.18
 -26942.290    41.852     3.24    6.58
 -26567.953    42.924     2.86    6.09
 -26193.547    43.652     1.95    5.13
 -25819.071    42.229    -3.80    5.02
 -25444.526    41.192    -2.77    4.27
 -25069.912    40.972    -0.59    4.13
 -24695.228    40.067    -2.42    4.28
 -24320.475    40.552     1.30    4.06
 -23945.652    39.773    -2.08    3.78
 -23570.759    38.059    -4.57    3.59
 -23195.797    37.279    -2.08    4.87
 -22820.765    35.059    -5.92    6.57
 -22445.664    32.773    -6.09    7.30
 -22070.493    31.843    -2.48    7.13
 -21695.252    31.462    -1.02    6.30
 -21319.941    31.574     0.30    5.83
 -20944.560    32.091     1.38    5.17
 -20569.109    32.159     0.18    4.67
 -20193.589    31.545    -1.64    3.73
 -19817.998    31.199    -0.92    3.75
 -19442.338    30.526    -1.79    3.60
 -19066.607    29.541    -2.62    3.50
 -18690.806    29.117    -1.13    3.26
 -18314.935    28.237    -2.34    3.26
 -17938.994    27.632    -1.61    4.09
 -17562.983    26.985    -1.72    4.80
 -17186.901    26.828    -0.42    5.03
 -16810.749    25.491    -3.56    6.77
 -16434.527    22.604    -7.67    9.46
 -16058.235    18.750   -10.24   10.43
 -15681.872    17.138    -4.28    8.78
 -15305.438    15.849    -3.43    7.14
 -14928.934    16.279     1.14    5.74
 -14552.360    18.164     5.00    3.39
 -14175.715    19.141     2.60    3.40
 -13798.999    20.804     4.41    2.92
 -13422.213    22.776     5.23    3.19
 -13045.356    25.056     6.05    2.94
 -12668.428    25.899     2.24    2.58
 -12291.430    24.879    -2.71    3.40
 -11914.360    23.551    -3.52    3.34
 -11537.220    22.641    -2.41    2.50
 -11160.009    22.070    -1.51    2.17
 -10782.727    22.128     0.15    2.14
 -10405.374    21.552    -1.52    2.63
 -10027.950    19.091    -6.52    4.00
  -9650.455    17.959    -3.00    4.08
  -9272.889    19.362     3.71    5.31
  -8895.252    22.907     9.39    6.35
  -8517.544    27.474    12.09    5.21
  -8139.764    30.734     8.63    3.08
  -7761.913    33.392     7.03    2.29
  -7383.991    34.734     3.55    2.34
  -7005.997    35.826     2.89    2.27
  -6627.933    36.668     2.23    1.85
  -6249.796    36.399    -0.71    2.09
  -5871.589    35.580    -2.17    2.30
  -5493.309    33.997    -4.19    2.42
  -5114.959    32.431    -4.14    1.64
  -4736.536    31.057    -3.63    2.11
  -4358.042    29.718    -3.54    2.70
  -3979.477    28.623    -2.89    2.83
  -3600.840    27.425    -3.16    2.93
  -3222.131    25.432    -5.26    4.91
  -2843.350    23.209    -5.87    6.31
  -2464.497    19.515    -9.75   10.34
  -2085.573    15.532   -10.51   12.51
  -1706.576    12.202    -8.79   13.84
  -1327.508     6.729   -14.44   11.68
   -948.368     2.484   -11.20    7.01
   -569.156     0.164    -6.12    1.53
   -189.871    -0.003    -0.44    0.00
    189.485     0.009     0.03    0.11
    568.914     0.485     1.25    1.96
    948.415     1.291     2.12    3.52
   1327.988     2.229     2.47    4.38
   1707.633     3.067     2.21    4.63
   2087.351     3.695     1.65    4.53
   2467.140     4.640     2.49    4.75
   2847.003     5.382     1.96    5.17
   3226.937     6.632     3.29    5.57
   3606.945     7.414     2.06    5.38
   3987.024     7.515     0.27    4.84
   4367.177     8.235     1.89    4.50
   4747.402     9.082     2.23    4.70
   5127.699    11.066     5.22    4.79
   5496.499    12.330     3.43    4.39
   5862.969    13.235     2.47    3.96
   6229.506    14.009     2.11    3.23
   6596.109    13.773    -0.64    4.13
   6962.779    13.115    -1.80    4.87
   7329.517    12.402    -1.94    5.42
   7696.321    11.720    -1.86    5.45
   8063.192    10.762    -2.61    5.23
   8430.130    10.199    -1.53    5.08
   8797.135    10.863     1.81    4.81
   9164.207    11.197     0.91    4.77
   9531.346    10.097    -3.00    5.82
   9898.552     8.753    -3.66    5.97
  10265.826     7.584    -3.18    5.05
  10633.166     7.473    -0.30    4.73
  11000.574     7.870     1.08    3.81
  11368.049     8.043     0.47    3.87
  11735.592     7.804    -0.65    4.31
  12103.202     7.449    -0.97    5.38
  12470.879     7.119    -0.90    6.04
  12838.623     7.299     0.49    6.01
  13206.435     7.229    -0.19    5.57
  13574.315     7.792     1.53    4.73
  13942.262     7.973     0.49    4.45
  14310.277     8.183     0.57    3.94
  14678.359     7.479    -1.91    3.42
  15046.509     7.424    -0.15    3.09
  15414.726     7.342    -0.22    3.33
  15783.012     8.058     1.94    3.33
  16151.365     8.146     0.24    3.35
  16519.786     7.947    -0.54    3.79
  16888.274     8.334     1.05    4.29
  17256.831     8.522     0.51    4.27
  17625.455     8.870     0.95    3.98
  17994.148     7.713    -3.14    3.32
  18362.908     6.357    -3.68    2.58
  18731.736     5.367    -2.68    2.09
  19100.633     4.342    -2.78    1.70
  19469.597     4.070    -0.74    1.71
  19838.630     4.103     0.09    1.93
  20207.731     4.392     0.78    2.13
  20576.900     5.020     1.70    2.35
  20946.137     5.370     0.95    2.55
  21315.442     5.660     0.78    2.38
  21684.816     5.762     0.28    2.19
  22054.259     5.141    -1.68    2.68
  22423.769     4.532    -1.65    2.69
  22793.348     4.322    -0.57    2.80
  23162.996     4.479     0.42    3.32
  23532.712     4.729     0.67    3.59
  23902.496     4.392    -0.91    3.16
  24272.349     4.204    -0.51    2.62
  24642.271     4.462     0.70    2.60
  25012.262     4.539     0.21    2.02
  25382.321     3.767    -2.09    2.56
  25752.449     2.672    -2.96    2.62
  26122.645     2.032    -1.73    2.68
  26492.911     1.772    -0.70    2.89
  26863.245     2.550     2.10    3.93
  27233.648     4.022     3.97    3.82
  27604.120     4.392     1.00    3.79
  27974.661     4.355    -0.10    3.82
  28345.272     3.857    -1.34    3.06
  28715.951     3.370    -1.31    2.76
  29086.699     3.031    -0.91    2.45
  29457.516     2.704    -0.88    2.26
  29828.403     4.616     5.15    4.89
  30199.358     7.912     8.88    7.78
  30570.383    10.597     7.24    8.11
  30941.478    12.369     4.78    7.73
  31312.641    12.844     1.28    6.35
  31683.874    13.771     2.50    5.24
  32055.176    16.417     7.13    5.37
  32426.548    19.609     8.59    5.57
  32797.989    23.675    10.95    4.58
  33169.500    25.905     6.00    3.61
  33541.080    27.420     4.08    2.38
  33912.730    27.756     0.90    2.28
  34284.449    27.629    -0.34    2.21
  34656.238    26.799    -2.23    2.10
  35028.097    26.117    -1.83    2.19
  35400.026    26.220     0.28    2.12
  35772.024    25.903    -0.85    2.40
  36144.092    25.891    -0.03    2.32
  36516.230    26.197     0.82    2.65
  36888.438    25.879    -0.85    4.61
  37260.716    25.753    -0.34    5.40
  37633.064    25.741    -0.03    5.46
  38005.482    26.590     2.28    3.39
  38377.970    26.801     0.57    2.69
  38750.528    27.611     2.17    4.39
  39123.156    29.703     5.61    5.94
  39495.854    31.997     6.16    5.84
  39868.622    32.491     1.33    5.08
  40241.461    29.985    -6.72    6.19
  40614.370    27.468    -6.75    5.85
  40987.350    25.058    -6.46    3.32
  41360.399    24.974    -0.23    2.92
  41733.520    25.910     2.51    2.16
  42106.710    26.698     2.11    2.08
  42479.971    27.306     1.63    2.09
  42853.303    27.491     0.49    2.20
  43226.705    28.022     1.42    2.33
  43600.178    27.090    -2.49    2.73
  43973.721    25.497    -4.26    3.48
  44347.336    23.869    -4.36    4.28
  44721.021    21.997    -5.01    3.61
  45094.776    20.813    -3.17    3.78
  45468.603    19.533    -3.42    3.47
  45842.500    18.788    -1.99    3.33
  46216.468    17.528    -3.37    2.72
  46590.507    16.457    -2.86    2.22
  46964.618    15.375    -2.89    1.81
  47338.799    14.514    -2.30    2.02
  47713.051    13.887    -1.68    2.41
  48087.374    14.102     0.57    3.01
  48461.769    14.155     0.14    3.34
  48836.234    14.687     1.42    3.38
  49210.771    14.563    -0.33    3.31
  49585.379    13.043    -4.06    3.24
  49960.058    11.753    -3.44    2.85
  50334.809    10.311    -3.85    1.96
  50709.631     9.551    -2.03    1.53
  51084.525     9.847     0.79    1.74
  51459.490    11.599     4.67    3.57
  51834.526    15.485    10.36    5.84
  52209.634    21.105    14.98    7.64
  52584.813    26.927    15.52    7.98
  52960.065    33.140    16.56    6.87
  53335.387    35.307     5.78    5.48
  53710.782    36.291     2.62    4.50
  54086.248    36.788     1.32    3.91
  54461.786    36.527    -0.69    3.25
  54837.396    37.926     3.73    3.26
  55213.078    39.532     4.27    2.56
  55588.832    38.985    -1.45    3.22
  55964.657    37.660    -3.53    4.22
  56340.555    36.102    -4.15    4.44
  56716.524    35.744    -0.95    4.98
  57092.566    35.744     0.00    4.93
  57468.680    36.660     2.43    4.67
  57844.866    37.056     1.05    4.08
  58221.124    37.555     1.33    3.35
  58597.454    37.474    -0.22    2.94
  58973.857    38.021     1.45    3.46
  59350.332    38.508     1.30    4.11
  59726.879    39.450     2.50    4.39
  60103.499    40.652     3.19    4.02
  60480.191    40.804     0.40    3.99
  60856.956    39.733    -2.84    3.65
  61233.793    38.362    -3.64    3.82
  61610.703    36.567    -4.76    4.48
  61987.685    34.683    -5.00    4.09
  62364.740    34.640    -0.11    4.79
  62741.868    35.602     2.55    5.87
  63119.068    36.854     3.32    5.78
  63496.342    36.440    -1.10    6.29
  63873.688    34.021    -6.41    7.60
  64251.106    29.747   -11.32    6.86
  64628.598    26.441    -8.76    4.65
  65006.163    25.917    -1.39    4.17
  65383.801    27.170     3.32    4.29
  65761.512    27.411     0.64    4.16
  66139.295    28.009     1.58    4.34
  66517.152    30.420     6.38    7.46
  66895.082    33.680     8.62   10.62
  67273.086    37.307     9.60   11.76
  67651.162    39.367     5.45   10.99
  68029.312    37.514    -4.90   11.00
  68407.535    33.628   -10.28   10.29
  68785.832    32.273    -3.58    7.50
  69164.202    29.726    -6.73    6.95
  69542.645    25.928   -10.04    7.14
  69921.162    23.521    -6.36    7.16
  70299.752    22.065    -3.85    6.93
  70678.416    21.660    -1.07    7.77
  71057.154    21.533    -0.34   10.61
  71435.965    22.744     3.20   13.24
  71814.850    27.066    11.41   13.89
  72193.809    30.842     9.97   12.73
  72572.841    32.892     5.41    9.65
  72951.948    34.648     4.63    5.83
  73331.128    32.479    -5.72    6.58
  73710.382    28.767    -9.79    8.41
  74089.710    27.997    -2.03    9.12
  74469.112    27.679    -0.84    9.21
  74848.588    28.168     1.29    8.98
  75228.139    27.112    -2.78    8.14
  75607.763    25.948    -3.07    7.19
  75987.462    27.349     3.69    6.65
  76367.234    27.923     1.51    6.24
  76747.081    29.813     4.98    5.27
  77127.003    30.509     1.83    4.05
  77506.998    30.146    -0.95    4.39
  77887.069    30.264     0.31    4.69
  78267.213    30.031    -0.61    4.60
  78647.432    29.925    -0.28    4.52
  79027.726    30.199     0.72    5.52
  79408.094    31.284     2.85    5.74
  79788.537    33.104     4.78    4.91
  80161.637    32.781    -0.87    5.55
  80527.894    31.695    -2.97    5.46
  80894.220    31.181    -1.40    5.65
  81260.613    30.229    -2.60    5.26
  81627.076    29.140    -2.97    5.62
  81993.607    26.905    -6.10    3.96
  82360.206    26.194    -1.94    3.07
  82726.874    27.319     3.07    3.19
  83093.611    27.692     1.02    3.03
  83460.416    27.974     0.77    2.68
  83827.290    28.338     0.99    2.33
  84194.232    28.326    -0.03    2.13
  84561.244    28.801     1.29    2.51
  84928.324    31.009     6.01    3.45
  85295.473    30.916    -0.25    3.64
  85662.691    30.376    -1.47    4.05
  86029.978    29.892    -1.32    3.75
  86397.334    28.950    -2.56    2.84
  86764.759    29.281     0.90    2.74
  87132.253    29.538     0.70    2.79
  87499.816    29.395    -0.39    3.05
  87867.448    30.119     1.97    4.01
  88235.150    30.872     2.05    4.20
  88602.920    31.424     1.50    4.59
  88970.760    32.916     4.06    4.67
  89338.669    32.747    -0.46    5.09
  89706.647    33.583     2.27    6.53
  90074.695    34.455     2.37    7.16
  90442.812    36.053     4.34    6.34
  90810.999    39.146     8.40    5.86
  91179.255    39.844     1.89    5.53
  91547.580    39.304    -1.47    5.51
  91915.976    39.710     1.10    4.98
  92284.440    39.102    -1.65    4.24
  92652.975    39.020    -0.22    3.63
  93021.579    36.939    -5.65    6.30
  93390.252    33.732    -8.70    7.99
  93758.996    30.238    -9.47    7.40
  94127.809    26.412   -10.38    6.52
  94496.692    25.897    -1.40    6.66
  94865.645    24.838    -2.87    6.90
  95234.668    24.204    -1.72    7.75
  95603.761    26.556     6.37    8.11
  95972.924    28.713     5.84    7.51
  96342.156    31.113     6.50    7.52
  96711.459    32.417     3.53    7.01
  97080.832    31.711    -1.91    6.33
  97450.276    32.236     1.42    5.84
  97819.789    31.804    -1.17    4.18
  98189.372    32.067     0.71    3.25
  98559.026    34.042     5.34    3.01
  98928.750    34.537     1.34    2.74
  99298.545    34.555     0.05    2.90
  99668.410    34.625     0.19    2.33
 100038.345    34.701     0.21    2.71
 100408.351    34.738     0.10    2.65
 100778.427    35.480     2.00    2.95
 101148.574    35.961     1.30    3.19
 101518.791    36.503     1.46    3.35
 101889.079    36.826     0.87    3.50
 102259.438    36.986     0.43    3.10
 102629.867    36.466    -1.40    2.98
 103000.368    36.273    -0.52    2.67
 103370.939    36.814     1.46    2.92
 103741.580    36.928     0.31    2.88
 104112.293    37.056     0.34    3.06
 104483.076    35.986    -2.89    4.41
 104853.931    33.346    -7.12    5.00
 105224.856    29.872    -9.37    4.33
 105595.853    28.195    -4.52    2.83
 105966.921    28.123    -0.19    2.65
 106338.059    28.906     2.11    2.37
 106709.269    29.873     2.61    2.36
 107080.550    31.759     5.08    3.61
 107451.902    34.885     8.42    5.66
 107823.326    37.645     7.43    5.08
 108194.821    39.799     5.80    3.60
 108566.387    40.503     1.89    2.89
 108938.025    39.675    -2.23    2.42
 109309.734    39.636    -0.10    3.11
 109681.514    40.067     1.16    3.54
 110053.366    40.054    -0.03    3.70
 110425.290    38.706    -3.62    5.12
 110797.285    37.724    -2.64    5.40
 111169.352    38.162     1.18    5.72
 111541.491    37.750    -1.11    4.93
 111913.701    37.091    -1.77    4.62
 112285.983    35.916    -3.16    4.33
 112658.337    35.473    -1.19    3.52
 113030.763    35.622     0.40    3.42
 113403.260    34.814    -2.17    3.00
 113775.830    35.895     2.90    3.22
 114148.471    37.116     3.28    2.44
 114521.185    37.700     1.57    2.77
 114893.970    37.473    -0.61    3.34
 115266.828    36.906    -1.52    3.65
 115639.758    36.216    -1.85    4.07
 116012.760    36.656     1.18    3.23
 116385.834    36.533    -0.33    2.81
 116758.981    35.641    -2.39    2.68
 117132.200    34.914    -1.95    3.15
 117505.491    34.719    -0.52    3.00
 117878.854    34.771     0.14    2.93
 118252.290    34.781     0.03    3.31
 118625.799    34.315    -1.25    3.55
 118999.380    33.542    -2.07    3.87
 119373.033    33.592     0.13    3.39
 119746.759    32.474    -2.99    3.12
 120120.558    31.962    -1.37    3.60
 120494.430    30.289    -4.48    4.13
 120868.374    29.467    -2.20    4.55
 121242.391    28.122    -3.60    4.26
 121616.480    27.485    -1.70    3.99
 121990.643    27.395    -0.24    4.16
 122364.879    28.497     2.95    4.03
 122739.187    29.054     1.49    3.57
 123113.568    29.330     0.74    3.22
 123488.023    29.940     1.63    3.35
 123862.550    31.091     3.07    3.37
 124237.151    33.222     5.69    3.07
 124611.825    33.641     1.12    3.18
 124986.572    33.053    -1.57    3.19
 125361.392    32.664    -1.04    3.01
 125736.286    32.247    -1.11    2.91
 126111.252    30.881    -3.64    3.48
 126486.293    29.169    -4.56    3.55
 126861.406    27.675    -3.98    3.09
 127236.593    27.179    -1.32    2.90
 127611.854    28.229     2.80    4.11
 127987.188    30.883     7.07    5.64
 128362.595    32.710     4.87    4.93
 128738.077    35.747     8.09    4.50
 129113.632    36.706     2.55    4.35
 129489.260    37.690     2.62    3.72
 129864.963    37.480    -0.56    3.73
 130240.739    35.383    -5.58    4.39
 130616.589    35.585     0.54    4.42
 130992.513    35.224    -0.96    4.22
 131368.511    35.032    -0.51    3.10
 131744.582    33.486    -4.11    4.11
 132120.728    31.695    -4.76    5.26
 132496.948    30.406    -3.43    5.24
 132873.242    29.115    -3.43    4.65
 133249.610    27.929    -3.15    2.89
 133626.052    26.985    -2.51    2.59
 134002.569    26.795    -0.51    2.71
 134379.159    26.671    -0.33    3.76
 134755.825    27.334     1.76    4.14
 135132.564    28.620     3.42    4.23
 135509.378    31.167     6.76    4.75
 135886.266    31.973     2.14    5.06
 136263.229    31.918    -0.14    4.95
 136640.266    31.816    -0.27    4.83
 137017.378    30.549    -3.36    4.06
 137394.565    28.616    -5.12    3.14
 137771.826    27.608    -2.67    2.89
 138149.162    26.448    -3.07    3.62
 138526.572    24.664    -4.73    3.44
 138904.058    24.664     0.00    3.59
 139281.618    25.451     2.09    3.38
 139659.253    25.539     0.23    2.83
 140036.963    25.165    -0.99    2.64
 140414.748    23.913    -3.32    2.42
 140792.608    25.181     3.36    4.05
 141170.543    28.973    10.04    6.35
 141548.553    31.875     7.68    6.46
 141926.639    33.468     4.22    4.87
 142304.799    32.152    -3.48    4.77
 142683.035    29.687    -6.52    4.32
 143061.346    28.120    -4.14    2.69
 143439.733    27.893    -0.60    2.33
 143818.195    28.682     2.08    2.67
 144196.732    28.468    -0.57    3.61
 144575.344    26.851    -4.27    4.57
 144954.033    25.292    -4.12    4.17
 145332.796    24.705    -1.55    4.24
 145711.636    25.434     1.92    5.29
 146090.551    28.042     6.89    6.04
 146469.541    31.508     9.15    5.90
 146848.608    32.429     2.43    4.92
 147227.750    33.581     3.04    3.90
 147606.968    34.201     1.64    4.85
 147986.262    34.278     0.20    5.18
 148365.631    35.273     2.62    5.26
 148745.077    33.408    -4.91    6.87
 149124.599    29.915    -9.21    7.00
 149504.197    27.671    -5.91    7.04
 149883.871    25.619    -5.41    5.11
 150263.621    23.916    -4.48    3.46
 150643.447    24.214     0.78    3.70
 151023.349    25.697     3.90    4.00
 151403.328    26.878     3.11    4.57
 151783.383    28.327     3.81    5.50
 152163.514    30.220     4.98    5.76
 152543.722    31.697     3.88    5.59
 152924.006    32.710     2.66    5.58
 153304.367    33.520     2.13    5.33
 153684.804    35.031     3.97    5.62
 154065.318    36.750     4.52    5.41
 154445.909    37.859     2.91    4.36
 154823.674    38.406     1.45    3.55
 155189.712    37.480    -2.53    5.00
 155555.819    34.828    -7.24    6.69
 155921.997    32.997    -5.00    7.64
 156288.245    32.810    -0.51    8.63
 156654.563    33.937     3.08    9.01
 157020.951    36.851     7.95    8.54
 157387.409    39.671     7.70    8.95
 157753.938    41.514     5.03    7.99
 158120.537    41.636     0.33    7.52
 158487.206    40.167    -4.01    8.20
 158853.946    38.896    -3.47    7.56
 159220.756    37.451    -3.94    6.42
 159587.637    38.592     3.11    5.98
 159954.589    39.445     2.32    4.96
 160321.610    39.952     1.38    3.96
 160688.703    40.045     0.25    4.02
 161055.866    40.667     1.69    4.07
 161423.100    42.104     3.91    5.42
 161790.405    43.887     4.85    5.81
 162157.780    45.629     4.74    4.21
 162525.226    45.841     0.58    3.21
 162892.743    45.283    -1.52    3.33
 163260.331    44.974    -0.84    3.53
 163627.990    46.372     3.80    4.72
 163995.720    47.599     3.34    4.99
 164363.521    48.730     3.08    4.99
 164731.393    48.549    -0.49    4.35
 165099.336    47.386    -3.16    3.94
 165467.350    46.244    -3.10    4.09
 165835.436    45.875    -1.00    3.72
 166203.592    46.407     1.44    3.88
 166571.820    48.109     4.62    4.65
 166940.120    50.949     7.71    4.47
 167308.490    52.649     4.61    3.67
 167676.932    54.043     3.78    3.32
 168045.446    53.177    -2.35    4.36
 168414.031    50.201    -8.07    6.51
 168782.687    46.570    -9.85    7.37
 169151.415    42.292   -11.60    7.10
 169520.215    37.974   -11.71    5.66
 169889.086    35.615    -6.40    4.45
 170258.029    33.388    -6.04    3.87
 170627.044    32.019    -3.71    3.63
 170996.130    31.173    -2.29    3.01
 171365.288    31.162    -0.03    2.93
 171734.518    31.857     1.88    2.85
 172103.820    33.682     4.94    2.64
 172473.194    34.463     2.11    2.57
 172842.640    35.542     2.92    2.27
