-243156.464   169.710     0.00    9.62
-242778.798   172.646     7.77    8.83
-242401.071   173.646     2.65    9.14
-242023.283   173.695     0.13    9.67
-241645.434   171.576    -5.61   10.83
-241267.523   165.660   -15.65   16.26
-240889.552   156.876   -23.24   16.43
-240511.519   152.235   -12.27   11.91
-240133.425   155.276     8.04   13.32
-239755.271   164.984    25.67   13.58
-239377.054   172.699    20.40   11.73
-238998.777   180.903    21.68   13.30
-238620.438   188.180    19.23   14.74
-238242.038   195.259    18.70   14.77
-237863.577   202.463    19.03   12.52
-237485.054   208.873    16.93   11.01
-237106.470   215.076    16.38   10.84
-236727.825   220.527    14.39   11.13
-236349.118   224.386    10.19   11.01
-235970.349   228.230    10.15   12.94
-235591.519   232.484    11.23   16.46
-235212.628   236.254     9.95   17.62
-234833.674   234.513    -4.59   17.98
-234454.660   228.713   -15.30   22.26
-234075.583   222.698   -15.87   27.97
-233696.445   213.276   -24.85   32.23
-233317.245   205.113   -21.52   32.08
-232937.984   201.008   -10.82   27.01
-232558.661   198.686    -6.12   20.84
-232179.275   204.673    15.78   19.97
-231799.829   214.824    26.75   18.33
-231431.048   225.632    29.30   16.00
-231063.452   231.879    16.99   12.02
-230695.798   231.372    -1.38   14.98
-230328.086   222.728   -23.50   23.07
-229960.317   209.112   -37.02   22.89
-229592.490   204.166   -13.44   23.06
-229224.606   202.957    -3.29   27.85
-228856.663   210.499    20.50   33.22
-228488.663   223.043    34.08   36.83
-228120.605   232.919    26.83   30.16
-227752.489   230.824    -5.69   26.49
-227384.316   210.697   -54.66   42.74
-227016.084   175.454   -95.69   57.82
-226647.794   142.295   -90.02   50.47
-226279.447   138.194   -11.13   46.62
-225911.041   161.531    63.33   52.98
-225542.578   188.728    73.80   42.07
-225174.056   202.225    36.62   26.82
-224805.477   208.132    16.02   25.31
-224436.839   206.899    -3.34   24.26
-224068.143   204.181    -7.37   20.84
-223699.389   194.092   -27.36   22.55
-223330.577   189.449   -12.59   19.66
-222961.707   193.286    10.40   20.20
-222592.778   199.223    16.09   22.66
-222223.792   211.993    34.60   18.73
-221854.746   221.378    25.43   15.43
-221485.643   224.699     9.00   13.54
-221116.481   224.257    -1.20   13.20
-220747.261   228.086    10.37   13.27
-220377.982   230.493     6.52   12.90
-220008.645   231.593     2.98   11.97
-219639.250   230.194    -3.79   12.48
-219269.796   221.736   -22.89   16.79
-218900.283   210.443   -30.55   19.52
-218530.712   205.197   -14.19   16.09
-218161.083   207.413     5.99   17.85
-217791.395   214.646    19.56   18.86
-217421.648   219.783    13.89   15.46
-217051.842   213.353   -17.39   20.19
-216681.978   199.550   -37.31   24.20
-216312.055   188.313   -30.37   22.28
-215942.073   172.729   -42.11   20.86
-215572.033   168.822   -10.56   22.16
-215201.934   166.906    -5.17   25.30
-214831.776   167.523     1.67   28.79
-214461.559   174.550    18.98   28.38
-214091.283   181.459    18.66   28.91
-213720.948   194.349    34.80   29.98
-213350.555   201.893    20.36   30.25
-212980.102   211.606    26.22   29.15
-212609.590   218.274    17.99   25.15
-212239.020   227.308    24.37   20.93
-211868.390   235.724    22.70   21.44
-211497.701   244.551    23.81   18.33
-211126.953   252.646    21.83   16.92
-210756.146   255.619     8.02   13.55
-210385.280   251.001   -12.45   15.14
-210014.354   243.580   -20.00   16.00
-209643.370   231.896   -31.49   15.44
-209272.326   219.033   -34.66   23.18
-208901.222   207.804   -30.25   25.57
-208530.060   198.567   -24.88   26.28
-208158.838   187.486   -29.84   32.73
-207787.557   172.713   -39.78   35.68
-207416.216   165.672   -18.96   33.77
-207044.816   163.449    -5.99   31.25
-206673.356   162.526    -2.48   32.00
-206301.837   165.725     8.61   32.19
-205930.258   152.753   -34.91   41.86
-205558.620   129.712   -61.99   46.13
-205186.922   114.470   -41.00   46.76
-204815.165   113.347    -3.02   48.61
-204443.348   116.227     7.74   45.93
-204071.471   127.282    29.72   47.34
-203699.535   135.781    22.85   50.27
-203327.539   145.529    26.20   48.04
-202955.483   151.592    16.29   42.10
-202583.367   172.206    55.39   39.50
-202211.192   193.076    56.07   38.83
-201838.956   214.419    57.33   32.29
-201466.661   228.246    37.13   22.61
-201094.306   232.673    11.89   22.61
-200721.891   225.760   -18.56   29.45
-200349.416   211.291   -38.84   33.04
-199976.881   200.632   -28.61   31.78
-199604.286   196.212   -11.86   28.64
-199231.631   190.505   -15.31   26.06
-198858.916   195.672    13.86   22.61
-198486.141   201.523    15.69   25.07
-198113.305   209.950    22.60   28.99
-197740.410   221.975    32.24   29.29
-197367.454   231.697    26.06   27.16
-196994.438   240.153    22.66   22.10
-196621.362   245.945    15.52   16.72
-196248.225   247.419     3.95   13.23
-195875.028   249.751     6.25    9.27
-195501.771   251.126     3.68    7.02
-195128.453   252.326     3.21    5.65
-194755.075   253.526     3.21    5.80
-194381.637   254.804     3.42    6.72
-194008.138   256.580     4.76    7.74
-193634.579   256.926     0.93    9.15
-193260.959   254.067    -7.65   12.29
-192887.278   250.277   -10.14   13.24
-192513.537   244.851   -14.52   12.14
-192139.736   240.386   -11.94    8.35
-191765.873   240.672     0.76    8.86
-191391.950   245.740    13.55   12.91
-191017.967   256.087    27.66   19.19
-190643.922   266.477    27.77   20.68
-190269.817   270.593    11.00   21.85
-189895.651   273.646     8.16   22.82
-189521.424   271.699    -5.20   18.55
-189147.136   267.146   -12.16   15.80
-188772.788   262.993   -11.09   13.90
-188398.378   263.660     1.78   13.64
-188023.908   268.433    12.74   14.76
-187649.376   276.113    20.50   14.92
-187274.784   281.464    14.28   16.98
-186900.131   284.238     7.40   20.67
-186525.416   286.001     4.70   19.78
-186150.640   287.822     4.86   16.60
-185775.804   290.592     7.39   14.41
-185400.906   290.830     0.64   14.47
-185025.947   284.966   -15.64   20.51
-184650.926   271.838   -35.00   25.86
-184275.845   264.193   -20.38   23.85
-183900.702   271.806    20.29   34.70
-183525.498   293.386    57.51   40.72
-183150.232   322.539    77.68   28.41
-182774.905   335.989    35.83   17.92
-182399.517   336.396     1.08   21.80
-182024.067   326.590   -26.11   28.91
-181648.556   313.553   -34.71   28.37
-181272.983   303.430   -26.95   24.13
-180897.349   296.133   -19.42   20.49
-180521.653   292.565    -9.50   18.33
-180145.896   297.672    13.59   21.77
-179770.077   305.632    21.18   25.61
-179394.196   315.317    25.76   23.83
-179018.254   325.488    27.05   23.30
-178642.250   326.264     2.06   30.13
-178266.184   326.185    -0.21   31.73
-177890.057   328.033     4.91   31.59
-177513.867   329.317     3.41   25.85
-177137.616   334.565    13.95   23.04
-176761.303   341.501    18.43   21.49
-176384.928   343.577     5.52   21.89
-176008.491   340.804    -7.37   23.90
-175631.993   330.563   -27.20   27.38
-175255.432   314.089   -43.74   36.33
-174878.809   293.686   -54.16   45.03
-174502.124   271.709   -58.34   47.71
-174125.377   251.554   -53.49   37.99
-173748.568   247.958    -9.54   34.71
-173371.697   245.366    -6.88   35.34
-172994.764   227.880   -46.38   46.73
-172617.768   198.804   -77.11   57.85
-172240.710   159.993  -102.92   53.74
-171863.590   119.714  -106.79   41.61
-171486.408   100.073   -52.07   27.12
-171109.163   106.539    17.14   38.04
-170731.856   127.729    56.15   48.01
-170354.486   156.712    76.79   42.38
-169977.054   168.938    32.39   36.11
-169599.560   165.583    -8.88   34.42
-169222.003   158.227   -19.48   29.43
-168844.384   159.043     2.16   28.76
-168466.702   172.014    34.34   31.54
-168088.957   190.789    49.69   30.33
-167711.150   212.856    58.40   24.17
-167333.280   225.659    33.88   19.97
-166955.348   237.290    30.77   13.88
-166577.353   239.806     6.66   16.35
-166199.295   237.659    -5.68   22.05
-165821.174   229.345   -21.99   36.04
-165442.991   218.935   -27.52   34.98
-165064.744   215.118   -10.09   29.52
-164686.435   229.405    37.76   32.47
-164308.063   249.903    54.16   33.86
-163929.628   272.950    60.89   29.49
-163551.130   287.833    39.32   17.78
-163172.569   293.087    13.88   10.70
-162793.945   292.451    -1.68    8.91
-162415.258   287.975   -11.82   10.49
-162036.508   283.754   -11.14   10.53
-161657.694   281.740    -5.31   10.10
-161278.818   280.041    -4.49    9.09
-160899.878   277.632    -6.35    9.40
-160520.875   270.949   -17.63   14.15
-160141.809   261.742   -24.28   16.32
-159762.680   256.570   -13.64   17.61
-159383.487   252.011   -12.02   18.52
-159004.231   249.971    -5.38   18.78
-158624.912   244.606   -14.14   17.49
-158245.529   239.080   -14.56   17.50
-157866.083   238.501    -1.53   19.18
-157486.573   235.153    -8.82   20.52
-157107.000   231.659    -9.20   20.04
-156735.348   223.970   -20.69   17.49
-156367.934   207.014   -46.14   21.75
-156000.461   192.686   -38.99   25.58
-155632.928   186.223   -17.58   22.14
-155265.336   189.227     8.17   25.04
-154897.686   199.608    28.23   24.95
-154529.976   209.227    26.16   18.71
-154162.206   216.747    20.45   19.15
-153794.378   223.446    18.21   18.23
-153426.490   223.274    -0.47   17.83
-153058.543   220.313    -8.05   16.96
-152690.537   215.606   -12.79   16.31
-152322.471   215.379    -0.62   19.91
-151954.346   218.843     9.41   23.95
-151586.162   222.152     8.99   26.50
-151217.918   220.256    -5.15   26.41
-150849.614   216.225   -10.94   25.06
-150481.252   213.580    -7.18   25.79
-150112.829   214.993     3.83   27.39
-149744.347   218.593     9.77   25.78
-149375.806   217.459    -3.08   22.27
-149007.204   208.932   -23.13   19.71
-148638.544   199.582   -25.36   18.28
-148269.823   189.321   -27.82   15.23
-147901.043   185.274   -10.97   13.50
-147532.203   185.023    -0.68   15.05
-147163.303   179.243   -15.66   24.44
-146794.344   171.748   -20.31   29.30
-146425.325   165.126   -17.94   27.22
-146056.245   164.913    -0.58   26.79
-145687.106   174.146    25.01   29.58
-145317.907   190.953    45.52   25.56
-144948.649   201.139    27.58   16.97
-144579.330   201.867     1.97   18.99
-144209.951   194.308   -20.46   24.45
-143840.512   181.490   -34.69   29.37
-143471.013   173.412   -21.86   29.65
-143101.454   164.555   -23.96   27.51
-142731.835   157.133   -20.08   26.04
-142362.155   151.909   -14.13   24.96
-141992.416   150.919    -2.68   25.51
-141622.616   152.739     4.92   25.50
-141252.756   161.880    24.71   24.57
-140882.836   177.273    41.61   20.83
-140512.856   190.620    36.07   17.97
-140142.815   203.607    35.09   15.17
-139772.714   209.893    16.98   14.72
-139402.552   216.300    17.31   16.58
-139032.330   222.555    16.89   19.13
-138662.048   227.516    13.40   23.28
-138291.705   236.256    23.60   27.46
-137921.301   243.699    20.09   25.83
-137550.837   247.949    11.47   20.54
-137180.313   257.962    27.02   20.01
-136809.728   268.713    29.01   18.53
-136439.082   275.446    18.16   13.12
-136068.375   276.841     3.76    9.98
-135697.608   269.428   -19.99   13.38
-135326.781   261.269   -22.00   13.11
-134955.892   253.659   -20.52   12.47
-134584.943   248.269   -14.53   11.94
-134213.932   243.958   -11.62   13.05
-133842.861   242.527    -3.85   14.19
-133471.730   240.620    -5.14   15.31
-133100.537   240.193    -1.15   14.69
-132729.283   233.518   -17.98   16.41
-132357.968   224.567   -24.10   16.00
-131986.593   213.633   -29.44   14.35
-131615.156   207.100   -17.59   15.85
-131243.658   203.830    -8.80   15.69
-130872.099   202.804    -2.76   15.91
-130500.480   204.185     3.72   14.26
-130128.798   208.366    11.25   14.41
-129757.056   209.607     3.34   14.92
-129385.253   208.806    -2.16   16.10
-129013.388   200.871   -21.34   20.55
-128641.462   191.835   -24.29   20.21
-128269.475   182.287   -25.67   18.75
-127897.426   170.470   -31.76   20.18
-127525.316   161.699   -23.57   19.40
-127153.145   160.783    -2.46   19.47
-126780.912   172.791    32.26   23.73
-126408.618   187.051    38.30   16.79
-126036.262   186.971    -0.22   15.03
-125663.845   167.153   -53.21   39.84
-125291.366   139.709   -73.67   45.40
-124918.826   112.854   -72.08   35.06
-124546.224    96.371   -44.23   24.37
-124173.560   100.362    10.71   24.30
-123800.835   117.291    45.41   32.38
-123428.048   139.427    59.37   32.58
-123055.199   158.023    49.87   22.79
-122682.289   164.146    16.42   19.55
-122309.317   163.264    -2.36   24.52
-121936.283   154.470   -23.57   28.99
-121563.187   146.228   -22.09   25.28
-121190.029   139.065   -19.19   19.21
-120816.809   136.114    -7.90   14.52
-120443.528   141.299    13.89   16.47
-120070.184   148.492    19.26   16.33
-119696.778   158.018    25.51   17.24
-119323.311   164.518    17.40   17.91
-118949.781   173.223    23.30   20.45
-118576.189   179.851    17.74   20.67
-118202.535   187.556    20.62   19.17
-117828.819   193.166    15.01   16.38
-117455.040   199.503    16.95   12.13
-117081.200   201.459     5.23   11.43
-116707.297   201.966     1.36   11.96
-116333.332   201.475    -1.31   11.86
-115959.304   201.488     0.04   10.80
-115585.214   202.856     3.66   10.41
-115211.062   204.988     5.70   10.16
-114836.847   204.966    -0.06   10.80
-114462.570   203.113    -4.95   11.87
-114088.231   199.619    -9.34   14.05
-113713.829   196.521    -8.27   13.42
-113339.364   195.368    -3.08   10.29
-112964.837   192.746    -7.00    7.81
-112590.247   190.511    -5.97    6.71
-112215.594   187.975    -6.77    5.96
-111840.879   185.457    -6.72    6.19
-111466.101   184.048    -3.76    6.75
-111091.261   183.633    -1.11    6.46
-110716.357   184.236     1.61    9.48
-110341.391   182.830    -3.75   11.29
-109966.362   181.443    -3.70   12.22
-109591.270   178.459    -7.96   14.92
-109216.115   175.048    -9.09   14.68
-108840.898   164.210   -28.88   18.94
-108465.617   156.165   -21.44   19.59
-108090.273   155.279    -2.36   21.70
-107714.867   158.036     7.34   24.05
-107339.397   169.813    31.36   20.49
-106963.864   176.739    18.44   13.02
-106588.268   174.196    -6.77   13.52
-106212.609   168.416   -15.38   12.53
-105836.887   165.933    -6.61    9.12
-105461.101   168.051     5.64    9.13
-105085.253   170.317     6.03    9.46
-104709.341   173.215     7.71    9.61
-104333.365   174.386     3.11   10.33
-103957.327   169.713   -12.42    9.71
-103581.224   164.466   -13.95    9.22
-103205.059   160.433   -10.72    8.69
-102828.830   158.253    -5.79    7.23
-102452.538   154.356   -10.36    8.78
-102076.182   148.789   -14.79   14.54
-101699.762   134.454   -38.08   24.87
-101323.279   118.735   -41.75   24.42
-100946.733   114.874   -10.25   21.89
-100570.122   120.945    16.12   27.70
-100193.448   136.492    41.27   28.07
 -99816.711   150.930    38.32   18.72
 -99439.909   158.408    19.85   11.84
 -99063.044   160.326     5.09    9.47
 -98686.115   160.046    -0.74    8.72
 -98309.122   160.308     0.70   10.11
 -97932.066   160.777     1.24   11.39
 -97554.945   166.291    14.62   14.94
 -97177.761   174.036    20.53   17.34
 -96800.512   183.922    26.21   17.56
 -96423.200   190.646    17.82   13.23
 -96045.823   193.233     6.85    8.58
 -95668.383   192.370    -2.29    8.10
 -95290.878   191.036    -3.53    6.64
 -94913.309   187.464    -9.46    6.89
 -94535.676   182.178   -14.00   12.47
 -94157.979   174.659   -19.91   14.89
 -93780.218   168.697   -15.78   11.38
 -93402.392   166.159    -6.72   10.79
 -93024.502   165.433    -1.92   13.74
 -92646.548   164.340    -2.89   14.88
 -92268.529   164.846     1.34   16.32
 -91890.446   165.606     2.01   17.75
 -91512.299   166.697     2.89   18.89
 -91134.087   165.646    -2.78   18.73
 -90755.810   159.621   -15.93   18.19
 -90377.469   154.152   -14.45   15.99
 -89999.064   148.800   -14.14   13.25
 -89620.594   133.386   -40.72   27.64
 -89242.059   113.422   -52.74   38.33
 -88863.460    97.183   -42.89   33.90
 -88484.795    90.086   -18.74   25.77
 -88106.067    93.505     9.03   24.65
 -87727.273   107.591    37.18   23.25
 -87348.415   118.100    27.74   16.23
 -86969.491   117.416    -1.81   15.92
 -86590.503   109.531   -20.81   17.05
 -86211.450   108.006    -4.02   19.78
 -85832.332   119.975    31.57   29.85
 -85453.150   138.185    48.02   33.10
 -85073.902   157.750    51.58   23.23
 -84694.589   173.555    41.66   16.55
 -84315.211   182.120    22.58   15.38
 -83935.768   191.428    24.53   12.59
 -83556.260   195.970    11.97    9.38
 -83176.686   198.096     5.60    9.54
 -82797.048   198.742     1.70   10.35
 -82417.344   200.908     5.71   11.38
 -82042.556   203.099     5.85   12.75
 -81675.329   203.954     2.33   14.09
 -81308.041   204.495     1.47   15.85
 -80940.692   202.100    -6.52   14.63
 -80573.283   197.892   -11.45   14.83
 -80205.813   191.896   -16.32   15.65
 -79838.282   188.362    -9.61   17.42
 -79470.691   187.946    -1.13   17.21
 -79103.039   190.934     8.13   15.64
 -78735.326   193.558     7.14   10.81
 -78367.553   192.180    -3.75    8.94
 -77999.718   185.984   -16.85   10.48
 -77631.823   179.922   -16.47    9.53
 -77263.867   176.776    -8.55    7.91
 -76895.850   176.499    -0.75    8.44
 -76527.773   177.471     2.64    8.06
 -76159.634   176.873    -1.63    8.66
 -75791.434   168.595   -22.48   16.68
 -75423.173   154.501   -38.27   21.84
 -75054.851   137.800   -45.34   20.53
 -74686.468   123.492   -38.84   14.59
 -74318.024   110.685   -34.76   11.66
 -73949.519   101.541   -24.81   13.13
 -73580.953    92.798   -23.72   12.44
 -73212.325    86.225   -17.83    8.54
 -72843.636    81.338   -13.25    4.92
 -72474.886    80.010    -3.60    4.49
 -72106.075    80.924     2.48    7.05
 -71737.202    85.621    12.73    9.80
 -71368.268    94.466    23.98   12.43
 -70999.272   102.582    21.99   13.44
 -70630.215   113.966    30.85   15.36
 -70261.097   124.317    28.04   13.93
 -69891.917   133.854    25.83   11.40
 -69522.676   136.633     7.53   11.57
 -69153.373   135.371    -3.42   14.41
 -68784.008   132.051    -8.99   16.24
 -68414.582   128.108   -10.67   14.08
 -68045.094   127.568    -1.46   10.80
 -67675.545   133.217    15.29   13.24
 -67305.934   142.236    24.40   17.16
 -66936.261   154.490    33.15   16.08
 -66566.526   155.464     2.63   16.58
 -66196.730   144.924   -28.50   22.67
 -65826.872   131.140   -37.27   21.71
 -65456.952   115.825   -41.40   16.73
 -65086.970   106.438   -25.37   11.23
 -64716.926   100.152   -16.99    9.07
 -64346.820   100.258     0.29    9.74
 -63976.652   109.383    24.65   17.49
 -63606.422   118.698    25.16   20.90
 -63236.130   128.241    25.77   19.01
 -62865.776   134.899    17.98   16.32
 -62495.360   137.889     8.07   13.46
 -62124.881   136.367    -4.11   14.09
 -61754.341   134.269    -5.66   16.20
 -61383.738   131.096    -8.56   16.92
 -61013.073   126.383   -12.71   16.84
 -60642.346   124.776    -4.33   16.05
 -60271.557   127.787     8.12   14.04
 -59900.705   131.496    10.00   12.57
 -59529.791   134.992     9.43    9.36
 -59158.814   137.380     6.44    8.42
 -58787.775   138.139     2.05   10.56
 -58416.674   137.190    -2.56   11.62
 -58045.510   132.997   -11.30   10.05
 -57674.283   131.204    -4.83    7.77
 -57302.994   132.583     3.71    6.63
 -56931.642   135.721     8.45    7.33
 -56560.228   135.505    -0.58    7.47
 -56188.751   132.800    -7.28    8.16
 -55817.212   126.646   -16.56   10.01
 -55445.609   119.954   -18.01    9.59
 -55073.944   114.659   -14.25    7.52
 -54702.216   113.671    -2.66    7.19
 -54330.426   112.696    -2.62    7.87
 -53958.572   113.071     1.01    7.29
 -53586.656   113.005    -0.18    6.54
 -53214.676   112.269    -1.98    6.76
 -52842.634   108.763    -9.42   10.19
 -52470.529   102.789   -16.05   12.73
 -52098.361   102.043    -2.00   14.98
 -51726.129   104.983     7.90   17.74
 -51353.835   111.296    16.95   17.47
 -50981.478   111.800     1.35   17.30
 -50609.057    98.405   -35.96   23.51
 -50236.573    81.646   -44.99   26.38
 -49864.026    61.874   -53.07   23.43
 -49491.416    49.851   -32.26   16.57
 -49118.743    43.633   -16.68   10.88
 -48746.006    42.000    -4.38    7.43
 -48373.206    39.735    -6.08    8.66
 -48000.343    33.777   -15.98   13.62
 -47627.416    23.258   -28.21   16.66
 -47254.425    13.514   -26.12   12.59
 -46881.372     7.013   -17.43    6.09
 -46508.254     5.217    -4.81    0.91
 -46135.074     5.373     0.42    0.97
 -45761.829     5.579     0.55    1.00
 -45388.522     5.806     0.61    0.99
 -45015.150     5.943     0.37    0.96
 -44641.715     7.896     5.23    5.90
 -44268.216    15.024    19.08   14.62
 -43894.653    27.955    34.61   21.26
 -43521.027    45.246    46.28   20.24
 -43147.337    65.139    53.23   19.48
 -42773.583    85.970    55.73   25.50
 -42399.765   110.458    65.51   28.85
 -42025.883   130.159    52.69   20.76
 -41651.938   141.708    30.88   13.66
 -41277.928   151.299    25.64   13.17
 -40903.854   156.051    12.70   12.85
 -40529.717   160.760    12.59    9.15
 -40155.515   163.443     7.17    8.22
 -39781.249   163.133    -0.83    8.56
 -39406.920   163.958     2.21    9.21
 -39032.526   162.074    -5.03    9.85
 -38658.067   158.711    -8.98    9.16
 -38283.545   157.021    -4.51    7.22
 -37908.958   155.921    -2.94    5.98
 -37534.307   152.595    -8.88    8.67
 -37159.592   146.377   -16.60   11.59
 -36784.812   138.246   -21.69   13.65
 -36409.968   130.542   -20.55   15.60
 -36035.060   117.899   -33.72   19.39
 -35660.087   107.709   -27.17   23.52
 -35285.050    98.196   -25.37   21.29
 -34909.948    91.282   -18.43   15.55
 -34534.781    88.258    -8.06   13.26
 -34159.550    89.870     4.29   12.03
 -33784.255    90.896     2.73   10.99
 -33408.894    90.457    -1.17   12.24
 -33033.469    91.984     4.07   12.70
 -32657.979    94.120     5.69   14.92
 -32282.425    99.609    14.62   16.88
 -31906.806   108.646    24.06   15.65
 -31531.122   115.146    17.30   13.55
 -31155.373   117.606     6.55   10.30
 -30779.559   116.571    -2.76    8.32
 -30403.680   116.785     0.57    6.78
 -30027.736   119.671     7.68    9.02
 -29651.727   125.697    16.03   10.64
 -29275.654   130.800    13.57   10.30
 -28899.515   134.093     8.76   11.28
 -28523.311   132.785    -3.48   14.07
 -28147.042   128.196   -12.20   15.98
 -27770.708   122.046   -16.34   15.40
 -27394.308   116.646   -14.35   11.48
 -27017.844   113.724    -7.76    8.90
 -26641.314   112.783    -2.50    8.58
 -26264.719   112.659    -0.33    7.57
 -25888.058   113.127     1.24    7.26
 -25511.332   116.343     8.54    8.37
 -25134.541   119.334     7.94    9.85
 -24757.684   123.988    12.35   10.39
 -24380.762   128.461    11.87    9.36
 -24003.774   131.712     8.62    6.90
 -23626.721   133.496     4.73    4.92
 -23249.602   135.449     5.18    3.83
 -22872.417   137.507     5.46    4.25
 -22495.167   140.708     8.49    4.81
 -22117.852   143.304     6.88    4.37
 -21740.470   144.874     4.16    3.08
 -21363.023   143.593    -3.39    4.56
 -20985.510   136.469   -18.87   11.92
 -20607.931   124.659   -31.28   19.30
 -20230.286   106.746   -47.43   25.93
 -19852.576    90.836   -42.12   24.02
 -19474.799    84.634   -16.42   20.52
 -19096.957    89.673    13.34   25.21
 -18719.049   104.263    38.61   28.68
 -18341.074   112.578    22.00   24.92
 -17963.034   106.283   -16.65   26.39
 -17584.927    98.750   -19.92   26.05
 -17206.754    95.033    -9.83   19.34
 -16828.515    93.377    -4.38   16.80
 -16450.210    93.183    -0.51   15.91
 -16071.839    84.274   -23.55   19.60
 -15693.401    72.083   -32.21   19.79
 -15314.897    60.658   -30.18   16.46
 -14936.327    53.696   -18.39   10.21
 -14557.691    50.481    -8.49    3.68
 -14178.988    51.126     1.70    4.06
 -13800.218    50.183    -2.49    4.77
 -13421.382    48.389    -4.74    6.55
 -13042.480    48.819     1.13    8.90
 -12663.511    49.685     2.29   10.06
 -12284.475    50.411     1.92    8.34
 -11905.373    51.909     3.95    6.05
 -11526.204    52.258     0.92    5.11
 -11146.969    53.114     2.26    5.05
 -10767.666    52.758    -0.94    5.69
 -10388.297    53.745     2.60    6.23
 -10008.861    55.519     4.68    6.60
  -9629.359    55.545     0.07    6.28
  -9249.789    55.880     0.88    4.43
  -8870.153    54.996    -2.33    3.17
  -8490.449    54.686    -0.81    2.96
  -8110.679    56.421     4.57    4.44
  -7730.842    58.041     4.26    5.41
  -7352.644    51.426   -17.49   14.42
  -6985.610    43.686   -21.09   18.61
  -6618.513    37.276   -17.46   15.68
  -6251.355    31.822   -14.85    8.44
  -5884.134    33.362     4.19    7.89
  -5516.852    37.199    10.45    4.11
  -5149.507    39.930     7.44    4.66
  -4782.100    41.593     4.53    4.59
  -4414.631    41.958     1.00    4.77
  -4047.099    41.014    -2.57    5.47
  -3679.505    38.683    -6.34    4.43
  -3311.849    37.481    -3.27    3.01
  -2944.131    39.496     5.48    4.43
  -2576.350    41.279     4.85    4.48
  -2208.506    35.571   -15.52   16.49
  -1840.601    27.389   -22.24   21.37
  -1472.632    16.226   -30.34   21.26
  -1104.602     6.930   -25.26   16.44
   -736.508    -0.579   -20.40    3.79
   -368.352    -0.810    -0.63    3.87
     -0.134     4.204    13.62   14.00
    368.147     9.402    14.11   18.56
    736.491    16.760    19.97   22.88
   1104.898    26.029    25.16   28.71
   1473.367    38.658    34.28   34.24
   1841.899    46.443    21.12   36.66
   2210.494    57.236    29.28   35.33
   2579.152    62.358    13.90   31.12
   2947.872    64.466     5.72   25.86
   3316.656    65.783     3.57   20.94
   3685.502    64.140    -4.46   18.95
   4054.412    59.967   -11.31   18.78
   4423.384    60.854     2.40   18.70
   4792.420    66.733    15.93   22.51
   5161.518    73.516    18.38   22.99
   5530.680    81.558    21.79   17.99
   5899.905    88.191    17.96   11.22
   6269.193    90.841     7.18   11.99
   6638.544    97.313    17.52   12.78
   7007.958   106.720    25.47   12.67
   7377.436   111.966    14.20   11.22
   7746.977   112.958     2.69   15.56
   8116.581   107.620   -14.44   26.44
   8486.249   103.880   -10.11   26.50
   8855.980   102.870    -2.73   23.29
   9225.774   103.967     2.97   18.30
   9595.632   110.014    16.35   16.49
   9965.554   113.708     9.99   16.59
  10335.539   120.725    18.96   17.15
  10705.587   128.073    19.86   15.94
  11075.699   134.966    18.62   14.60
  11445.875   140.572    15.14   11.77
  11816.114   143.949     9.12   13.84
  12186.418   145.196     3.37   14.63
  12556.784   145.518     0.87   13.76
  12927.215   144.658    -2.32   11.01
  13297.709   144.036    -1.68    6.08
  13668.267   143.971    -0.17    3.38
  14038.890   144.082     0.30    2.72
  14409.575   144.177     0.26    2.98
  14780.325   144.165    -0.03    2.97
  15151.139   142.933    -3.32    3.57
  15522.017   141.399    -4.14    3.74
  15892.959   139.683    -4.63    2.90
  16263.965   136.941    -7.39    4.65
  16635.035   132.127   -12.97    8.22
  17006.169   126.899   -14.09    8.20
  17377.367   121.783   -13.78    6.71
  17748.630   117.412   -11.77    7.02
  18119.956   114.572    -7.65    8.13
  18491.347   111.005    -9.60    8.35
  18862.803   107.893    -8.38    7.07
  19234.322   105.282    -7.03    6.58
  19605.906    97.808   -20.11   14.13
  19977.555    86.646   -30.04   20.70
  20349.267    73.597   -35.11   21.00
  20721.045    66.210   -19.87   16.35
  21092.886    68.374     5.82   18.46
  21464.793    71.317     7.91   19.76
  21836.763    73.783     6.63   18.15
  22208.799    73.464    -0.86   16.49
  22580.899    70.902    -6.89   15.46
  22953.064    66.425   -12.03   15.80
  23325.293    62.914    -9.43   14.49
  23697.587    60.356    -6.87   15.69
  24069.946    59.721    -1.71   17.70
  24442.370    62.565     7.64   16.93
  24814.858    67.461    13.14   17.15
  25187.412    75.777    22.32   19.39
  25560.030    87.510    31.49   17.66
  25932.713    94.806    19.58   11.13
  26305.461    93.201    -4.30   15.28
  26678.275    82.251   -29.37   22.54
  27051.153    71.758   -28.14   23.87
  27424.096    59.685   -32.37   23.44
  27797.105    54.164   -14.80   16.43
  28170.178    55.870     4.57   15.52
  28543.317    64.535    23.22   18.02
  28916.521    77.067    33.58   16.34
  29289.790    90.325    35.52   16.72
  29663.125   100.225    26.52   15.13
  30036.525   107.806    20.30   10.62
  30409.990   111.726    10.50    9.21
  30783.520   112.719     2.66    8.53
  31157.116   112.646    -0.20    6.63
  31530.778   114.066     3.80    5.43
  31904.505   113.402    -1.77    7.31
  32278.297   110.533    -7.68    8.94
  32652.155   107.479    -8.17    9.82
  33026.079   104.066    -9.13   10.24
  33400.068   100.380    -9.86    9.81
  33774.123    97.058    -8.88    7.95
  34148.243    94.433    -7.02    5.16
  34522.430    93.546    -2.37    3.14
  34896.682    92.883    -1.77    4.35
  35271.000    91.288    -4.26    5.37
  35645.383    88.522    -7.39    6.44
  36019.833    86.371    -5.75    7.87
  36394.348    84.543    -4.88    7.78
  36768.930    81.498    -8.13    7.58
  37143.577    76.024   -14.61   11.67
  37518.290    67.152   -23.68   14.73
  37893.070    57.029   -27.01   12.74
  38267.915    49.418   -20.30    7.83
  38642.827    46.846    -6.86    4.92
  39017.805    50.342     9.32    9.36
  39392.849    55.170    12.87   10.72
  39767.959    60.532    14.29   11.08
  40143.135    66.238    15.21   11.01
  40518.378    71.971    15.28   10.10
  40893.687    78.743    18.05    8.84
  41269.062    83.531    12.75    5.82
  41644.504    86.955     9.12    5.11
  42020.012    88.713     4.68    6.12
  42395.587    93.122    11.74    7.14
  42771.228    98.065    13.16    5.99
  43146.936    99.757     4.50    4.57
  43522.710   100.212     1.21    4.32
  43898.551    98.524    -4.49    4.08
  44274.459    95.958    -6.83    3.83
  44650.433    94.396    -4.15    4.51
  45026.474    93.519    -2.33    4.57
  45402.582    94.902     3.68    5.87
  45778.756    98.133     8.59    8.30
  46154.998   102.251    10.94    7.91
  46531.306   105.210     7.86    5.33
  46907.681   104.448    -2.02    4.99
  47284.123   102.313    -5.67    4.56
  47660.632    98.177   -10.99    4.26
  48037.208    94.596    -9.51    4.95
  48413.851    91.710    -7.66    6.12
  48790.561    87.683   -10.69    6.08
  49167.338    83.291   -11.66    6.49
  49544.182    77.863   -14.41    7.11
  49921.094    73.902   -10.51    6.23
  50298.072    71.508    -6.35    6.65
  50675.118    70.246    -3.35    6.99
  51052.232    68.424    -4.83    6.27
  51429.412    66.737    -4.47    4.20
  51806.660    66.109    -1.66    2.78
  52183.976    65.425    -1.81    2.54
  52561.358    63.214    -5.86    4.78
  52938.809    60.899    -6.13    5.40
  53316.326    60.987     0.23    6.29
  53693.912    62.362     3.64    7.30
  54071.564    65.033     7.07    6.50
  54449.285    67.494     6.51    4.52
  54827.073    69.085     4.21    4.53
  55204.929    71.843     7.30    3.90
  55582.852    73.955     5.59    4.04
  55960.844    74.721     2.03    3.43
  56338.903    74.479    -0.64    2.96
  56717.030    72.522    -5.18    3.77
  57095.225    70.282    -5.92    4.59
  57473.487    69.152    -2.99    4.18
  57851.818    68.646    -1.34    3.21
  58230.217    69.243     1.58    3.09
  58608.683    69.238    -0.01    3.49
  58987.218    66.260    -7.87    5.66
  59365.821    61.808   -11.76    7.37
  59744.492    54.831   -18.43   10.17
  60123.231    48.183   -17.55    8.28
  60502.038    48.041    -0.38    9.61
  60880.914    51.597     9.38   11.93
  61259.858    58.451    18.09   10.13
  61638.870    65.127    17.62    5.48
  62017.950    68.208     8.13    5.10
  62397.099    67.942    -0.70    5.91
  62776.316    66.722    -3.22    6.51
  63155.602    62.853   -10.20    7.05
  63534.956    58.953   -10.28    4.70
  63914.379    59.780     2.18    5.86
  64293.871    59.870     0.24    7.06
  64673.431    60.007     0.36    6.90
  65053.059    56.958    -8.03    7.86
  65432.756    49.362   -20.01   11.53
  65812.522    39.158   -26.87   14.16
  66192.357    30.041   -24.00   14.75
  66572.261    22.806   -19.04   12.46
  66952.233    18.963   -10.12    9.60
  67332.274    16.819    -5.64    5.15
  67700.966    15.746    -2.91    3.99
  68067.865    14.341    -3.83    4.94
  68434.828    12.263    -5.66    6.03
  68801.855     9.609    -7.23    6.10
  69168.945     8.621    -2.69    6.08
  69536.099     7.436    -3.23    6.05
  69903.317     8.477     2.84    6.63
  70270.598    10.114     4.46    7.85
  70637.944    10.170     0.15    9.43
  71005.353    10.036    -0.37   11.00
  71372.826     8.720    -3.58   11.75
  71740.363     6.338    -6.48   11.70
  72107.964     4.527    -4.93   10.85
  72475.629     3.777    -2.04   10.34
  72843.358     2.109    -4.54    8.76
  73211.151     1.569    -1.47    8.00
  73579.008     0.214    -3.68    6.92
  73946.929    -1.341    -4.23    5.10
  74314.914    -2.744    -3.81    2.79
  74682.964    -3.354    -1.66    0.00
  75051.078    -3.354     0.00    0.00
  75419.256    -3.354     0.00    0.00
  75787.498    -3.354     0.00    0.00
  76155.804    -3.354     0.00    0.00
  76524.175    -3.354     0.00    0.00
  76892.611    -3.354     0.00    0.00
  77261.110    -3.354     0.00    0.00
  77629.674    -3.354     0.00    0.00
  77998.303    -3.354     0.00    0.00
  78366.996    -3.291     0.17    0.56
  78735.754    -2.464     2.24    3.49
  79104.576    -2.218     0.67    2.85
  79473.463    -2.513    -0.80    2.24
  79842.415     0.362     7.79   12.38
  80211.431    17.794    47.24   32.07
  80580.512    37.513    53.43   35.54
  80949.658    59.684    60.06   26.40
  81318.869    73.000    36.07    6.47
  81688.144    72.946    -0.15    4.03
  82057.484    72.732    -0.58    3.67
  82426.889    72.684    -0.13    3.29
  82796.359    73.158     1.28    3.09
  83165.894    74.266     3.00    2.52
  83535.495    75.196     2.52    1.90
  83905.160    75.886     1.87    2.10
  84274.890    76.289     1.09    2.38
  84644.685    76.165    -0.33    2.75
  85014.545    75.878    -0.78    2.56
  85384.471    75.120    -2.05    2.18
  85754.462    74.461    -1.78    2.97
  86124.518    73.454    -2.72    3.38
  86494.639    71.880    -4.25    3.27
  86864.826    70.291    -4.29    1.71
  87235.078    69.378    -2.47    1.87
  87605.395    68.958    -1.13    1.97
  87975.778    69.217     0.70    2.11
  88346.226    69.399     0.49    2.15
  88716.740    70.016     1.67    2.16
  89087.319    69.456    -1.51    3.16
  89457.964    67.321    -5.76    4.39
  89828.674    65.469    -5.00    5.21
  90199.450    63.436    -5.48    5.14
  90570.291    61.236    -5.93    3.71
  90941.199    60.039    -3.23    3.14
  91312.172    58.988    -2.83    2.47
  91683.211    57.288    -4.58    3.15
  92054.315    55.248    -5.50    4.02
  92425.486    53.461    -4.82    4.01
  92796.722    52.026    -3.87    3.78
  93168.024    51.357    -1.80    3.36
  93539.392    51.371     0.04    3.32
  93910.827    51.263    -0.29    3.81
  94282.327    51.646     1.03    4.77
  94653.893    52.505     2.31    4.88
  95025.525    53.053     1.48    4.51
  95397.224    52.843    -0.56    3.87
  95768.988    53.288     1.20    3.84
  96140.819    52.803    -1.31    4.33
  96512.716    51.833    -2.61    4.42
  96884.679    50.559    -3.43    4.56
  97256.709    50.683     0.33    4.39
  97628.804    51.003     0.86    4.69
  98000.967    52.203     3.22    4.93
  98373.195    52.513     0.83    5.02
  98745.490    52.436    -0.21    4.51
  99117.852    51.695    -1.99    3.94
  99490.280    50.317    -3.70    4.37
  99862.774    49.586    -1.96    4.18
 100235.335    50.061     1.27    4.29
 100607.963    50.251     0.51    4.15
 100980.658    51.433     3.17    3.91
 101353.419    53.505     5.56    4.22
 101726.247    54.918     3.79    4.28
 102099.141    55.584     1.79    3.65
 102472.102    55.757     0.46    3.02
 102845.131    54.622    -3.04    2.66
 103218.226    53.276    -3.61    2.90
 103591.388    52.066    -3.24    3.22
 103964.617    51.819    -0.66    3.08
 104337.912    53.158     3.59    4.86
 104711.275    55.291     5.72    5.29
 105084.705    56.399     2.97    4.60
 105458.202    55.107    -3.46    5.97
 105831.766    51.561    -9.50    6.03
 106205.398    48.928    -7.05    4.36
 106579.096    48.979     0.14    3.88
 106952.862    51.304     6.22    4.99
 107326.695    55.219    10.47    4.88
 107700.595    58.838     9.68    3.91
 108074.563    61.039     5.88    3.16
 108448.598    63.120     5.57    2.84
 108822.700    64.304     3.17    2.45
 109196.870    64.095    -0.56    2.42
 109571.107    63.305    -2.11    2.75
 109945.412    62.425    -2.35    2.88
 110319.785    62.176    -0.67    2.63
 110694.225    62.107    -0.18    2.47
 111068.732    62.175     0.18    3.05
 111443.308    61.282    -2.38    3.33
 111817.951    61.000    -0.75    3.37
 112192.661    59.556    -3.85    2.92
 112567.440    58.164    -3.72    3.26
 112942.286    58.723     1.49    4.84
 113317.200    59.829     2.95    5.89
 113692.182    60.519     1.84    6.26
 114067.232    60.646     0.34    5.74
 114442.350    59.924    -1.92    5.45
 114817.536    57.778    -5.72    4.87
 115192.790    56.090    -4.50    4.83
 115568.112    54.128    -5.23    5.19
 115943.502    53.494    -1.69    4.35
 116318.961    54.839     3.58    4.76
 116694.487    57.085     5.98    5.32
 117070.082    59.706     6.98    4.81
 117445.745    62.500     7.44    3.61
 117821.476    63.536     2.76    3.40
 118197.276    62.219    -3.51    3.69
 118573.144    61.365    -2.27    3.76
 118949.080    60.280    -2.89    3.65
 119325.085    60.353     0.19    2.98
 119701.158    60.324    -0.08    2.58
 120077.300    59.329    -2.65    2.29
 120453.510    57.562    -4.70    3.15
 120829.789    54.253    -8.79    5.17
 121206.137    53.003    -3.32    5.29
 121582.553    53.646     1.71    6.36
 121959.038    57.914    11.34    8.63
 122335.592    61.787    10.29    7.05
 122712.214    62.134     0.92    5.94
 123088.906    61.389    -1.98    5.59
 123465.666    59.718    -4.44    4.44
 123842.495    58.454    -3.36    3.33
 124219.393    58.458     0.01    4.89
 124596.360    56.962    -3.97    7.93
 124973.396    56.226    -1.95    8.31
 125350.501    55.448    -2.06    8.41
 125727.675    55.413    -0.09    7.87
 126104.918    56.317     2.39    5.85
 126482.231    58.350     5.39    5.61
 126859.612    60.967     6.94    5.47
 127237.063    61.260     0.78    5.33
 127614.583    60.292    -2.56    4.99
 127992.173    59.182    -2.94    5.22
 128369.831    56.682    -6.62    4.44
 128747.559    54.048    -6.97    4.20
 129125.357    52.777    -3.37    4.67
 129503.224    50.562    -5.86    4.22
 129881.161    48.718    -4.88    3.83
 130259.167    47.722    -2.64    4.24
 130637.242    45.158    -6.78    4.78
 131015.388    42.802    -6.23    3.52
 131393.603    41.670    -2.99    2.30
 131771.887    42.095     1.12    2.01
 132150.242    42.967     2.31    2.20
 132528.666    43.582     1.62    3.10
 132907.160    44.170     1.55    4.80
 133285.724    43.342    -2.19    7.55
 133664.357    44.539     3.16    8.90
 134043.061    47.622     8.14   10.40
 134421.834    50.801     8.39   10.90
 134800.678    55.890    13.43    5.95
 135179.592    57.061     3.09    4.46
 135558.575    55.995    -2.81    5.63
 135937.629    52.756    -8.55    6.11
 136316.753    51.491    -3.34    5.14
 136695.947    52.720     3.24    5.39
 137075.212    55.720     7.91    6.19
 137454.546    59.469     9.88    4.89
 137833.952    59.905     1.15    7.76
 138213.427    59.043    -2.27    9.68
 138592.973    58.329    -1.88   10.34
 138972.589    58.723     1.04    9.55
 139352.276    60.399     4.41    5.33
 139732.033    61.769     3.61    3.29
 140111.860    63.048     3.37    3.36
 140491.759    64.195     3.02    3.45
 140871.728    64.585     1.03    2.90
 141251.767    64.097    -1.28    2.95
 141631.878    63.381    -1.88    2.97
 142012.059    63.878     1.31    4.21
 142384.412    65.634     4.72    5.03
 142751.108    67.207     4.29    4.51
