# NaN NaN NaN ;Mean Elev.(m), Avg Gradient(m/km), RMS Gradient(m/km) - SRTM1     
#  -11.809  -3.405   8.998 ;Mean Elev.(m), Avg Gradient(m/km), RMS Gradient(m/km) - ASTER GDEM
#    1.000  -4.055   8.703 ;Mean Elev.(m), Avg Gradient(m/km), RMS Gradient(m/km) - GMTED2010 
  7    44.501 52469.61644332  7.27  86.578409  67.838535  6.137
  7    53.860 52469.61644397  3.72  86.574729  67.841585  6.137
  7    62.696 52469.61644461  2.31  86.571049  67.844635  6.137
  7    63.380 52469.61644526  1.68  86.567379  67.847685  6.137
  7    63.918 52469.61644590  3.69  86.563699  67.850735  6.137
  7    60.890 52469.61644654  2.87  86.560019  67.853785  6.137
  7    59.356 52469.61644719  5.75  86.556339  67.856835  6.137
  7    58.304 52469.61644783  6.46  86.552659  67.859885  6.137
  7    52.527 52469.61644848  8.72  86.548979  67.862925  6.137
  8    37.150 52504.61642878 11.43  86.579676  67.840594 16.224
  8    36.360 52504.61642942 11.54  86.575998  67.843645  8.789
  8    20.935 52504.61643007 12.54  86.572318  67.846695  8.789
  8    27.963 52504.61643071 10.85  86.568648  67.849745  8.789
  8    55.327 52504.61643136  8.91  86.564968  67.852785  8.789
  8    56.324 52504.61643200  8.71  86.561288  67.855835  8.789
  8    56.481 52504.61643264  9.61  86.557608  67.858885  8.789
  8    55.593 52504.61643329 13.61  86.553928  67.861935  8.789
  8    51.448 52504.61643393 16.81  86.550248  67.864985  8.789
  9    52.880 52539.61641098  9.53  86.569120  67.833428 11.708
  9    59.902 52539.61641162  8.46  86.565440  67.836478 11.708
  9    60.948 52539.61641227  8.31  86.561760  67.839518 11.708
  9    64.617 52539.61641291  8.14  86.558080  67.842568 11.708
  9    65.358 52539.61641355  9.00  86.554410  67.845618 11.708
  9    65.602 52539.61641420 10.28  86.550730  67.848668 11.708
  9    66.566 52539.61641484 12.64  86.547040  67.851718 11.708
  9    60.634 52539.61641549 15.08  86.543360  67.854768 11.708
 10    49.672 52574.61645508 13.81  86.576708  67.835114  6.235
 10    51.422 52574.61645572 12.66  86.573038  67.838164  6.235
 10    52.604 52574.61645637 11.97  86.569358  67.841214  6.235
 10    54.834 52574.61645701 12.73  86.565688  67.844264  6.235
 10    56.104 52574.61645765 14.05  86.562008  67.847314  6.235
 10    57.532 52574.61645830 14.83  86.558328  67.850354  6.235
 10    56.968 52574.61645894 17.04  86.554648  67.853404  6.235
 10    59.010 52574.61645959 16.41  86.550974  67.856453  5.980
 10    59.283 52574.61646023 18.20  86.547284  67.859503  5.980
 11    51.447 52609.61641564 10.93  86.583063  67.839799  2.877
 11    50.551 52609.61641629 10.89  86.579393  67.842849  2.877
 11    56.663 52609.61641693 10.01  86.575713  67.845899  2.877
 11    59.001 52609.61641758 10.55  86.572033  67.848939  2.877
 11    62.277 52609.61641822  9.87  86.568353  67.851989  2.877
 11    63.264 52609.61641887  9.65  86.564683  67.855039  2.877
 11    63.444 52609.61641951 10.20  86.561003  67.858089  2.877
 11    60.807 52609.61642016 11.50  86.557323  67.861139  2.877
 11    63.492 52609.61642080 12.43  86.553633  67.864189  2.877
 12    50.628 52644.61640670 11.02  86.574039  67.835593  3.673
 12    52.033 52644.61640734 10.78  86.570359  67.838643  3.673
 12    60.918 52644.61640799 10.09  86.566689  67.841683  3.673
 12    60.446 52644.61640863  9.74  86.563009  67.844733  3.673
 12    61.794 52644.61640928  9.89  86.559329  67.847783  3.673
 12    64.477 52644.61640992 10.51  86.555649  67.850833  3.673
 12    65.233 52644.61641057 10.70  86.551969  67.853883  3.673
 12    65.048 52644.61641121 11.88  86.548289  67.856933  3.673
 12    65.151 52644.61641186 11.40  86.544609  67.859983  3.673
 15    56.450 52749.61645601  6.70  86.580818  67.837135  2.988
 15    54.532 52749.61645666  6.74  86.577148  67.840185  2.988
 15    53.066 52749.61645730  6.66  86.573468  67.843235  2.988
 15    62.061 52749.61645795  6.18  86.569798  67.846275  2.988
 15    63.003 52749.61645859  5.64  86.566118  67.849325  2.988
 15    63.362 52749.61645924  6.04  86.562438  67.852375  2.988
 15    63.755 52749.61645988  7.12  86.558768  67.855425  2.988
 15    58.806 52749.61646053  7.80  86.555088  67.858475  2.988
 15    59.310 52749.61646117  8.60  86.551408  67.861525  2.988
 16    52.268 52784.61639771  9.66  86.565147  67.832083  5.097
 16    53.684 52784.61639836  9.28  86.561477  67.835133  5.097
 16    65.089 52784.61639964  8.83  86.554117  67.841233  5.097
 16    65.178 52784.61640029  9.66  86.550437  67.844273  5.097
 16    66.193 52784.61640093 10.66  86.546757  67.847323  5.097
 16    60.855 52784.61640158 13.54  86.543077  67.850373  5.097
 16    68.799 52784.61640222 12.67  86.539397  67.853423  5.097
 17    47.624 52819.61647345 11.07  86.568530  67.832030 10.201
 17    49.834 52819.61647410  9.51  86.564860  67.835080 10.201
 17    60.869 52819.61647474  6.45  86.561180  67.838120 10.201
 17    65.400 52819.61647603  6.07  86.553820  67.844220 10.201
 17    67.001 52819.61647668  7.34  86.550140  67.847270 10.201
 17    67.513 52819.61647732  8.84  86.546460  67.850320 10.201
 17    62.504 52819.61647797 11.97  86.542780  67.853370 10.201
 18    51.424 52854.61652247  6.16  86.575851  67.835413  8.516
 18    52.730 52854.61652311  4.97  86.572181  67.838463  8.516
 18    54.752 52854.61652376  4.05  86.568501  67.841503  8.516
 18    57.847 52854.61652440  4.05  86.564821  67.844553  8.516
 18    64.299 52854.61652505  4.70  86.561141  67.847603  8.516
 18    64.914 52854.61652569  5.87  86.557461  67.850653  8.516
 18    68.054 52854.61652633  6.77  86.553781  67.853703  8.516
 18    60.288 52854.61652698  9.20  86.550101  67.856753  8.516
 18    59.607 52854.61652762 11.86  86.546421  67.859803  8.516
 20     1.593 52924.61651022 24.00  86.586703  67.842207 12.704
 20     1.355 52924.61651087 22.77  86.583033  67.845247 12.704
 20     1.751 52924.61651280 14.10  86.572003  67.854397 12.704
 20     1.503 52924.61651345 13.67  86.568323  67.857447 12.704
 20    23.365 52924.61651602 13.36  86.553603  67.869647 12.704
 21    51.035 52959.61647665 12.44  86.573486  67.837243  4.866
 21    50.185 52959.61647730 12.64  86.569816  67.840293  4.866
 21    55.069 52959.61647794 11.97  86.566136  67.843343  4.866
 21    54.877 52959.61647859 13.04  86.562456  67.846393  4.866
 21    57.091 52959.61647923 12.69  86.558776  67.849443  4.866
 21    57.939 52959.61647988 13.26  86.555096  67.852493  4.866
 21    57.717 52959.61648052 14.07  86.551416  67.855533  4.866
 21    57.508 52959.61648116 16.82  86.547736  67.858583  4.866
 22    53.974 52994.61650882  9.88  86.575524  67.837682  3.395
 22    52.412 52994.61650947  8.99  86.571854  67.840722  3.395
 22    57.003 52994.61651011  9.11  86.568174  67.843772  3.395
 22    60.865 52994.61651076  8.83  86.564494  67.846822  3.395
 22    61.709 52994.61651140  8.88  86.560814  67.849872  3.395
 22    63.614 52994.61651204  9.33  86.557134  67.852922  3.395
 22    64.720 52994.61651269  9.24  86.553454  67.855972  3.395
 22    58.513 52994.61651333 11.76  86.549774  67.859012  3.395
 22    62.681 52994.61651398 11.14  86.546094  67.862062  3.395
 23    51.108 53029.61647346  8.60  86.587373  67.844327  3.274
 23    51.448 53029.61647410  8.55  86.583703  67.847367  3.274
 23    54.436 53029.61647475  6.81  86.580023  67.850417  3.274
 23    54.733 53029.61647539  6.35  86.576343  67.853467  3.274
 23    59.325 53029.61647604  6.40  86.572673  67.856517  3.274
 23    59.908 53029.61647668  6.61  86.568993  67.859567  3.274
 23    57.211 53029.61647733  7.39  86.565313  67.862617  3.274
 23    57.942 53029.61647797  7.64  86.561633  67.865667  3.274
 23    58.884 53029.61647862  8.11  86.557953  67.868717  3.274
 23    57.570 53029.61647926  8.27  86.554263  67.871757  3.274
 24    51.063 53064.61648027  9.78  86.578178  67.839159  3.334
 24    52.582 53064.61648091  9.73  86.574498  67.842209  3.334
 24    54.511 53064.61648156  8.78  86.570818  67.845259  3.334
 24    55.849 53064.61648220  9.44  86.567148  67.848309  3.334
 24    63.586 53064.61648285  9.44  86.563468  67.851359  3.334
 24    64.297 53064.61648349  9.95  86.559788  67.854409  3.334
 24    58.967 53064.61648414 10.58  86.556108  67.857459  3.334
 24    58.905 53064.61648478 11.79  86.552418  67.860499  3.334
 24    59.174 53064.61648543 12.51  86.548738  67.863549  3.334
 25    50.962 53099.61648989  7.33  86.583343  67.841748  3.157
 25    51.586 53099.61649054  7.16  86.579673  67.844788  3.157
 25    53.719 53099.61649118  6.59  86.575993  67.847838  3.157
 25    55.130 53099.61649183  6.10  86.572313  67.850888  3.157
 25    62.583 53099.61649247  6.76  86.568643  67.853938  3.157
 25    56.921 53099.61649312  8.12  86.564963  67.856988  3.157
 25    62.990 53099.61649376  7.54  86.561283  67.860038  3.157
 25    57.946 53099.61649440  8.22  86.557603  67.863088  3.157
 25    58.292 53099.61649505  8.82  86.553923  67.866138  3.157
 29    51.028 53239.61651899  7.97  86.587620  67.843081  4.710
 29    53.185 53239.61651964  7.02  86.583940  67.846131  4.710
 29    60.364 53239.61652028  6.08  86.580270  67.849181  4.710
 29    56.177 53239.61652093  5.84  86.576590  67.852231  4.710
 29    58.104 53239.61652157  6.12  86.572910  67.855271  4.710
 29    62.175 53239.61652222  6.82  86.569230  67.858321  4.710
 29    57.679 53239.61652286  8.94  86.565550  67.861371  4.710
 29    57.607 53239.61652350 11.90  86.561870  67.864421  4.710
 29    57.318 53239.61652415 13.12  86.558190  67.867471  4.710
 29    56.023 53239.61652479 14.36  86.554510  67.870521  4.710
 31    52.714 53309.61653339  9.63  86.574465  67.834386  4.087
 31    52.039 53309.61653404  9.90  86.570795  67.837436  4.087
 31    62.150 53309.61653468  9.37  86.567115  67.840486  4.087
 31    64.169 53309.61653532 10.13  86.563445  67.843536  4.087
 31    64.736 53309.61653597  9.62  86.559765  67.846586  4.087
 31    65.340 53309.61653661 10.42  86.556085  67.849626  4.087
 31    66.943 53309.61653726 10.53  86.552405  67.852676  4.087
 31    66.380 53309.61653790 11.83  86.548725  67.855726  4.087
 31    65.753 53309.61653855 13.62  86.545045  67.858776  4.087
 32    51.904 53344.61650029  6.72  86.583167  67.839731  2.880
 32    52.052 53344.61650094  6.16  86.579487  67.842781  2.880
 32    54.303 53344.61650158  6.08  86.575817  67.845831  2.880
 32    61.875 53344.61650223  5.54  86.572137  67.848881  2.880
 32    56.972 53344.61650287  5.73  86.568457  67.851931  2.880
 32    63.238 53344.61650352  5.93  86.564777  67.854971  2.880
 32    63.758 53344.61650416  7.14  86.561097  67.858021  2.880
 32    59.209 53344.61650481  7.24  86.557417  67.861071  2.880
 32    58.754 53344.61650545 10.14  86.553737  67.864121  2.880
 33    51.715 53379.61644766  6.70  86.569349  67.831646  2.461
 33    52.048 53379.61644830  6.54  86.565669  67.834696  2.461
 33    53.786 53379.61644895  5.96  86.561989  67.837746  2.461
 33    63.624 53379.61645024  6.53  86.554639  67.843846  2.461
 33    58.516 53379.61645088  6.87  86.550949  67.846896  2.461
 33    65.118 53379.61645152  7.09  86.547269  67.849936  2.461
 33    60.659 53379.61645217  9.02  86.543589  67.852986  2.461
 33    60.769 53379.61645281 10.00  86.539909  67.856036  2.461
 34    51.032 53414.61647708  8.06  86.583916  67.839153  2.669
 34    51.167 53414.61647772  8.37  86.580236  67.842203  2.669
 34    52.504 53414.61647836  7.71  86.576566  67.845253  2.669
 34    58.535 53414.61647901  7.31  86.572886  67.848293  2.669
 34    62.468 53414.61647965  7.02  86.569206  67.851343  2.669
 34    56.597 53414.61648030  7.83  86.565526  67.854393  2.669
 34    57.411 53414.61648094  8.22  86.561846  67.857443  2.669
 34    62.959 53414.61648159  8.53  86.558166  67.860493  2.669
 34    58.324 53414.61648223  9.27  86.554486  67.863543  2.669
 34    58.244 53414.61648288 10.90  86.550796  67.866593  2.669
 35    52.038 53449.61646850  6.39  86.565086  67.831953  2.829
 35    53.286 53449.61646915  6.43  86.561416  67.835003  2.829
 35    64.168 53449.61647044  5.57  86.554056  67.841093  2.829
 35    64.800 53449.61647108  6.92  86.550376  67.844143  2.829
 35    65.704 53449.61647173  7.79  86.546696  67.847193  2.829
 35    66.982 53449.61647237  7.89  86.543016  67.850243  2.829
 35    67.252 53449.61647301  8.50  86.539336  67.853293  2.829
 37    16.759 53519.61655165 50.75  86.580869  67.839874 16.663
 37    17.251 53519.61655230 47.44  86.577199  67.842914 16.663
 37    17.326 53519.61655294 43.72  86.573519  67.845964 16.663
 37    17.129 53519.61655359 45.32  86.569839  67.849014 16.663
 37    17.336 53519.61655423 46.17  86.566169  67.852064 16.663
 37    17.056 53519.61655488 46.31  86.562489  67.855114 16.663
 37    17.218 53519.61655552 46.97  86.558809  67.858164 16.663
 38    47.336 53554.61657368  9.10  86.576684  67.835482  9.319
 38    53.325 53554.61657432  5.12  86.573004  67.838532  9.319
 38    54.964 53554.61657497  4.70  86.569334  67.841572  9.319
 38    63.237 53554.61657561  4.53  86.565654  67.844622  9.319
 38    64.484 53554.61657626  4.86  86.561974  67.847672  9.319
 38    65.141 53554.61657690  6.38  86.558304  67.850722  9.319
 38    61.283 53554.61657755  8.82  86.554624  67.853772  9.319
 38    59.917 53554.61657819 11.56  86.550944  67.856822  9.319
 38    56.930 53554.61657884 15.68  86.547264  67.859872  9.319
 39     2.976 53589.61651983 21.85  86.588063  67.843573 18.234
 39     2.191 53589.61652047 16.04  86.584383  67.846623 18.234
 39     1.982 53589.61652112 16.31  86.580713  67.849673 18.234
 39     2.229 53589.61652176 17.39  86.577033  67.852723 18.234
 39     2.299 53589.61652241 17.47  86.573353  67.855773 18.234
 39     2.800 53589.61652305 18.27  86.569673  67.858813 18.234
 39     2.901 53589.61652370 19.00  86.565993  67.861863 18.234
 39     6.668 53589.61652434 18.78  86.562313  67.864913 18.234
 40    65.538 53624.61649846 10.66  86.551916  67.839269  9.456
 40    59.543 53624.61649910  9.78  86.548236  67.842319  9.456
 40    65.660 53624.61649975  9.64  86.544556  67.845369  9.456
 40    66.608 53624.61650039 10.26  86.540876  67.848419  9.456
 40    67.642 53624.61650104 12.72  86.537196  67.851469  9.456
 41    53.437 53659.61652356 10.81  86.573167  67.834247  5.923
 41    53.119 53659.61652420 11.28  86.569497  67.837297  5.923
 41    60.443 53659.61652485 10.85  86.565817  67.840347  5.923
 41    63.772 53659.61652549 11.25  86.562137  67.843387  5.923
 41    64.844 53659.61652614 12.07  86.558457  67.846437  5.923
 41    65.455 53659.61652678 15.04  86.554777  67.849487  5.923
 41    65.702 53659.61652743 14.91  86.551097  67.852537  5.923
 41    59.975 53659.61652807 16.97  86.547417  67.855587  5.923
 41    60.484 53659.61652871 18.72  86.543737  67.858637  5.923
 42    57.007 53694.61650042  8.90  86.582310  67.841199  3.773
 42    53.532 53694.61650106  9.92  86.578630  67.844249  3.773
 42    61.541 53694.61650171  9.21  86.574960  67.847299  3.773
 42    62.803 53694.61650235  8.82  86.571280  67.850349  3.773
 42    63.261 53694.61650300  9.16  86.567600  67.853399  3.773
 42    63.717 53694.61650364 10.13  86.563920  67.856439  3.773
 42    63.644 53694.61650429 10.61  86.560240  67.859489  3.773
 42    60.834 53694.61650493 12.80  86.556560  67.862539  3.773
 42    59.207 53694.61650558 13.76  86.552880  67.865589  3.773
 43    54.343 53729.61642406  7.44  86.589683  67.846228  2.554
 43    52.838 53729.61642471  6.99  86.586013  67.849278  2.554
 43    52.748 53729.61642535  7.44  86.582333  67.852318  2.554
 43    54.582 53729.61642600  6.93  86.578653  67.855368  2.554
 43    57.685 53729.61642664  6.82  86.574973  67.858418  2.554
 43    56.438 53729.61642729  7.91  86.571303  67.861468  2.554
 43    57.921 53729.61642793  7.07  86.567623  67.864518  2.554
 43    57.587 53729.61642858  7.99  86.563933  67.867568  2.554
 43    57.230 53729.61642922  8.56  86.560253  67.870618  2.554
 43    56.629 53729.61642987  8.37  86.556573  67.873668  2.554
 43    56.500 53729.61643051  8.57  86.552893  67.876708  2.554
 44    51.163 53764.61638732  8.15  86.575496  67.837955  2.720
 44    52.951 53764.61638796  7.97  86.571816  67.841005  2.720
 44    62.883 53764.61638861  7.72  86.568136  67.844045  2.720
 44    60.478 53764.61638925  7.29  86.564456  67.847095  2.720
 44    64.508 53764.61638990  7.95  86.560776  67.850145  2.720
 44    64.629 53764.61639054  8.42  86.557096  67.853195  2.720
 44    65.624 53764.61639119  8.27  86.553416  67.856245  2.720
 44    65.399 53764.61639183  8.22  86.549736  67.859295  2.720
 45    50.436 53799.61639444  7.33  86.587057  67.844953  2.398
 45    52.025 53799.61639508  6.82  86.583387  67.848003  2.398
 45    53.262 53799.61639572  6.31  86.579707  67.851043  2.398
 45    57.462 53799.61639637  6.05  86.576027  67.854093  2.398
 45    57.588 53799.61639701  6.26  86.572357  67.857143  2.398
 45    60.943 53799.61639766  6.97  86.568677  67.860193  2.398
 45    58.497 53799.61639830  7.18  86.564997  67.863243  2.398
 45    58.374 53799.61639895  7.42  86.561317  67.866293  2.398
 45    60.770 53799.61639959  7.91  86.557627  67.869343  2.398
 45    57.751 53799.61640024  7.60  86.553947  67.872393  2.398
 46    51.098 53834.61639230  7.75  86.568558  67.833087  3.841
 46    52.779 53834.61639295  7.43  86.564888  67.836137  3.841
 46    61.007 53834.61639359  7.11  86.561208  67.839187  3.841
 46    62.440 53834.61639424  7.33  86.557528  67.842237  3.841
 46    63.646 53834.61639488  8.37  86.553848  67.845287  3.841
 46    64.287 53834.61639553  8.58  86.550168  67.848337  3.841
 46    65.566 53834.61639617  8.99  86.546488  67.851387  3.841
 46    65.905 53834.61639682  9.42  86.542808  67.854427  3.841
 47    52.435 53869.61645480  0.58  86.572817  67.836904  2.480
 47    54.051 53869.61645545  0.04  86.569137  67.839954  2.480
 47    58.012 53869.61645738  0.22  86.558107  67.849104  2.480
 47    68.276 53869.61645803  0.38  86.554427  67.852154  2.480
 47    59.764 53869.61645867  0.88  86.550747  67.855204  2.480
 47    60.693 53869.61645932  1.17  86.547067  67.858244  2.480
 48     9.587 53904.61648920 45.37  86.575078  67.837565 13.470
 48     9.738 53904.61648984 40.27  86.571398  67.840615 13.470
 48     9.982 53904.61649049 39.27  86.567728  67.843665 13.470
 48    10.215 53904.61649113 39.88  86.564048  67.846715 13.470
 48    10.539 53904.61649178 38.93  86.560368  67.849765 13.470
 48    10.419 53904.61649242 38.53  86.556688  67.852815 13.470
 48    10.407 53904.61649307 41.43  86.553008  67.855865 13.470
 48    10.527 53904.61649371 40.49  86.549328  67.858915 13.470
 49     1.082 53939.61652312 29.52  86.566030  67.839105 19.565
 49     0.726 53939.61652377 29.68  86.562350  67.842155 19.565
 49     0.436 53939.61652441 28.39  86.558680  67.845205 19.565
 49     0.105 53939.61652506 26.35  86.555000  67.848255 19.565
 49     1.288 53939.61652570 23.98  86.551320  67.851305 19.565
 49     0.048 53939.61652634 23.84  86.547640  67.854345 19.565
 49    -1.046 53939.61652699 24.39  86.543960  67.857395 19.565
 50    55.133 53974.61648365  4.76  86.575929  67.847755  6.745
 50    62.667 53974.61648494  6.52  86.568579  67.853855  6.745
 50    62.786 53974.61648558  7.02  86.564899  67.856905  6.745
 50    59.900 53974.61648623  8.30  86.561219  67.859955  6.745
 50    57.721 53974.61648687 11.85  86.557539  67.863005  6.745
 50    52.388 53974.61648752 15.90  86.553859  67.866045  6.745
 51    47.250 54009.61647583 12.14  86.570003  67.831972 10.755
 51    52.765 54009.61647647  8.43  86.566333  67.835022 10.755
 51    59.158 54009.61647712  7.15  86.562653  67.838072 10.755
 51    58.125 54009.61647776  7.64  86.558973  67.841122 10.755
 51    57.550 54009.61647841  9.66  86.555293  67.844172 10.755
 51    65.890 54009.61647905  8.71  86.551613  67.847222 10.755
 51    67.218 54009.61647970  9.77  86.547933  67.850272 10.755
 51    60.883 54009.61648034 13.60  86.544253  67.853312 10.755
 51    59.588 54009.61648099 16.41  86.540573  67.856362 10.755
 52    51.472 54044.61649579 10.07  86.576666  67.839540  4.588
 52    52.937 54044.61649643 10.11  86.572986  67.842590  4.588
 52    62.638 54044.61649708  8.88  86.569306  67.845630  4.588
 52    56.137 54044.61649772  9.79  86.565626  67.848680  4.588
 52    57.537 54044.61649837  9.01  86.561946  67.851730  4.588
 52    58.207 54044.61649901 10.45  86.558266  67.854780  4.588
 52    58.778 54044.61649966 11.81  86.554586  67.857830  4.588
 52    59.270 54044.61650030 12.20  86.550906  67.860880  4.588
 53    51.526 54079.61648934  7.82  86.583025  67.841528  3.397
 53    53.361 54079.61648998  7.66  86.579345  67.844568  3.397
 53    54.178 54079.61649062  7.76  86.575665  67.847618  3.397
 53    56.034 54079.61649127  7.46  86.571995  67.850668  3.397
 53    56.607 54079.61649191  8.01  86.568315  67.853718  3.397
 53    58.058 54079.61649256  7.89  86.564635  67.856768  3.397
 53    59.470 54079.61649320  8.23  86.560955  67.859818  3.397
 53    58.354 54079.61649385  9.44  86.557275  67.862868  3.397
 53    58.662 54079.61649449 11.65  86.553595  67.865908  3.397
 54    52.625 54114.61642584  6.26  86.588388  67.846123  3.344
 54    52.481 54114.61642649  6.56  86.584718  67.849173  3.344
 54    52.916 54114.61642713  7.16  86.581038  67.852223  3.344
 54    53.944 54114.61642778  7.24  86.577368  67.855273  3.344
 54    56.566 54114.61642842  5.94  86.573688  67.858323  3.344
 54    57.122 54114.61642907  5.56  86.570008  67.861373  3.344
 54    58.980 54114.61642971  6.49  86.566328  67.864413  3.344
 54    57.609 54114.61643035  7.99  86.562648  67.867463  3.344
 54    56.931 54114.61643100  9.00  86.558968  67.870513  3.344
 54    56.965 54114.61643164  8.67  86.555288  67.873563  3.344
 54    56.844 54114.61643229  7.83  86.551598  67.876613  3.344
 56    51.186 54184.61641604  5.36  86.587887  67.844963  2.581
 56    52.429 54184.61641669  4.68  86.584217  67.848013  2.581
 56    57.408 54184.61641733  4.22  86.580537  67.851063  2.581
 56    58.379 54184.61641798  4.03  86.576867  67.854113  2.581
 56    55.560 54184.61641862  4.53  86.573187  67.857163  2.581
 56    61.661 54184.61641926  4.50  86.569507  67.860213  2.581
 56    57.407 54184.61641991  5.25  86.565827  67.863263  2.581
 56    59.011 54184.61642055  5.25  86.562147  67.866313  2.581
 56    58.468 54184.61642120  5.84  86.558467  67.869353  2.581
 56    57.672 54184.61642184  6.12  86.554787  67.872403  2.581
 57    60.302 54219.61644508  3.40  86.571614  67.836569  3.979
 57    53.671 54219.61644572  3.61  86.567944  67.839609  3.979
 57    60.771 54219.61644637  3.22  86.564264  67.842659  3.979
 57    64.125 54219.61644701  4.08  86.560584  67.845709  3.979
 57    64.986 54219.61644766  4.68  86.556904  67.848759  3.979
 57    66.155 54219.61644830  5.18  86.553224  67.851809  3.979
 57    66.061 54219.61644895  6.16  86.549544  67.854859  3.979
 57    66.410 54219.61644959  6.51  86.545864  67.857899  3.979
 58    11.321 54254.61646966 47.82  86.576662  67.839077 13.516
 58    10.807 54254.61647031 34.15  86.572992  67.842117 13.516
 58    12.204 54254.61647095 29.65  86.569312  67.845167 13.516
 58    12.459 54254.61647160 33.31  86.565632  67.848217 13.516
 58    11.530 54254.61647224 34.77  86.561952  67.851267 13.516
 58    11.526 54254.61647289 24.90  86.558272  67.854317 13.516
 58    12.003 54254.61647353 23.78  86.554592  67.857367 13.516
 59    51.864 54289.61647222  7.32  86.581748  67.838796  5.458
 59    52.945 54289.61647287  6.41  86.578068  67.841846  5.458
 59    54.490 54289.61647351  5.63  86.574398  67.844886  5.458
 59    62.089 54289.61647416  5.63  86.570718  67.847936  5.458
 59    61.043 54289.61647480  5.96  86.567038  67.850986  5.458
 59    63.731 54289.61647545  6.83  86.563358  67.854036  5.458
 59    59.209 54289.61647609  9.22  86.559678  67.857086  5.458
 59    64.047 54289.61647674 11.57  86.555998  67.860136  5.458
 59    52.666 54289.61647738 15.98  86.552318  67.863186  5.458
 60     3.095 54324.61647016 28.10  86.579532  67.840801 20.236
 60     3.012 54324.61647081 25.52  86.575862  67.843841 20.236
 60     2.689 54324.61647145 24.76  86.572182  67.846891 20.236
 60     2.717 54324.61647210 24.53  86.568502  67.849941 20.236
 60     1.926 54324.61647274 23.53  86.564822  67.852991 20.236
 60     1.352 54324.61647339 21.51  86.561142  67.856041 20.236
 60     0.348 54324.61647403 20.93  86.557462  67.859091 20.236
 60    -0.491 54324.61647468 19.79  86.553782  67.862141 20.236
 60    53.762 54324.61647532 17.67  86.550102  67.865181 20.236
 61     4.114 54359.61642553 42.06  86.587827  67.846748 20.142
 61     4.421 54359.61642618 38.40  86.584147  67.849798 20.142
 61     4.668 54359.61642682 29.29  86.580477  67.852848 20.142
 61     4.335 54359.61642747 33.99  86.576797  67.855898 20.142
 61     4.888 54359.61642811 39.14  86.573117  67.858948 20.142
 61     5.432 54359.61642875 31.35  86.569437  67.861998 20.142
 61     4.184 54359.61642940 27.09  86.565757  67.865048 20.142
 61     4.377 54359.61643004 28.45  86.562077  67.868098 20.142
 61     3.726 54359.61643069 27.50  86.558397  67.871148 20.142
 62    52.716 54394.61640946 11.06  86.579466  67.836413 11.384
 62    52.039 54394.61641011 10.89  86.575786  67.839463 11.384
 62    54.265 54394.61641075 10.94  86.572110  67.842510  7.174
 62    55.759 54394.61641140 12.10  86.568430  67.845560  7.174
 62    55.948 54394.61641204 14.48  86.564750  67.848610  7.174
 62    57.339 54394.61641268 15.55  86.561080  67.851660  7.174
 62    58.276 54394.61641333 13.65  86.557400  67.854700  7.174
 62    58.915 54394.61641397 15.45  86.553720  67.857750  7.174
 62    56.914 54394.61641462 20.06  86.550030  67.860800  7.174
 63    51.574 54429.61637474 10.01  86.586360  67.841649  4.102
 63    51.404 54429.61637539 10.31  86.582680  67.844699  4.102
 63    52.961 54429.61637603  9.72  86.579011  67.847749  3.446
 63    55.014 54429.61637668  9.49  86.575331  67.850799  3.446
 63    55.553 54429.61637732  9.22  86.571651  67.853849  3.446
 63    56.480 54429.61637797  9.44  86.567971  67.856889  3.446
 63    57.149 54429.61637861  9.93  86.564291  67.859939  3.446
 63    57.757 54429.61637926 10.81  86.560611  67.862989  3.446
 63    57.727 54429.61637990 11.83  86.556931  67.866039  3.446
 63    57.724 54429.61638055 12.48  86.553251  67.869089  3.446
 64    51.648 54464.61638928  6.92  86.573979  67.837528  3.101
 64    59.250 54464.61638992  7.07  86.570302  67.840573  3.387
 64    60.643 54464.61639057  6.34  86.566622  67.843623  3.387
 64    61.760 54464.61639121  6.82  86.562942  67.846673  3.387
 64    62.259 54464.61639186  6.97  86.559262  67.849723  3.387
 64    65.155 54464.61639250  6.91  86.555592  67.852773  3.387
 64    65.551 54464.61639315  7.50  86.551912  67.855813  3.387
 64    65.641 54464.61639379  8.00  86.548222  67.858863  3.387
 65    52.263 54499.61638569  4.97  86.584413  67.840927  3.735
 65    53.148 54499.61638634  5.35  86.580743  67.843967  3.735
 65    54.172 54499.61638698  5.12  86.577063  67.847017  3.735
 65    62.019 54499.61638763  4.41  86.573383  67.850067  3.735
 65    62.636 54499.61638827  4.86  86.569713  67.853117  3.735
 65    63.081 54499.61638892  4.88  86.566033  67.856167  3.735
 65    63.600 54499.61638956  5.77  86.562353  67.859217  3.735
 65    58.465 54499.61639020  6.58  86.558673  67.862267  3.735
 65    58.525 54499.61639085  7.75  86.554993  67.865317  3.735
 66    52.432 54534.61640348  6.61  86.580758  67.837606  2.802
 66    52.429 54534.61640413  6.73  86.577078  67.840656  2.802
 66    60.706 54534.61640477  6.78  86.573408  67.843706  2.802
 66    62.506 54534.61640542  5.96  86.569728  67.846746  2.802
 66    63.404 54534.61640606  6.06  86.566048  67.849796  2.802
 66    63.923 54534.61640671  6.15  86.562368  67.852846  2.802
 66    64.448 54534.61640735  7.39  86.558688  67.855896  2.802
 66    65.083 54534.61640800  6.87  86.555008  67.858946  2.802
 66    64.872 54534.61640864  8.77  86.551328  67.861996  2.802
 67    51.468 54569.61638962  5.66  86.587810  67.844087  2.510
 67    53.221 54569.61639026  5.40  86.584140  67.847137  2.510
 67    53.084 54569.61639091  5.38  86.580460  67.850187  2.510
 67    55.291 54569.61639155  4.69  86.576790  67.853237  2.510
 67    55.699 54569.61639220  4.92  86.573110  67.856287  2.510
 67    61.935 54569.61639284  5.26  86.569430  67.859337  2.510
 67    57.259 54569.61639349  5.80  86.565750  67.862377  2.510
 67    57.796 54569.61639413  6.02  86.562070  67.865427  2.510
 67    57.702 54569.61639477  7.15  86.558390  67.868477  2.510
 67    57.772 54569.61639542  6.95  86.554710  67.871527  2.510
 68     4.731 54604.61639973 32.59  86.567654  67.845226 15.785
 68     4.724 54604.61640038 34.38  86.563974  67.848266 15.785
 68     4.999 54604.61640102 36.91  86.560294  67.851316 15.785
 68     4.751 54604.61640167 41.60  86.556614  67.854366 15.785
 68     5.420 54604.61640231 41.26  86.552934  67.857416 15.785
 68     5.437 54604.61640296 41.67  86.549254  67.860466 15.785
 69    44.554 54639.61640832 14.40  86.580923  67.838799  5.136
 69    39.266 54639.61640896 14.57  86.577243  67.841849  5.136
 69    55.104 54639.61640961 10.29  86.573573  67.844899  5.136
 69    55.802 54639.61641025 11.12  86.569893  67.847939  5.136
 69    57.549 54639.61641090  9.81  86.566213  67.850989  5.136
 69    60.561 54639.61641154  9.34  86.562533  67.854039  5.136
 69    60.765 54639.61641219 11.74  86.558853  67.857089  5.136
 69    58.815 54639.61641283 14.83  86.555173  67.860139  5.136
 69    58.680 54639.61641347 17.21  86.551493  67.863189  5.136
 70    52.971 54674.61641115  4.61  86.577645  67.839731 10.672
 70    54.122 54674.61641179  3.85  86.573965  67.842781 10.672
 70    55.427 54674.61641244  3.70  86.570295  67.845831 10.672
 70    58.584 54674.61641308  4.19  86.566615  67.848881 10.672
 70    60.321 54674.61641373  5.36  86.562935  67.851931 10.672
 70    60.621 54674.61641437  6.17  86.559255  67.854971 10.672
 70    58.465 54674.61641502 10.79  86.555575  67.858021 10.672
 70    58.389 54674.61641566 12.61  86.551895  67.861071 10.672
 70    53.013 54674.61641630 17.25  86.548215  67.864121 10.672
 71     3.009 54709.61636909 25.84  86.585357  67.844887 16.165
 71     3.152 54709.61636973 26.12  86.581677  67.847937 16.165
 71     2.780 54709.61637038 25.23  86.578007  67.850987 16.165
 71     2.779 54709.61637102 25.92  86.574327  67.854037 16.165
 71     2.406 54709.61637167 25.17  86.570647  67.857087 16.165
 71     2.050 54709.61637231 24.46  86.566967  67.860127 16.165
 71     3.061 54709.61637296 24.80  86.563287  67.863177 16.165
 71     3.549 54709.61637360 23.88  86.559607  67.866227 16.165
 72    50.760 54744.61637717  7.24  86.578092  67.835930  8.273
 72    53.063 54744.61637782  5.70  86.574412  67.838980  8.273
 72    54.902 54744.61637846  5.02  86.570742  67.842030  8.273
 72    62.936 54744.61637910  4.27  86.567062  67.845080  8.273
 72    64.466 54744.61637975  4.26  86.563382  67.848130  8.273
 72    64.706 54744.61638039  5.92  86.559702  67.851170  8.273
 72    60.971 54744.61638104  8.29  86.556022  67.854220  8.273
 72    60.730 54744.61638168 10.72  86.552342  67.857270  8.273
 72    59.106 54744.61638233 14.58  86.548662  67.860320  8.273
 73    51.683 54779.61635182  7.62  86.582579  67.840639  3.264
 73    52.748 54779.61635247  8.45  86.578899  67.843689  3.264
 73    53.652 54779.61635311  8.16  86.575229  67.846739  3.264
 73    55.319 54779.61635376  8.56  86.571549  67.849779  3.264
 73    58.560 54779.61635440  7.79  86.567869  67.852829  3.264
 73    62.983 54779.61635505  9.11  86.564189  67.855879  3.264
 73    57.419 54779.61635569 10.83  86.560509  67.858929  3.264
 73    58.604 54779.61635634 10.26  86.556829  67.861979  3.264
 73    58.732 54779.61635698 11.38  86.553149  67.865029  3.264
 74    51.446 54814.61637042  9.09  86.575883  67.835068  4.461
 74    60.983 54814.61637107  8.25  86.572203  67.838118  4.461
 74    59.541 54814.61637171  8.31  86.568533  67.841168  4.461
 74    61.768 54814.61637236  8.92  86.564853  67.844208  4.461
 74    64.068 54814.61637300  8.68  86.561176  67.847260  3.838
 74    64.616 54814.61637365 10.19  86.557496  67.850310  3.838
 74    65.417 54814.61637429  9.92  86.553816  67.853360  3.838
 74    64.721 54814.61637493 10.76  86.550136  67.856410  3.838
 74    65.012 54814.61637558 12.09  86.546456  67.859450  3.838
 76    50.918 54884.61637455  7.39  86.574535  67.838168  2.588
 76    51.953 54884.61637520  7.75  86.570865  67.841218  2.588
 76    61.460 54884.61637584  6.99  86.567185  67.844268  2.588
 76    62.739 54884.61637649  6.54  86.563505  67.847318  2.588
 76    62.255 54884.61637713  6.99  86.559825  67.850358  2.588
 76    61.827 54884.61637778  7.39  86.556145  67.853408  2.588
 76    64.453 54884.61637842  7.43  86.552465  67.856458  2.588
 76    64.578 54884.61637906  8.28  86.548785  67.859508  2.588
 77    50.178 54919.61635307  6.47  86.588726  67.843552  2.427
 77    50.924 54919.61635371  6.66  86.585056  67.846602  2.427
 77    52.440 54919.61635436  6.00  86.581376  67.849652  2.427
 77    54.250 54919.61635500  5.40  86.577706  67.852702  2.427
 77    61.528 54919.61635565  5.62  86.574026  67.855742  2.427
 77    61.878 54919.61635629  5.54  86.570346  67.858792  2.427
 77    57.981 54919.61635693  6.32  86.566666  67.861842  2.427
 77    57.884 54919.61635758  6.80  86.562986  67.864892  2.427
 77    58.203 54919.61635822  6.71  86.559306  67.867942  2.427
 77    57.919 54919.61635887  6.52  86.555626  67.870992  2.427
 77    60.089 54919.61635951  7.26  86.551946  67.874042  2.427
 78    53.273 54954.61636923  2.48  86.576272  67.835577  2.092
 78    53.691 54954.61636988  2.24  86.572592  67.838627  2.092
 78    54.397 54954.61637052  1.73  86.568922  67.841677  2.092
 78    56.184 54954.61637117  1.81  86.565242  67.844727  2.092
 78    56.838 54954.61637181  1.66  86.561562  67.847767  2.092
 78    58.230 54954.61637246  2.02  86.557882  67.850817  2.092
 78    58.976 54954.61637310  2.22  86.554202  67.853867  2.092
 78    63.306 54954.61637375  1.92  86.550522  67.856917  2.092
 78    60.330 54954.61637439  2.44  86.546842  67.859967  2.092
 79    12.262 54989.61639344 29.37  86.574723  67.838191  8.308
 79    12.765 54989.61639409 22.30  86.571043  67.841241  8.308
 79    12.453 54989.61639473 21.77  86.567373  67.844291  8.308
 79    12.082 54989.61639537 22.70  86.563693  67.847331  8.308
 79    12.602 54989.61639602 22.59  86.560013  67.850381  8.308
 79    13.213 54989.61639666 21.11  86.556333  67.853431  8.308
 79    13.123 54989.61639731 20.93  86.552653  67.856481  8.308
 79    12.996 54989.61639795 21.40  86.548973  67.859531  8.308
 80    54.925 55024.61638651  5.70  86.574926  67.847176  8.210
 80    63.561 55024.61638844  6.23  86.563886  67.856316  8.210
 80    59.757 55024.61638909  8.38  86.560206  67.859366  8.210
 80    57.754 55024.61638973 12.02  86.556526  67.862416  8.210
 80    55.969 55024.61639038 15.10  86.552846  67.865466  8.210
 81     3.148 55059.61637918 37.14  86.582255  67.837791 17.415
 81     2.371 55059.61637982 41.47  86.578575  67.840841 17.415
 81     2.181 55059.61638047 41.55  86.574895  67.843891 17.415
 81     2.640 55059.61638111 39.54  86.571225  67.846941 17.415
 81     2.505 55059.61638175 41.03  86.567545  67.849981 17.415
 81     2.230 55059.61638240 39.02  86.563865  67.853031 17.415
 81     3.376 55059.61638304 37.74  86.560185  67.856081 17.415
 81     3.054 55059.61638369 41.86  86.556505  67.859131 17.415
 81     3.341 55059.61638433 41.38  86.552825  67.862181 17.415
 81     2.999 55059.61638498 43.83  86.549145  67.865231 17.415
 82    51.021 55094.61633274  9.18  86.588303  67.844315  4.180
 82    52.856 55094.61633338  8.31  86.584633  67.847365  4.180
 82    54.693 55094.61633403  7.37  86.580953  67.850415  4.180
 82    60.729 55094.61633467  6.04  86.577273  67.853465  4.180
 82    61.435 55094.61633532  5.95  86.573603  67.856515  4.180
 82    57.407 55094.61633596  7.71  86.569923  67.859565  4.180
 82    59.250 55094.61633661  8.28  86.566243  67.862615  4.180
 82    57.635 55094.61633725 11.26  86.562563  67.865655  4.180
 82    57.335 55094.61633790 13.09  86.558883  67.868705  4.180
 82    56.870 55094.61633854 13.34  86.555203  67.871755  4.180
 83     8.800 55129.61632100 19.31  86.575646  67.839004  8.865
 83    53.444 55129.61632165 12.28  86.571976  67.842054  8.865
 83    55.417 55129.61632229 11.52  86.568296  67.845104  8.865
 83    56.471 55129.61632294 12.18  86.564616  67.848144  8.865
 83    57.201 55129.61632358 12.92  86.560936  67.851194  8.865
 83    64.582 55129.61632423 14.92  86.557256  67.854244  8.865
 83    64.549 55129.61632487 15.78  86.553576  67.857294  8.865
 83    59.730 55129.61632552 18.29  86.549896  67.860344  8.865
 84    50.345 55164.61629426 11.86  86.581247  67.842012  3.841
 84    51.431 55164.61629490 12.48  86.577567  67.845062  3.841
 84    53.091 55164.61629555 12.37  86.573897  67.848112  3.841
 84    54.623 55164.61629619 11.63  86.570217  67.851162  3.841
 84    55.452 55164.61629684 13.34  86.566537  67.854212  3.841
 84    56.832 55164.61629748 11.80  86.562857  67.857262  3.841
 84    57.376 55164.61629812 12.54  86.559177  67.860302  3.841
 84    57.030 55164.61629877 13.37  86.555497  67.863352  3.841
 84    58.087 55164.61629941 12.44  86.551817  67.866402  3.841
 85    50.319 55199.61631261 10.92  86.573889  67.837873  2.845
 85    52.312 55199.61631325 10.24  86.570219  67.840923  2.845
 85    53.376 55199.61631390  9.63  86.566539  67.843973  2.845
 85    55.614 55199.61631454  9.17  86.562859  67.847013  2.845
 85    56.971 55199.61631519  9.13  86.559179  67.850063  2.845
 85    64.363 55199.61631583  8.78  86.555499  67.853113  2.845
 85    64.368 55199.61631648  9.47  86.551819  67.856163  2.845
 85    64.543 55199.61631712 10.28  86.548139  67.859213  2.845
 86    49.767 55234.61629928  9.56  86.586261  67.841638  2.587
 86    50.414 55234.61629992  9.05  86.582591  67.844688  2.587
 86    51.366 55234.61630057  9.04  86.578911  67.847738  2.587
 86    54.867 55234.61630121  7.93  86.575241  67.850788  2.587
 86    58.302 55234.61630186  8.01  86.571561  67.853828  2.587
 86    61.888 55234.61630250  7.58  86.567881  67.856878  2.587
 86    58.782 55234.61630315  7.43  86.564201  67.859928  2.587
 86    62.215 55234.61630379  7.90  86.560521  67.862978  2.587
 86    62.083 55234.61630444  8.12  86.556841  67.866028  2.587
 86    61.831 55234.61630508  8.73  86.553161  67.869078  2.587
 87    53.459 55269.61630705  8.96  86.578653  67.838197  2.628
 87    52.096 55269.61630769  9.04  86.574983  67.841247  2.628
 87    52.822 55269.61630834  8.34  86.571303  67.844287  2.628
 87    61.596 55269.61630898  7.96  86.567623  67.847337  2.628
 87    60.501 55269.61630963  7.69  86.563943  67.850387  2.628
 87    62.746 55269.61631027  7.73  86.560263  67.853437  2.628
 87    63.022 55269.61631092  8.15  86.556583  67.856487  2.628
 87    64.370 55269.61631156  8.59  86.552903  67.859537  2.628
 87    63.704 55269.61631221  8.83  86.549223  67.862587  2.628
 88    53.845 55304.61628037  7.80  86.590341  67.843934  2.502
 88    50.304 55304.61628102  8.07  86.586661  67.846984  2.502
 88    51.426 55304.61628166  7.95  86.582991  67.850034  2.502
 88    56.373 55304.61628231  6.85  86.579311  67.853074  2.502
 88    54.238 55304.61628295  7.07  86.575631  67.856124  2.502
 88    60.956 55304.61628359  6.56  86.571951  67.859174  2.502
 88    57.038 55304.61628424  7.68  86.568271  67.862224  2.502
 88    59.512 55304.61628488  7.48  86.564591  67.865274  2.502
 88    60.571 55304.61628553  7.92  86.560911  67.868324  2.502
 88    60.373 55304.61628617  7.68  86.557231  67.871374  2.502
 88    59.615 55304.61628682  8.35  86.553551  67.874424  2.502
 89    52.139 55339.61627924  6.29  86.579836  67.838548  4.668
 89    52.802 55339.61627988  6.35  86.576156  67.841598  4.668
 89    54.398 55339.61628053  7.76  86.572486  67.844648  4.668
 89    54.954 55339.61628117  8.44  86.568806  67.847698  4.668
 89    56.529 55339.61628181  8.74  86.565126  67.850748  4.668
 89    57.893 55339.61628246  7.90  86.561446  67.853788  4.668
 89    58.642 55339.61628310  8.65  86.557766  67.856838  4.668
 89    58.793 55339.61628375 10.64  86.554086  67.859888  4.668
 89    57.440 55339.61628439 12.29  86.550406  67.862938  4.668
 90    39.581 55374.61627124 13.65  86.582207  67.840567  6.558
 90    59.489 55374.61627381  7.21  86.567497  67.852757  6.558
 90    60.330 55374.61627446  8.42  86.563817  67.855807  6.558
 90    58.262 55374.61627510 12.89  86.560137  67.858857  6.558
 90    56.431 55374.61627575 15.57  86.556457  67.861907  6.558
 90    54.233 55374.61627639 17.89  86.552777  67.864947  6.558
 91    52.778 55409.61629252  7.10  86.577685  67.837347  6.583
 91    53.935 55409.61629316  5.51  86.574015  67.840397  6.583
 91    55.581 55409.61629381  5.45  86.570335  67.843447  6.583
 91    63.010 55409.61629445  5.51  86.566655  67.846487  6.583
 91    64.866 55409.61629510  5.95  86.562975  67.849537  6.583
 91    60.862 55409.61629574  8.44  86.559295  67.852587  6.583
 91    61.227 55409.61629639  9.59  86.555615  67.855637  6.583
 91    58.745 55409.61629703 14.11  86.551935  67.858687  6.583
 91    58.254 55409.61629768 16.25  86.548255  67.861737  6.583
 92    45.260 55444.61628800 13.30  86.581722  67.839389  6.024
 92    52.921 55444.61628865  8.30  86.578042  67.842439  6.024
 92    54.993 55444.61628929  7.54  86.574372  67.845489  6.024
 92    62.235 55444.61628993  6.81  86.570692  67.848539  6.024
 92    63.584 55444.61629058  7.42  86.567012  67.851589  6.024
 92    60.252 55444.61629122  8.24  86.563332  67.854629  6.024
 92    60.499 55444.61629187  9.73  86.559652  67.857679  6.024
 92    59.024 55444.61629251 13.63  86.555972  67.860729  6.024
 92    56.869 55444.61629316 16.64  86.552292  67.863779  6.024
 93    36.688 55479.61622465 18.36  86.592765  67.844755  6.552
 93    36.460 55479.61622529 16.72  86.589085  67.847805  6.552
 93    36.345 55479.61622593 16.91  86.585415  67.850855  6.552
 93    49.678 55479.61622658 14.59  86.581735  67.853905  6.552
 93    53.681 55479.61622722 14.73  86.578065  67.856955  6.552
 93    60.802 55479.61622787 11.57  86.574385  67.860005  6.552
 93    56.338 55479.61622851 13.90  86.570705  67.863055  6.552
 93    51.302 55479.61622916 19.83  86.567025  67.866105  6.552
 93    51.498 55479.61622980 21.24  86.563345  67.869145  6.552
 93    51.621 55479.61623045 21.53  86.559665  67.872195  6.552
 93    51.591 55479.61623109 19.69  86.555975  67.875245  6.552
 93    56.099 55479.61623174 14.55  86.552295  67.878295  6.552
