-197561.359   426.515     0.00    8.47
-197188.830   428.514     5.36    7.72
-196816.375   429.856     3.60    6.20
-196443.994   430.563     1.90    5.05
-196071.685   429.247    -3.53    4.55
-195699.450   428.896    -0.94    5.80
-195327.288   424.496   -11.83   13.34
-194955.200   415.168   -25.07   20.13
-194583.184   394.957   -54.34   32.12
-194211.242   372.313   -60.89   32.01
-193839.373   352.911   -52.18   31.58
-193467.576   337.418   -41.68   32.68
-193095.853   322.384   -40.45   31.57
-192724.202   309.929   -33.52   32.65
-192352.625   304.228   -15.35   30.71
-191981.120   309.315    13.69   31.21
-191609.688   329.563    54.52   34.84
-191238.329   356.614    72.85   35.56
-190867.043   384.775    75.86   33.02
-190495.829   404.706    53.70   27.08
-190124.688   423.122    49.63   19.14
-189753.619   437.193    37.92   15.51
-189382.623   448.441    30.32   12.37
-189011.700   456.799    22.54   11.82
-188640.849   461.108    11.62    8.20
-188270.070   458.148    -7.99   11.85
-187899.364   445.349   -34.53   22.80
-187528.730   427.238   -48.87   30.17
-187158.169   410.146   -46.13   36.57
-186787.680   404.131   -16.24   35.41
-186417.262   403.420    -1.92   30.07
-186046.918   408.351    13.32   19.35
-185676.645   409.753     3.79    9.55
-185306.444   405.450   -11.63    9.81
-184936.315   401.919    -9.54   17.27
-184566.259   391.077   -29.30   28.97
-184196.274   378.464   -34.09   37.35
-183826.361   374.653   -10.30   38.17
-183456.520   376.763     5.71   33.87
-183086.751   387.822    29.91   24.57
-182717.054   398.270    28.27   17.03
-182347.428   407.350    24.57   14.93
-181977.875   413.462    16.54   14.57
-181608.393   419.648    16.74   14.13
-181238.982   425.554    15.99   14.26
-180869.643   429.625    11.02   12.70
-180500.376   430.817     3.23   11.04
-180131.180   426.182   -12.56   14.44
-179762.055   411.535   -39.68   22.47
-179393.002   387.325   -65.61   36.32
-179024.021   349.339  -102.96   54.74
-178655.111   307.245  -114.12   63.00
-178286.272   280.747   -71.85   56.97
-177917.504   282.977     6.05   67.48
-177548.807   313.316    82.30   77.56
-177180.182   344.292    84.04   62.27
-176811.628   361.338    46.26   37.97
-176443.145   354.725   -17.95   31.36
-176074.733   347.821   -18.74   32.52
-175706.392   336.058   -31.94   34.99
-175338.121   326.936   -24.77   37.31
-174969.922   325.225    -4.65   33.74
-174601.794   332.813    20.62   31.66
-174233.737   349.639    45.72   36.08
-173865.750   368.420    51.04   31.04
-173497.834   376.021    20.66   25.98
-173129.989   371.514   -12.25   29.38
-172762.215   343.172   -77.07   46.97
-172394.511   299.372  -119.13   65.63
-172026.878   249.679  -135.19   65.81
-171659.315   215.763   -92.28   48.35
-171291.823   194.430   -58.06   18.08
-170924.401   191.058    -9.18   10.64
-170557.050   192.120     2.89    9.40
-170189.769   194.384     6.17   10.50
-169822.559   200.777    17.41   16.23
-169455.419   212.247    31.25   23.78
-169088.349   221.360    24.83   22.66
-168721.350   222.058     1.90   21.78
-168354.420   212.753   -25.36   29.28
-167987.561   193.528   -52.41   33.98
-167620.772   172.878   -56.31   31.47
-167254.053   155.441   -47.56   25.66
-166887.404   139.429   -43.67   19.62
-166520.825   121.993   -47.57   19.24
-166154.316   113.661   -22.74   15.60
-165787.877   111.442    -6.06   12.20
-165421.508   115.384    10.76   12.53
-165055.208   121.596    16.96   11.52
-164688.979   123.683     5.70   12.26
-164322.819   121.445    -6.11   13.66
-163944.736   119.671    -4.69   11.19
-163564.095   119.409    -0.69    9.27
-163183.530   119.497     0.23    8.99
-162803.042   118.931    -1.49    9.23
-162422.629   118.339    -1.56    8.02
-162042.293   117.779    -1.47    6.83
-161662.033   117.850     0.18    6.18
-161281.849   119.763     5.03    6.89
-160901.741   121.901     5.63    6.94
-160521.709   125.000     8.16    6.79
-160141.753   129.016    10.57    4.82
-159761.872   131.316     6.06    4.09
-159382.068   131.861     1.43    4.04
-159002.339   133.637     4.68    5.29
-158622.686   136.721     8.13    7.74
-158243.109   142.634    15.58    8.85
-157863.607   148.058    14.30    6.19
-157484.181   151.750     9.73    4.78
-157104.830   153.361     4.25    4.85
-156725.555   150.895    -6.50    6.94
-156346.356   145.925   -13.11    9.92
-155967.232   141.997   -10.36    8.64
-155588.183   138.507    -9.21    7.56
-155209.209   138.522     0.04    9.21
-154830.311   139.824     3.44   11.23
-154451.488   141.020     3.16   12.47
-154072.741   140.963    -0.15   13.85
-153694.068   141.955     2.62   14.66
-153315.471   140.011    -5.13   15.53
-152936.948   138.238    -4.69   15.84
-152558.501   135.706    -6.69   14.72
-152180.129   132.486    -8.51   10.77
-151801.831   131.314    -3.10    7.01
-151423.609   129.679    -4.32    5.72
-151045.461   130.395     1.89    6.45
-150667.388   132.259     4.93    7.64
-150289.390   137.269    13.26    8.89
-149911.467   143.428    16.30    9.40
-149533.618   149.292    15.52    8.16
-149155.844   150.856     4.14    6.49
-148778.144   147.475    -8.95    8.81
-148400.519   142.500   -13.17    7.91
-148022.969   140.181    -6.14    5.76
-147645.493   142.486     6.11    7.66
-147268.091   148.293    15.39    9.49
-146890.764   152.143    10.20    9.50
-146513.511   155.395     8.62   10.01
-146136.332   155.074    -0.85   10.56
-145759.227   152.554    -6.68   10.77
-145382.197   148.454   -10.88    9.67
-145005.241   145.828    -6.97    7.45
-144628.359   145.102    -1.93    5.31
-144251.551   146.950     4.91    6.39
-143874.817   148.431     3.93    7.63
-143498.157   150.429     5.31    8.72
-143121.571   150.125    -0.81    9.12
-142745.059   149.441    -1.82    8.98
-142368.621   149.140    -0.80    8.30
-141992.256   148.406    -1.95    7.51
-141615.965   147.796    -1.62    7.35
-141239.748   148.566     2.05    8.41
-140863.605   149.067     1.33    9.83
-140487.535   149.497     1.15    9.88
-140111.539   150.146     1.73   10.43
-139735.616   150.202     0.15   10.16
-139359.767   150.611     1.09    8.49
-138983.991   150.226    -1.02    7.31
-138608.289   151.970     4.64    6.46
-138232.660   153.788     4.84    6.42
-137857.105   156.385     6.91    5.79
-137481.622   157.890     4.01    4.57
-137106.213   159.738     4.92    4.86
-136730.877   161.315     4.20    5.48
-136355.615   164.080     7.37    6.43
-135980.425   165.822     4.64    5.56
-135605.309   165.763    -0.16    5.33
-135230.265   165.850     0.23    5.27
-134855.295   165.677    -0.46    4.55
-134480.397   167.395     4.58    5.81
-134105.573   168.372     2.61    6.03
-133730.821   167.717    -1.75    5.92
-133356.142   166.702    -2.71    4.92
-132981.536   165.799    -2.41    4.39
-132607.002   163.592    -5.89    5.17
-132232.542   159.506   -10.91    6.28
-131858.153   156.637    -7.66    5.53
-131483.838   156.878     0.64    7.38
-131109.595   158.470     4.25    9.67
-130735.425   160.395     5.15    9.89
-130361.327   160.824     1.15   10.02
-129987.301   160.339    -1.30    8.56
-129613.348   158.577    -4.71    7.99
-129239.467   156.786    -4.79    7.19
-128865.659   155.431    -3.63    6.36
-128491.923   152.850    -6.91    6.58
-128118.259   150.956    -5.07    8.93
-127744.667   149.247    -4.57    9.76
-127371.148   146.730    -6.74    8.89
-126997.700   145.907    -2.20    7.57
-126624.325   145.772    -0.36    6.38
-126251.022   144.451    -3.54    6.13
-125877.790   141.756    -7.22    6.77
-125504.631   137.520   -11.35    7.33
-125131.543   133.896    -9.72    7.20
-124758.528   131.679    -5.94    5.96
-124385.584   130.453    -3.29    4.60
-124012.712   130.770     0.85    3.72
-123639.911   132.253     3.98    3.54
-123267.183   134.066     4.86    4.23
-122894.526   134.706     1.72    5.15
-122521.940   132.655    -5.51    7.19
-122149.427   129.338    -8.91    8.25
-121776.984   123.993   -14.35    7.98
-121404.613   119.221   -12.82    6.42
-121032.314   118.872    -0.94    5.90
-120660.086   119.819     2.54    5.09
-120287.930   120.936     3.00    4.61
-119915.844   120.777    -0.43    5.24
-119543.830   118.047    -7.34    5.91
-119171.888   113.622   -11.90    8.43
-118800.016   109.085   -12.20    8.70
-118428.216   105.602    -9.37    8.18
-118056.487   103.058    -6.84    7.01
-117684.829   103.189     0.35    7.18
-117313.241   102.813    -1.01    7.55
-116941.725   104.407     4.29    9.63
-116570.280   104.514     0.29    9.68
-116198.906   103.970    -1.46    8.68
-115827.603   103.686    -0.77    7.84
-115456.370    99.591   -11.03    9.18
-115085.208    98.043    -4.17   10.44
-114714.117    96.986    -2.85    9.59
-114343.097    95.336    -4.45    8.93
-113972.148    99.929    12.38    9.63
-113601.269   101.287     3.66    9.92
-113230.460   102.269     2.65    8.73
-112859.723   103.063     2.14    6.28
-112489.055    99.372    -9.96    5.77
-112118.459    98.314    -2.86    6.42
-111747.932    97.867    -1.21    8.47
-111377.476    95.409    -6.64    8.78
-111007.091    94.686    -1.95    7.99
-110636.775    94.372    -0.85    7.18
-110266.530    94.937     1.53    5.53
-109896.356    96.372     3.88    5.26
-109526.251    97.407     2.79    4.86
-109156.217    97.122    -0.77    5.42
-108786.253    96.384    -2.00    5.31
-108416.358    95.477    -2.45    5.29
-108046.534    92.384    -8.36    7.46
-107676.780    88.326   -10.98    8.44
-107307.096    85.111    -8.70    6.76
-106937.482    84.157    -2.58    5.18
-106567.937    85.872     4.64    4.22
-106198.463    87.191     3.57    3.26
-105829.058    87.214     0.06    2.72
-105459.723    87.793     1.57    2.99
-105090.457    87.543    -0.68    3.05
-104721.262    86.986    -1.51    2.90
-104352.136    86.385    -1.63    2.77
-103983.080    83.338    -8.26    5.05
-103614.093    81.243    -5.68    5.48
-103245.176    80.617    -1.70    5.38
-102876.328    80.706     0.24    5.04
-102507.549    82.168     3.97    3.89
-102138.841    82.671     1.37    2.97
-101770.201    83.067     1.07    3.59
-101401.631    84.043     2.65    5.02
-101033.130    85.924     5.11    5.78
-100664.698    87.651     4.69    5.37
-100296.336    88.547     2.43    5.08
 -99928.043    88.009    -1.46    5.32
 -99559.818    87.818    -0.52    4.78
 -99191.663    87.554    -0.72    4.34
 -98823.577    86.360    -3.24    4.13
 -98455.560    86.282    -0.21    4.42
 -98087.612    84.471    -4.92    6.05
 -97719.733    80.430   -10.99    8.87
 -97351.923    76.818    -9.82   10.74
 -96984.182    71.814   -13.61   10.27
 -96616.510    70.806    -2.74   10.08
 -96248.906    72.259     3.95   11.09
 -95881.371    75.293     8.26   10.87
 -95513.905    78.908     9.84    8.33
 -95146.507    76.168    -7.46   11.21
 -94779.178    70.640   -15.05   12.06
 -94411.918    70.177    -1.26   10.15
 -94044.726    70.431     0.69    8.79
 -93677.603    71.464     2.81    6.86
 -93310.548    72.237     2.10    4.50
 -92943.562    69.463    -7.56    4.97
 -92576.644    67.147    -6.31    4.44
 -92209.795    65.591    -4.24    4.87
 -91843.013    64.825    -2.09    5.34
 -91476.301    62.975    -5.05    6.32
 -91109.656    60.772    -6.01    6.07
 -90743.079    59.543    -3.35    5.90
 -90376.571    57.765    -4.85    6.52
 -90010.131    58.591     2.25    6.40
 -89643.759    59.028     1.19    6.01
 -89269.688    59.927     2.40    6.07
 -88889.197    61.694     4.65    4.20
 -88508.780    62.407     1.87    3.48
 -88128.438    62.457     0.13    3.87
 -87748.169    62.733     0.73    3.49
 -87367.975    61.861    -2.29    3.62
 -86987.855    59.062    -7.36    7.08
 -86607.809    55.491    -9.40    9.50
 -86227.837    53.512    -5.21    9.20
 -85847.939    51.252    -5.95   10.30
 -85468.115    48.770    -6.53   10.28
 -85088.365    47.568    -3.17   11.72
 -84708.689    47.514    -0.14   13.00
 -84329.086    46.002    -3.98   12.90
 -83949.557    45.756    -0.65   11.43
 -83570.102    44.999    -2.00    8.43
 -83190.720    44.772    -0.60    6.43
 -82811.412    45.067     0.78    6.25
 -82432.178    45.752     1.81    6.36
 -82053.017    49.314     9.40    6.26
 -81673.930    50.752     3.79    5.18
 -81294.916    47.613    -8.28    7.30
 -80915.975    43.108   -11.89    9.66
 -80537.108    38.395   -12.44    8.25
 -80158.314    34.963    -9.06    6.76
 -79779.594    34.349    -1.62    6.62
 -79400.946    35.914     4.13    7.97
 -79022.372    38.395     6.56    8.03
 -78643.871    40.584     5.78    8.02
 -78265.444    39.756    -2.19    8.06
 -77887.089    36.517    -8.56    7.33
 -77508.807    35.314    -3.18    6.05
 -77130.598    29.336   -15.81    8.16
 -76752.462    20.768   -22.66   13.75
 -76374.399    12.718   -21.29   13.98
 -75996.409     6.679   -15.98   10.29
 -75618.492     2.595   -10.81    2.67
 -75240.647     4.338     4.61    4.52
 -74862.875     5.792     3.85    4.94
 -74485.176     5.947     0.41    5.04
 -74107.550     5.927    -0.05    5.35
 -73729.996     3.954    -5.23    4.95
 -73352.515     4.180     0.60    5.94
 -72975.106     6.972     7.40    6.80
 -72597.769    10.984    10.63    5.89
 -72220.506    13.361     6.30    3.53
 -71843.314    12.279    -2.87    4.72
 -71466.195     9.989    -6.07    5.73
 -71089.148     7.433    -6.78    5.33
 -70712.174     6.361    -2.84    4.71
 -70335.271     6.431     0.19    4.30
 -69958.441     7.637     3.20    4.85
 -69581.683    16.756    24.20   14.83
 -69204.997    28.233    30.47   18.58
 -68828.383    39.384    29.61   16.82
 -68451.842    49.161    25.96   10.51
 -68075.372    52.361     8.50    7.24
 -67698.974    53.216     2.27    5.21
 -67322.648    54.407     3.17    5.21
 -66946.394    55.675     3.37    6.13
 -66570.212    58.729     8.12    5.50
 -66194.101    58.674    -0.15    5.63
 -65818.062    57.444    -3.27    6.66
 -65442.095    54.604    -7.55    7.68
 -65066.200    51.074    -9.39    7.04
 -64690.376    47.896    -8.45    5.42
 -64314.624    45.211    -7.15    2.88
 -63938.943    44.459    -2.00    2.32
 -63563.334    44.549     0.24    3.02
 -63187.796    42.829    -4.58    6.84
 -62812.330    39.291    -9.42   10.28
 -62436.935    35.568    -9.92   10.40
 -62061.611    35.477    -0.24    9.47
 -61686.359    35.472    -0.01    9.54
 -61311.178    37.031     4.16    9.88
 -60936.068    40.022     7.97    8.64
 -60561.029    42.245     5.93    6.14
 -60186.062    43.210     2.57    3.45
 -59811.165    42.947    -0.70    2.57
 -59436.340    41.460    -3.97    2.54
 -59061.585    39.686    -4.73    2.27
 -58686.902    38.641    -2.79    2.26
 -58312.289    37.514    -3.01    2.44
 -57937.747    36.187    -3.54    2.62
 -57563.277    34.736    -3.88    2.59
 -57188.877    34.287    -1.20    2.39
 -56814.547    34.975     1.84    2.78
 -56440.289    34.928    -0.12    3.09
 -56066.101    34.549    -1.01    2.97
 -55691.984    34.535    -0.04    2.76
 -55317.937    34.942     1.09    2.45
 -54943.961    36.110     3.12    2.53
 -54570.056    35.452    -1.76    4.01
 -54196.221    34.535    -2.45    4.77
 -53822.456    33.931    -1.62    4.64
 -53448.762    33.722    -0.56    4.14
 -53075.138    34.587     2.31    4.02
 -52701.585    35.910     3.54    2.64
 -52328.102    34.619    -3.46    3.03
 -51954.689    32.985    -4.38    2.17
 -51581.346    33.861     2.35    2.44
 -51208.074    33.697    -0.44    2.47
 -50834.871    34.303     1.62    2.43
 -50461.739    34.811     1.36    2.67
 -50088.677    34.749    -0.17    2.46
 -49715.685    35.163     1.11    2.70
 -49342.762    33.221    -5.21    4.79
 -48969.910    32.122    -2.95    4.57
 -48597.128    31.499    -1.67    4.02
 -48224.415    31.496    -0.01    3.33
 -47851.772    31.582     0.23    2.88
 -47479.199    30.060    -4.08    3.98
 -47106.696    29.539    -1.40    4.32
 -46734.263    29.922     1.03    4.99
 -46361.899    31.512     4.27    4.97
 -45989.605    33.469     5.26    2.92
 -45617.380    33.477     0.02    2.87
 -45245.225    31.689    -4.80    3.31
 -44873.139    30.721    -2.60    3.37
 -44501.123    30.470    -0.68    3.28
 -44129.176    31.257     2.12    3.14
 -43757.299    32.927     4.49    2.59
 -43385.491    33.896     2.61    2.06
 -43013.753    34.397     1.35    1.49
 -42642.083    34.361    -0.10    1.67
 -42270.483    33.431    -2.50    2.64
 -41898.952    31.067    -6.36    4.05
 -41527.490    28.276    -7.51    5.31
 -41156.098    24.361   -10.54    6.80
 -40784.774    20.119   -11.42    8.01
 -40413.520    17.837    -6.15    7.39
 -40042.334    16.902    -2.52    6.89
 -39671.218    17.384     1.30    7.45
 -39300.170    18.710     3.57    7.95
 -38929.191    20.694     5.35    8.10
 -38558.281    23.016     6.26    6.89
 -38187.440    24.300     3.46    5.11
 -37816.668    23.231    -2.88    5.34
 -37445.964    23.047    -0.50    4.16
 -37075.329    24.125     2.91    2.94
 -36704.763    24.637     1.38    2.76
 -36334.266    24.646     0.02    2.76
 -35963.837    24.653     0.02    2.18
 -35593.476    24.143    -1.38    2.06
 -35223.184    23.763    -1.03    2.11
 -34852.961    22.996    -2.07    1.97
 -34482.806    22.085    -2.46    2.07
 -34112.719    21.961    -0.34    2.19
 -33742.701    21.810    -0.41    2.25
 -33372.751    22.931     3.03    2.75
 -33002.869    23.897     2.61    3.14
 -32633.056    24.325     1.16    3.67
 -32263.310    25.422     2.97    4.28
 -31893.633    25.093    -0.89    4.27
 -31524.024    24.558    -1.45    3.57
 -31154.483    23.303    -3.40    3.62
 -30785.011    22.095    -3.27    4.29
 -30415.606    21.182    -2.47    5.26
 -30046.269    20.803    -1.03    5.88
 -29677.000    20.243    -1.52    5.85
 -29307.799    19.397    -2.29    5.65
 -28938.666    18.326    -2.90    4.79
 -28569.601    18.156    -0.46    5.00
 -28200.603    18.686     1.44    5.26
 -27831.674    18.561    -0.34    5.52
 -27462.812    17.972    -1.59    5.55
 -27094.017    16.908    -2.89    5.10
 -26725.291    15.288    -4.39    3.42
 -26356.632    14.063    -3.32    2.61
 -25988.040    14.088     0.07    2.95
 -25619.516    14.942     2.32    3.60
 -25251.060    15.168     0.61    3.75
 -24882.671    14.419    -2.03    3.84
 -24514.349    12.777    -4.46    3.31
 -24146.095    12.093    -1.86    2.43
 -23777.908    13.410     3.58    4.26
 -23409.788    16.256     7.73    5.68
 -23041.736    19.160     7.89    5.40
 -22673.751    21.763     7.07    4.19
 -22305.833    23.580     4.94    2.47
 -21937.983    24.070     1.33    2.00
 -21570.199    24.243     0.47    1.94
 -21202.483    24.219    -0.06    2.20
 -20834.833    25.011     2.15    2.50
 -20467.251    25.095     0.23    3.16
 -20099.735    25.361     0.72    3.38
 -19732.287    25.780     1.14    4.19
 -19364.905    25.325    -1.24    5.59
 -18997.591    23.035    -6.23    7.68
 -18630.343    20.184    -7.76    8.80
 -18263.162    16.039   -11.29    7.61
 -17896.047    13.058    -8.12    6.18
 -17529.000    11.122    -5.27    4.74
 -17162.019    10.514    -1.66    4.95
 -16795.105     9.922    -1.61    4.72
 -16428.257    10.360     1.19    4.40
 -16061.476    10.916     1.51    4.13
 -15694.762    12.947     5.54    4.63
 -15328.114    14.872     5.25    4.42
 -14961.532    16.914     5.57    3.48
 -14591.149    18.409     4.04    2.12
 -14210.809    19.490     2.84    2.18
 -13830.541    19.721     0.61    2.11
 -13450.346    20.443     1.90    1.70
 -13070.223    21.072     1.66    2.65
 -12690.172    22.015     2.48    3.00
 -12310.193    23.462     3.81    3.04
 -11930.287    23.619     0.41    2.94
 -11550.452    22.360    -3.32    3.04
 -11170.689    21.653    -1.86    2.84
 -10790.998    19.348    -6.07    5.34
 -10411.380    18.617    -1.93    7.23
 -10031.833    18.749     0.35    8.88
  -9652.358    20.302     4.09    8.43
  -9272.954    23.252     7.78    5.89
  -8893.623    24.806     4.10    1.80
  -8514.363    24.809     0.01    1.92
  -8135.175    24.928     0.31    3.44
  -7756.059    23.902    -2.71    5.25
  -7377.014    24.301     1.05    4.40
  -6998.040    25.432     2.98    4.01
  -6619.138    26.533     2.91    4.00
  -6240.308    28.737     5.82    4.42
  -5861.549    30.685     5.14    4.47
  -5482.862    33.372     7.10    3.39
  -5104.245    35.347     5.21    2.65
  -4725.701    36.134     2.08    2.73
  -4347.227    36.885     1.98    2.60
  -3968.825    37.861     2.58    2.45
  -3590.493    38.200     0.90    2.63
  -3212.233    38.202     0.01    2.60
  -2834.044    38.580     1.00    2.79
  -2455.927    38.730     0.40    2.61
  -2077.880    39.202     1.25    3.26
  -1699.904    40.196     2.63    6.09
  -1321.999    31.276   -23.60   17.72
   -944.165    20.577   -28.32   21.33
   -566.402     7.686   -34.12   17.67
   -188.710    -1.218   -23.58    2.19
    188.912    -1.628    -1.08    0.00
    566.462    -1.628     0.00    0.00
    943.942    -0.591     2.74    3.39
   1321.352     2.780     8.93    6.72
   1698.690     7.245    11.83    7.50
   2075.958    12.422    13.72    5.88
   2453.156    15.408     7.92    2.86
   2830.283    16.094     1.82    2.30
   3207.340    15.678    -1.10    2.17
   3584.326    14.335    -3.56    1.51
   3961.241    14.090    -0.65    1.74
   4338.087    14.103     0.03    1.86
   4714.862    13.999    -0.28    1.85
   5091.567    13.448    -1.46    2.16
   5468.201    12.572    -2.33    1.97
   5844.765    12.285    -0.76    1.79
   6221.259    12.738     1.20    2.00
   6597.684    14.129     3.69    2.17
   6974.037    14.965     2.22    2.18
   7350.321    15.632     1.77    2.02
   7726.535    15.299    -0.88    2.32
   8102.679    14.360    -2.50    2.53
   8478.753    13.324    -2.75    2.73
   8854.757    11.662    -4.42    3.70
   9230.691    10.384    -3.40    4.20
   9606.556    10.153    -0.62    4.77
   9982.351    12.641     6.62    6.44
  10358.076    17.012    11.63    7.33
  10733.731    20.637     9.65    6.04
  11109.316    22.156     4.04    5.16
  11484.832    20.031    -5.66    6.19
  11860.279    15.241   -12.76    7.01
  12235.656    11.607    -9.68    6.55
  12610.963     7.951    -9.74    6.15
  12986.201     5.531    -6.45    5.31
  13361.369     5.288    -0.65    5.14
  13736.468     7.261     5.26    7.56
  14111.498     9.196     5.16    8.57
  14486.458    10.385     3.17    8.50
  14861.349     7.023    -8.97    5.83
  15236.171     6.484    -1.44    4.69
  15610.924     9.067     6.89    5.50
  15985.608     9.921     2.28    5.93
  16360.222     9.634    -0.77    6.53
  16734.767     8.410    -3.27    6.38
  17109.244     7.075    -3.57    5.89
  17483.651     5.953    -3.00    4.93
  17857.989     5.219    -1.96    4.83
  18232.259     4.672    -1.46    4.77
  18606.459     5.216     1.45    4.80
  18980.591     6.578     3.64    5.49
  19354.654     7.721     3.06    6.22
  19728.648     9.145     3.81    5.88
  20102.573     9.599     1.21    4.79
  20476.430     8.975    -1.67    4.32
  20850.218     8.902    -0.20    3.83
  21223.937     8.208    -1.86    3.21
  21597.588     7.575    -1.69    2.79
  21971.170     6.866    -1.90    2.90
  22344.684     6.819    -0.12    2.81
  22718.129     6.638    -0.49    2.66
  23091.506     6.206    -1.16    2.26
  23464.814     5.872    -0.89    1.45
  23838.054     5.972     0.27    2.13
  24211.226     7.988     5.40    4.04
  24584.329    10.420     6.52    4.74
  24957.365    12.435     5.40    4.60
  25330.331    12.972     1.44    3.73
  25703.230    12.590    -1.02    3.67
  26076.061    11.515    -2.88    3.26
  26448.823    11.526     0.03    2.27
  26821.518    12.878     3.63    2.31
  27194.144    13.578     1.88    2.20
  27566.703    13.445    -0.36    2.45
  27939.193    13.449     0.01    2.44
  28311.616    12.587    -2.32    3.98
  28683.971    12.039    -1.47    5.17
  29056.258    10.689    -3.63    4.90
  29428.477     9.347    -3.61    4.27
  29800.628     9.596     0.67    3.68
  30172.712    10.398     2.15    2.66
  30544.728    11.011     1.65    2.97
  30916.676    12.424     3.80    3.65
  31288.556    14.794     6.37    3.54
  31660.369    17.891     8.33    3.04
  32032.115    20.537     7.12    3.41
  32403.793    23.257     7.32    3.69
  32775.403    24.204     2.55    2.82
  33146.947    23.122    -2.91    4.45
  33518.422    20.643    -6.67    4.86
  33889.831    17.924    -7.32    3.46
  34261.172    16.849    -2.90    2.01
  34632.445    16.747    -0.27    2.02
  35003.652    16.290    -1.23    1.95
  35374.791    15.471    -2.21    1.93
  35745.863    15.300    -0.46    1.94
  36116.868    16.409     2.99    2.63
  36487.806    17.675     3.41    2.89
  36858.677    19.210     4.14    2.53
  37229.481    20.625     3.82    1.87
  37600.217    21.023     1.07    2.02
  37970.887    22.194     3.16    2.57
  38341.490    23.261     2.88    2.64
  38712.026    23.789     1.42    2.32
  39082.495    24.650     2.32    2.49
  39452.897    24.738     0.24    2.54
  39823.233    24.824     0.23    2.82
  40193.502    25.063     0.65    2.39
  40563.704    24.746    -0.86    1.90
  40933.839    24.848     0.28    1.49
  41303.908    25.165     0.86    1.63
  41673.910    27.131     5.31    4.02
  42043.846    30.206     8.31    5.64
  42413.715    33.750     9.58    5.04
  42783.518    35.830     5.62    3.94
  43153.254    37.336     4.07    2.92
  43522.924    36.933    -1.09    3.41
  43892.527    35.885    -2.84    4.03
  44262.064    36.954     2.89    5.29
  44631.535    38.632     4.54    6.85
  45000.939    42.014     9.16    7.29
  45370.278    46.322    11.66    4.82
  45739.550    47.384     2.88    3.05
  46108.755    47.565     0.49    2.50
  46477.895    46.970    -1.61    3.02
  46846.969    46.270    -1.90    3.08
  47215.976    45.525    -2.02    3.60
  47584.918    45.860     0.91    4.25
  47953.793    46.580     1.95    3.91
  48322.603    47.270     1.87    3.25
  48691.347    45.667    -4.35    3.68
  49060.024    44.187    -4.01    3.45
  49428.636    43.175    -2.75    3.16
  49797.182    43.558     1.04    3.54
  50165.663    45.137     4.29    3.61
  50534.077    45.958     2.23    3.05
  50902.426    46.653     1.89    2.70
  51270.710    47.446     2.15    3.19
  51638.927    49.360     5.20    3.40
  52007.079    50.493     3.08    2.93
  52375.166    52.019     4.15    2.14
  52743.186    52.677     1.79    2.03
  53111.142    54.458     4.84    4.02
  53479.032    56.718     6.14    5.00
  53846.856    60.104     9.21    5.92
  54214.615    62.613     6.82    4.72
  54582.309    64.689     5.64    4.13
  54949.938    65.706     2.77    4.37
  55317.501    66.009     0.82    4.78
  55684.999    66.023     0.04    5.12
  56052.431    64.449    -4.28    4.82
  56419.799    62.200    -6.12    4.36
  56787.101    61.022    -3.21    3.16
  57154.339    61.982     2.62    3.96
  57521.511    63.295     3.58    4.29
  57888.618    63.706     1.12    3.96
  58255.660    64.677     2.65    4.83
  58622.637    65.177     1.36    5.73
  58989.550    65.422     0.67    5.94
  59356.397    67.629     6.02    5.95
  59723.179    68.607     2.67    5.45
  60090.168    68.999     1.07    4.36
  60470.359    69.933     2.46    3.91
  60850.481    69.714    -0.58    5.46
  61230.532    68.629    -2.86    6.38
  61610.513    68.200    -1.13    7.15
  61990.424    66.835    -3.59    7.14
  62370.264    64.432    -6.33    6.39
  62750.035    62.116    -6.10    5.14
  63129.735    61.384    -1.93    4.12
  63509.365    61.360    -0.07    3.66
  63888.925    62.443     2.85    3.68
  64268.415    63.805     3.59    2.68
  64647.835    64.397     1.56    2.27
  65027.185    63.811    -1.54    2.24
  65406.465    63.553    -0.68    2.44
  65785.676    63.702     0.39    2.89
  66164.816    63.287    -1.09    3.56
  66543.887    63.469     0.48    4.03
  66922.888    63.360    -0.29    4.55
  67301.819    62.063    -3.42    4.48
  67680.681    59.718    -6.19    4.50
  68059.473    57.817    -5.02    3.50
  68438.195    55.346    -6.52    3.13
  68816.848    53.384    -5.18    2.78
  69195.431    52.731    -1.72    2.53
  69573.945    53.324     1.57    2.78
  69952.389    53.069    -0.68    2.98
  70330.764    52.813    -0.68    3.04
  70709.070    52.990     0.47    3.31
  71087.306    51.743    -3.30    3.81
  71465.473    50.129    -4.27    4.93
  71843.571    47.872    -5.97    5.57
  72221.600    44.080   -10.03    4.05
  72599.559    42.433    -4.36    3.93
  72977.449    41.360    -2.84    4.62
  73355.270    41.433     0.19    5.07
  73733.023    42.982     4.10    4.82
  74110.706    44.909     5.10    3.59
  74488.320    44.805    -0.28    8.65
  74865.865    40.977   -10.14   14.99
  75243.341    36.796   -11.08   17.44
  75620.748    31.719   -13.45   17.90
  75998.087    27.156   -12.09   16.53
  76375.357    24.526    -6.97   14.25
  76752.558    23.349    -3.12   14.52
  77129.690    25.905     6.78   17.40
  77506.753    30.836    13.08   17.69
  77883.748    37.685    18.17   15.04
  78260.675    43.515    15.47    7.53
  78637.532    44.119     1.60    5.83
  79014.322    46.446     6.17    6.49
  79391.042    50.459    10.65    8.90
  79767.695    53.361     7.70    9.74
  80144.278    57.718    11.57    9.25
  80520.794    61.263     9.41    7.73
  80897.241    63.311     5.44    6.35
  81273.620    62.446    -2.30    6.98
  81649.930    59.714    -7.26    8.32
  82026.172    56.616    -8.23    7.21
  82402.347    52.555   -10.79    3.44
  82778.452    51.805    -2.00    2.92
  83154.490    52.156     0.93    2.59
  83530.460    52.879     1.92    2.76
  83906.362    52.746    -0.35    2.99
  84282.195    51.988    -2.02    3.26
  84657.961    50.360    -4.33    3.89
  85033.659    47.821    -6.76    4.27
  85409.289    46.515    -3.48    4.50
  85784.851    44.988    -4.07    3.48
  86160.345    45.457     1.25    3.45
  86535.771    47.675     5.91    4.66
  86911.130    49.690     5.37    5.42
  87286.421    51.191     4.00    4.57
  87661.644    50.421    -2.05    4.92
  88036.799    47.619    -7.47    4.69
  88411.887    46.730    -2.37    4.26
  88786.908    47.334     1.61    4.89
  89161.860    49.323     5.30    5.32
  89536.746    51.853     6.75    4.07
  89911.564    53.505     4.41    4.04
  90286.314    54.537     2.75    3.72
  90660.997    55.830     3.45    2.25
  91035.613    56.632     2.14    2.81
  91410.161    57.632     2.67    3.64
  91784.642    60.085     6.55    4.39
  92159.056    63.336     8.68    3.56
  92533.403    66.472     8.38    4.98
  92907.682    70.286    10.19    7.28
  93281.895    77.940    20.45   10.76
  93656.040    86.202    22.08   10.49
  94030.118    91.933    15.32    6.74
  94404.129    93.866     5.17    4.27
  94778.074    92.080    -4.78    4.96
  95151.951    89.104    -7.96    4.73
  95525.761    85.872    -8.64    3.99
  95899.505    83.982    -5.06    2.41
  96273.181    84.772     2.11    3.40
  96646.791    86.471     4.55    3.83
  97020.334    90.202     9.99    5.16
  97393.810    95.397    13.91    7.83
  97767.220   100.817    14.51    7.53
  98140.563   103.743     7.84    5.38
  98513.839   105.698     5.24    3.39
  98887.049   104.622    -2.88    2.94
  99260.192   103.277    -3.60    2.71
  99633.268   102.260    -2.73    3.54
 100006.278    99.385    -7.71    4.38
 100379.222    97.960    -3.82    4.27
 100752.099    96.348    -4.32    4.19
 101124.910    95.007    -3.60    3.70
 101497.655    94.610    -1.06    4.54
 101870.333    93.409    -3.22    5.60
 102242.945    93.662     0.68    5.68
 102615.490    94.285     1.67    4.82
 102987.970    92.385    -5.10    4.35
 103360.383    90.660    -4.63    4.04
 103732.730    88.035    -7.05    5.47
 104105.011    87.107    -2.49    6.41
 104477.226    88.119     2.72    7.91
 104849.375    88.575     1.22    8.99
 105221.458    90.212     4.40    8.82
 105593.475    92.638     6.52    8.93
 105965.426    94.861     5.97    7.44
 106337.312    96.879     5.43    4.69
 106709.131    97.660     2.10    5.77
 107080.884    97.697     0.10    6.50
 107452.572    96.999    -1.88    6.90
 107824.194    97.284     0.77    5.41
 108195.751    97.348     0.17    4.12
 108567.241    96.585    -2.05    3.80
 108938.666    96.335    -0.67    4.23
 109310.026    95.043    -3.48    5.37
 109681.319    93.348    -4.56    6.15
 110052.548    92.446    -2.43    7.38
 110423.710    93.347     2.43    9.29
 110794.808    93.484     0.37   10.13
 111165.840    95.811     6.27   11.03
 111536.806    98.607     7.54   12.63
 111907.707   104.051    14.68   14.93
 112278.543   107.210     8.52   16.27
 112649.313   109.782     6.94   16.87
 113020.019   109.014    -2.07   16.22
 113390.659   107.872    -3.08   15.58
 113761.233   106.635    -3.34   15.08
 114131.743   107.459     2.22   16.95
 114502.188   107.848     1.05   19.07
 114872.567   115.064    19.48   22.15
 115242.882   117.324     6.10   23.04
 115613.131   118.132     2.18   23.96
 115983.315   116.484    -4.45   23.91
 116353.435   112.726   -10.15   22.51
 116723.489   108.002   -12.76   20.95
 117093.479   106.842    -3.14   19.64
 117463.404   106.572    -0.73   19.37
 117833.264   109.435     7.74   19.72
 118203.059   111.348     5.17   18.50
 118572.789   109.010    -6.32   18.41
 118942.455   101.519   -20.26   19.71
 119312.056    95.145   -17.24   20.29
 119681.593    89.928   -14.12   19.25
 120051.065    85.765   -11.27   16.94
 120420.472    82.445    -8.99   17.05
 120789.815    76.607   -15.80   18.42
 121159.093    69.435   -19.42   17.25
 121528.307    64.955   -12.13   17.21
 121897.456    62.987    -5.33   17.55
 122266.541    62.515    -1.28   15.82
 122635.561    63.104     1.60   12.32
 123004.518    66.951    10.43   13.07
 123373.409    72.433    14.86   11.36
 123742.237    74.243     4.90    8.82
 124111.000    71.897    -6.36    7.99
 124479.700    74.359     6.68   10.10
 124848.335    79.177    13.07   12.90
 125216.906    84.269    13.81   11.84
 125585.412    85.521     3.40    9.44
 125953.855    82.642    -7.81    9.75
 126322.234    77.360   -14.34    7.11
 126690.549    75.424    -5.26    5.33
 127058.799    75.607     0.50    5.53
 127426.986    75.993     1.05    6.65
 127795.109    77.445     3.94    7.47
 128163.168    77.260    -0.50    7.91
 128531.163    76.822    -1.19    7.15
 128899.095    75.060    -4.79    5.66
 129266.962    73.129    -5.25    5.01
 129634.766    72.879    -0.68    4.05
 130002.507    70.619    -6.14    5.62
 130370.183    67.410    -8.73    7.01
 130737.796    63.072   -11.80   10.33
 131105.345    61.568    -4.09   10.71
 131472.831    60.714    -2.32   10.12
 131840.253    61.150     1.19   11.65
 132207.612    61.929     2.12   12.12
 132574.907    59.521    -6.56   12.86
 132942.139    53.436   -16.57   14.69
 133309.308    52.252    -3.22   14.21
 133676.413    50.269    -5.40   13.85
 134043.454    48.064    -6.01   13.16
 134410.433    46.886    -3.21   14.44
 134777.348    44.792    -5.70   12.91
 135154.338    38.924   -15.56   10.73
 135534.318    33.829   -13.41    8.27
 135914.230    33.385    -1.17    7.89
 136294.073    35.922     6.68    8.79
 136673.848    42.285    16.75   10.17
 137053.554    47.755    14.40    9.35
 137433.192    52.977    13.75    9.00
 137812.762    58.485    14.51    8.14
 138192.263    60.997     6.62    7.53
 138571.696    62.113     2.94    5.44
 138951.062    61.722    -1.03    4.28
 139330.359    60.450    -3.35    3.76
 139709.587    62.385     5.10    5.63
 140088.748    66.649    11.24    7.70
 140467.841    70.592    10.40    8.81
 140846.866    76.333    15.15    9.56
 141225.823    78.726     6.31    9.91
 141604.712    80.398     4.41    8.59
 141983.533    82.635     5.90    5.20
 142362.286    81.647    -2.61    4.97
 142740.972    81.545    -0.27    6.10
 143119.590    80.545    -2.64    5.79
 143498.140    81.829     3.39    6.99
 143876.622    83.990     5.71    7.26
 144255.036    81.321    -7.05    9.19
 144633.384    78.805    -6.65    9.71
 145011.663    76.719    -5.51    8.23
 145389.875    76.510    -0.55    7.25
 145768.019    77.557     2.77    7.54
 146146.096    73.189   -11.55    7.14
 146524.106    71.159    -5.37    5.71
 146902.048    72.433     3.37    6.66
 147279.923    75.018     6.84    6.62
 147657.730    75.693     1.79    6.21
 148035.470    74.929    -2.02    6.24
 148413.143    74.672    -0.68    6.40
 148790.749    73.797    -2.32    5.94
 149168.287    73.842     0.12    5.38
 149545.758    75.693     4.91    5.45
 149923.163    76.397     1.87    6.80
 150300.500    77.997     4.24    6.93
 150677.770    79.524     4.05    7.06
 151054.973    80.298     2.05    6.33
 151432.109    82.031     4.59    7.04
 151809.178    84.641     6.92    8.60
 152186.180    86.799     5.72   10.30
 152563.116    87.940     3.03   11.11
 152939.985    87.741    -0.53   11.20
 153316.786    89.088     3.58   10.24
 153693.521    92.931    10.20   13.18
 154070.190    99.629    17.78   15.41
 154446.791   104.193    12.12   13.98
 154823.326   102.928    -3.36   12.75
 155199.795    99.372    -9.44   10.97
 155576.197    94.780   -12.20   10.91
 155952.532    92.785    -5.30   11.54
 156328.801    91.985    -2.13   10.60
 156705.003    91.706    -0.74    8.56
 157081.139    95.249     9.42    6.35
 157457.208    99.101    10.24    6.14
 157833.211   102.150     8.11    8.22
 158209.148   103.772     4.31    9.09
 158585.019   102.475    -3.45    8.76
 158960.823    98.222   -11.31    9.31
 159336.561    98.638     1.11   11.64
 159712.233    99.055     1.11   14.96
 160087.838    99.334     0.74   17.00
 160463.378    95.822    -9.35   17.48
 160838.851    87.306   -22.68   11.88
 161214.259    82.714   -12.23    7.64
 161589.600    79.267    -9.18    5.08
 161964.876    76.903    -6.30    5.61
 162340.085    76.172    -1.95    5.75
 162715.229    76.533     0.96    5.15
 163090.306    77.146     1.63    4.40
 163465.318    78.263     2.98    5.49
 163840.264    78.320     0.15    5.72
 164215.145    77.446    -2.33    4.92
 164589.959    76.744    -1.87    4.31
 164964.708    75.810    -2.49    4.81
 165339.391    75.647    -0.43    4.79
 165714.009    75.459    -0.50    4.69
 166088.561    74.891    -1.51    3.87
 166463.047    76.150     3.36    3.36
 166837.468    77.069     2.45    2.92
 167211.824    77.210     0.38    2.51
 167586.113    78.459     3.34    4.21
 167960.338    79.644     3.17    5.26
 168334.497    80.718     2.87    5.64
 168708.591    82.101     3.70    5.75
 169082.619    83.702     4.28    4.50
 169456.583    82.808    -2.39    5.12
 169830.480    79.535    -8.75    7.60
 170204.313    72.797   -18.02    9.74
 170578.081    65.014   -20.82   11.65
 170951.783    59.081   -15.87    9.76
 171325.420    57.235    -4.94    8.05
 171698.993    59.667     6.51    9.15
 172072.500    64.110    11.89   10.83
 172445.942    67.183     8.23   11.00
 172819.319    71.150    10.62    8.94
 173192.631    74.254     8.31    6.41
 173565.878    75.922     4.47    5.63
 173939.061    77.165     3.33    4.40
 174312.178    76.568    -1.60    4.10
 174685.231    75.087    -3.97    4.13
 175058.219    74.297    -2.12    4.42
 175431.143    73.710    -1.57    4.54
 175804.001    74.560     2.28    4.99
 176176.795    77.251     7.22    6.82
 176549.524    81.076    10.26    7.10
 176922.189    84.814    10.03    5.29
 177294.789    85.496     1.83    5.33
 177667.325    82.778    -7.30    6.94
 178039.796    77.372   -14.51    8.70
 178412.202    71.872   -14.77    8.01
 178784.544    67.274   -12.35    5.71
 179156.822    64.593    -7.20    3.53
 179529.035    63.002    -4.27    3.86
 179901.185    62.710    -0.78    3.82
 180273.269    62.222    -1.31    4.58
 180645.290    61.953    -0.72    4.56
 181017.246    60.854    -2.96    4.65
 181389.138    59.267    -4.27    3.64
 181760.966    58.854    -1.11    4.04
 182132.730    58.156    -1.88    4.54
 182504.429    57.972    -0.49    5.63
 182876.065    58.562     1.59    6.56
 183247.636    61.126     6.90    7.64
 183619.144    65.109    10.72    7.94
 183990.588    66.335     3.30    7.26
 184361.967    68.629     6.18    6.26
 184733.283    69.672     2.81    5.49
 185104.535    68.953    -1.94    5.85
 185475.723    67.958    -2.68    6.26
 185846.847    66.491    -3.95    5.06
 186217.908    66.297    -0.52    4.61
 186588.905    64.210    -5.62    6.64
 186959.838    60.522    -9.94    7.96
 187330.707    55.772   -12.81    6.76
 187701.513    53.104    -7.19    4.48
 188072.255    52.622    -1.30    3.61
 188442.933    53.447     2.23    4.07
 188813.549    54.805     3.66    3.64
 189184.100    55.977     3.16    4.79
 189554.588    58.719     7.40    6.85
 189925.013    62.660    10.64    7.79
 190295.374    65.188     6.83    7.56
 190665.672    66.043     2.31    5.96
 191035.906    65.732    -0.84    5.72
 191406.078    64.805    -2.51    4.65
 191776.186    65.307     1.36    4.15
 192146.230    66.610     3.52    4.45
 192516.212    67.807     3.23    4.18
 192886.130    66.996    -2.19    3.92
 193255.985    65.859    -3.07    3.74
 193625.777    65.597    -0.71    2.61
 193995.506    66.412     2.20    2.84
 194365.172    67.409     2.70    3.34
 194734.775    68.778     3.70    3.89
 195104.315    70.005     3.32    4.54
 195473.792    70.688     1.85    4.98
 195843.206    71.767     2.92    5.93
 196212.558    73.479     4.63    6.15
 196581.846    75.960     6.72    5.69
 196951.072    78.306     6.35    3.81
 197320.234    79.085     2.11    3.75
 197689.334    80.154     2.90    4.11
 198058.372    81.735     4.28    4.86
 198427.346    83.478     4.72    4.97
 198796.258    85.210     4.69    4.60
 199165.107    86.385     3.19    3.42
 199533.894    87.185     2.17    2.58
 199902.618    88.170     2.67    3.27
 200271.280    89.524     3.67    4.82
 200639.879    91.565     5.53    6.28
 201008.416    95.285    10.09    7.22
 201376.890    99.866    12.43    9.39
 201745.302   106.834    18.91   11.96
 202113.651   115.222    22.77   14.69
 202481.939   126.348    30.20   14.14
 202850.163   135.472    24.78   13.23
 203218.326   145.246    26.54   12.03
 203586.426   152.193    18.87   10.83
 203954.464   160.795    23.37   11.35
 204322.440   168.497    20.93   10.17
 204690.354   174.672    16.78    9.25
 205058.206   180.110    14.78    8.33
 205425.995   184.808    12.77    7.25
 205793.723   188.847    10.98    6.59
 206161.389   192.126     8.91    5.48
 206528.992   193.904     4.84    4.32
 206896.534   193.005    -2.44    4.41
 207264.013   191.372    -4.44    4.73
 207631.431   188.146    -8.78    5.08
 207998.787   184.323   -10.40    5.77
 208366.081   180.035   -11.67    5.97
 208733.314   174.274   -15.68    7.12
 209100.484   169.899   -11.91    5.79
 209467.593   166.593    -9.00    5.35
 209841.397   164.083    -6.71    5.26
 210221.236   161.409    -7.04    6.70
 210601.009   157.557   -10.14    6.48
 210980.716   155.497    -5.42    5.91
 211360.355   155.710     0.56    5.63
 211739.929   158.284     6.78    5.46
 212119.435   161.767     9.18    6.77
 212498.876   165.285     9.27    8.55
 212878.249   171.499    16.38    9.94
 213257.557   176.801    13.98    9.40
 213636.798   179.260     6.48    8.74
 214015.973   178.546    -1.88    7.63
 214395.081   174.672   -10.22    6.64
 214774.123   169.264   -14.27    6.04
 215153.099   166.347    -7.70    7.18
 215532.009   163.162    -8.41    7.50
 215910.852   160.185    -7.86    8.81
 216289.630   157.463    -7.18    9.88
 216668.341   156.937    -1.39    9.30
 217046.987   157.872     2.47    7.63
 217425.566   158.842     2.56    6.84
 217804.079   156.423    -6.39    7.04
 218182.527   152.541   -10.26    6.48
 218560.908   148.072   -11.81    3.86
 218939.224   145.719    -6.22    4.29
 219317.474   142.866    -7.54    5.69
 219695.658   139.570    -8.71    5.56
 220073.776   137.892    -4.44    4.28
 220451.828   137.953     0.16    4.62
 220829.815   139.760     4.78    4.55
 221207.736   141.320     4.13    4.34
 221585.592   143.472     5.70    5.20
 221963.382   149.693    16.46    7.82
 222341.106   152.260     6.79   10.37
 222718.765   149.681    -6.83   13.34
 223096.358   143.847   -15.45   13.80
 223473.886   138.219   -14.91   10.55
 223851.348   141.834     9.58   13.97
 224228.745   151.460    25.50   16.92
 224606.077   161.346    26.20   15.91
 224983.343   167.600    16.57   11.76
 225360.544   169.991     6.34   12.77
 225737.680   168.710    -3.40   14.27
 226114.750   166.291    -6.41   14.98
 226491.756   163.222    -8.14   13.93
 226868.696   159.710    -9.32   11.62
 227245.571   159.448    -0.69    9.46
 227622.381   159.116    -0.88    8.01
 227999.126   157.879    -3.28    8.50
 228375.806   156.588    -3.43    8.21
 228752.420   156.475    -0.30    8.08
 229128.970   159.543     8.15    7.65
 229505.455   164.807    13.98    6.85
 229881.876   166.616     4.81    5.95
 230258.231   166.103    -1.36    7.13
 230634.521   164.847    -3.34    8.70
 231010.747   162.334    -6.68    8.90
 231386.908   162.689     0.94    7.30
 231763.004   163.506     2.17    5.74
 232139.036   162.372    -3.01    6.23
 232515.003   160.481    -5.03    6.28
 232890.905   157.735    -7.30    8.53
 233266.743   155.741    -5.30   10.58
 233642.516   153.243    -6.65   11.98
 234018.225   153.008    -0.63   12.87
 234393.869   154.635     4.33   13.52
 234769.449   157.530     7.71   14.18
 235144.964   165.735    21.84   12.72
 235520.415   172.478    17.96    6.77
 235895.801   173.680     3.20    5.10
 236271.124   172.891    -2.10    4.90
 236646.382   169.005   -10.35    7.23
 237021.575   162.580   -17.12    9.32
 237396.705   156.165   -17.10    9.32
 237771.770   147.360   -23.47    8.61
 238146.772   140.944   -17.11    8.32
 238521.709   136.528   -11.77    6.97
 238896.582   134.360    -5.78    5.72
 239271.391   135.757     3.73    5.57
 239646.136   138.502     7.32    4.45
 240020.817   140.372     4.99    4.45
 240395.434   142.149     4.74    4.71
 240769.987   143.347     3.20    4.70
 241144.476   141.372    -5.27    7.56
 241518.901   137.398   -10.61    9.02
 241893.263   134.372    -8.08    8.08
 242267.561   133.372    -2.67    7.10
 242641.795   132.562    -2.17    6.95
 243015.965   133.064     1.34    7.94
 243390.072   134.085     2.73   10.52
 243764.114   138.135    10.83   11.58
 244138.094   143.062    13.17    9.54
 244512.010   142.872    -0.51    9.52
 244885.862   138.322   -12.17   11.35
 245259.650   132.719   -14.99   11.99
 245633.376   130.175    -6.80   10.97
 246007.037   131.322     3.07   10.23
 246380.636   135.022     9.90    9.14
 246754.171   135.917     2.40    7.76
 247127.642   133.257    -7.12    6.64
 247501.050   131.060    -5.88    6.23
 247874.395   128.910    -5.76    4.43
 248247.677   127.988    -2.47    3.26
 248620.896   127.801    -0.50    1.83
 248994.051   128.662     2.31    3.25
 249367.143   131.334     7.16    5.74
 249740.172   133.983     7.10    6.71
 250113.138   136.706     7.30    6.10
 250486.041   140.910    11.27    5.21
 250858.880   142.777     5.01    4.93
 251231.657   141.949    -2.22    5.47
 251604.371   140.107    -4.94    5.98
 251977.022   137.103    -8.06    5.30
 252349.610   135.524    -4.24    4.03
 252722.135   137.307     4.78    6.01
 253094.597   140.026     7.30    6.05
 253466.996   141.689     4.46    4.99
 253839.333   142.031     0.92    4.54
 254211.607   140.186    -4.95    4.04
 254583.818   138.422    -4.74    3.25
 254955.967   138.546     0.33    3.13
 255328.052   138.197    -0.94    3.67
 255700.076   138.307     0.29    4.11
 256072.036   138.731     1.14    4.26
 256443.934   138.398    -0.90    4.96
 256815.770   138.528     0.35    4.62
 257187.543   137.710    -2.20    4.29
 257559.254   138.484     2.08    4.35
 257930.902   138.605     0.33    3.99
 258302.488   139.872     3.41    4.36
 258674.011   141.751     5.05    3.91
 259045.472   143.013     3.40    3.28
 259416.871   143.359     0.93    3.00
 259788.208   141.256    -5.66    3.84
 260159.482   139.575    -4.53    3.66
 260530.694   139.722     0.40    3.67
 260901.844   138.456    -3.41    4.64
 261272.932   138.847     1.06    4.53
 261643.958   138.521    -0.88    4.30
 262014.921   138.524     0.01    4.15
 262385.823   139.304     2.10    3.40
 262756.662   139.528     0.60    3.67
 263127.440   140.345     2.20    3.36
 263498.156   140.685     0.92    3.80
 263868.809   140.197    -1.32    4.28
 264239.401   137.660    -6.84    6.69
 264609.931   135.102    -6.90    7.19
 264980.399   131.760    -9.02    7.31
 265350.805   128.660    -8.37    8.16
 265721.150   124.892   -10.17    8.03
 266091.433   121.386    -9.47    5.80
 266461.654   120.910    -1.29    5.20
 266831.813   120.926     0.04    4.95
 267201.911   121.422     1.34    5.18
 267571.947   122.153     1.97    5.49
 267941.922   123.085     2.52    5.73
 268311.835   124.345     3.41    5.62
 268681.687   124.074    -0.73    5.74
 269051.477   123.553    -1.41    5.08
 269421.205   122.517    -2.80    4.32
 269790.873   121.508    -2.73    3.31
 270160.479   121.472    -0.10    4.06
 270530.023   121.109    -0.98    4.17
 270899.506   120.247    -2.33    4.43
 271268.928   120.589     0.92    5.44
 271638.289   121.320     1.98    6.44
 272007.588   122.197     2.37    6.97
 272376.826   124.775     6.98    7.53
 272746.003   126.521     4.73    7.23
 273115.119   125.897    -1.69    7.66
 273484.173   125.386    -1.39    8.28
 273853.167   121.897    -9.45    8.54
 274222.100   118.481    -9.26    6.81
 274590.971   118.372    -0.29    5.33
 274959.782   119.048     1.83    4.30
 275328.531   119.944     2.43    4.46
 275697.220   121.075     3.07    4.38
 276065.848   121.539     1.26    4.24
 276434.415   122.439     2.44    4.10
 276802.921   122.635     0.53    3.77
 277171.366   121.492    -3.10    3.95
 277539.750   117.879    -9.81    6.80
 277908.074   112.267   -15.23    9.31
 278276.337   104.821   -20.21   10.56
 278644.539    99.445   -14.60    9.16
 279012.681    95.435   -10.89    7.08
