# NaN NaN NaN ;Mean Elev.(m), Avg Gradient(m/km), RMS Gradient(m/km) - SRTM1     
#  -15.124  -4.906  10.448 ;Mean Elev.(m), Avg Gradient(m/km), RMS Gradient(m/km) - ASTER GDEM
#    1.196  -4.847  10.083 ;Mean Elev.(m), Avg Gradient(m/km), RMS Gradient(m/km) - GMTED2010 
  7  88.057701  65.653658    43.621    44.298  7 52449.22571114  9.803
  8  88.052993  65.648365    72.542    73.177 10 52484.22569897  4.223
  9  88.052091  65.650293    72.873    73.028 11 52519.22565989  7.737
 10  88.051586  65.635970    77.545    78.928  9 52554.22571325  1.904
 11  88.052020  65.644134    18.363    18.121  8 52589.22569619 32.545
 12  88.044397  65.640781    24.266    25.324  6 52624.22564010 10.778
 13  88.044056  65.630625    13.692    11.631  3 52659.22566700 10.469
 15  88.062605  65.646946    11.151    11.047  3 52729.22567960  7.630
 16  88.057459  65.668226    66.648    66.452 16 52764.22568737  7.171
 17  88.050335  65.620583    88.965    89.253 10 52799.22567687 10.031
 18  88.057044  65.629391    56.036    63.813  3 52834.22574437 11.836
 19  88.053809  65.633426     6.848     6.909  8 52869.22578582 38.786
 20  88.050969  65.643471    75.123    74.594 10 52904.22579261  5.650
 21  88.060283  65.666626    53.555    52.271  9 52939.22572333  6.801
 22  88.044257  65.627467     8.881     6.840  5 52974.22577070 15.318
 23  88.063190  65.658044    49.734    64.424  5 53009.22577122  2.512
 24  88.040569  65.619557    32.506    17.829  3 53044.22573813  4.883
 25  88.063539  65.661108    69.815    69.400  4 53079.22576377  1.439
 26  88.038660  65.620521    24.914    24.914  2 53114.22574219  3.720
 27  88.049766  65.640184    17.791    19.453  9 53149.22578403 24.562
 28  88.053945  65.633758    68.325    67.632  4 53184.22577994  5.533
 29  88.054536  65.645922    43.002    41.202  8 53219.22580278  6.536
 30  88.037761  65.643832     6.843     6.843  2 53254.22578090 47.378
 31  88.054967  65.637301    76.861    76.977  8 53289.22578695  2.640
 32  88.053001  65.636978    68.880    72.692  9 53324.22576257  4.356
 33  88.044486  65.637762    20.791    18.032  6 53359.22572473  7.972
 34  88.042429  65.620819    14.077    14.713  6 53394.22574497  9.782
 35  88.053336  65.647070    47.254    47.350  6 53429.22573362  3.532
 36  88.059695  65.633508    80.419    80.451  4 53464.22575917  1.662
 37  88.044531  65.638705    11.342    11.307  6 53499.22582467 21.378
 38  88.051787  65.641750    75.592    75.581 10 53534.22580884  8.713
 39  88.057287  65.655262    63.953    64.490  7 53569.22582099  4.085
 41  88.048608  65.628745    78.037    77.778  6 53639.22577117  3.818
 42  88.047283  65.639075    50.605    44.067  7 53674.22578960  9.105
 43  88.040060  65.635355    16.020    18.392  3 53709.22572123  9.366
 44  88.048025  65.653966    28.704    17.461  4 53744.22562771  8.846
 45  88.049261  65.631654    41.855    29.648  3 53779.22566090  3.287
 46  88.057509  65.661781    67.921    67.911  8 53814.22562788  1.462
 47  88.041021  65.622534    23.633    22.046  4 53849.22569571  5.606
 49  88.052728  65.649326    70.298    71.397 10 53919.22577081  4.135
 50  88.054485  65.653789    56.277    60.522  9 53954.22577090  4.356
 52  88.042811  65.619466    35.619    26.838  5 54024.22575910 15.567
 53  88.040645  65.621108    14.496    14.759  4 54059.22575186 13.502
 55  88.038247  65.610501    23.091    17.902  3 54129.22567255  5.401
 56  88.056677  65.651188    53.630    71.080  3 54164.22569432  2.180
 58  88.048647  65.631801    21.297    21.271  6 54234.22571183 26.640
 59  88.052634  65.641075    77.981    78.118  9 54269.22572962 10.053
 60  88.055924  65.642957    74.924    75.536  8 54304.22573262  3.535
 61  88.053028  65.646531    74.018    74.501 10 54339.22571620  5.657
 62  88.054169  65.635881    78.324    78.447  8 54374.22566772  3.097
 63  88.051769  65.642538    13.261     9.100  9 54409.22566294 18.809
 65  88.044960  65.632237    20.137    16.470  5 54479.22565507  9.195
 66  88.040739  65.614473    14.160    12.525  5 54514.22564873  9.615
 67  88.061681  65.656501    72.456    72.627  6 54549.22566369  1.725
 69  88.053658  65.640622    74.634    75.882  9 54619.22565917 10.824
 70  88.052716  65.643128    76.795    76.880  9 54654.22567004  5.975
 71  88.055072  65.649124    73.906    74.019 10 54689.22565654  4.118
 72  88.059046  65.633527    75.003    73.093  5 54724.22562040  7.232
 73  88.049597  65.640977    14.609    13.825  9 54759.22563446 42.960
 74  88.045512  65.619716    21.025    16.481  8 54794.22561681 25.735
 75  88.061909  65.648720    75.997    76.363  4 54829.22563165  1.422
 76  88.041101  65.617689    20.786    22.896  5 54864.22561170  8.162
 77  88.060478  65.654716    56.432    64.384  6 54899.22563034  2.281
 78  88.062337  65.643741    78.327    78.327  2 54934.22559970  0.616
 79  88.050857  65.637473    14.146    14.166  8 54969.22563474 25.393
 80  88.052571  65.643239    57.599    57.159 10 55004.22565357 12.059
 81  88.053393  65.641071    51.103    63.352  3 55039.22564107  3.893
 82  88.060774  65.656358    63.981    63.192  5 55074.22562210  3.802
 83  88.050894  65.629675    85.264    85.796  9 55109.22557573  6.004
 85  88.046867  65.619279    11.871    11.100  8 55179.22555194 13.800
 86  88.046036  65.636503    18.638    13.629  6 55214.22557298 12.674
 87  88.042516  65.620936    18.463    15.100  5 55249.22555053  7.821
 88  88.059118  65.654285    72.208    72.298  7 55284.22556314  2.774
 89  88.047026  65.637687     8.723     8.570  6 55319.22553769  7.927
 90  88.051157  65.642803    77.068    76.961 10 55354.22553860 12.448
 91  88.048515  65.628526    79.423    79.922  5 55389.22553981  2.931
 92  88.058998  65.647160    74.316    74.322  6 55424.22555482  2.547
 93  88.052243  65.648072    72.195    73.321 11 55459.22552543  7.783
