# NaN NaN NaN ;Mean Elev.(m), Avg Gradient(m/km), RMS Gradient(m/km) - SRTM1     
#   29.768  -9.496  19.276 ;Mean Elev.(m), Avg Gradient(m/km), RMS Gradient(m/km) - ASTER GDEM
#   47.391  -9.330  18.942 ;Mean Elev.(m), Avg Gradient(m/km), RMS Gradient(m/km) - GMTED2010 
  8    43.562 52488.20880870 18.45  90.077920  60.355777  6.125
  8    43.732 52488.20880935 17.67  90.075683  60.352609 19.878
  8    49.990 52488.20881064 15.93  90.071203  60.346279 19.878
  8    44.073 52488.20881128 23.94  90.068973  60.343109 19.878
  8    49.118 52488.20881773 21.19  90.046643  60.311449 19.878
  8    44.387 52488.20881966 29.56  90.039953  60.301949 19.878
  9    32.829 52523.20878224 19.25  90.070430  60.356105  4.085
  9    35.196 52523.20878288 18.70  90.068190  60.352935  4.085
  9    44.383 52523.20879062 38.34  90.041395  60.314933 19.370
  9    44.141 52523.20879126 27.72  90.039165  60.311763 19.370
  9    43.970 52523.20879191 26.83  90.036935  60.308603 19.370
  9    44.094 52523.20879255 26.48  90.034705  60.305433 19.370
  9    44.218 52523.20879320 24.33  90.032475  60.302263 19.370
 10    45.736 52558.20883196 28.92  90.081117  60.357991  7.594
 10    46.216 52558.20883261 27.76  90.078877  60.354831  7.594
 10    46.122 52558.20883325 28.99  90.076637  60.351661  7.594
 10    46.006 52558.20883389 27.83  90.074407  60.348491  7.594
 10    45.681 52558.20883454 27.97  90.072167  60.345331  7.594
 11    42.137 52593.20883127 35.56  90.073570  60.358466 21.002
 11    42.288 52593.20883192 38.61  90.071330  60.355296 21.002
 11    42.372 52593.20883256 38.43  90.069101  60.352130 27.214
 11    42.543 52593.20883321 41.65  90.066861  60.348970 27.214
 11    42.582 52593.20883385 45.82  90.064621  60.345800 27.214
 11    42.645 52593.20883450 47.87  90.062391  60.342630 27.214
 11    43.022 52593.20884030 38.42  90.042291  60.314130 27.214
 11    42.994 52593.20884094 36.66  90.040061  60.310970 27.214
 11    42.918 52593.20884159 41.48  90.037831  60.307800 27.214
 11    42.932 52593.20884223 42.73  90.035601  60.304630 27.214
 11    42.772 52593.20884288 32.06  90.033371  60.301470 27.214
 12    48.529 52628.20875318 20.15  90.097979  60.359080  6.505
 12    48.583 52628.20875382 20.99  90.095739  60.355920  6.505
 12    48.559 52628.20875447 21.71  90.093499  60.352750  6.505
 12    48.767 52628.20875511 19.92  90.091259  60.349580  6.505
 12    49.397 52628.20875576 18.53  90.089019  60.346420  6.505
 12    49.215 52628.20876349 16.63  90.062207  60.308420 13.312
 12    49.184 52628.20876414 18.03  90.059977  60.305260 13.312
 12    48.994 52628.20876478 19.82  90.057747  60.302090 13.312
 12    49.266 52628.20876543 17.34  90.055507  60.298920 13.312
 13    48.628 52663.20879339 11.13  90.078093  60.358555  5.064
 13    51.718 52663.20879403 11.33  90.075853  60.355395  5.064
 13    48.563 52663.20879468 12.46  90.073623  60.352225  5.064
 13    49.428 52663.20879532 12.75  90.071380  60.349058  3.623
 13    49.800 52663.20879597 12.51  90.069150  60.345898  3.623
 13    52.369 52663.20879661 11.32  90.066910  60.342728  3.623
 13    62.115 52663.20880306 11.22  90.044580  60.311058  3.623
 13    62.370 52663.20880370 10.63  90.042350  60.307898  3.623
 13    55.817 52663.20880435 10.80  90.040120  60.304728  3.623
 13    62.752 52663.20880499 10.93  90.037890  60.301558  3.623
 14    47.943 52698.20876863 14.38  90.096847  60.357760  5.426
 14    48.143 52698.20876928 14.63  90.094607  60.354590  5.426
 14    48.320 52698.20876992 15.00  90.092364  60.351428  5.120
 14    49.183 52698.20877057 14.69  90.090124  60.348258  5.120
 14    48.350 52698.20877895 15.32  90.061074  60.307098  5.120
 14    48.648 52698.20877959 14.37  90.058844  60.303928  5.120
 14    48.682 52698.20878024 15.31  90.056604  60.300768  5.120
 14    48.918 52698.20878088 15.64  90.054374  60.297598  5.120
 15    47.279 52733.20878931 22.48  90.087734  60.359908  6.223
 15    47.353 52733.20878995 24.21  90.085494  60.356748  6.223
 15    47.286 52733.20879060 23.19  90.083264  60.353578  6.223
 15    46.952 52733.20879124 22.71  90.081024  60.350408  6.223
 15    46.809 52733.20879189 20.79  90.078784  60.347248  6.223
 15    48.805 52733.20879962 18.84  90.051985  60.309250  5.139
 15    48.577 52733.20880027 16.78  90.049755  60.306080  5.139
 15    48.564 52733.20880091 18.69  90.047525  60.302910  5.139
 15    48.268 52733.20880156 22.50  90.045295  60.299750  5.139
 16    49.820 52768.20880064 37.10  90.053987  60.341354 14.534
 16    50.247 52768.20880580 35.77  90.036123  60.316029 29.551
 16    50.230 52768.20880645 42.31  90.033893  60.312859 29.551
 16    50.225 52768.20880709 41.54  90.031663  60.309689 29.551
 16    50.215 52768.20880774 35.46  90.029433  60.306519 29.551
 17    46.621 52803.20881506 27.34  90.091886  60.357358 11.960
 17    46.039 52803.20881571 28.73  90.089646  60.354188 11.960
 17    46.100 52803.20882538 28.16  90.056116  60.306698 11.960
 17    46.253 52803.20882602 26.11  90.053886  60.303528 11.960
 17    46.160 52803.20882667 28.65  90.051656  60.300358 11.960
 17    46.433 52803.20882731 39.52  90.049426  60.297198 11.960
 18    45.796 52838.20887905 37.57  90.088904  60.357060 15.051
 18    46.240 52838.20887970 34.82  90.086668  60.353897 21.144
 18    44.755 52838.20888034 32.16  90.084428  60.350727 21.144
 18    44.701 52838.20888098 29.56  90.082188  60.347567 21.144
 18    43.871 52838.20888872 42.08  90.055378  60.309567 21.144
 18    43.893 52838.20888937 42.43  90.053148  60.306397 21.144
 18    43.894 52838.20889001 39.42  90.050918  60.303237 21.144
 18    43.658 52838.20889065 36.32  90.048688  60.300067 21.144
 19    43.626 52873.20891877 35.08  90.086003  60.358978  8.433
 19    43.756 52873.20891942 38.00  90.083771  60.355813 18.759
 19    43.737 52873.20892006 37.81  90.081531  60.352643 18.759
 19    43.684 52873.20892071 36.79  90.079291  60.349483 18.759
 19    43.690 52873.20892135 36.05  90.077061  60.346313 18.759
 19    44.466 52873.20892909 34.58  90.050251  60.308313 18.759
 19    44.256 52873.20892973 36.16  90.048021  60.305153 18.759
 19    44.411 52873.20893038 42.83  90.045791  60.301983 18.759
 19    44.397 52873.20893102 50.46  90.043561  60.298813 18.759
 20    44.808 52908.20890255 37.35  90.080513  60.359116 13.785
 20    45.119 52908.20890320 39.70  90.078283  60.355946 13.785
 20    44.899 52908.20890384 44.16  90.076043  60.352776 13.785
 20    45.070 52908.20890449 44.46  90.073803  60.349616 13.785
 20    45.154 52908.20890513 41.70  90.071573  60.346446 13.785
 20    45.484 52908.20890577 42.39  90.069332  60.343275 18.423
 20    43.774 52908.20891222 44.40  90.047002  60.311615 18.423
 20    44.917 52908.20891287 39.53  90.044772  60.308445 18.423
 20    43.886 52908.20891351 36.45  90.042542  60.305275 18.423
 20    43.844 52908.20891416 43.27  90.040312  60.302115 18.423
 20    43.852 52908.20891480 49.88  90.038082  60.298945 18.423
 21    43.774 52943.20882860 46.04  90.099572  60.356452 23.494
 21    43.473 52943.20882924 52.79  90.097332  60.353282 23.494
 21    43.591 52943.20882989 50.86  90.095102  60.350122 23.494
 21    42.860 52943.20883053 49.97  90.092862  60.346952 23.494
 21    43.588 52943.20883891 39.46  90.063813  60.305788 14.190
 21    43.110 52943.20883956 37.05  90.061573  60.302628 14.190
 21    43.412 52943.20884020 45.77  90.059343  60.299458 14.190
 23    52.562 53013.20888792 10.87  90.074224  60.359171  4.444
 23    51.735 53013.20888857 12.03  90.071984  60.356011  4.444
 23    51.052 53013.20888921 11.98  90.069754  60.352841  4.444
 23    49.758 53013.20888986 13.13  90.067514  60.349671  4.444
 23    49.402 53013.20889050 12.61  90.065284  60.346511  4.444
 23    52.491 53013.20889115 12.93  90.063044  60.343341  4.444
 23    47.057 53013.20889759 14.61  90.040710  60.311671  4.578
 23    53.827 53013.20889824 12.49  90.038480  60.308511  4.578
 23    56.295 53013.20889888 12.09  90.036250  60.305341  4.578
 23    57.503 53013.20889953 12.18  90.034020  60.302171  4.578
 24    46.910 53048.20885690 17.38  90.089265  60.359226  7.620
 24    46.925 53048.20885754 18.22  90.087025  60.356056  7.620
 24    46.785 53048.20885819 17.98  90.084795  60.352896  7.620
 24    46.426 53048.20885883 17.95  90.082555  60.349726  7.620
 24    46.059 53048.20885948 17.81  90.080315  60.346556  7.620
 24    46.801 53048.20886722 15.13  90.053502  60.308562  6.004
 24    46.950 53048.20886786 15.98  90.051272  60.305392  6.004
 24    47.219 53048.20886850 17.08  90.049042  60.302232  6.004
 24    47.322 53048.20886915 17.10  90.046812  60.299062  6.004
 25    46.757 53083.20889286 16.07  90.070252  60.358821  5.204
 25    46.813 53083.20889351 17.67  90.068022  60.355661  5.204
 25    46.549 53083.20889415 17.69  90.065782  60.352491  5.204
 25    46.938 53083.20889480 16.68  90.063545  60.349324  6.303
 25    47.005 53083.20889544 15.59  90.061315  60.346164  6.303
 25    46.910 53083.20889609 16.52  90.059075  60.342994  6.303
 25    46.159 53083.20890189 19.24  90.038975  60.314494  6.303
 25    46.875 53083.20890253 16.95  90.036745  60.311324  6.303
 25    47.157 53083.20890318 16.41  90.034515  60.308164  6.303
 25    47.172 53083.20890382 15.70  90.032285  60.304994  6.303
 26    47.195 53118.20886251 16.15  90.084821  60.359554  5.765
 26    49.217 53118.20886315 10.75  90.082581  60.356394  5.765
 26    50.616 53118.20886380  9.71  90.080351  60.353224  5.765
 26    48.192 53118.20886444 10.81  90.078111  60.350054  5.765
 26    51.525 53118.20886509  9.15  90.075871  60.346894  5.765
 26    60.947 53118.20887282  6.61  90.049061  60.308894  5.765
 26    72.239 53118.20887347  6.35  90.046831  60.305724  5.765
 26    72.960 53118.20887411  7.26  90.044601  60.302564  5.765
 26    73.187 53118.20887476  7.40  90.042368  60.299399 16.608
 27    52.974 53153.20891301 27.05  90.078263  60.359040  8.803
 27    52.836 53153.20891365 27.29  90.076023  60.355880  8.803
 27    51.712 53153.20891429 27.27  90.073783  60.352710  8.803
 27    51.220 53153.20891494 26.23  90.071548  60.349544 11.780
 27    51.096 53153.20891558 25.33  90.069308  60.346384 11.780
 27    50.928 53153.20891623 26.26  90.067078  60.343214 11.780
 29    49.341 53223.20892902 17.82  90.046130  60.312275 19.061
 29    43.866 53223.20892966 17.65  90.043900  60.309115 19.061
 29    44.200 53223.20893031 20.00  90.041660  60.305945 19.061
 29    44.297 53223.20893095 27.53  90.039430  60.302775 19.061
 29    44.384 53223.20893159 31.76  90.037200  60.299615 19.061
 30    46.510 53258.20889579 11.11  90.066179  60.357247 10.146
 30    46.964 53258.20889643 12.77  90.063939  60.354077 10.146
 30    47.679 53258.20889708 12.53  90.061699  60.350907 10.146
 30    47.429 53258.20889772 13.76  90.059469  60.347737 10.146
 30    43.855 53258.20889836 23.26  90.057239  60.344577 10.146
 30    44.529 53258.20889901 27.28  90.055005  60.341405 22.584
 30    43.643 53258.20890417 18.63  90.037145  60.316075 22.584
 30    43.805 53258.20890481 20.46  90.034905  60.312905 22.584
 30    44.149 53258.20890546 21.10  90.032685  60.309745 22.584
 30    44.311 53258.20890675 27.46  90.028215  60.303405 22.584
 31    63.545 53293.20891919 13.55  90.070700  60.344013 15.148
 31    48.987 53293.20892628 15.85  90.046120  60.309183 15.148
 31    45.696 53293.20892692 16.14  90.043890  60.306013 15.148
 31    46.123 53293.20892757 16.91  90.041660  60.302843 15.148
 31    46.069 53293.20892821 18.21  90.039430  60.299683 15.148
 32    45.319 53328.20889008 22.64  90.081063  60.358105 10.661
 32    48.460 53328.20889072 21.38  90.078823  60.354945 10.661
 32    46.304 53328.20889137 22.89  90.076593  60.351775 10.661
 32    44.340 53328.20889201 21.55  90.074352  60.348608  6.252
 32    49.738 53328.20889266 18.78  90.072122  60.345448  6.252
 32    49.015 53328.20889975 18.02  90.047552  60.310608  6.252
 32    43.826 53328.20890039 18.90  90.045322  60.307448  6.252
 32    43.974 53328.20890104 19.38  90.043092  60.304278  6.252
 32    56.231 53328.20890168 18.42  90.040862  60.301108  6.252
 35    47.622 53433.20885698 14.88  90.076365  60.358798  4.469
 35    47.546 53433.20885763 14.55  90.074125  60.355628  4.469
 35    47.431 53433.20885827 15.53  90.071885  60.352468  4.469
 35    47.613 53433.20885892 15.75  90.069655  60.349298  4.469
 35    47.739 53433.20885956 15.79  90.067414  60.346128  4.249
 35    49.338 53433.20886021 14.76  90.065184  60.342968  4.249
 35    48.109 53433.20886665 13.89  90.042854  60.311298  4.249
 35    47.947 53433.20886730 13.78  90.040624  60.308128  4.249
 35    47.932 53433.20886794 13.54  90.038394  60.304968  4.249
 35    56.857 53433.20886859 13.03  90.036164  60.301798  4.249
 36    51.049 53468.20890529  8.89  90.053651  60.309389  3.552
 36    52.643 53468.20890594  7.34  90.051421  60.306229  3.552
 36    57.303 53468.20890658  7.57  90.049191  60.303059  3.552
 36    53.776 53468.20890723  9.40  90.046961  60.299889  3.552
 37    45.613 53503.20894399 29.00  90.074664  60.358137  5.501
 37    52.206 53503.20894463 22.70  90.072424  60.354977  5.501
 37    45.381 53503.20894528 24.29  90.070194  60.351807  5.501
 37    45.240 53503.20894592 24.62  90.067954  60.348647  5.501
 37    57.587 53503.20894657 24.12  90.065714  60.345477  5.501
 37    45.464 53503.20894721 31.80  90.063484  60.342307 18.712
 37    50.459 53503.20895301 22.53  90.043384  60.313807 18.712
 37    49.980 53503.20895366 23.87  90.041144  60.310647 18.712
 37    45.865 53503.20895430 26.72  90.038914  60.307477 18.712
 37    45.986 53503.20895495 29.60  90.036684  60.304307 18.712
 38    47.669 53538.20893909 20.33  90.078360  60.358239 11.624
 38    47.852 53538.20893973 19.68  90.076120  60.355079 11.624
 38    47.562 53538.20894038 20.90  90.073890  60.351909 11.624
 38    46.911 53538.20894102 21.95  90.071648  60.348741  8.903
 38    45.799 53538.20894876 24.53  90.044848  60.310741  8.903
 38    45.744 53538.20894940 23.07  90.042618  60.307581  8.903
 38    45.569 53538.20895005 20.16  90.040388  60.304411  8.903
 38    45.576 53538.20895069 19.51  90.038158  60.301241  8.903
 39    43.963 53573.20894050 31.94  90.072152  60.357923  9.759
 39    43.884 53573.20894114 34.96  90.069922  60.354753  9.759
 39    43.917 53573.20894179 32.68  90.067682  60.351583  9.759
 39    43.840 53573.20894243 31.09  90.065442  60.348423  9.759
 39    43.917 53573.20894307 29.60  90.063212  60.345253  9.759
 39    44.023 53573.20894372 39.91  90.060973  60.342083 20.382
 39    44.145 53573.20894952 30.24  90.040883  60.313583 20.382
 39    44.139 53573.20895017 30.70  90.038653  60.310423 20.382
 39    44.250 53573.20895081 31.36  90.036413  60.307253 20.382
 39    44.470 53573.20895146 34.75  90.034183  60.304083 20.382
 40    44.835 53608.20889036 36.05  90.066561  60.356029  9.485
 40    44.203 53608.20889100 34.90  90.064331  60.352859  9.485
 40    44.206 53608.20889165 32.64  90.062091  60.349699  9.485
 40    43.904 53608.20889229 31.86  90.059861  60.346529  9.485
 40    44.015 53608.20889294 29.61  90.057617  60.343357 17.325
 40    44.654 53608.20889358 31.44  90.055387  60.340197 17.325
 40    44.236 53608.20889874 24.80  90.037527  60.314857 17.325
 40    44.161 53608.20889938 26.71  90.035307  60.311697 17.325
 40    44.309 53608.20890003 27.93  90.033067  60.308527 17.325
 40    44.587 53608.20890067 32.37  90.030837  60.305357 17.325
 41    45.155 53643.20889054 40.69  90.090172  60.359803 18.211
 41    49.203 53643.20889118 41.37  90.087932  60.356633 18.211
 41    44.600 53643.20889182 41.05  90.085692  60.353473 18.211
 41    45.623 53643.20889247 39.60  90.083462  60.350303 18.211
 41    44.683 53643.20889311 37.06  90.081222  60.347133 18.211
 41    50.267 53643.20890085 21.07  90.054404  60.309139 26.378
 41    43.864 53643.20890149 19.09  90.052174  60.305969 26.378
 41    44.125 53643.20890214 26.63  90.049944  60.302809 26.378
 41    44.261 53643.20890278 41.06  90.047714  60.299639 26.378
 42    43.466 53678.20891009 51.35  90.073003  60.356826 24.120
 42    44.149 53678.20891073 51.19  90.070773  60.353656 24.120
 42    43.706 53678.20891138 49.08  90.068533  60.350496 24.120
 42    43.600 53678.20891202 47.23  90.066293  60.347326 24.120
 42    43.538 53678.20891267 51.72  90.064063  60.344159 26.701
 42    43.834 53678.20891331 42.24  90.061823  60.340989 26.701
 42    44.017 53678.20891911 53.09  90.041723  60.312499 26.701
 42    44.144 53678.20891976 53.41  90.039493  60.309329 26.701
 42    44.014 53678.20892040 51.06  90.037263  60.306159 26.701
 42    44.062 53678.20892105 39.32  90.035033  60.302999 26.701
 43    44.939 53713.20883819 25.88  90.076013  60.359168 14.060
 43    45.100 53713.20883884 24.83  90.073783  60.355998 14.060
 43    45.211 53713.20883948 30.06  90.071543  60.352828 14.060
 43    45.206 53713.20884013 26.19  90.069313  60.349668 14.060
 43    45.231 53713.20884077 26.17  90.067073  60.346498 14.060
 43    45.291 53713.20884142 22.88  90.064843  60.343327 13.172
 43    45.659 53713.20884786 37.90  90.042523  60.311667 13.172
 43    45.515 53713.20884851 29.37  90.040283  60.308497 13.172
 43    45.367 53713.20884915 22.93  90.038053  60.305327 13.172
 43    45.476 53713.20884980 24.48  90.035833  60.302167 13.172
 44    48.816 53748.20875343 18.19  90.090602  60.347495  6.341
 44    46.681 53748.20876181 20.27  90.061542  60.306335  6.341
 44    47.241 53748.20876246 20.72  90.059316  60.303165  6.513
 44    47.509 53748.20876310 20.76  90.057086  60.300005  6.513
 44    47.556 53748.20876375 22.67  90.054846  60.296835  6.513
 45    46.628 53783.20878214 15.98  90.083828  60.359963  4.573
 45    46.563 53783.20878278 16.32  90.081588  60.356793  4.573
 45    46.955 53783.20878343 16.44  90.079358  60.353623  4.573
 45    47.651 53783.20878407 15.43  90.077118  60.350463  4.573
 45    48.244 53783.20878472 15.85  90.074888  60.347293  4.573
 45    49.184 53783.20878536 14.88  90.072650  60.344125  3.815
 45    46.741 53783.20879245 15.30  90.048080  60.309295  3.815
 45    47.924 53783.20879310 15.37  90.045850  60.306125  3.815
 45    47.292 53783.20879374 14.88  90.043620  60.302965  3.815
 45    56.025 53783.20879439 14.49  90.041390  60.299795  3.815
 46    45.970 53818.20874667 16.15  90.067945  60.356134  6.091
 46    46.183 53818.20874731 16.74  90.065705  60.352974  6.091
 46    45.902 53818.20874796 18.70  90.063475  60.349804  6.091
 46    46.011 53818.20874860 17.38  90.061245  60.346634  6.091
 46    46.091 53818.20874925 16.23  90.059005  60.343474  6.091
 46    46.149 53818.20874989 15.96  90.056775  60.340304  6.091
 46    46.123 53818.20875505 16.11  90.038925  60.314974  6.091
 46    46.616 53818.20875569 15.17  90.036685  60.311804  6.513
 46    46.613 53818.20875634 14.76  90.034465  60.308634  6.513
 46    46.834 53818.20875698 14.85  90.032235  60.305464  6.513
 47    46.397 53853.20882204 22.19  90.083426  60.358592 12.934
 47    46.522 53853.20882268 23.13  90.081196  60.355422 12.934
 47    46.435 53853.20882333 20.64  90.078956  60.352262 12.934
 47    46.400 53853.20882397 19.28  90.076716  60.349092 12.934
 47    46.461 53853.20882462 23.07  90.074476  60.345932 12.934
 47    48.931 53853.20883171 26.50  90.049899  60.311093 21.533
 47    46.615 53853.20883235 25.57  90.047669  60.307933 21.533
 47    46.824 53853.20883300 28.98  90.045439  60.304763 21.533
 47    46.844 53853.20883364 32.32  90.043209  60.301593 21.533
 47    46.891 53853.20883429 37.56  90.040979  60.298433 21.533
 49    44.750 53923.20889921 23.50  90.071166  60.356153 14.261
 49    44.685 53923.20889985 22.19  90.068936  60.352983 14.261
 49    44.554 53923.20890050 21.01  90.066696  60.349823 14.261
 49    44.551 53923.20890114 21.09  90.064456  60.346653 14.261
 49    44.788 53923.20890179 24.26  90.062226  60.343493 14.261
 49    48.161 53923.20890823 13.60  90.039886  60.311821 15.336
 49    47.950 53923.20890888 12.53  90.037656  60.308651 15.336
 49    45.241 53923.20890952 16.28  90.035426  60.305491 15.336
 49    44.849 53923.20891017 17.10  90.033196  60.302321 15.336
 50    44.424 53958.20889181 40.58  90.069145  60.358325 17.929
 50    44.587 53958.20889245 42.61  90.066905  60.355165 17.929
 50    44.619 53958.20889309 41.64  90.064675  60.351995 17.929
 50    44.544 53958.20889374 39.21  90.062435  60.348825 17.929
 50    44.443 53958.20889438 36.51  90.060205  60.345665 17.929
 50    44.614 53958.20889503 37.63  90.057965  60.342495 17.929
 50    44.639 53958.20890083 30.13  90.037871  60.313991  9.630
 50    44.684 53958.20890148 29.56  90.035631  60.310831  9.630
 50    44.857 53958.20890212 29.82  90.033401  60.307661  9.630
 50    44.977 53958.20890277 31.62  90.031171  60.304501  9.630
 51    44.334 53993.20881810 19.84  90.100428  60.358964 11.190
 51    44.483 53993.20881875 20.07  90.098188  60.355794 11.190
 51    44.720 53993.20881939 19.19  90.095952  60.352633 25.245
 51    44.834 53993.20882004 23.13  90.093712  60.349463 25.245
 51    44.881 53993.20882068 33.04  90.091472  60.346303 25.245
 51    45.201 53993.20882906 16.23  90.062412  60.305133 25.245
 51    45.524 53993.20882971 19.54  90.060182  60.301973 25.245
 51    45.416 53993.20883035 22.01  90.057952  60.298803 25.245
 52    43.324 54028.20888005 25.59  90.090073  60.356881 14.577
 52    43.267 54028.20888069 28.40  90.087833  60.353711 14.577
 52    43.498 54028.20888133 32.96  90.085603  60.350541 14.577
 52    43.670 54028.20888198 41.06  90.083363  60.347381 14.577
 52    44.130 54028.20888972 39.04  90.056544  60.309383 19.051
 52    44.028 54028.20889036 31.30  90.054314  60.306213 19.051
 52    43.943 54028.20889101 30.37  90.052084  60.303053 19.051
 52    44.213 54028.20889165 34.27  90.049854  60.299883 19.051
 53    47.135 54063.20887673 10.62  90.072989  60.344064 16.347
 53    46.549 54063.20888382 39.74  90.048429  60.309224 15.520
 53    47.041 54063.20888447 37.36  90.046199  60.306064 15.520
 53    47.051 54063.20888511 35.32  90.043969  60.302894 15.520
 53    45.896 54063.20888576 28.04  90.041729  60.299724 15.520
 54    50.140 54098.20885168 15.46  90.040328  60.314189  7.428
 54    49.610 54098.20885232 14.24  90.038098  60.311019  7.428
 54    49.510 54098.20885296 14.63  90.035868  60.307849  7.428
 54    49.725 54098.20885361 13.38  90.033638  60.304679  7.428
 55    49.643 54133.20879677 16.83  90.090278  60.357480  6.588
 55    49.951 54133.20879742 16.54  90.088038  60.354320  6.588
 55    50.266 54133.20879806 17.65  90.085798  60.351150  6.588
 55    50.440 54133.20879870 16.79  90.083568  60.347980  6.588
 55    51.705 54133.20879935 16.34  90.081328  60.344820  6.588
 55    49.474 54133.20880709 15.84  90.054512  60.306821 15.411
 55    49.384 54133.20880773 15.11  90.052282  60.303651 15.411
 55    49.881 54133.20880837 15.77  90.050052  60.300491 15.411
 56    66.736 54168.20882000 14.98  90.061100  60.341312  6.711
 56    50.035 54168.20882581 12.61  90.041010  60.312812  6.711
 56    54.681 54168.20882645 12.62  90.038780  60.309642  6.711
 56    49.958 54168.20882710 12.32  90.036550  60.306472  6.711
 56    50.070 54168.20882774 11.60  90.034320  60.303312  6.711
 57    48.492 54203.20880047 17.63  90.088722  60.358611 10.485
 57    48.491 54203.20880111 19.63  90.086482  60.355451 10.485
 57    48.682 54203.20880176 18.53  90.084252  60.352281 10.485
 57    48.791 54203.20880240 20.56  90.082012  60.349111 10.485
 57    49.011 54203.20880305 20.54  90.079772  60.345951 10.485
 57    48.919 54203.20881078 19.64  90.052962  60.307951 10.485
 57    48.750 54203.20881143 17.65  90.050732  60.304781 10.485
 57    48.895 54203.20881207 18.44  90.048502  60.301621 10.485
 57    48.906 54203.20881272 18.37  90.046269  60.298447 21.546
 58    50.405 54238.20884528 27.28  90.049761  60.310703 11.756
 58    60.969 54238.20884593 18.05  90.047531  60.307543 11.756
 58    65.941 54238.20884657 15.47  90.045301  60.304373 11.756
 59    46.057 54273.20886391 37.46  90.046469  60.309952 12.207
 59    45.884 54273.20886456 33.79  90.044239  60.306782 12.207
 59    45.826 54273.20886520 37.12  90.042009  60.303612 12.207
 59    45.925 54273.20886585 45.51  90.039779  60.300452 12.207
 60    43.668 54308.20885600 27.94  90.083028  60.358677 13.878
 60    43.715 54308.20885664 31.19  90.080788  60.355517 13.878
 60    43.653 54308.20885729 31.56  90.078548  60.352347 13.878
 60    43.693 54308.20885793 31.68  90.076308  60.349177 13.878
 60    43.631 54308.20885858 31.01  90.074078  60.346017 13.878
 60    49.247 54308.20886567 31.83  90.049508  60.311187 13.878
 60    43.875 54308.20886631 23.63  90.047268  60.308017 13.878
 60    44.245 54308.20886696 26.99  90.045038  60.304847 13.878
 60    44.397 54308.20886760 34.47  90.042808  60.301687 13.878
 60    44.451 54308.20886825 49.89  90.040582  60.298521 16.229
 61    46.120 54343.20883473 23.10  90.074730  60.359243 23.389
 61    48.695 54343.20883537 25.27  90.072490  60.356073 23.389
 61    46.510 54343.20883602 20.32  90.070250  60.352903 23.389
 61    45.597 54343.20883666 18.89  90.068020  60.349743 23.389
 61    50.156 54343.20883731 17.51  90.065780  60.346573 23.389
 61    44.545 54343.20883795 28.63  90.063550  60.343403 23.389
 61    44.506 54343.20884440 20.84  90.041220  60.311743 23.389
 61    44.512 54343.20884633 29.30  90.034530  60.302243 23.389
 63    43.516 54413.20878229 42.71  90.079161  60.359454 25.229
 63    43.784 54413.20878293 51.24  90.076931  60.356284 25.229
 63    43.467 54413.20878358 51.11  90.074691  60.353124 25.229
 63    43.564 54413.20878422 50.68  90.072451  60.349954 25.229
 63    43.385 54413.20878487 51.08  90.070221  60.346794 25.229
 63    43.343 54413.20878551 49.65  90.067981  60.343624 25.229
 63    43.693 54413.20879196 46.74  90.045651  60.311954 25.229
 63    43.816 54413.20879260 40.69  90.043421  60.308794 25.229
 63    43.771 54413.20879325 44.66  90.041187  60.305627 13.340
 63    43.772 54413.20879389 44.34  90.038957  60.302457 13.340
 64    49.228 54448.20875767 23.70  90.088867  60.357155 12.604
 64    49.303 54448.20875831 32.45  90.086627  60.353985 12.604
 64    49.243 54448.20875896 31.63  90.084387  60.350825 12.604
 64    49.292 54448.20875960 22.55  90.082157  60.347655 12.604
 64    50.411 54448.20876025 18.42  90.079917  60.344495 12.604
 64    49.218 54448.20876734 23.32  90.055337  60.309665 12.604
 64    49.247 54448.20876798 23.76  90.053107  60.306495 12.604
 64    49.535 54448.20876863 24.71  90.050871  60.303323 23.460
 64    49.706 54448.20876927 29.15  90.048641  60.300163 23.460
 65    49.359 54483.20877540  9.19  90.084316  60.359821  4.247
 65    49.916 54483.20877604 10.10  90.082076  60.356661  4.247
 65    50.558 54483.20877669 10.13  90.079836  60.353491  4.247
 65    48.842 54483.20877733 12.40  90.077606  60.350321  4.247
 65    49.818 54483.20877798 12.00  90.075366  60.347161  4.247
 65    50.158 54483.20877862 12.16  90.073136  60.343991  4.247
 65    61.021 54483.20878571 12.32  90.048567  60.309160  5.569
 65    61.153 54483.20878636 12.37  90.046337  60.305990  5.569
 65    61.440 54483.20878700 11.59  90.044097  60.302830  5.569
 65    61.354 54483.20878765 11.97  90.041867  60.299660  5.569
 66    49.453 54518.20877120  9.07  90.089655  60.358708  4.651
 66    49.135 54518.20877184 10.25  90.087415  60.355546  6.380
 66    49.159 54518.20877249 11.25  90.085175  60.352376  6.380
 66    49.656 54518.20877313 12.11  90.082945  60.349216  6.380
 66    50.156 54518.20877378 11.34  90.080705  60.346046  6.380
 66    49.132 54518.20878151 13.94  90.053895  60.308046  6.380
 66    49.109 54518.20878216 12.93  90.051665  60.304886  6.380
 66    49.489 54518.20878280 14.57  90.049425  60.301716  6.380
 66    49.552 54518.20878345 14.86  90.047195  60.298546  6.380
 68    50.188 54588.20876670 19.78  90.085108  60.359484 18.664
 68    49.940 54588.20876734 17.23  90.082878  60.356314 18.664
 68    49.674 54588.20876799 17.98  90.080633  60.353148 21.298
 68    49.847 54588.20876863 19.99  90.078403  60.349978 21.298
 68    49.987 54588.20876928 18.37  90.076163  60.346818 21.298
 68    50.556 54588.20877701 23.36  90.049353  60.308818 21.298
 68    50.191 54588.20877766 16.69  90.047123  60.305648 21.298
 69    61.967 54623.20879502 17.15  90.044933  60.309606  9.862
 69    63.288 54623.20879566 16.38  90.042703  60.306436  9.862
 69    66.413 54623.20879631 17.83  90.040473  60.303276  9.862
 70    49.061 54658.20880401 15.20  90.045053  60.310145 11.078
 70    48.408 54658.20880465 16.33  90.042823  60.306975 11.078
 70    44.470 54658.20880530 22.21  90.040593  60.303805 11.078
 70    44.459 54658.20880594 26.63  90.038363  60.300645 11.078
 71    44.135 54693.20878517 25.34  90.045022  60.312958 14.263
 71    44.002 54693.20878582 24.38  90.042792  60.309788 14.263
 71    43.973 54693.20878646 25.41  90.040562  60.306628 14.263
 71    43.911 54693.20878711 31.32  90.038332  60.303458 14.263
 71    44.321 54693.20878775 33.65  90.036102  60.300288 14.263
 72    48.430 54728.20874712 34.51  90.089011  60.359864  8.110
 72    47.256 54728.20874776 39.73  90.086771  60.356694  8.110
 72    47.303 54728.20874840 41.43  90.084539  60.353530 23.400
 72    47.225 54728.20874905 42.48  90.082299  60.350370 23.400
 72    46.869 54728.20874969 39.32  90.080059  60.347200 23.400
 72    44.760 54728.20875936 46.84  90.046559  60.299700 23.400
 73    44.910 54763.20875381 26.79  90.079505  60.357836 15.320
 73    45.528 54763.20875445 23.66  90.077265  60.354666 15.320
 73    45.226 54763.20875510 23.85  90.075035  60.351502 17.461
 73    45.242 54763.20875574 23.31  90.072795  60.348332 17.461
 73    45.694 54763.20875639 26.47  90.070565  60.345172 17.461
 73    48.215 54763.20876348 29.49  90.045995  60.310342 17.461
 73    43.790 54763.20876412 31.84  90.043765  60.307172 17.461
 73    44.094 54763.20876477 41.94  90.041535  60.304002 17.461
 73    43.966 54763.20876541 36.50  90.039305  60.300842 17.461
 74    44.513 54798.20874067 27.00  90.090295  60.358820  4.836
 74    44.944 54798.20874132 37.21  90.088058  60.355658 25.647
 74    47.062 54798.20874196 44.07  90.085818  60.352488 25.647
 74    45.661 54798.20874260 43.68  90.083578  60.349328 25.647
 74    45.223 54798.20874325 44.69  90.081338  60.346158 25.647
 74    44.290 54798.20875099 43.76  90.054528  60.308168 25.647
 74    44.334 54798.20875163 53.35  90.052288  60.304998 25.647
 74    44.304 54798.20875227 51.83  90.050058  60.301828 25.647
 74    44.053 54798.20875292 32.55  90.047828  60.298658 25.647
 75    48.248 54833.20874388 26.55  90.078528  60.357302 11.397
 75    48.100 54833.20874452 25.14  90.076298  60.354132 11.397
 75    48.012 54833.20874517 25.55  90.074060  60.350965  9.894
 75    47.951 54833.20874581 23.22  90.071820  60.347805  9.894
 75    47.611 54833.20874646 22.53  90.069580  60.344635  9.894
 75    48.436 54833.20875355 17.77  90.045020  60.309805  9.894
 75    48.467 54833.20875419 17.58  90.042790  60.306635  9.894
 75    48.715 54833.20875484 17.99  90.040560  60.303465  9.894
 75    48.830 54833.20875548 16.52  90.038330  60.300305  9.894
 76    48.301 54868.20873668 13.07  90.091621  60.359637  3.881
 76    48.264 54868.20873732 12.86  90.089375  60.356467  4.525
 76    48.678 54868.20873797 13.61  90.087145  60.353297  4.525
 76    49.145 54868.20873861 13.77  90.084905  60.350137  4.525
 76    50.109 54868.20873926 12.47  90.082665  60.346967  4.525
 76    58.445 54868.20874699 10.51  90.055855  60.308967  4.525
 76    59.520 54868.20874764 10.12  90.053615  60.305807  4.525
 76    59.124 54868.20874828 10.67  90.051385  60.302637  4.525
 76    49.115 54868.20874893 11.00  90.049155  60.299467  4.525
 77    52.648 54903.20875413 11.24  90.071061  60.357161  3.982
 77    53.414 54903.20875478 11.01  90.068820  60.353994  6.691
 77    50.584 54903.20875542 12.06  90.066590  60.350834  6.691
 77    50.166 54903.20875607 12.54  90.064350  60.347664  6.691
 77    52.738 54903.20875671 12.44  90.062120  60.344494  6.691
 77    49.357 54903.20875736 13.38  90.059880  60.341334  6.691
 77    53.247 54903.20876316 11.61  90.039790  60.312834  6.691
 77    55.303 54903.20876380 11.01  90.037560  60.309664  6.691
 77    56.997 54903.20876445 10.09  90.035330  60.306494  6.691
 77    58.278 54903.20876509 10.25  90.033100  60.303334  6.691
 78    48.765 54938.20872911 20.09  90.080240  60.349899 16.957
 78    48.935 54938.20872976 19.51  90.078000  60.346729 16.957
 78    48.302 54938.20873749 22.80  90.051190  60.308729 16.957
 78    48.285 54938.20873814 21.83  90.048960  60.305569 16.957
 79    54.940 54973.20875950 20.69  90.082333  60.357399 15.976
 79    54.522 54973.20876014 20.56  90.080088  60.354233 11.910
 79    54.250 54973.20876079 20.35  90.077858  60.351073 11.910
 79    51.228 54973.20876143 20.67  90.075618  60.347903 11.910
 79    51.137 54973.20876207 22.95  90.073378  60.344733 11.910
 79    49.840 54973.20876917 27.24  90.048808  60.309903 11.910
 79    47.174 54973.20876981 25.35  90.046578  60.306733 11.910
 79    47.210 54973.20877046 23.88  90.044348  60.303573 11.910
 80    45.622 55008.20878488 33.16  90.043634  60.310909  8.773
 80    45.446 55008.20878553 34.20  90.041404  60.307739  8.773
 80    45.249 55008.20878617 33.42  90.039174  60.304579  8.773
 80    45.219 55008.20878682 32.99  90.036934  60.301409  8.773
 81    44.022 55043.20876437 17.89  90.081727  60.357927  4.250
 81    44.091 55043.20876501 17.83  90.079487  60.354767  4.250
 81    43.836 55043.20876565 18.36  90.077257  60.351597  4.250
 81    43.949 55043.20876630 18.26  90.075020  60.348429 17.646
 81    43.946 55043.20876694 20.96  90.072780  60.345269 17.646
 81    44.716 55043.20877404 39.61  90.048210  60.310429 17.646
 81    44.678 55043.20877468 34.80  90.045980  60.307269 17.646
 81    44.472 55043.20877532 29.44  90.043750  60.304099 17.646
 81    44.528 55043.20877597 28.87  90.041520  60.300929 17.646
 82    44.484 55078.20874289 48.09  90.073801  60.357246 22.864
 82    44.445 55078.20874353 51.63  90.071561  60.354086 22.864
 82    44.569 55078.20874418 50.46  90.069321  60.350916 22.864
 82    44.443 55078.20874482 48.22  90.067093  60.347745 28.374
 82    44.564 55078.20874547 47.92  90.064853  60.344585 28.374
 82    44.602 55078.20874611 51.07  90.062623  60.341415 28.374
 82    44.951 55078.20875191 50.08  90.042523  60.312915 28.374
 82    44.958 55078.20875256 47.85  90.040293  60.309745 28.374
 82    44.964 55078.20875320 48.23  90.038063  60.306585 28.374
 82    44.962 55078.20875385 48.97  90.035833  60.303415 28.374
 83    55.965 55113.20870705 15.62  90.050160  60.307878 10.782
 83    46.540 55113.20870770 15.76  90.047930  60.304708 10.782
 83    45.924 55113.20870834 21.87  90.045700  60.301548 10.782
 83    46.545 55113.20870899 26.31  90.043470  60.298378 10.782
 84    43.251 55148.20869770 39.50  90.079176  60.359040 25.800
 84    43.364 55148.20869835 46.44  90.076936  60.355870 25.800
 84    43.477 55148.20869899 44.96  90.074704  60.352704 28.492
 84    43.572 55148.20869964 49.97  90.072464  60.349544 28.492
 84    43.478 55148.20870028 50.04  90.070234  60.346374 28.492
 84    43.502 55148.20870093 48.89  90.067994  60.343204 28.492
 84    44.022 55148.20870737 48.13  90.045664  60.311544 28.492
 84    44.035 55148.20870802 53.75  90.043434  60.308374 28.492
 84    44.060 55148.20870866 47.46  90.041204  60.305204 28.492
 84    44.082 55148.20870931 37.19  90.038974  60.302044 28.492
 85    47.789 55183.20867797 22.73  90.089806  60.358458  7.240
 85    47.907 55183.20867862 17.65  90.087562  60.355296  4.463
 85    47.717 55183.20867926 14.67  90.085332  60.352126  4.463
 85    48.721 55183.20867991 13.48  90.083092  60.348966  4.463
 85    49.454 55183.20868055 12.14  90.080852  60.345796  4.463
 85    48.155 55183.20868829 11.07  90.054042  60.307796  4.463
 85    48.156 55183.20868893 10.47  90.051802  60.304636  4.463
 85    48.122 55183.20868958 11.10  90.049572  60.301466  4.463
 85    48.283 55183.20869022 11.07  90.047342  60.298296  4.463
 86    48.270 55218.20869563 10.92  90.076203  60.357825  4.841
 86    48.980 55218.20869627 11.74  90.073963  60.354655  4.841
 86    48.466 55218.20869692 12.55  90.071733  60.351495  4.841
 86    48.877 55218.20869756 12.95  90.069493  60.348325  4.841
 86    48.532 55218.20869821 13.07  90.067263  60.345165  4.841
 86    49.716 55218.20869885 11.90  90.065023  60.341995  4.841
 86    48.436 55218.20870530 10.08  90.042693  60.310325  4.841
 86    54.506 55218.20870594  9.84  90.040463  60.307165  4.841
 86    56.356 55218.20870659  9.57  90.038235  60.303999  5.228
 86    57.679 55218.20870723  9.76  90.036005  60.300829  5.228
 87    48.083 55253.20867452 11.37  90.088309  60.357115  4.219
 87    47.994 55253.20867517 12.68  90.086079  60.353945  4.219
 87    48.247 55253.20867581 12.34  90.083839  60.350785  4.219
 87    48.503 55253.20867646 11.99  90.081599  60.347615  4.219
 87    49.481 55253.20867710 11.31  90.079369  60.344445  4.219
 87    48.776 55253.20868419 11.46  90.054789  60.309625  4.219
 87    50.083 55253.20868484 12.08  90.052559  60.306455  4.219
 87    48.298 55253.20868548 11.83  90.050319  60.303285  4.219
 87    48.450 55253.20868613 11.94  90.048089  60.300125  4.219
 88    57.763 55288.20868587  8.26  90.071400  60.357393  3.281
 88    57.574 55288.20868652  9.44  90.069160  60.354223  3.281
 88    58.355 55288.20868716  9.46  90.066928  60.351052  3.677
 88    58.515 55288.20868781  9.47  90.064688  60.347892  3.677
 88    59.034 55288.20868845  9.22  90.062458  60.344722  3.677
 88    58.722 55288.20868910  9.04  90.060218  60.341552  3.677
 88    62.605 55288.20869490  9.14  90.040128  60.313052  3.677
 88    63.696 55288.20869554  7.96  90.037898  60.309892  3.677
 88    64.095 55288.20869619  7.98  90.035668  60.306722  3.677
 88    63.885 55288.20869683  8.29  90.033438  60.303552  3.677
 89    51.137 55323.20866229 33.05  90.078543  60.357848 16.659
 89    51.142 55323.20866294 33.57  90.076303  60.354678 16.659
 89    50.970 55323.20866358 26.23  90.074070  60.351510 23.625
 89    50.806 55323.20866422 24.51  90.071830  60.348350 23.625
 89    51.057 55323.20866487 29.31  90.069600  60.345180 23.625
 89    51.261 55323.20867196 27.86  90.045030  60.310350 23.625
 89    51.188 55323.20867261 23.64  90.042800  60.307180 23.625
 89    51.436 55323.20867325 22.76  90.040570  60.304010 23.625
 90    47.635 55358.20866250 26.26  90.073905  60.352107 11.751
 90    46.415 55358.20866314 24.33  90.071665  60.348937 11.751
 90    50.310 55358.20866379 22.09  90.069435  60.345777 11.751
 90    46.909 55358.20866443 30.67  90.067195  60.342607 11.751
 90    47.223 55358.20867088 26.74  90.044865  60.310947 11.751
 90    47.101 55358.20867152 25.78  90.042635  60.307777 11.751
 90    46.905 55358.20867217 25.85  90.040405  60.304607 11.751
 90    46.601 55358.20867281 25.95  90.038175  60.301447 11.751
 91    45.026 55393.20866381 38.61  90.086008  60.359504  7.288
 91    45.465 55393.20866445 29.66  90.083778  60.356334  7.288
 91    44.824 55393.20866510 31.77  90.081538  60.353164  7.288
 91    44.646 55393.20866574 28.83  90.079298  60.350004  7.288
 91    44.455 55393.20866639 27.38  90.077068  60.346834  7.288
 91    45.511 55393.20867412 34.39  90.050255  60.308832 14.272
 91    45.305 55393.20867477 29.63  90.048025  60.305672 14.272
 91    45.324 55393.20867541 28.65  90.045795  60.302502 14.272
 91    45.535 55393.20867606 28.99  90.043565  60.299332 14.272
 92    45.938 55428.20867697 13.35  90.082555  60.358472 10.764
 92    47.948 55428.20867761 12.25  90.080315  60.355312 10.764
 92    46.637 55428.20867826 13.91  90.078075  60.352142 10.764
 92    48.970 55428.20867890 14.26  90.075846  60.348975 18.435
 92    50.433 55428.20867955 14.49  90.073606  60.345815 18.435
 92    49.096 55428.20868664 22.30  90.049036  60.310975 18.435
 92    48.698 55428.20868728 19.07  90.046806  60.307815 18.435
 92    44.665 55428.20868793 22.59  90.044576  60.304645 18.435
 92    44.755 55428.20868857 27.55  90.042346  60.301475 18.435
 92    44.886 55428.20868922 28.10  90.040116  60.298315 18.435
 93    58.172 55463.20864103 14.81  90.074831  60.359118  6.990
 93    54.387 55463.20864167 15.52  90.072591  60.355948  6.990
 93    54.510 55463.20864232 16.02  90.070351  60.352778  6.990
 93    47.212 55463.20864296 17.31  90.068121  60.349618  6.990
 93    44.559 55463.20864361 18.79  90.065881  60.346448  6.990
 93    50.388 55463.20864425 18.23  90.063651  60.343277 16.884
