# NaN NaN NaN ;Mean Elev.(m), Avg Gradient(m/km), RMS Gradient(m/km) - SRTM1     
#    1.546  -1.116   4.810 ;Mean Elev.(m), Avg Gradient(m/km), RMS Gradient(m/km) - ASTER GDEM
#    0.000  -0.885   4.284 ;Mean Elev.(m), Avg Gradient(m/km), RMS Gradient(m/km) - GMTED2010 
  6     0.546 52419.25457276 13.13  83.446074  70.567921 15.091
  6     0.540 52419.25457340  9.86  83.441414  70.564951 15.091
  6     1.135 52419.25457405  8.16  83.436754  70.561981 15.091
  6     1.198 52419.25457469  7.00  83.432104  70.559011 15.091
  8    -0.351 52489.25457229 20.60  83.464675  70.582326 10.752
  8    -0.271 52489.25457294 19.08  83.460015  70.579366 10.752
  8    -0.737 52489.25457358 21.49  83.455355  70.576396 10.752
  8    -1.090 52489.25457423 22.92  83.450695  70.573426 10.752
  8    -1.009 52489.25457487 24.76  83.446035  70.570456 10.752
  8    -0.853 52489.25457552 27.01  83.441375  70.567486 10.752
  8    -0.713 52489.25457616 29.50  83.436725  70.564526 10.752
  8    -0.641 52489.25457681 30.41  83.432070  70.561550 16.106
  8    -1.095 52489.25457745 34.76  83.427420  70.558590 16.106
  9     1.746 52524.25454751 19.16  83.460734  70.589031  7.364
  9     0.497 52524.25454815 20.40  83.456064  70.586061  7.364
  9     0.363 52524.25454880 19.38  83.451404  70.583091  7.364
  9     0.177 52524.25454944 19.06  83.446744  70.580131  7.364
  9     0.017 52524.25455009 20.07  83.442084  70.577161  7.364
  9    -0.115 52524.25455073 20.03  83.437424  70.574191  7.364
  9    -0.352 52524.25455138 20.55  83.432774  70.571221  7.364
  9    -2.052 52524.25455202 23.54  83.428114  70.568251  7.364
  9    -1.885 52524.25455267 25.25  83.423464  70.565291  7.364
  9    -1.946 52524.25455331 28.26  83.418804  70.562321  7.364
  9    -1.583 52524.25455396 26.23  83.414154  70.559351  7.364
  9    -0.483 52524.25455460 23.30  83.409504  70.556381  7.364
  9     0.083 52524.25455524 23.75  83.404854  70.553411  7.364
 11    -0.438 52594.25460113 24.48  83.461090  70.584868  5.423
 11    -0.360 52594.25460177 25.42  83.456420  70.581908  5.423
 11    -0.507 52594.25460242 25.26  83.451760  70.578938  5.423
 11    -0.493 52594.25460306 25.72  83.447100  70.575968  5.423
 11    -0.596 52594.25460371 27.56  83.442440  70.572998  5.423
 11    -0.416 52594.25460435 26.51  83.437780  70.570028  5.423
 11    -0.475 52594.25460500 27.96  83.433120  70.567068  5.423
 11    -0.574 52594.25460564 28.55  83.428470  70.564098  5.423
 11    -0.520 52594.25460629 27.65  83.423814  70.561125  6.330
 11    -0.531 52594.25460693 26.52  83.419164  70.558165  6.330
 11    -0.606 52594.25460757 26.70  83.414514  70.555195  6.330
 13     0.220 52664.25456287 12.49  83.464966  70.583994  2.293
 13     0.157 52664.25456352 12.48  83.460296  70.581024  2.293
 13     0.335 52664.25456416 12.74  83.455636  70.578054  2.293
 13     0.150 52664.25456481 13.29  83.450976  70.575084  2.293
 13     0.160 52664.25456545 13.79  83.446316  70.572124  2.293
 13     0.219 52664.25456610 13.23  83.441666  70.569154  2.293
 13     0.027 52664.25456674 13.56  83.437006  70.566184  2.293
 13     0.092 52664.25456739 13.55  83.432346  70.563214  2.293
 13    -0.130 52664.25456803 14.47  83.427696  70.560244  2.293
 13    -0.121 52664.25456868 14.42  83.423046  70.557284  2.293
 14    -0.095 52699.25453805 11.28  83.480702  70.575679  2.092
 14    -0.355 52699.25453870 11.13  83.476042  70.572719  2.092
 14    -0.274 52699.25453934 11.17  83.471382  70.569749  2.092
 14    -0.307 52699.25453999 11.23  83.466722  70.566779  2.092
 15     0.194 52734.25456417 10.41  83.466489  70.582213  1.831
 15     0.159 52734.25456481 10.41  83.461829  70.579243  1.831
 15     0.139 52734.25456546 10.83  83.457169  70.576273  1.831
 15     0.114 52734.25456610 10.49  83.452509  70.573303  1.831
 15     0.106 52734.25456675 10.45  83.447849  70.570333  1.831
 15     0.056 52734.25456739 10.35  83.443189  70.567373  1.831
 15     0.033 52734.25456804 10.77  83.438539  70.564403  1.831
 15    -0.034 52734.25456868 10.37  83.433879  70.561433  1.831
 15    -0.036 52734.25456933 10.62  83.429229  70.558463  1.831
 16     0.312 52769.25455952 22.68  83.456275  70.589626 12.969
 16     0.231 52769.25456017 21.93  83.451615  70.586656 12.969
 16     0.345 52769.25456081 23.51  83.446955  70.583686 12.969
 16     0.286 52769.25456145 23.21  83.442295  70.580716 12.969
 16     0.421 52769.25456210 25.10  83.437635  70.577746 12.969
 16     0.454 52769.25456274 23.58  83.432975  70.574786 12.969
 16     0.367 52769.25456339 24.60  83.428315  70.571816 12.969
 16     0.212 52769.25456403 25.84  83.423665  70.568846 12.969
 16     0.225 52769.25456468 25.33  83.419015  70.565876 12.969
 16     0.080 52769.25456532 28.01  83.414355  70.562906 12.969
 16     0.085 52769.25456597 27.17  83.409705  70.559936 12.969
 16    -0.040 52769.25456661 26.87  83.405055  70.556966 12.969
 16    -0.061 52769.25456726 26.53  83.400405  70.554006 12.969
 16    -0.111 52769.25456790 28.27  83.395765  70.551036 12.969
 17     2.184 52804.25458964 15.52  83.474788  70.576114  4.086
 17     2.511 52804.25459029 15.88  83.470128  70.573144  4.086
 17     1.554 52804.25459093 16.62  83.465458  70.570174  4.086
 17     2.037 52804.25459158 16.78  83.460798  70.567204  4.086
 17     2.194 52804.25459222 16.94  83.456142  70.564243  6.103
 17     1.655 52804.25459287 17.48  83.451482  70.561273  6.103
 18    -1.468 52839.25465181 23.51  83.472169  70.577838  9.409
 18    -1.676 52839.25465246 23.38  83.467509  70.574868  9.409
 18    -1.775 52839.25465310 22.75  83.462849  70.571898  9.409
 18    -1.827 52839.25465375 21.23  83.458189  70.568928  9.409
 18    -2.296 52839.25465439 22.50  83.453529  70.565968  9.409
 18    -1.424 52839.25465504 19.90  83.448869  70.562998  9.409
 18    -0.749 52839.25465568 21.92  83.444214  70.560029 15.398
 19    -1.235 52874.25469088 21.48  83.470589  70.580917  9.436
 19    -0.887 52874.25469152 21.07  83.465929  70.577947  9.436
 19    -0.694 52874.25469217 21.40  83.461259  70.574977  9.436
 19    -0.542 52874.25469281 22.42  83.456599  70.572007  9.436
 19    -0.972 52874.25469346 25.68  83.451939  70.569037  9.436
 19    -0.455 52874.25469410 26.91  83.447289  70.566077  9.436
 19    -0.376 52874.25469475 27.01  83.442629  70.563107  9.436
 19    -0.365 52874.25469539 32.31  83.437971  70.560136 16.580
 21     0.042 52944.25460334 31.54  83.481202  70.574234  6.797
 21    -0.019 52944.25460399 31.38  83.476542  70.571274  6.797
 21     0.025 52944.25460463 30.37  83.471882  70.568304  6.797
 21    -0.004 52944.25460528 30.06  83.467222  70.565334  6.797
 22     0.354 52979.25465613 18.78  83.474494  70.580374  3.635
 22     0.343 52979.25465678 18.66  83.469834  70.577414  3.635
 22     0.343 52979.25465742 19.89  83.465174  70.574444  3.635
 22     0.308 52979.25465807 19.57  83.460514  70.571474  3.635
 22     0.196 52979.25465871 20.17  83.455854  70.568504  3.635
 22     0.242 52979.25465936 20.04  83.451194  70.565544  3.635
 22     0.382 52979.25466000 19.83  83.446534  70.562574  3.635
 22     0.330 52979.25466064 20.09  83.441884  70.559604  3.635
 23     0.044 53014.25465361 12.83  83.460380  70.585847  2.098
 23     0.094 53014.25465425 12.85  83.455720  70.582877  2.098
 23     0.206 53014.25465490 13.02  83.451060  70.579917  2.098
 23     0.124 53014.25465554 13.32  83.446400  70.576947  2.098
 23     0.230 53014.25465619 13.26  83.441740  70.573977  2.098
 23     0.130 53014.25465683 13.15  83.437080  70.571007  2.098
 23     0.086 53014.25465748 13.81  83.432430  70.568037  2.098
 23     0.036 53014.25465812 14.28  83.427770  70.565077  2.098
 23    -0.098 53014.25465877 14.20  83.423120  70.562107  2.098
 23    -0.056 53014.25465941 14.07  83.418460  70.559137  2.098
 23    -0.026 53014.25466006 13.96  83.413810  70.556167  2.098
 24    -0.375 53049.25462618 11.57  83.476853  70.579753  1.838
 24    -0.252 53049.25462683 11.70  83.472183  70.576783  1.838
 24    -0.331 53049.25462747 11.45  83.467523  70.573813  1.838
 24    -0.320 53049.25462812 11.90  83.462863  70.570843  1.838
 24    -0.241 53049.25462876 11.83  83.458203  70.567883  1.838
 24    -0.198 53049.25462941 12.07  83.453543  70.564913  1.838
 24    -0.234 53049.25463005 11.76  83.448883  70.561943  1.838
 25    -0.210 53084.25466083 10.09  83.461069  70.589045  1.998
 25    -0.175 53084.25466148 10.41  83.456409  70.586085  1.998
 25    -0.058 53084.25466212  9.70  83.451739  70.583115  1.998
 25    -0.197 53084.25466277 10.12  83.447079  70.580145  1.998
 25    -0.078 53084.25466341 10.20  83.442419  70.577175  1.998
 25    -0.200 53084.25466406 10.33  83.437759  70.574215  1.998
 25    -0.244 53084.25466470 10.43  83.433109  70.571245  1.998
 25    -0.301 53084.25466535 10.75  83.428449  70.568275  1.998
 25    -0.324 53084.25466599 10.78  83.423789  70.565305  1.998
 25    -0.195 53084.25466664 10.21  83.419139  70.562335  1.998
 25    -0.176 53084.25466728 10.28  83.414489  70.559375  1.998
 25    -0.159 53084.25466792 10.21  83.409832  70.556405  2.453
 25    -0.177 53084.25466857 10.03  83.405182  70.553435  2.453
 26    -0.387 53119.25463211  9.40  83.471829  70.580852  2.043
 26    -0.449 53119.25463275  9.54  83.467169  70.577882  2.043
 26    -0.416 53119.25463340  9.54  83.462509  70.574912  2.043
 26    -0.549 53119.25463404 10.33  83.457839  70.571952  2.043
 26    -0.459 53119.25463469  9.68  83.453179  70.568982  2.043
 26    -0.398 53119.25463533  9.27  83.448529  70.566012  2.043
 26    -0.561 53119.25463598  9.56  83.443869  70.563042  2.043
 26    -0.357 53119.25463662  9.17  83.439209  70.560082  2.043
 27     0.496 53154.25468507 21.87  83.455061  70.575852  8.361
 27     0.191 53154.25468571 20.50  83.450401  70.572882  8.361
 27    -0.052 53154.25468636 19.29  83.445741  70.569912  8.361
 27     0.515 53154.25468700 15.86  83.441081  70.566942  8.361
 27     0.435 53154.25468765 15.44  83.436421  70.563982  8.361
 27     0.529 53154.25468829 15.02  83.431771  70.561012  8.361
 27     0.179 53154.25468894 16.48  83.427114  70.558038 27.112
 28     0.406 53189.25467320 14.64  83.470968  70.580369  5.869
 28     0.386 53189.25467384 15.77  83.466308  70.577409  5.869
 28     0.399 53189.25467449 15.67  83.461648  70.574439  5.869
 28     0.277 53189.25467513 15.16  83.456988  70.571469  5.869
 28     0.158 53189.25467577 15.55  83.452328  70.568499  5.869
 28     0.298 53189.25467642 14.77  83.447668  70.565539  5.869
 28     0.188 53189.25467706 14.68  83.443018  70.562569  5.869
 28     0.110 53189.25467771 15.42  83.438359  70.559595 18.209
 29     0.281 53224.25468662 13.11  83.462736  70.583236  4.345
 29    -0.311 53224.25468726 15.22  83.458076  70.580276  4.345
 29    -2.759 53224.25468790 16.08  83.453416  70.577306  4.345
 29    -0.208 53224.25468855 15.46  83.448756  70.574336  4.345
 29    -0.377 53224.25468919 15.29  83.444096  70.571366  4.345
 29    -0.990 53224.25468984 15.56  83.439436  70.568396  4.345
 29     0.261 53224.25469048 13.33  83.434786  70.565436  4.345
 29     0.323 53224.25469113 12.45  83.430126  70.562466  4.345
 29    -0.467 53224.25469177 16.47  83.425476  70.559496  4.345
 29     0.125 53224.25469242 13.73  83.420826  70.556526  4.345
 30     0.450 53259.25466063 14.19  83.457869  70.590147  4.845
 30     0.398 53259.25466128 14.68  83.453199  70.587177  4.845
 30     0.375 53259.25466192 18.15  83.448539  70.584207  4.845
 30     0.298 53259.25466257 16.43  83.443879  70.581247  4.845
 30     0.336 53259.25466321 18.68  83.439219  70.578277  4.845
 30     0.265 53259.25466386 14.15  83.434559  70.575307  4.845
 30     0.143 53259.25466450 14.30  83.429899  70.572337  4.845
 30     0.081 53259.25466515 14.78  83.425249  70.569367  4.845
 30     0.066 53259.25466579 14.81  83.420589  70.566407  4.845
 30    -0.122 53259.25466644 16.03  83.415939  70.563437  4.845
 30    -0.397 53259.25466708 16.74  83.411289  70.560467  4.845
 30    -0.688 53259.25466772 17.97  83.406639  70.557497  4.845
 30    -0.287 53259.25466837 19.06  83.401989  70.554527  4.845
 30    -0.036 53259.25466901 17.89  83.397338  70.551558  7.615
 31    -0.856 53294.25468690 20.31  83.468352  70.581518  4.660
 31    -1.079 53294.25468755 21.22  83.463692  70.578558  4.660
 31    -1.589 53294.25468819 22.45  83.459032  70.575588  4.660
 31    -1.495 53294.25468884 22.56  83.454362  70.572618  4.660
 31    -1.350 53294.25468948 23.21  83.449702  70.569648  4.660
 31    -0.979 53294.25469012 24.51  83.445052  70.566678  4.660
 31    -0.556 53294.25469077 25.25  83.440392  70.563718  4.660
 31    -0.155 53294.25469141 25.34  83.435732  70.560748  4.660
 31     0.056 53294.25469206 26.47  83.431078  70.557779 10.365
 32     0.110 53329.25465968 17.22  83.469034  70.584663  2.015
 32     0.202 53329.25466033 16.49  83.464374  70.581693  2.015
 32     0.096 53329.25466097 16.73  83.459714  70.578723  2.015
 32     0.179 53329.25466162 16.59  83.455054  70.575763  2.015
 32     0.240 53329.25466226 16.58  83.450394  70.572793  2.015
 32     0.006 53329.25466291 17.06  83.445734  70.569823  2.015
 32     0.026 53329.25466355 16.53  83.441074  70.566853  2.015
 32     0.068 53329.25466420 16.53  83.436424  70.563883  2.015
 32     0.085 53329.25466484 17.08  83.431764  70.560923  2.015
 32    -0.064 53329.25466549 16.52  83.427113  70.557947  2.550
 34    -0.335 53399.25463548 11.58  83.470615  70.580500  1.968
 34    -0.361 53399.25463612 11.59  83.465945  70.577540  1.968
 34    -0.322 53399.25463676 11.39  83.461285  70.574570  1.968
 34    -0.318 53399.25463741 11.34  83.456625  70.571600  1.968
 34    -0.360 53399.25463805 11.65  83.451965  70.568630  1.968
 34    -0.491 53399.25463870 11.85  83.447305  70.565660  1.968
 34    -0.771 53399.25463934 12.01  83.442645  70.562700  1.968
 34    -0.473 53399.25463999 11.36  83.437995  70.559730  1.968
 35    -0.247 53434.25462535 10.55  83.461024  70.585505  1.817
 35    -0.300 53434.25462600 10.57  83.456364  70.582535  1.817
 35    -0.097 53434.25462664 10.47  83.451704  70.579565  1.817
 35    -0.198 53434.25462729 10.42  83.447044  70.576595  1.817
 35    -0.174 53434.25462793 10.24  83.442384  70.573635  1.817
 35    -0.096 53434.25462857 10.23  83.437734  70.570665  1.817
 35    -0.220 53434.25462922 10.56  83.433074  70.567695  1.817
 35    -0.139 53434.25462986 10.42  83.428424  70.564725  1.817
 35    -0.399 53434.25463051 10.73  83.423764  70.561755  1.817
 35    -0.307 53434.25463115 10.84  83.419119  70.558794  2.397
 35    -0.288 53434.25463180 10.41  83.414469  70.555824  2.397
 36    -0.199 53469.25466874 10.13  83.470910  70.578228  1.797
 36    -0.146 53469.25466938  9.94  83.466250  70.575258  1.797
 36    -0.099 53469.25467003  9.72  83.461580  70.572288  1.797
 36    -0.034 53469.25467067  9.66  83.456920  70.569318  1.797
 36    -0.064 53469.25467132  9.71  83.452260  70.566358  1.797
 36    -0.409 53469.25467196 10.29  83.447610  70.563388  1.797
 36    -0.280 53469.25467260  9.47  83.442950  70.560418  1.797
 37     1.860 53504.25471108 10.79  83.465957  70.586207  1.711
 37     1.671 53504.25471172 10.58  83.461297  70.583237  1.711
 37     1.648 53504.25471237 10.71  83.456627  70.580267  1.711
 37     0.968 53504.25471301 10.81  83.451967  70.577307  1.711
 37     1.471 53504.25471366 10.70  83.447307  70.574337  1.711
 37     0.808 53504.25471430 11.00  83.442647  70.571367  1.711
 37     0.756 53504.25471495 11.10  83.437987  70.568397  1.711
 37     0.957 53504.25471559 10.98  83.433337  70.565437  1.711
 37     0.712 53504.25471624 11.56  83.428677  70.562467  1.711
 37     0.656 53504.25471688 11.26  83.424027  70.559491  1.861
 37     0.868 53504.25471753 11.22  83.419377  70.556531  1.861
 38     1.674 53539.25470979 16.80  83.463480  70.583080  6.400
 38     1.651 53539.25471043 17.94  83.458820  70.580110  6.400
 38     1.618 53539.25471108 19.06  83.454150  70.577150  6.400
 38     1.389 53539.25471172 19.15  83.449490  70.574180  6.400
 38     1.295 53539.25471237 18.36  83.444830  70.571210  6.400
 38     1.204 53539.25471301 17.09  83.440180  70.568240  6.400
 38     0.717 53539.25471366 16.99  83.435520  70.565280  6.400
 38     0.583 53539.25471430 17.66  83.430870  70.562310  6.400
 38     0.206 53539.25471494 18.03  83.426215  70.559334 17.988
 38     0.425 53539.25471559 19.39  83.421555  70.556374 17.988
 39    -0.431 53574.25470700 29.93  83.458955  70.585581  7.679
 39    -0.435 53574.25470765 30.05  83.454295  70.582611  7.679
 39    -0.587 53574.25470829 31.97  83.449635  70.579641  7.679
 39    -0.874 53574.25470894 32.38  83.444975  70.576681  7.679
 39    -1.626 53574.25470958 33.18  83.440315  70.573711  7.679
 39    -1.637 53574.25471023 35.06  83.435655  70.570741  7.679
 39    -1.288 53574.25471087 36.90  83.431005  70.567771  7.679
 39    -0.989 53574.25471152 35.81  83.426345  70.564801  7.679
 39    -0.710 53574.25471216 35.05  83.421695  70.561841  7.679
 39    -0.598 53574.25471281 36.15  83.417036  70.558862 16.911
 39    -0.457 53574.25471345 36.67  83.412386  70.555902 16.911
 40     0.396 53609.25465621 15.53  83.458029  70.590775 13.028
 40     0.607 53609.25465685 13.28  83.453359  70.587805 13.028
 40     0.555 53609.25465750 13.58  83.448699  70.584835 13.028
 40     0.626 53609.25465814 14.51  83.444039  70.581865 13.028
 40     0.405 53609.25465879 15.88  83.439379  70.578895 13.028
 40     0.551 53609.25465943 15.71  83.434719  70.575935 13.028
 40     0.580 53609.25466008 14.74  83.430069  70.572965 13.028
 40     0.370 53609.25466072 14.78  83.425409  70.569995 13.028
 40     0.428 53609.25466137 13.32  83.420759  70.567025 13.028
 40     0.211 53609.25466201 13.46  83.416099  70.564055 13.028
 40    -0.550 53609.25466266 17.08  83.411456  70.561091  6.379
 40    -0.565 53609.25466330 16.92  83.406806  70.558121  6.379
 40     0.027 53609.25466394 15.39  83.402156  70.555151  6.379
 40     0.451 53609.25466459 14.60  83.397506  70.552181  6.379
 40     0.904 53609.25466523 15.37  83.392856  70.549211  6.379
 41    -0.281 53644.25466006 14.43  83.476781  70.579347  4.558
 41    -1.447 53644.25466071 18.69  83.472121  70.576387  4.558
 41    -1.380 53644.25466135 18.71  83.467461  70.573417  4.558
 41    -1.059 53644.25466200 16.51  83.462801  70.570447  4.558
 41    -0.373 53644.25466264 14.85  83.458141  70.567477  4.558
 41    -0.639 53644.25466329 15.70  83.453481  70.564507  4.558
 41    -0.450 53644.25466393 15.54  83.448821  70.561547  4.558
 42     0.338 53679.25467716 37.84  83.462477  70.586040 12.738
 42     0.373 53679.25467780 35.77  83.457807  70.583070 12.738
 42     0.411 53679.25467845 37.88  83.453147  70.580100 12.738
 42     0.378 53679.25467909 36.83  83.448487  70.577130 12.738
 42     0.231 53679.25467973 36.70  83.443827  70.574170 12.738
 42     0.281 53679.25468038 35.36  83.439167  70.571200 12.738
 42     0.218 53679.25468102 35.07  83.434517  70.568230 12.738
 42     0.261 53679.25468167 35.33  83.429857  70.565260 12.738
 42     0.257 53679.25468231 34.95  83.425207  70.562290 12.738
 42     0.123 53679.25468296 35.52  83.420547  70.559330 12.738
 42     0.351 53679.25468360 36.23  83.415897  70.556352 14.473
 43    -0.317 53714.25460567 18.49  83.459167  70.585093  2.848
 43    -0.259 53714.25460632 18.40  83.454507  70.582123  2.848
 43    -0.478 53714.25460696 18.98  83.449847  70.579153  2.848
 43    -1.017 53714.25460761 19.83  83.445187  70.576193  2.848
 43    -0.543 53714.25460825 19.64  83.440537  70.573223  2.848
 43    -0.660 53714.25460890 19.59  83.435877  70.570253  2.848
 43    -0.446 53714.25460954 18.62  83.431217  70.567283  2.848
 43    -0.615 53714.25461019 19.64  83.426567  70.564313  2.848
 43    -0.579 53714.25461083 18.74  83.421917  70.561343  2.848
 43    -0.490 53714.25461147 18.20  83.417262  70.558380  2.712
 43    -0.291 53714.25461212 17.89  83.412612  70.555410  2.712
 44    -0.164 53749.25452194 14.89  83.479736  70.574598  2.077
 44     0.079 53749.25452259 14.92  83.475076  70.571628  2.077
 44    -0.014 53749.25452323 14.40  83.470416  70.568658  2.077
 44     0.173 53749.25452388 15.10  83.465756  70.565688  2.077
 45     0.328 53784.25455120 12.28  83.468201  70.584184  2.079
 45     0.308 53784.25455185 12.68  83.463541  70.581214  2.079
 45     0.342 53784.25455249 12.51  83.458881  70.578244  2.079
 45     0.193 53784.25455313 13.06  83.454221  70.575284  2.079
 45     0.011 53784.25455378 13.05  83.449561  70.572314  2.079
 45     0.135 53784.25455442 12.80  83.444901  70.569344  2.079
 45    -0.095 53784.25455507 13.16  83.440251  70.566374  2.079
 45    -0.175 53784.25455571 13.21  83.435591  70.563404  2.079
 45    -0.379 53784.25455636 13.30  83.430941  70.560444  2.079
 45    -0.207 53784.25455700 12.76  83.426282  70.557466  2.230
 46     0.132 53819.25451140 10.40  83.457746  70.590816  1.870
 46    -0.002 53819.25451204 10.56  83.453086  70.587856  1.870
 46     0.040 53819.25451269 10.75  83.448426  70.584886  1.870
 46     0.048 53819.25451333 10.88  83.443766  70.581916  1.870
 46    -0.128 53819.25451398 11.09  83.439106  70.578946  1.870
 46    -0.152 53819.25451462 10.93  83.434446  70.575976  1.870
 46    -0.235 53819.25451527 11.54  83.429796  70.573006  1.870
 46    -0.387 53819.25451591 11.70  83.425136  70.570046  1.870
 46    -0.326 53819.25451656 11.98  83.420486  70.567076  1.870
 46    -0.453 53819.25451720 11.38  83.415836  70.564106  1.870
 46    -0.481 53819.25451785 11.32  83.411176  70.561136  1.870
 46    -0.381 53819.25451849 11.06  83.406535  70.558167  2.481
 46    -0.413 53819.25451914 11.13  83.401885  70.555197  2.481
 46    -0.136 53819.25451978 10.96  83.397235  70.552227  2.481
 46    -0.150 53819.25452042 11.25  83.392585  70.549257  2.481
 47    -0.069 53854.25459280  9.77  83.471608  70.582178  1.869
 47    -0.016 53854.25459344  9.93  83.466948  70.579208  1.869
 47    -0.102 53854.25459409  9.77  83.462278  70.576248  1.869
 47     0.094 53854.25459473  9.58  83.457618  70.573278  1.869
 47    -0.158 53854.25459537 10.19  83.452958  70.570308  1.869
 47    -0.276 53854.25459602 10.18  83.448298  70.567338  1.869
 47    -0.375 53854.25459666 10.50  83.443648  70.564378  1.869
 47    -0.443 53854.25459731 10.20  83.438988  70.561408  1.869
 47    -0.510 53854.25459795 10.51  83.434328  70.558438  1.869
 48     0.625 53889.25460214 25.97  83.470261  70.578775 18.040
 48     0.598 53889.25460279 25.83  83.465601  70.575815 18.040
 48     0.669 53889.25460343 26.58  83.460941  70.572845 18.040
 48     0.788 53889.25460408 27.68  83.456281  70.569875 18.040
 48     1.103 53889.25460472 28.79  83.451631  70.566905 18.040
 48     1.292 53889.25460536 29.28  83.446971  70.563945 18.040
 48     1.406 53889.25460601 32.44  83.442311  70.560975 18.040
 48     1.575 53889.25460665 38.31  83.437663  70.558000 30.161
 49     0.198 53924.25466819 16.90  83.462725  70.584579  5.692
 49     0.054 53924.25466883 17.20  83.458065  70.581609  5.692
 49     0.080 53924.25466948 16.43  83.453395  70.578639  5.692
 49     0.025 53924.25467012 16.22  83.448735  70.575679  5.692
 49    -0.009 53924.25467077 15.38  83.444075  70.572709  5.692
 49    -0.090 53924.25467141 15.09  83.439415  70.569739  5.692
 49     0.150 53924.25467205 13.34  83.434755  70.566769  5.692
 49    -0.108 53924.25467270 14.75  83.430105  70.563799  5.692
 49    -0.246 53924.25467334 15.81  83.425445  70.560839  5.692
 49    -0.701 53924.25467399 18.27  83.420795  70.557863 12.371
 50    -0.211 53959.25465851 26.91  83.458042  70.587345 10.406
 50    -0.090 53959.25465916 26.76  83.453382  70.584375 10.406
 50    -0.288 53959.25465980 28.70  83.448712  70.581405 10.406
 50    -2.743 53959.25466045 30.49  83.444052  70.578435 10.406
 50    -2.043 53959.25466109 30.59  83.439392  70.575465 10.406
 50    -1.778 53959.25466174 30.33  83.434732  70.572505 10.406
 50    -1.506 53959.25466238 32.20  83.430082  70.569535 10.406
 50    -1.153 53959.25466303 31.24  83.425422  70.566565 10.406
 50    -0.815 53959.25466367 31.27  83.420772  70.563595 10.406
 50    -0.604 53959.25466432 31.16  83.416112  70.560625 10.406
 50    -0.519 53959.25466496 31.93  83.411463  70.557664 18.887
 50    -0.421 53959.25466560 32.50  83.406813  70.554694 18.887
 50    -0.189 53959.25466625 32.78  83.402163  70.551724 18.887
 51    -0.452 53994.25459185 30.65  83.483441  70.573759 18.677
 51    -0.132 53994.25459249 31.69  83.478771  70.570789 18.677
 51     0.083 53994.25459313 33.59  83.474111  70.567819 18.677
 52    -0.208 54029.25465022 36.01  83.474003  70.577355 15.206
 52    -0.202 54029.25465086 35.76  83.469333  70.574395 15.206
 52     0.051 54029.25465151 36.89  83.464673  70.571425 15.206
 52    -0.002 54029.25465215 34.89  83.460013  70.568455 15.206
 52     0.055 54029.25465280 34.76  83.455353  70.565485 15.206
 52     0.018 54029.25465344 34.92  83.450703  70.562515 15.206
 53    -0.032 54064.25464304 19.38  83.468256  70.584368  2.684
 53    -0.071 54064.25464369 19.86  83.463586  70.581398  2.684
 53    -0.182 54064.25464433 19.77  83.458926  70.578428  2.684
 53    -0.092 54064.25464498 19.29  83.454266  70.575458  2.684
 53    -0.063 54064.25464562 19.34  83.449606  70.572498  2.684
 53    -0.064 54064.25464627 19.42  83.444956  70.569528  2.684
 53    -0.097 54064.25464691 18.84  83.440296  70.566558  2.684
 53    -0.076 54064.25464755 18.64  83.435646  70.563588  2.684
 53    -0.064 54064.25464820 19.41  83.430986  70.560618  2.684
 53    -0.051 54064.25464884 18.77  83.426336  70.557658  2.684
 54     0.139 54099.25460920 15.28  83.458228  70.587139  1.883
 54     0.226 54099.25460985 15.32  83.453568  70.584169  1.883
 54     0.105 54099.25461049 15.28  83.448908  70.581199  1.883
 54     0.184 54099.25461114 15.27  83.444248  70.578229  1.883
 54     0.093 54099.25461178 15.73  83.439588  70.575259  1.883
 54     0.138 54099.25461242 15.02  83.434928  70.572299  1.883
 54     0.137 54099.25461307 15.31  83.430268  70.569329  1.883
 54     0.057 54099.25461371 15.58  83.425618  70.566359  1.883
 54    -0.075 54099.25461436 16.16  83.420968  70.563389  1.883
 54    -0.102 54099.25461500 16.30  83.416308  70.560419  1.883
 54     0.021 54099.25461565 15.65  83.411662  70.557455  2.551
 54    -0.007 54099.25461629 16.09  83.407012  70.554485  2.551
 55    -0.716 54134.25456817 13.40  83.474808  70.578443  1.810
 55    -0.528 54134.25456881 13.41  83.470138  70.575473  1.810
 55    -0.558 54134.25456946 12.96  83.465478  70.572513  1.810
 55    -0.616 54134.25457010 12.82  83.460818  70.569543  1.810
 55    -0.508 54134.25457074 13.09  83.456158  70.566573  1.810
 55    -0.654 54134.25457139 13.01  83.451498  70.563603  1.810
 55    -0.608 54134.25457203 13.19  83.446838  70.560643  1.810
 57     0.719 54204.25457249  4.37  83.473034  70.578253  1.751
 57     0.536 54204.25457313  4.70  83.468364  70.575283  1.751
 57     0.671 54204.25457377  4.99  83.463704  70.572313  1.751
 57     0.583 54204.25457442  4.56  83.459044  70.569343  1.751
 57     0.572 54204.25457506  4.08  83.454387  70.566381  1.990
 57     0.534 54204.25457571  4.72  83.449727  70.563411  1.990
 57     0.459 54204.25457635  4.73  83.445067  70.560441  1.990
 59     1.276 54274.25462342 51.32  83.466065  70.582775 44.673
 59     1.338 54274.25462407 52.16  83.461405  70.579805 44.673
 59     1.180 54274.25462471 53.08  83.456745  70.576835 44.673
 59     1.192 54274.25462536 53.40  83.452085  70.573865 44.673
 59     1.209 54274.25462600 53.46  83.447425  70.570905 44.673
 59     1.219 54274.25462665 53.62  83.442765  70.567935 44.673
 59     1.239 54274.25462729 53.47  83.438109  70.564963 40.986
 59     1.245 54274.25462794 53.08  83.433449  70.561993 40.986
 59     1.244 54274.25462858 53.31  83.428799  70.559033 40.986
 60    -0.827 54309.25462539 22.67  83.467014  70.581293 11.536
 60    -0.888 54309.25462604 22.99  83.462354  70.578323 11.536
 60    -1.114 54309.25462668 25.43  83.457694  70.575363 11.536
 60    -1.347 54309.25462733 27.03  83.453034  70.572393 11.536
 60    -1.615 54309.25462797 29.61  83.448374  70.569423 11.536
 60    -1.003 54309.25462861 29.78  83.443715  70.566455 24.074
 60    -0.681 54309.25462926 29.79  83.439055  70.563485 24.074
 60    -0.285 54309.25462990 30.76  83.434405  70.560525 24.074
 60    -0.138 54309.25463055 33.66  83.429755  70.557555 24.074
 61     0.008 54344.25460132 38.35  83.461638  70.588512 15.793
 61    -0.138 54344.25460197 36.69  83.456978  70.585552 15.793
 61    -0.043 54344.25460261 36.50  83.452308  70.582582 15.793
 61     0.088 54344.25460326 37.03  83.447648  70.579612 15.793
 61     0.021 54344.25460390 41.04  83.442988  70.576642 15.793
 61     0.012 54344.25460455 39.57  83.438338  70.573672 15.793
 61     0.117 54344.25460519 36.81  83.433678  70.570712 15.793
 61    -0.063 54344.25460584 34.28  83.429023  70.567735 27.608
 61    -0.044 54344.25460648 38.63  83.424373  70.564775 27.608
 61    -0.011 54344.25460713 37.94  83.419713  70.561805 27.608
 61     0.041 54344.25460777 34.22  83.415063  70.558835 27.608
 61    -0.012 54344.25460841 32.01  83.410413  70.555865 27.608
 61     0.052 54344.25460906 35.62  83.405763  70.552895 27.608
 62     0.641 54379.25456110 16.68  83.473683  70.581053 12.734
 62     0.750 54379.25456175 15.91  83.469023  70.578083 12.734
 62     0.872 54379.25456239 14.77  83.464363  70.575113 12.734
 62     0.689 54379.25456304 15.49  83.459703  70.572143 12.734
 62     0.646 54379.25456368 15.44  83.455037  70.569180  9.678
 62     0.784 54379.25456433 15.41  83.450377  70.566210  9.678
 62     0.884 54379.25456497 15.34  83.445727  70.563240  9.678
 62     0.207 54379.25456562 17.35  83.441067  70.560270  9.678
 63     0.198 54414.25454979 19.48  83.466271  70.585942  2.199
 63     0.127 54414.25455043 19.62  83.461611  70.582972  2.199
 63     0.083 54414.25455108 19.33  83.456941  70.580012  2.199
 63     0.070 54414.25455172 19.69  83.452281  70.577042  2.199
 63    -0.015 54414.25455237 20.09  83.447621  70.574072  2.199
 63    -0.082 54414.25455301 20.03  83.442966  70.571103  4.728
 63    -0.101 54414.25455366 21.31  83.438306  70.568133  4.728
 63    -0.292 54414.25455430 21.83  83.433656  70.565173  4.728
 63    -0.350 54414.25455494 22.17  83.428996  70.562203  4.728
 63    -0.416 54414.25455559 22.34  83.424346  70.559233  4.728
 63    -0.216 54414.25455623 21.17  83.419696  70.556263  4.728
 64     0.212 54449.25452862 14.00  83.473668  70.578007  1.746
 64    -0.049 54449.25452927 14.93  83.469008  70.575037  1.746
 64     0.003 54449.25452991 14.56  83.464348  70.572067  1.746
 64     0.013 54449.25453056 14.74  83.459687  70.569107  2.297
 64     0.076 54449.25453120 14.57  83.455027  70.566137  2.297
 64    -0.040 54449.25453185 15.12  83.450367  70.563167  2.297
 64     0.017 54449.25453249 14.80  83.445717  70.560197  2.297
 65    -0.434 54484.25454474 11.33  83.468050  70.581761  1.900
 65    -0.420 54484.25454539 11.29  83.463390  70.578791  1.900
 65    -0.638 54484.25454603 11.03  83.458720  70.575831  1.900
 65    -0.806 54484.25454668 11.03  83.454060  70.572861  1.900
 65    -0.934 54484.25454732 11.53  83.449410  70.569891  1.900
 65    -0.755 54484.25454797 10.95  83.444750  70.566921  1.900
 65    -0.803 54484.25454861 11.14  83.440090  70.563951  1.900
 65    -0.829 54484.25454925 11.54  83.435440  70.560991  1.900
 65    -0.540 54484.25454990 11.52  83.430779  70.558016  2.361
 66    -0.659 54519.25454234 10.35  83.471426  70.578103  1.557
 66    -0.506 54519.25454298 10.38  83.466766  70.575143  1.557
 66    -0.598 54519.25454363 10.18  83.462106  70.572173  1.557
 66    -0.740 54519.25454427  9.96  83.457446  70.569203  1.557
 66    -0.454 54519.25454491 10.18  83.452786  70.566233  1.557
 66    -0.490 54519.25454556  9.90  83.448128  70.563268  1.989
 66    -0.501 54519.25454620 10.12  83.443468  70.560298  1.989
 67     0.015 54554.25455561  9.84  83.461860  70.587300  1.571
 67    -0.024 54554.25455626  9.37  83.457200  70.584330  1.571
 67    -0.092 54554.25455690  9.64  83.452540  70.581360  1.571
 67     0.023 54554.25455755  9.59  83.447880  70.578400  1.571
 67     0.094 54554.25455819  9.46  83.443220  70.575430  1.571
 67    -0.059 54554.25455883  9.40  83.438560  70.572460  1.571
 67    -0.056 54554.25455948  9.48  83.433900  70.569490  1.571
 67    -0.206 54554.25456012  9.55  83.429250  70.566520  1.571
 67    -0.229 54554.25456077  9.67  83.424590  70.563550  1.571
 67    -0.368 54554.25456141  9.43  83.419946  70.560589  2.157
 67    -0.033 54554.25456206  9.43  83.415286  70.557619  2.157
 67     0.088 54554.25456270  9.49  83.410636  70.554649  2.157
 68     0.070 54589.25453726  7.66  83.471584  70.582454  1.582
 68     0.111 54589.25453791  7.71  83.466914  70.579494  1.582
 68     0.173 54589.25453855  7.75  83.462254  70.576524  1.582
 68     0.127 54589.25453920  7.45  83.457594  70.573554  1.582
 68    -0.083 54589.25453984  7.43  83.452934  70.570584  1.582
 68     0.008 54589.25454049  7.44  83.448274  70.567624  1.582
 68     0.089 54589.25454113  7.76  83.443614  70.564654  1.582
 68     0.059 54589.25454178  7.52  83.438964  70.561682  1.909
 68     0.200 54589.25454242  7.55  83.434304  70.558712  1.909
 69     3.968 54624.25455471 17.66  83.463705  70.583120  8.431
 69     3.823 54624.25455536 17.02  83.459045  70.580160  8.431
 69     3.668 54624.25455600 17.86  83.454385  70.577190  8.431
 69     3.325 54624.25455664 18.02  83.449725  70.574220  8.431
 69     4.265 54624.25455729 17.11  83.445065  70.571250  8.431
 69     3.075 54624.25455793 17.64  83.440405  70.568290  8.431
 69     3.057 54624.25455858 18.34  83.435745  70.565320  8.431
 69     2.918 54624.25455922 19.05  83.431100  70.562346 17.859
 69     3.008 54624.25455987 20.26  83.426440  70.559386 17.859
 69     3.267 54624.25456051 21.60  83.421790  70.556416 17.859
 70     0.291 54659.25456336 14.66  83.465536  70.582942 15.187
 70     0.213 54659.25456401 15.15  83.460873  70.579982 15.767
 70     0.201 54659.25456465 14.64  83.456203  70.577012 15.767
 70     0.104 54659.25456530 14.57  83.451543  70.574042 15.767
 70     0.213 54659.25456594 14.43  83.446883  70.571072 15.767
 70     0.015 54659.25456658 15.31  83.442233  70.568112 15.767
 70     0.031 54659.25456723 14.61  83.437573  70.565142 15.767
 70    -0.165 54659.25456787 16.84  83.432913  70.562172 15.767
 70    -0.139 54659.25456852 16.11  83.428263  70.559202 15.767
 71    -0.480 54694.25454320 29.18  83.462689  70.584957 10.234
 71    -0.428 54694.25454385 29.34  83.458019  70.581987 10.234
 71    -0.679 54694.25454449 28.88  83.453359  70.579017 10.234
 71    -0.981 54694.25454514 28.09  83.448699  70.576047 10.234
 71    -1.157 54694.25454578 28.69  83.444039  70.573077 10.234
 71    -0.994 54694.25454643 27.79  83.439389  70.570117 10.234
 71    -1.015 54694.25454707 29.94  83.434729  70.567147 10.234
 71    -0.605 54694.25454772 29.66  83.430079  70.564177 10.234
 71    -0.307 54694.25454836 26.83  83.425419  70.561207 10.234
 71    -0.141 54694.25454901 27.04  83.420769  70.558237 10.234
 72    -0.148 54729.25451766 15.50  83.474763  70.581250  7.686
 72    -0.097 54729.25451831 14.82  83.470093  70.578280  7.686
 72    -0.105 54729.25451895 15.34  83.465433  70.575310  7.686
 72    -0.463 54729.25451960 17.37  83.460773  70.572340  7.686
 72    -0.917 54729.25452024 19.46  83.456113  70.569370  7.686
 72    -0.670 54729.25452088 20.69  83.451453  70.566410  7.686
 72    -0.417 54729.25452153 23.26  83.446793  70.563440  7.686
 72    -0.366 54729.25452217 25.70  83.442141  70.560471 25.542
 73     1.091 54764.25452144 38.81  83.467404  70.583647 28.551
 73     1.120 54764.25452208 40.40  83.462734  70.580677 28.551
 73     1.091 54764.25452273 43.74  83.458074  70.577717 28.551
 73     1.112 54764.25452337 45.22  83.453414  70.574747 28.551
 73     1.116 54764.25452402 45.54  83.448754  70.571777 28.551
 73     1.092 54764.25452466 44.18  83.444094  70.568807 28.551
 73     1.104 54764.25452531 41.91  83.439444  70.565847 28.551
 73     0.996 54764.25452595 39.18  83.434784  70.562877 28.551
 73     0.990 54764.25452660 33.88  83.430134  70.559904 26.300
 73     0.924 54764.25452724 33.15  83.425484  70.556944 26.300
 74    -0.211 54799.25451182 18.09  83.474109  70.578182  2.799
 74    -0.147 54799.25451247 17.72  83.469449  70.575222  2.799
 74    -0.186 54799.25451311 18.30  83.464779  70.572252  2.799
 74    -0.165 54799.25451376 17.48  83.460119  70.569282  2.799
 74    -0.130 54799.25451440 17.01  83.455459  70.566312  2.799
 74    -0.243 54799.25451505 17.32  83.450806  70.563349  2.939
 74    -0.289 54799.25451569 16.89  83.446146  70.560379  2.939
 75     0.212 54834.25451220 13.41  83.464906  70.583350  2.357
 75     0.061 54834.25451285 12.94  83.460246  70.580380  2.357
 75     0.181 54834.25451349 13.56  83.455576  70.577420  2.357
 75     0.047 54834.25451414 13.84  83.450916  70.574450  2.357
 75     0.009 54834.25451478 13.19  83.446256  70.571480  2.357
 75    -0.089 54834.25451542 13.49  83.441606  70.568510  2.357
 75    -0.227 54834.25451607 14.86  83.436946  70.565540  2.357
 75    -0.193 54834.25451671 14.05  83.432296  70.562580  2.357
 75    -0.226 54834.25451736 14.05  83.427641  70.559604  2.530
 75    -0.105 54834.25451800 13.96  83.422981  70.556644  2.530
 76    -0.201 54869.25450861 11.97  83.474882  70.578067  1.839
 76    -0.237 54869.25450926 12.17  83.470222  70.575107  1.839
 76    -0.246 54869.25450990 12.05  83.465552  70.572137  1.839
 76    -0.288 54869.25451055 12.21  83.460892  70.569167  1.839
 76    -0.229 54869.25451119 12.28  83.456232  70.566197  1.839
 76    -0.406 54869.25451184 12.42  83.451582  70.563235  2.178
 76    -0.518 54869.25451248 12.53  83.446922  70.560265  2.178
 77     0.107 54904.25452130 10.56  83.457134  70.586415  1.873
 77     0.035 54904.25452194 10.47  83.452474  70.583445  1.873
 77     0.086 54904.25452259 10.24  83.447804  70.580485  1.873
 77    -0.013 54904.25452323 10.66  83.443144  70.577515  1.873
 77     0.062 54904.25452388 10.46  83.438494  70.574545  1.873
 77    -0.044 54904.25452452 10.63  83.433834  70.571575  1.873
 77    -0.093 54904.25452517 10.60  83.429174  70.568605  1.873
 77    -0.100 54904.25452581 10.94  83.424524  70.565645  1.873
 77    -0.225 54904.25452646 10.90  83.419869  70.562667  2.428
 77    -0.216 54904.25452710 10.63  83.415219  70.559707  2.428
 77    -0.135 54904.25452775 10.93  83.410569  70.556737  2.428
 77     0.022 54904.25452839 10.59  83.405919  70.553767  2.428
 78     0.506 54939.25449919 10.10  83.472720  70.581102  1.728
 78     0.643 54939.25449983  9.85  83.468056  70.578124  1.905
 78     0.420 54939.25450048 10.15  83.463396  70.575164  1.905
 78     0.482 54939.25450112 10.18  83.458736  70.572194  1.905
 78     0.447 54939.25450176 10.40  83.454076  70.569224  1.905
 78     0.286 54939.25450241 10.81  83.449416  70.566264  1.905
 78     0.475 54939.25450305 10.13  83.444756  70.563294  1.905
 78     0.454 54939.25450370  9.90  83.440096  70.560324  1.905
 79     0.431 54974.25452959 23.97  83.470622  70.583402  9.625
 79     0.265 54974.25453023 24.33  83.465952  70.580432  9.625
 79     0.186 54974.25453088 23.95  83.461292  70.577462  9.625
 79    -0.061 54974.25453152 22.58  83.456632  70.574492  9.625
 79    -0.357 54974.25453217 22.27  83.451972  70.571532  9.625
 79    -0.492 54974.25453281 18.62  83.447312  70.568562  9.625
 79    -0.797 54974.25453345 16.02  83.442652  70.565592  9.625
 79    -0.140 54974.25453410 13.81  83.438000  70.562621 21.199
 79     0.367 54974.25453474 15.32  83.433340  70.559651 21.199
 80     1.963 55009.25454338 15.46  83.462943  70.584058  5.504
 80     2.036 55009.25454402 16.34  83.458273  70.581088  5.504
 80     1.636 55009.25454467 16.76  83.453613  70.578128  5.504
 80     1.424 55009.25454531 17.24  83.448953  70.575158  5.504
 80     0.998 55009.25454596 17.28  83.444293  70.572188  5.504
 80     0.852 55009.25454660 17.46  83.439643  70.569218  5.504
 80     0.777 55009.25454725 17.87  83.434983  70.566248  5.504
 80     0.839 55009.25454789 17.82  83.430333  70.563288  5.504
 80     0.797 55009.25454853 19.66  83.425681  70.560312 14.268
 80     0.836 55009.25454918 20.27  83.421021  70.557342 14.268
 81    -6.466 55044.25453316 23.12  83.470268  70.583859  8.931
 81    -1.141 55044.25453381 23.02  83.465598  70.580889  8.931
 81    -3.760 55044.25453445 23.05  83.460938  70.577929  8.931
 81    -2.832 55044.25453509 24.14  83.456278  70.574959  8.931
 81    -1.940 55044.25453574 24.32  83.451618  70.571989  8.931
 81    -1.330 55044.25453638 24.41  83.446958  70.569019  8.931
 81    -0.828 55044.25453703 24.66  83.442298  70.566049  8.931
 81    -0.404 55044.25453767 22.62  83.437648  70.563089  8.931
 81    -0.130 55044.25453832 23.16  83.432986  70.560115 11.386
 81    -0.363 55044.25453896 25.35  83.428336  70.557145 11.386
 82    -0.078 55079.25450942 22.25  83.461095  70.587000  8.148
 82    -0.138 55079.25451007 22.63  83.456425  70.584030  8.148
 82    -0.365 55079.25451071 24.71  83.451765  70.581060  8.148
 82    -0.453 55079.25451136 21.97  83.447105  70.578090  8.148
 82    -0.421 55079.25451200 20.49  83.442445  70.575130  8.148
 82    -0.496 55079.25451265 19.36  83.437795  70.572160  8.148
 82    -0.864 55079.25451329 23.75  83.433135  70.569190  8.148
 82    -0.676 55079.25451394 28.36  83.428485  70.566220  8.148
 82    -0.407 55079.25451458 31.66  83.423825  70.563250  8.148
 82    -0.269 55079.25451522 32.63  83.419175  70.560280  8.148
 82    -0.180 55079.25451587 33.30  83.414522  70.557317 11.943
 82    -0.042 55079.25451651 28.69  83.409872  70.554347 11.943
 83    -0.990 55114.25446606 27.24  83.471408  70.580741  8.645
 83    -1.153 55114.25446671 27.44  83.466738  70.577781  8.645
 83    -1.347 55114.25446735 28.37  83.462078  70.574811  8.645
 83    -1.583 55114.25446800 30.37  83.457418  70.571841  8.645
 83    -1.242 55114.25446864 30.12  83.452758  70.568871  8.645
 83    -0.634 55114.25446929 30.55  83.448098  70.565901  8.645
 83    -0.278 55114.25446993 31.67  83.443448  70.562941  8.645
 83    -0.352 55114.25447058 31.46  83.438788  70.559971  8.645
 84    -0.379 55149.25446571 19.32  83.466666  70.584477  5.145
 84    -0.541 55149.25446635 20.47  83.461996  70.581517  5.145
 84    -0.677 55149.25446700 21.68  83.457336  70.578547  5.145
 84    -0.658 55149.25446764 23.30  83.452676  70.575577  5.145
 84    -0.695 55149.25446828 24.87  83.448016  70.572607  5.145
 84    -0.638 55149.25446893 24.77  83.443356  70.569637  5.145
 84    -0.628 55149.25446957 25.43  83.438696  70.566677  5.145
 84    -0.593 55149.25447022 27.41  83.434046  70.563707  5.145
 84    -0.646 55149.25447086 27.08  83.429390  70.560734  6.642
 84    -0.494 55149.25447151 26.36  83.424740  70.557764  6.642
 85    -0.535 55184.25444948 18.21  83.472134  70.577570  2.866
 85    -0.593 55184.25445012 18.32  83.467474  70.574600  2.866
 85    -0.454 55184.25445077 17.38  83.462814  70.571640  2.866
 85    -0.345 55184.25445141 16.97  83.458154  70.568670  2.866
 85    -0.331 55184.25445206 16.85  83.453494  70.565700  2.866
 85    -0.319 55184.25445270 16.53  83.448830  70.562735  2.774
 85    -0.436 55184.25445335 16.64  83.444180  70.559765  2.774
 86     0.463 55219.25446370 20.83  83.462302  70.584056  4.180
 86     0.397 55219.25446434 20.59  83.457632  70.581086  4.180
 86     0.223 55219.25446499 21.05  83.452972  70.578126  4.180
 86    -0.042 55219.25446563 21.32  83.448312  70.575156  4.180
 86    -0.259 55219.25446628 21.52  83.443662  70.572186  4.180
 86    -0.464 55219.25446692 21.80  83.439002  70.569216  4.180
 86    -0.202 55219.25446756 22.63  83.434342  70.566246  4.180
 86     0.391 55219.25446821 21.81  83.429692  70.563286  4.180
 86     0.558 55219.25446885 24.99  83.425033  70.560310  6.308
 86     0.710 55219.25446950 26.02  83.420383  70.557350  6.308
 87    -0.060 55254.25444524 13.94  83.473853  70.579742  2.267
 87    -0.446 55254.25444589 15.90  83.469193  70.576772  2.267
 87    -0.363 55254.25444653 14.70  83.464523  70.573812  2.267
 87    -0.154 55254.25444718 15.15  83.459863  70.570842  2.267
 87     0.035 55254.25444782 14.98  83.455203  70.567872  2.267
 87     0.173 55254.25444847 14.79  83.450553  70.564908  2.926
 87     0.341 55254.25444911 15.02  83.445893  70.561938  2.926
 87     0.395 55254.25444976 14.92  83.441233  70.558968  2.926
 88     0.489 55289.25445311 12.26  83.457076  70.586295  1.964
 88     0.603 55289.25445376 12.06  83.452416  70.583325  1.964
 88     0.532 55289.25445440 11.93  83.447756  70.580355  1.964
 88     0.479 55289.25445505 11.77  83.443096  70.577385  1.964
 88     0.186 55289.25445569 12.33  83.438436  70.574425  1.964
 88    -0.016 55289.25445634 12.39  83.433786  70.571455  1.964
 88    -0.180 55289.25445698 13.05  83.429126  70.568485  1.964
 88    -0.243 55289.25445762 13.16  83.424476  70.565515  1.964
 88    -0.128 55289.25445827 12.92  83.419816  70.562545  1.964
 88    -0.029 55289.25445891 12.58  83.415167  70.559582  2.456
 88     0.060 55289.25445956 12.30  83.410517  70.556612  2.456
 88     0.158 55289.25446020 12.20  83.405867  70.553642  2.456
 89     0.424 55324.25443143  9.41  83.466826  70.584008  1.662
 89     0.457 55324.25443207  9.19  83.462156  70.581038  1.662
 89     0.259 55324.25443271  9.11  83.457496  70.578078  1.662
 89     0.237 55324.25443336  9.32  83.452836  70.575108  1.662
 89     0.200 55324.25443400  9.22  83.448176  70.572138  1.662
 89     0.132 55324.25443465  9.26  83.443516  70.569168  1.662
 89     0.176 55324.25443529  9.49  83.438856  70.566208  1.662
 89     0.191 55324.25443594  9.30  83.434206  70.563238  1.662
 89     0.325 55324.25443658  9.25  83.429545  70.560262  2.011
 89     0.304 55324.25443723  9.27  83.424895  70.557302  2.011
 90     3.070 55359.25443093 29.40  83.455511  70.578582 10.972
 90     3.084 55359.25443157 28.91  83.450851  70.575612 10.972
 90     4.174 55359.25443222 26.74  83.446191  70.572642 10.972
 90     3.787 55359.25443286 21.08  83.441531  70.569672 10.972
 90     2.918 55359.25443351 19.28  83.436881  70.566702 10.972
 90     2.930 55359.25443415 19.59  83.432221  70.563742 10.972
 90     3.010 55359.25443480 21.01  83.427571  70.560767 26.217
 90     3.090 55359.25443544 23.58  83.422921  70.557807 26.217
 91    -0.986 55394.25443442 23.39  83.469881  70.579999 13.663
 91    -1.129 55394.25443506 23.05  83.465221  70.577029 13.663
 91    -1.198 55394.25443570 21.12  83.460561  70.574059 13.663
 91    -1.456 55394.25443635 19.74  83.455901  70.571099 13.663
 91    -1.613 55394.25443699 21.09  83.451241  70.568129 13.663
 91    -2.027 55394.25443764 22.55  83.446581  70.565159 13.663
 91    -1.401 55394.25443828 24.61  83.441921  70.562191 24.922
 91    -0.851 55394.25443893 25.67  83.437271  70.559221 24.922
 92     0.241 55429.25444572 13.80  83.467110  70.581567  5.816
 92     0.133 55429.25444636 14.35  83.462450  70.578597  5.816
 92     0.199 55429.25444701 14.36  83.457780  70.575637  5.816
 92     0.245 55429.25444765 13.30  83.453120  70.572667  5.816
 92     0.095 55429.25444830 13.62  83.448470  70.569697  5.816
 92     0.122 55429.25444894 14.29  83.443810  70.566727  5.816
 92     0.156 55429.25444958 13.18  83.439150  70.563757  5.816
 92     0.137 55429.25445023 13.72  83.434500  70.560797  5.816
 92    -0.015 55429.25445087 15.79  83.429848  70.557821 18.917
 93    -0.196 55464.25440775 32.48  83.459693  70.587497  7.089
 93    -0.297 55464.25440839 33.07  83.455033  70.584527  7.089
 93    -0.311 55464.25440904 31.79  83.450363  70.581557  7.089
 93    -0.497 55464.25440968 30.31  83.445703  70.578587  7.089
 93    -0.779 55464.25441033 30.60  83.441053  70.575617  7.089
 93    -1.274 55464.25441097 31.08  83.436393  70.572657  7.089
 93    -1.173 55464.25441162 32.34  83.431733  70.569687  7.089
 93    -1.154 55464.25441226 32.50  83.427083  70.566717  7.089
 93    -0.829 55464.25441290 32.16  83.422423  70.563747  7.089
 93    -0.659 55464.25441355 30.56  83.417773  70.560777  7.089
 93    -0.506 55464.25441419 31.20  83.413129  70.557813  6.378
 93    -0.354 55464.25441484 31.33  83.408479  70.554843  6.378
