# NaN NaN NaN ;Mean Elev.(m), Avg Gradient(m/km), RMS Gradient(m/km) - SRTM1     
#  -30.766  -0.616  13.374 ;Mean Elev.(m), Avg Gradient(m/km), RMS Gradient(m/km) - ASTER GDEM
#    3.279   0.517   4.850 ;Mean Elev.(m), Avg Gradient(m/km), RMS Gradient(m/km) - GMTED2010 
  7     5.889 52445.24291245 45.67  85.851574  69.279584 11.560
  7     4.832 52445.24291310 47.13  85.847434  69.276574 11.560
  7     4.687 52445.24291374 42.54  85.843284  69.273564 11.560
  8    10.697 52480.24290512 19.17  85.850069  69.277693 18.788
  8    10.098 52480.24290577 18.22  85.845919  69.274683 18.788
  8     7.794 52480.24290641 21.08  85.841779  69.271673 18.788
  9    10.982 52515.24285340 20.88  85.852884  69.280950 13.420
  9    10.689 52515.24285404 16.70  85.848744  69.277940 13.420
  9     9.953 52515.24285469 18.78  85.844604  69.274930 13.420
  9     8.386 52515.24285533 20.45  85.840464  69.271920 13.420
 10    10.128 52550.24290103 27.46  85.859949  69.271420  9.781
 10     1.124 52550.24290167 30.82  85.855799  69.268410  9.781
 10     1.185 52550.24290231 31.61  85.851659  69.265400  9.781
 10     1.374 52550.24290296 34.60  85.847519  69.262390  9.781
 11     6.365 52585.24287848 18.36  85.857441  69.274012  2.789
 11     0.439 52585.24287912 18.73  85.853301  69.271002  2.789
 11     3.078 52585.24287976 17.62  85.849161  69.267992  2.789
 11     2.282 52585.24288041 17.22  85.845021  69.264982  2.789
 12     7.310 52620.24285764 12.62  85.848952  69.283870  2.251
 12     7.397 52620.24285828 12.86  85.844812  69.280860  2.251
 12     7.185 52620.24285893 11.78  85.840672  69.277850  2.251
 12     6.243 52620.24285957 11.81  85.836532  69.274830  2.251
 15     7.094 52725.24288624  7.57  85.854175  69.273120  2.306
 15     7.576 52725.24288688  6.37  85.850025  69.270110  2.306
 16     9.077 52760.24290143  7.30  85.849632  69.290353  2.536
 16     7.512 52760.24290207  7.32  85.845482  69.287343  2.536
 16     8.181 52760.24290271  7.19  85.841342  69.284333  2.536
 16     8.509 52760.24290336  7.05  85.837192  69.281313  2.536
 17    11.523 52795.24286173 30.93  85.861866  69.266151 38.063
 17    10.982 52795.24286238 27.55  85.857726  69.263141 38.063
 17    10.857 52795.24286302 28.44  85.853586  69.260131 38.063
 17    10.911 52795.24286367 28.85  85.849446  69.257121 38.063
 18    11.210 52830.24292872 22.81  85.862198  69.264937 16.561
 18    10.381 52830.24292937 18.88  85.858058  69.261927 16.561
 18    10.338 52830.24293001 16.66  85.853918  69.258917 16.561
 18     9.895 52830.24293066 16.93  85.849778  69.255907 16.561
 19     0.709 52865.24297262 48.84  85.858036  69.266923 27.700
 19     0.640 52865.24297326 50.56  85.853896  69.263913 27.700
 19     0.634 52865.24297391 51.43  85.849756  69.260903 27.700
 20    10.914 52900.24299971 20.63  85.850161  69.278547 17.382
 20    10.533 52900.24300036 16.94  85.846021  69.275537 17.382
 20    10.036 52900.24300100 17.39  85.841881  69.272527 17.382
 21    -0.478 52935.24294062 32.50  85.851495  69.287857  7.645
 21    -0.466 52935.24294127 32.95  85.847345  69.284847  7.645
 21     0.107 52935.24294191 30.66  85.843205  69.281827  7.645
 21     0.157 52935.24294256 28.87  85.839065  69.278817  7.645
 22     8.570 52970.24296256 15.75  85.856701  69.271383  2.385
 22     8.417 52970.24296321 15.54  85.852561  69.268373  2.385
 22     7.986 52970.24296385 15.85  85.848421  69.265363  2.385
 22     7.294 52970.24296450 15.71  85.844271  69.262353  2.385
 23     9.577 53005.24297770 11.31  85.852116  69.279887  2.127
 23     9.396 53005.24297834 11.17  85.847976  69.276877  2.127
 23     8.076 53005.24297899 11.44  85.843836  69.273867  2.127
 24     8.905 53040.24292924 10.14  85.862287  69.268837  1.835
 24     7.674 53040.24292989 10.51  85.858147  69.265827  1.835
 24     6.328 53040.24293053 10.49  85.853997  69.262817  1.835
 24     5.456 53040.24293118 10.47  85.849857  69.259807  1.835
 25     8.200 53075.24295977  8.87  85.851671  69.279780  2.142
 25     7.024 53075.24296041  8.87  85.847531  69.276770  2.142
 25     7.874 53075.24296106  8.85  85.843381  69.273760  2.142
 26     7.193 53110.24293091  8.68  85.860097  69.271445  1.977
 26     5.704 53110.24293155  8.93  85.855957  69.268435  1.977
 26     3.084 53110.24293220  9.45  85.851813  69.265416  2.216
 26     1.605 53110.24293284  9.19  85.847663  69.262406  2.216
 27     7.871 53145.24297234 11.02  85.855659  69.274051  2.225
 27     8.076 53145.24297298 11.30  85.851519  69.271041  2.225
 27     7.106 53145.24297363 11.05  85.847379  69.268031  2.225
 27     6.520 53145.24297427 11.43  85.843229  69.265021  2.225
 28     5.576 53180.24298399 46.98  85.856118  69.274264 19.246
 28     5.460 53180.24298464 47.03  85.851978  69.271254 19.246
 28     5.439 53180.24298528 48.25  85.847828  69.268244 19.246
 28     5.553 53180.24298593 48.07  85.843688  69.265234 19.246
 29    10.246 53215.24300585 19.52  85.853509  69.276515 17.065
 29    10.447 53215.24300650 15.20  85.849359  69.273505 17.065
 29    10.022 53215.24300714 15.22  85.845219  69.270495 17.065
 30    10.065 53250.24297693 20.23  85.849776  69.283645 10.788
 30     9.825 53250.24297757 21.01  85.845636  69.280635 10.788
 30     1.728 53250.24297822 22.68  85.841486  69.277625 10.788
 30     1.760 53250.24297886 22.86  85.837346  69.274615 10.788
 31    10.173 53285.24297456 22.00  85.859712  69.272322 14.434
 31    10.280 53285.24297521 21.51  85.855562  69.269302 14.434
 31    10.262 53285.24297585 23.48  85.851422  69.266292 14.434
 31     8.005 53285.24297650 23.31  85.847282  69.263282 14.434
 32     1.275 53320.24295768 20.01  85.860147  69.271444  5.998
 32     1.178 53320.24295832 22.60  85.856007  69.268434  5.998
 32     1.405 53320.24295897 23.77  85.851867  69.265414  5.998
 32     1.434 53320.24295961 24.92  85.847727  69.262404  5.998
 33     7.508 53355.24292529 11.36  85.849822  69.277526  2.024
 33     6.956 53355.24292593 11.69  85.845682  69.274516  2.024
 33     6.646 53355.24292658 11.51  85.841542  69.271496  2.024
 34     7.648 53390.24293464 10.36  85.858337  69.267535  1.825
 34     7.345 53390.24293528 10.43  85.854197  69.264525  1.825
 34     2.544 53390.24293592 10.25  85.850057  69.261515  1.825
 34     2.043 53390.24293657 10.34  85.845917  69.258505  1.825
 35     6.914 53425.24293105  9.27  85.853974  69.275431  1.818
 35     6.603 53425.24293170  9.14  85.849834  69.272411  1.818
 35     4.917 53425.24293234  9.25  85.845694  69.269401  1.818
 36     3.162 53460.24293861  9.46  85.861926  69.266257  1.932
 36     2.462 53460.24293926  9.45  85.857776  69.263247  1.932
 36     1.522 53460.24293990  9.63  85.853636  69.260237  1.932
 36     1.343 53460.24294055  9.57  85.849496  69.257227  1.932
 37    10.899 53495.24302085  7.02  85.853717  69.277363  1.864
 37     9.017 53495.24302150  7.14  85.849577  69.274353  1.864
 37     9.550 53495.24302214  7.14  85.845427  69.271343  1.864
 38    11.159 53530.24299699 23.96  85.854528  69.273694 26.851
 38    10.823 53530.24299763 20.32  85.850388  69.270684 26.851
 38    10.367 53530.24299828 20.02  85.846248  69.267674 26.851
 39     1.166 53565.24302481 38.46  85.851258  69.283067 23.508
 39     1.064 53565.24302546 43.30  85.847108  69.280057 23.508
 39     1.187 53565.24302610 48.11  85.842968  69.277047 23.508
 39     1.187 53565.24302675 50.96  85.838828  69.274027 23.508
 40    10.361 53600.24296776 24.47  85.852553  69.280651 19.095
 40    10.031 53600.24296840 16.82  85.848403  69.277641 19.095
 40     9.585 53600.24296905 18.54  85.844263  69.274631 19.095
 40     7.466 53600.24296969 20.46  85.840123  69.271611 19.095
 41    11.122 53635.24296595 21.39  85.858831  69.271161 18.542
 41    10.391 53635.24296660 20.69  85.854681  69.268151 18.542
 41     5.632 53635.24296724 22.42  85.850541  69.265141 18.542
 41     9.029 53635.24296789 20.06  85.846401  69.262131 18.542
 42     0.635 53670.24298684 47.00  85.851327  69.275436 23.765
 42     0.673 53670.24298749 45.43  85.847187  69.272416 23.765
 42     0.679 53670.24298813 49.73  85.843047  69.269406 23.765
 43     0.225 53705.24292180 14.03  85.853967  69.277302  2.040
 43     0.977 53705.24292244 14.38  85.849827  69.274292  2.040
 43     1.632 53705.24292309 14.23  85.845687  69.271272  2.040
 43     1.724 53705.24292373 14.37  85.841547  69.268262  2.040
 44     4.238 53740.24283122 12.25  85.851682  69.289562  2.319
 44     4.567 53740.24283186 12.30  85.847542  69.286552  2.319
 44     6.283 53740.24283251 11.96  85.843392  69.283542  2.319
 44     6.717 53740.24283315 12.21  85.839252  69.280532  2.319
 44     5.266 53740.24283380 12.04  85.835112  69.277522  2.319
 45     5.066 53775.24285489 10.68  85.859460  69.271190  1.933
 45     3.486 53775.24285553 10.75  85.855320  69.268180  1.933
 45     0.999 53775.24285617 11.04  85.851180  69.265170  1.933
 45     0.528 53775.24285682 11.39  85.847040  69.262160  1.933
 46     5.244 53810.24283491 10.49  85.850212  69.284104  2.143
 46     5.592 53810.24283556 10.43  85.846062  69.281094  2.143
 46     4.578 53810.24283620 10.42  85.841922  69.278084  2.143
 46     5.468 53810.24283685 10.20  85.837782  69.275074  2.143
 47     2.734 53845.24288137 10.03  85.855735  69.270188  1.970
 47     0.905 53845.24288202  9.83  85.851595  69.267178  1.970
 47     0.616 53845.24288266 10.17  85.847445  69.264168  1.970
 48     0.964 53880.24290827 26.98  85.859261  69.271030 20.884
 48     1.178 53880.24290892 29.14  85.855121  69.268020 20.884
 48     1.366 53880.24290956 32.07  85.850971  69.265010 20.884
 48     1.610 53880.24291021 34.87  85.846831  69.262000 20.884
 49     2.467 53915.24296436 44.75  85.852766  69.279002 13.868
 49     2.463 53915.24296501 44.14  85.848616  69.275992 13.868
 49     2.606 53915.24296565 45.34  85.844476  69.272982 13.868
 50    10.421 53950.24297318 20.02  85.849012  69.281227 20.785
 50    10.308 53950.24297382 15.98  85.844862  69.278217 20.785
 50     9.373 53950.24297447 19.06  85.840722  69.275197 20.785
 51     9.901 53985.24290986 21.37  85.851474  69.283415 24.261
 51    10.252 53985.24291051 19.25  85.847334  69.280405 24.261
 51     9.694 53985.24291115 19.30  85.843184  69.277395 24.261
 51     7.524 53985.24291179 20.01  85.839044  69.274385 24.261
 52    10.428 54020.24294977 21.17  85.858905  69.268943  7.850
 52     8.768 54020.24295041 21.75  85.854765  69.265933  7.850
 52     8.188 54020.24295106 22.34  85.850615  69.262923  7.850
 52     2.829 54020.24295170 23.92  85.846475  69.259913  7.850
 53     5.326 54055.24294068 16.75  85.860313  69.271155  2.412
 53     1.669 54055.24294133 17.17  85.856173  69.268145  2.412
 53     2.089 54055.24294197 16.96  85.852033  69.265125  2.412
 53     0.843 54055.24294262 16.73  85.847893  69.262115  2.412
 54     7.600 54090.24292712 12.36  85.851082  69.280033  1.967
 54     6.990 54090.24292776 12.34  85.846942  69.277023  1.967
 54     6.202 54090.24292841 12.39  85.842802  69.274013  1.967
 55     8.972 54125.24285652 10.95  85.862100  69.267319  2.071
 55     6.664 54125.24285717 11.23  85.857960  69.264309  2.071
 55     1.691 54125.24285781 11.39  85.853810  69.261299  2.071
 55     1.379 54125.24285846 11.47  85.849670  69.258289  2.071
 57     3.301 54195.24285816  9.01  85.859731  69.268425  1.898
 57     1.588 54195.24285880  8.91  85.855591  69.265415  1.898
 57     1.691 54195.24285945  9.22  85.851441  69.262405  1.898
 57     0.904 54195.24286009  8.97  85.847301  69.259395  1.898
 58     2.000 54230.24290783 22.46  85.853765  69.272665  5.952
 58     2.319 54230.24290848 22.70  85.849625  69.269655  5.952
 58     2.515 54230.24290912 23.10  85.845485  69.266635  5.952
 59    11.359 54265.24292519 24.50  85.855633  69.274061 16.445
 59    10.956 54265.24292584 20.46  85.851484  69.271057 20.203
 59    10.362 54265.24292648 22.18  85.847344  69.268037 20.203
 59     9.880 54265.24292713 22.83  85.843204  69.265027 20.203
 61    11.691 54335.24291779 28.29  85.853688  69.279727 17.880
 61    10.320 54335.24291844 20.93  85.849548  69.276717 17.880
 61     9.452 54335.24291908 20.77  85.845398  69.273707 17.880
 61     1.463 54335.24291973 27.74  85.841263  69.270699 21.331
 63     1.401 54405.24286234 44.97  85.854193  69.278511 16.640
 63     1.293 54405.24286298 40.03  85.850053  69.275501 16.640
 63     1.343 54405.24286363 32.20  85.845913  69.272491 16.640
 63     1.401 54405.24286427 28.88  85.841763  69.269481 16.640
 64    10.373 54440.24282179 10.54  85.863195  69.265728  2.122
 64     9.074 54440.24282244 10.81  85.859055  69.262718  2.122
 64     8.131 54440.24282308 10.58  85.854910  69.259707  2.317
 64     6.018 54440.24282373 10.74  85.850770  69.256697  2.317
 65     7.840 54475.24285058  8.94  85.854446  69.271676  1.772
 65     6.933 54475.24285123  8.98  85.850306  69.268666  1.772
 65     7.015 54475.24285187  9.41  85.846166  69.265656  1.772
 66     3.919 54510.24283604  8.16  85.859919  69.266920  1.990
 66     2.496 54510.24283669  8.54  85.855779  69.263910  1.990
 66     1.619 54510.24283733  8.83  85.851639  69.260890  1.990
 66     1.737 54510.24283798  8.79  85.847499  69.257890  1.990
 67     7.289 54545.24286409  8.79  85.853528  69.276587  2.017
 67     6.672 54545.24286474  9.30  85.849388  69.273577  2.017
 67     6.834 54545.24286538  8.99  85.845248  69.270567  2.017
 68    11.853 54580.24283185  6.06  85.854468  69.271386  1.872
 68    11.597 54580.24283249  6.04  85.850328  69.268376  1.872
 68    10.705 54580.24283314  6.41  85.846178  69.265366  1.872
 69     9.680 54615.24285364 26.33  85.854787  69.275177 17.446
 69     7.807 54615.24285429 25.66  85.850647  69.272167 17.446
 69     6.847 54615.24285493 26.05  85.846507  69.269157 17.446
 70    11.057 54650.24286589 20.97  85.854023  69.274097 16.127
 70    10.802 54650.24286654 18.44  85.849883  69.271087 16.127
 70     9.660 54650.24286718 21.39  85.845743  69.268077 16.127
 71    10.708 54685.24285937 19.98  85.849844  69.277964 14.714
 71     9.613 54685.24286002 17.75  85.845704  69.274954 14.714
 71     2.132 54685.24286066 20.85  85.841564  69.271944 14.714
 72    11.096 54720.24281102 21.54  85.860861  69.266491 23.598
 72    10.402 54720.24281166 17.75  85.856721  69.263490 16.358
 72     0.816 54720.24281231 22.04  85.852581  69.260470 16.358
 72     1.116 54720.24281295 23.84  85.848441  69.257460 16.358
 73     9.722 54755.24283425 21.64  85.853481  69.274115 11.604
 73     9.517 54755.24283489 21.66  85.849331  69.271105 11.604
 73     7.929 54755.24283554 23.60  85.845191  69.268095 11.604
 74     0.304 54790.24280452 24.14  85.860272  69.267984  5.033
 74     0.451 54790.24280516 23.32  85.856122  69.264964  5.033
 74     0.403 54790.24280581 23.94  85.851982  69.261954  5.033
 74     0.242 54790.24280645 24.31  85.847842  69.258944  5.033
 75     7.457 54825.24283075 13.68  85.855205  69.271071  2.232
 75     3.036 54825.24283139 13.84  85.851055  69.268061  2.232
 75     2.479 54825.24283204 14.14  85.846915  69.265051  2.232
 76     3.526 54860.24279754 11.81  85.862214  69.268454  2.166
 76     2.744 54860.24279818 11.93  85.858074  69.265444  2.166
 76     1.170 54860.24279883 11.80  85.853934  69.262434  2.166
 76     0.696 54860.24279947 12.04  85.849784  69.259424  2.166
 77     7.418 54895.24283065 10.54  85.854217  69.279641  2.248
 77     6.934 54895.24283130 10.47  85.850077  69.276631  2.248
 77     6.057 54895.24283194 10.58  85.845927  69.273621  2.248
 77     2.734 54895.24283259 10.54  85.841787  69.270611  2.248
 78    10.402 54930.24279603  9.38  85.857596  69.269274  1.928
 78     8.368 54930.24279668  9.55  85.853456  69.266264  1.928
 78     9.746 54930.24279732  9.31  85.849316  69.263254  1.928
 78     8.143 54930.24279797  9.57  85.845176  69.260244  1.928
 79     1.566 54965.24283128 22.32  85.855440  69.275868 10.770
 79     1.759 54965.24283192 22.55  85.851300  69.272858 10.770
 79     1.952 54965.24283257 21.91  85.847160  69.269848 10.770
 79     2.093 54965.24283321 20.66  85.843010  69.266838 10.770
 80    11.351 55000.24285130 26.85  85.854803  69.277820 18.644
 80    11.027 55000.24285194 20.46  85.850663  69.274810 18.644
 80    10.752 55000.24285259 17.82  85.846513  69.271800 18.644
 80    10.443 55000.24285323 18.12  85.842373  69.268790 18.644
 81    10.724 55035.24283712 21.13  85.857242  69.274445 18.775
 81    10.564 55035.24283776 18.36  85.853102  69.271435 18.775
 81     9.998 55035.24283841 20.30  85.848961  69.268430 17.380
 81     1.599 55035.24283905 27.05  85.844811  69.265420 17.380
 82    10.318 55070.24282626 17.94  85.850995  69.280245 15.037
 82    10.172 55070.24282690 14.77  85.846855  69.277235 15.037
 82     7.329 55070.24282755 19.78  85.842705  69.274225 15.037
 83    11.001 55105.24276984 26.54  85.860369  69.269412 11.126
 83    -6.988 55105.24277049 27.14  85.856219  69.266402 11.126
 83     1.724 55105.24277113 24.30  85.852079  69.263392 11.126
 83     6.266 55105.24277178 22.54  85.847939  69.260382 11.126
 84     1.025 55140.24277527 22.94  85.854192  69.276571  5.082
 84     0.772 55140.24277592 23.56  85.850052  69.273561  5.082
 84     0.815 55140.24277656 22.62  85.845912  69.270551  5.082
 85     3.518 55175.24273770 14.14  85.860450  69.265451  2.216
 85     7.526 55175.24273835 13.99  85.856300  69.262441  2.216
 85     0.805 55175.24273899 14.04  85.852160  69.259431  2.216
 85     0.475 55175.24273964 14.08  85.848020  69.256421  2.216
 86     4.038 55210.24277094 11.49  85.854374  69.273277  2.166
 86     2.549 55210.24277159 11.93  85.850224  69.270267  2.166
 86     2.874 55210.24277223 11.88  85.846084  69.267257  2.166
 87     7.701 55245.24274324 10.01  85.859478  69.270769  1.894
 87     3.823 55245.24274388 10.05  85.855338  69.267759  1.894
 87     2.514 55245.24274453 10.13  85.851198  69.264749  1.894
 87     1.649 55245.24274517 10.17  85.847058  69.261739  1.894
 88     6.026 55280.24276384  8.96  85.852347  69.278632  1.946
 88     6.312 55280.24276448  9.22  85.848207  69.275622  1.946
 88     4.349 55280.24276513  9.36  85.844067  69.272612  1.946
 89     6.486 55315.24272992  7.20  85.855203  69.274868  1.954
 89     5.642 55315.24273057  7.25  85.851063  69.271858  1.954
 89     6.399 55315.24273121  7.07  85.846923  69.268848  1.954
 89     6.899 55315.24273186  6.83  85.842783  69.265838  1.954
 90     6.969 55350.24273531 30.54  85.852445  69.277746 27.329
 90     6.848 55350.24273596 35.69  85.848305  69.274736 27.329
 90     6.711 55350.24273660 35.90  85.844165  69.271726 27.329
 91    11.212 55385.24273039 20.29  85.856796  69.268411 13.446
 91    10.550 55385.24273104 17.80  85.852656  69.265401 13.446
 91     9.975 55385.24273168 17.92  85.848516  69.262391 13.446
 92     0.911 55420.24275456 31.77  85.853759  69.273082 10.827
 92     0.646 55420.24275520 31.05  85.849619  69.270072 10.827
 92     0.026 55420.24275585 35.21  85.845469  69.267062 10.827
 93    10.672 55455.24272991 27.70  85.852815  69.282268 15.682
 93    10.606 55455.24273056 20.94  85.848675  69.279258 15.682
 93     1.798 55455.24273120 24.14  85.844535  69.276248 15.682
 93     2.283 55455.24273184 24.54  85.840395  69.273238 15.682
