-155816.853    88.060     0.00    9.45
-155437.661    82.873   -13.68   12.44
-155058.379    73.110   -25.74   18.01
-154679.006    62.219   -28.71   17.76
-154299.542    51.885   -27.23   10.83
-153919.988    48.952    -7.73    7.88
-153540.342    48.845    -0.28    6.20
-153160.606    51.326     6.53    4.97
-152780.778    52.646     3.47    3.02
-152400.860    53.623     2.57    2.79
-152020.850    54.880     3.31    3.99
-151640.749    58.149     8.60    5.76
-151260.557    63.520    14.13    7.12
-150880.273    68.650    13.49    6.53
-150499.898    71.122     6.50    4.91
-150119.431    69.231    -4.97    6.17
-149738.873    64.619   -12.12    7.53
-149358.224    60.710   -10.27    6.08
-148977.482    59.391    -3.46    6.30
-148596.649    61.792     6.30    8.86
-148215.724    66.201    11.57    9.82
-147834.708    73.688    19.65   10.44
-147453.599    78.220    11.89    9.37
-147072.398    80.914     7.07    8.11
-146691.105    78.066    -7.47    9.78
-146309.720    69.943   -21.30   12.04
-145928.243    63.594   -16.64   10.87
-145546.674    61.103    -6.53   10.45
-145165.012    61.666     1.47   10.80
-144783.258    61.952     0.75    9.94
-144417.157    56.528   -14.82   12.49
-144052.741    49.889   -18.21   11.57
-143688.244    42.766   -19.54    8.17
-143323.663    35.807   -19.09    6.97
-142959.000    32.924    -7.91    6.86
-142594.254    31.653    -3.48    5.47
-142229.426    31.403    -0.69    4.61
-141864.515    35.723    11.84    7.41
-141499.521    42.813    19.42   10.66
-141134.444    53.373    28.92   14.74
-140769.284    62.569    25.18   13.65
-140404.041    70.303    21.17    9.62
-140038.715    72.914     7.14    7.44
-139673.306    71.715    -3.28    6.98
-139307.814    68.301    -9.34    7.00
-138942.238    64.169   -11.30    7.70
-138576.579    57.740   -17.58    7.95
-138210.837    51.333   -17.52    8.45
-137845.012    44.809   -17.83    7.38
-137479.103    39.301   -15.05    6.88
-137113.111    34.377   -13.45    6.98
-136747.035    28.768   -15.32    7.66
-136380.875    24.560   -11.49    6.98
-136014.632    20.372   -11.43    4.89
-135648.305    17.895    -6.76    2.60
-135281.894    16.961    -2.55    2.99
-134915.399    15.275    -4.60    4.85
-134548.821    13.812    -3.99    5.79
-134182.158    10.747    -8.36    7.01
-133815.412     7.971    -7.57    6.90
-133448.581     6.952    -2.78    5.77
-133081.666     9.886     8.00    8.28
-132714.667    13.826    10.74    9.07
-132347.584    15.678     5.05    7.81
-131980.417    13.934    -4.75    8.78
-131613.165     9.397   -12.35    8.41
-131245.828     6.971    -6.60    6.16
-130878.408     8.895     5.24    8.18
-130510.902    15.631    18.33   10.47
-130143.312    21.308    15.44    8.42
-129775.638    24.019     7.37    5.70
-129407.879    21.541    -6.74    8.42
-129040.034    16.692   -13.18    9.81
-128672.106    11.644   -13.72    8.85
-128304.092     7.700   -10.72    6.70
-127935.993     5.345    -6.40    4.15
-127567.809     5.546     0.54    3.49
-127199.541     8.069     6.85    5.35
-126831.187     9.775     4.63    6.22
-126462.748     9.807     0.09    6.41
-126094.223     8.565    -3.37    5.91
-125725.614     8.037    -1.43    4.79
-125356.919     9.583     4.19    5.66
-124988.138    14.430    13.14    6.16
-124619.273    18.281    10.44    4.56
-124250.321    20.763     6.73    4.85
-123881.284    22.462     4.60    4.57
-123512.162    24.634     5.88    4.22
-123142.953    25.848     3.29    3.40
-122773.659    26.859     2.74    2.93
-122404.279    26.513    -0.94    3.39
-122034.814    26.393    -0.32    3.09
-121665.262    26.962     1.54    2.88
-121295.624    28.083     3.03    2.38
-120925.900    28.999     2.48    1.89
-120556.090    28.696    -0.82    2.05
-120186.194    27.809    -2.40    2.16
-119816.212    27.403    -1.10    2.19
-119446.143    27.365    -0.10    2.19
-119075.988    27.410     0.12    2.21
-118705.747    27.336    -0.20    2.36
-118335.419    28.009     1.82    2.20
-117965.004    28.229     0.59    2.18
-117594.503    28.299     0.19    2.31
-117223.915    28.109    -0.51    2.40
-116853.241    27.951    -0.43    2.57
-116482.480    27.842    -0.29    2.62
-116111.631    27.286    -1.50    2.37
-115740.696    26.153    -3.05    2.97
-115369.674    24.434    -4.63    3.49
-114998.565    21.659    -7.48    4.01
-114627.369    19.444    -5.97    3.49
-114256.086    18.682    -2.05    3.56
-113884.716    17.298    -3.73    3.77
-113513.258    16.775    -1.41    4.89
-113141.713    17.552     2.09    6.29
-112770.080    17.420    -0.35    6.53
-112398.361    18.659     3.33    5.37
-112026.553    20.129     3.95    4.57
-111654.658    21.542     3.80    5.04
-111282.676    23.166     4.36    4.54
-110910.605    23.663     1.34    3.68
-110538.447    22.382    -3.44    4.31
-110166.201    19.897    -6.68    4.06
-109793.868    17.826    -5.56    3.55
-109421.446    16.073    -4.71    4.86
-109048.936    14.740    -3.58    5.24
-108676.338    13.448    -3.47    5.68
-108303.652    11.131    -6.22    5.99
-107930.878     9.065    -5.54    5.74
-107558.016     9.205     0.38    5.86
-107185.065    11.133     5.17    6.81
-106812.026    14.653     9.44    6.17
-106438.899    17.679     8.11    3.47
-106065.683    17.163    -1.38    3.62
-105692.378    13.643    -9.43    4.64
-105318.985     9.794   -10.31    4.62
-104945.503     7.924    -5.00    3.70
-104571.933     6.915    -2.70    2.66
-104198.273     7.064     0.40    2.64
-103824.525     7.749     1.83    2.16
-103450.688     8.333     1.56    2.86
-103076.761     9.163     2.22    3.74
-102702.746    10.518     3.62    4.83
-102328.642    11.077     1.49    5.03
-101954.448    10.425    -1.74    4.72
-101580.165     9.242    -3.16    3.71
-101205.793     7.953    -3.44    1.90
-100831.331     7.513    -1.17    0.60
-100456.780     7.694     0.48    1.03
-100082.140     7.706     0.03    1.06
 -99707.410     7.626    -0.21    1.21
 -99332.590     7.586    -0.10    1.27
 -98957.681     7.313    -0.73    0.97
 -98582.682     7.320     0.02    0.92
 -98207.593     7.386     0.18    0.58
 -97832.414     7.379    -0.02    0.54
 -97457.145     6.870    -1.36    1.52
 -97081.786     5.405    -3.90    2.83
 -96706.337     3.663    -4.64    3.00
 -96330.798     1.837    -4.86    1.96
 -95955.169     1.027    -2.16    0.17
 -95579.449     0.999    -0.07    0.00
 -95203.639     1.485     1.29    1.44
 -94827.739     2.490     2.67    2.24
 -94451.748     3.816     3.53    2.43
 -94075.667     4.971     3.07    2.11
 -93699.495     5.784     2.16    1.06
 -93323.233     5.859     0.20    1.03
 -92946.879     5.656    -0.54    0.95
 -92570.435     5.594    -0.17    1.06
 -92193.901     5.739     0.39    1.21
 -91817.275     5.653    -0.23    1.23
 -91440.558     5.979     0.86    1.44
 -91063.750     5.687    -0.77    1.18
 -90686.851     5.494    -0.51    1.03
 -90309.861     5.280    -0.57    0.92
 -89932.780     5.065    -0.57    0.40
 -89555.607     5.036    -0.08    0.41
 -89178.343     5.120     0.22    0.61
 -88800.987     5.094    -0.07    0.71
 -88423.540     4.972    -0.32    0.80
 -88046.002     4.647    -0.86    0.90
 -87668.372     4.272    -0.99    0.91
 -87290.650     3.768    -1.33    1.26
 -86912.836     3.229    -1.43    1.38
 -86534.930     2.818    -1.09    1.33
 -86156.933     2.249    -1.51    1.30
 -85778.844     2.102    -0.39    1.29
 -85400.662     2.064    -0.10    1.28
 -85022.389     1.766    -0.79    1.17
 -84644.023     1.607    -0.42    1.09
 -84265.565     1.833     0.60    1.19
 -83887.015     2.364     1.40    1.49
 -83508.372     2.825     1.22    1.48
 -83129.637     3.199     0.99    1.55
 -82750.810     2.590    -1.61    1.79
 -82371.890     1.649    -2.48    1.64
 -81992.877     1.109    -1.42    1.49
 -81613.771     0.456    -1.72    0.52
 -81234.573     0.320    -0.36    0.47
 -80855.282     0.205    -0.30    0.41
 -80475.898     0.091    -0.30    0.29
 -80096.421     0.055    -0.10    0.33
 -79716.852     1.045     2.61    2.44
 -79337.188     3.379     6.15    6.29
 -78957.432     8.416    13.26   10.39
 -78577.583    15.008    17.35   12.82
 -78197.640    25.242    26.93   14.05
 -77817.604    33.641    22.10   12.33
 -77437.474    39.291    14.86    7.79
 -77057.251    41.311     5.31    6.90
 -76676.935    41.615     0.80    6.04
 -76296.524    39.852    -4.63    6.05
 -75916.020    38.356    -3.93    6.91
 -75535.422    35.412    -7.73    9.53
 -75154.731    31.485   -10.32   11.32
 -74773.945    30.385    -2.89   11.44
 -74393.066    28.188    -5.77   11.94
 -74012.092    28.372     0.48   12.19
 -73631.024    27.768    -1.59   13.30
 -73249.862    28.330     1.47   15.19
 -72868.606    29.425     2.87   17.18
 -72487.256    29.851     1.12   18.40
 -72105.811    27.577    -5.96   17.97
 -71724.271    25.083    -6.54   16.60
 -71342.637    22.747    -6.12   14.65
 -70960.909    23.981     3.23   16.46
 -70579.086    25.927     5.10   19.00
 -70197.168    28.697     7.25   20.53
 -69824.372    30.440     4.67   20.71
 -69460.200    30.952     1.41   19.83
 -69095.943    33.251     6.31   19.48
 -68731.603    33.714     1.27   19.30
 -68367.178    36.644     8.04   18.85
 -68002.668    36.363    -0.77   18.24
 -67638.074    35.094    -3.48   16.40
 -67273.396    34.073    -2.80   14.26
 -66908.633    33.008    -2.92   11.09
 -66543.785    32.894    -0.31    7.13
 -66178.852    31.855    -2.85    4.61
 -65813.835    30.999    -2.34    3.43
 -65448.733    29.577    -3.89    3.17
 -65083.546    30.154     1.58    4.99
 -64718.274    30.546     1.07    5.62
 -64352.917    32.098     4.25    6.33
 -63987.475    36.839    12.97    9.35
 -63621.947    42.981    16.80   10.16
 -63256.335    48.090    13.97    8.70
 -62890.637    51.757    10.03    4.41
 -62524.854    51.763     0.02    3.55
 -62158.986    51.485    -0.76    3.56
 -61793.032    51.522     0.10    4.88
 -61426.993    51.339    -0.50    5.55
 -61060.868    51.759     1.15    5.94
 -60694.657    52.854     2.99    5.20
 -60328.361    54.158     3.56    4.21
 -59961.979    54.708     1.50    2.79
 -59595.512    54.657    -0.14    2.19
 -59228.958    54.533    -0.34    2.40
 -58862.319    53.807    -1.98    3.54
 -58495.593    51.999    -4.93    4.58
 -58128.782    48.731    -8.91    6.10
 -57761.884    43.786   -13.48    8.58
 -57394.900    34.829   -24.41   11.78
 -57027.831    25.063   -26.61   13.12
 -56660.674    15.688   -25.53   10.11
 -56293.432     9.594   -16.59    6.13
 -55926.103     7.133    -6.70    3.62
 -55558.688     6.410    -1.97    3.22
 -55191.186     5.463    -2.58    3.15
 -54823.597     4.518    -2.57    3.03
 -54455.922     2.907    -4.38    2.31
 -54088.160     2.274    -1.72    1.32
 -53720.312     3.453     3.20    3.48
 -53352.377     6.242     7.58    6.30
 -52984.354    10.711    12.14    8.04
 -52616.245    18.154    20.22   10.07
 -52248.049    27.249    24.70   11.11
 -51879.766    37.476    27.77   12.10
 -51511.395    46.636    24.86   10.94
 -51142.938    53.413    18.39    7.95
 -50774.393    56.044     7.14    5.65
 -50405.761    55.691    -0.96    5.76
 -50037.041    52.614    -8.34    5.68
 -49668.234    49.907    -7.34    5.66
 -49299.340    48.723    -3.21    6.14
 -48930.358    50.205     4.02    6.94
 -48561.288    53.386     8.62    6.77
 -48192.131    57.222    10.39    6.16
 -47822.886    59.954     7.40    5.20
 -47453.553    62.990     8.22    5.67
 -47084.132    65.134     5.80    6.33
 -46714.624    67.136     5.42    6.31
 -46345.027    66.972    -0.44    5.34
 -45975.342    63.629    -9.04    7.29
 -45605.570    58.871   -12.87    7.88
 -45235.709    55.299    -9.66    6.98
 -44865.759    54.801    -1.35    6.97
 -44495.722    59.299    12.16   10.32
 -44125.596    65.434    16.58   10.62
 -43755.382    70.880    14.71    6.28
 -43385.079    71.430     1.49    5.24
 -43014.688    68.109    -8.97    7.09
 -42644.208    63.594   -12.19    6.98
 -42273.639    58.240   -14.45    5.60
 -41902.981    53.233   -13.51    5.87
 -41532.235    48.889   -11.72    6.12
 -41161.400    45.972    -7.87    4.91
 -40790.476    45.286    -1.85    4.29
 -40419.463    46.311     2.76    4.14
 -40048.361    46.891     1.56    4.18
 -39677.170    46.855    -0.10    4.43
 -39305.889    46.062    -2.14    4.03
 -38934.520    45.054    -2.71    3.09
 -38563.061    44.421    -1.70    2.29
 -38191.512    43.783    -1.72    2.76
 -37819.874    44.228     1.20    3.89
 -37448.147    47.062     7.63    5.75
 -37076.330    52.064    13.45    9.15
 -36704.424    59.263    19.36   11.25
 -36332.427    66.790    20.23   11.21
 -35960.341    74.596    20.98    8.87
 -35588.166    79.360    12.80    6.51
 -35215.900    80.557     3.22    5.48
 -34843.544    75.315   -14.08   11.00
 -34471.098    67.850   -20.04   13.35
 -34098.563    57.265   -28.41   12.67
 -33725.937    49.265   -21.47    9.98
 -33353.220    42.605   -17.87    7.03
 -32980.414    38.642   -10.63    4.99
 -32607.517    36.095    -6.83    3.22
 -32234.530    32.801    -8.83    4.31
 -31861.452    29.694    -8.33    5.93
 -31488.284    27.188    -6.71    5.14
 -31115.025    26.699    -1.31    4.16
 -30741.676    28.927     5.97    4.87
 -30368.235    31.660     7.32    4.78
 -29994.704    33.546     5.05    5.33
 -29621.082    35.172     4.35    6.00
 -29247.369    35.533     0.96    6.16
 -28873.565    31.999    -9.45    7.25
 -28499.670    27.898   -10.97    6.99
 -28125.684    24.063   -10.26    5.43
 -27751.607    21.214    -7.62    4.95
 -27377.438    18.879    -6.24    5.16
 -27003.179    17.450    -3.82    5.00
 -26628.827    17.740     0.77    5.31
 -26254.384    21.707    10.60    8.57
 -25879.850    27.678    15.94   10.14
 -25505.224    34.549    18.34    9.09
 -25130.507    38.919    11.66    6.54
 -24755.697    39.934     2.71    4.81
 -24380.796    36.170   -10.04    7.46
 -24005.803    29.232   -18.50    9.51
 -23630.718    21.214   -21.38    9.82
 -23255.542    14.895   -16.84    6.98
 -22880.273    10.900   -10.65    3.52
 -22504.911     9.082    -4.84    2.29
 -22129.458     9.127     0.12    2.68
 -21753.913     9.767     1.71    3.43
 -21378.275    11.385     4.31    3.47
 -21002.544    12.318     2.48    2.97
 -20626.722    12.018    -0.80    3.17
 -20250.806    11.062    -2.54    4.28
 -19874.798     9.868    -3.17    4.28
 -19498.698     8.669    -3.19    3.14
 -19122.504     8.117    -1.47    1.60
 -18746.218     8.276     0.42    1.23
 -18369.839     8.357     0.22    1.24
 -17993.367     8.871     1.36    1.97
 -17616.802     9.693     2.18    2.65
 -17240.144    10.720     2.73    2.70
 -16863.393    11.321     1.59    2.28
 -16486.549    10.573    -1.98    2.79
 -16109.611     9.693    -2.34    2.89
 -15732.580     9.274    -1.11    2.57
 -15355.455    10.684     3.74    3.07
 -14978.237    13.265     6.84    3.58
 -14600.926    15.610     6.22    2.95
 -14223.521    16.544     2.47    1.94
 -13846.022    16.820     0.73    1.76
 -13468.429    16.513    -0.81    2.01
 -13090.743    15.903    -1.61    2.09
 -12712.962    15.539    -0.96    2.12
 -12335.088    14.298    -3.28    2.61
 -11957.120    11.678    -6.93    3.87
 -11579.057    10.910    -2.03    3.55
 -11200.900    11.576     1.76    4.08
 -10822.649    13.576     5.29    4.96
 -10444.304    15.878     6.08    3.30
 -10065.865    15.856    -0.06    3.23
  -9687.330    14.720    -3.00    3.89
  -9308.702    13.089    -4.31    4.21
  -8929.978    10.490    -6.86    4.81
  -8551.161     7.972    -6.65    4.71
  -8172.248     5.629    -6.18    3.65
  -7793.240     3.973    -4.37    2.24
  -7414.138     3.954    -0.05    2.41
  -7034.941     4.315     0.95    2.57
  -6655.648     4.863     1.45    2.81
  -6276.261     4.770    -0.25    2.80
  -5896.778     3.805    -2.54    2.79
  -5517.201     2.268    -4.05    2.08
  -5137.527     1.150    -2.95    1.65
  -4757.759     0.342    -2.13    0.88
  -4377.895    -0.001    -0.90    0.00
  -3997.935    -0.001     0.00    0.00
  -3617.880    -0.001     0.00    0.00
  -3237.730    -0.001     0.00    0.00
  -2857.483    -0.001     0.00    0.00
  -2477.141    -0.001     0.00    0.00
  -2096.703    -0.001     0.00    0.00
  -1716.169    -0.001     0.00    0.00
  -1335.539    -0.001     0.00    0.00
   -954.812    -0.001     0.00    0.00
   -573.990    -0.001     0.00    0.00
   -193.071    -0.001     0.00    0.00
    187.943    -0.001     0.00    0.00
    569.055     0.008     0.02    0.09
    950.263     0.009     0.00    0.10
   1331.567    -0.001    -0.02    0.00
   1712.968    -0.001     0.00    0.00
   2094.465    -0.001     0.00    0.00
   2476.059    -0.001     0.00    0.00
   2857.750    -0.001     0.00    0.00
   3239.538    -0.001     0.00    0.00
   3621.423    -0.001     0.00    0.00
   4003.405     0.160     0.42    0.51
   4385.484     0.797     1.67    1.22
   4765.497     1.663     2.28    1.59
   5129.424     2.480     2.25    1.34
   5493.436     2.589     0.30    1.24
   5857.535     2.306    -0.78    1.39
   6221.720     2.083    -0.61    1.31
   6585.991     2.392     0.85    1.50
   6950.348     2.880     1.34    1.59
   7314.792     3.589     1.94    1.31
   7679.322     3.624     0.10    1.40
   8043.938     2.999    -1.71    1.88
   8408.641     2.097    -2.48    1.95
   8773.430     1.242    -2.34    1.67
   9138.306     0.549    -1.90    1.12
   9503.269     0.150    -1.09    0.57
   9868.318    -0.001    -0.41    0.00
  10233.454    -0.001     0.00    0.00
  10598.677    -0.001     0.00    0.00
  10963.987    -0.001     0.00    0.00
  11329.384    -0.001     0.00    0.00
  11694.868    -0.001     0.00    0.00
  12060.439    -0.001     0.00    0.00
  12426.097    -0.001     0.00    0.00
  12791.842     0.073     0.20    0.40
  13157.675     0.397     0.89    1.06
  13523.595     0.890     1.35    1.48
  13889.603     1.455     1.54    1.71
  14255.698     2.052     1.63    1.75
  14621.880     2.638     1.60    2.01
  14988.150     3.894     3.43    3.13
  15354.508     4.819     2.53    3.34
  15720.953     5.170     0.96    3.26
  16087.486     5.628     1.25    3.13
  16454.108     5.467    -0.44    3.26
  16820.817     6.486     2.78    3.47
  17187.613     7.839     3.69    3.12
  17554.498     8.827     2.69    2.25
  17921.472     9.525     1.90    1.16
  18288.533     9.687     0.44    2.20
  18655.682     9.088    -1.63    3.72
  19022.920     8.513    -1.57    4.26
  19390.246     8.781     0.73    5.07
  19757.661     9.217     1.19    5.91
  20125.164    10.423     3.28    6.71
  20492.755    10.859     1.19    6.37
  20860.436     9.920    -2.55    6.08
  21228.204     7.908    -5.47    4.27
  21596.062     7.274    -1.73    3.76
  21964.008     7.756     1.31    4.57
  22332.044    10.140     6.48    6.40
  22700.168    12.526     6.48    7.43
  23068.381    15.669     8.54    6.79
  23436.683    17.938     6.16    4.84
  23805.075    18.100     0.44    3.89
  24173.555    14.622    -9.44    6.70
  24542.125    12.850    -4.81    7.23
  24910.784    11.531    -3.58    6.85
  25279.533    12.745     3.29    5.94
  25648.370    15.536     7.57    3.57
  26017.298    17.236     4.61    3.19
  26386.315    16.928    -0.83    3.90
  26755.422    14.405    -6.84    6.86
  27124.618    10.495   -10.59    8.70
  27493.904     6.414   -11.05    8.40
  27863.280     2.843    -9.67    5.56
  28232.746     2.812    -0.08    5.79
  28602.302     7.035    11.43    8.75
  28971.948    11.601    12.35    8.83
  29341.684    16.884    14.29    5.03
  29711.510    18.468     4.28    1.57
  30081.426    18.113    -0.96    1.31
  30451.433    16.722    -3.76    2.73
  30821.530    15.277    -3.90    4.10
  31191.717    14.277    -2.70    4.26
  31561.995    14.079    -0.54    3.45
  31932.363    13.837    -0.65    2.53
  32302.822    11.972    -5.03    2.96
  32673.372     9.710    -6.11    3.10
  33044.013     7.852    -5.01    2.73
  33414.744     7.025    -2.23    2.27
  33785.566     7.299     0.74    2.58
  34156.479     8.982     4.54    3.35
  34527.484    11.267     6.16    3.45
  34898.579    13.873     7.02    2.74
  35269.765    14.140     0.72    3.99
  35641.043    13.308    -2.24    5.53
  36012.412    11.080    -6.00    6.46
  36383.872     9.543    -4.14    6.27
  36755.424     9.136    -1.10    5.66
  37127.067     8.243    -2.40    5.36
  37498.802     6.388    -4.99    4.53
  37870.628     7.534     3.08    5.02
  38242.546     9.558     5.44    5.67
  38614.556    12.410     7.67    5.10
  38986.658    14.150     4.68    3.75
  39358.851    13.864    -0.77    4.41
  39731.137    12.982    -2.37    4.90
  40103.514    12.280    -1.89    5.27
  40475.984    11.442    -2.25    5.41
  40848.546    10.698    -2.00    5.26
  41221.200    10.206    -1.32    5.09
  41593.946    10.364     0.42    4.98
  41966.785    10.527     0.44    4.55
  42339.716     9.955    -1.53    4.06
  42712.740     9.999     0.12    3.51
  43085.856     9.789    -0.56    3.71
  43459.065     9.069    -1.93    3.68
  43832.366     9.279     0.56    3.78
  44205.761     9.208    -0.19    3.63
  44579.248     8.733    -1.27    3.44
  44952.828     8.999     0.71    3.33
  45326.501     9.583     1.56    3.23
  45700.267     9.543    -0.11    3.30
  46074.126     9.634     0.24    3.37
  46448.079     9.837     0.54    3.52
  46822.124     9.669    -0.45    3.45
  47196.263     9.046    -1.67    3.47
  47570.496     8.164    -2.35    3.18
  47944.822     7.710    -1.21    2.82
  48319.241     7.070    -1.71    3.03
  48693.754     6.710    -0.96    3.86
  49068.361     6.280    -1.15    4.77
  49443.061     6.104    -0.47    4.98
  49817.856     5.330    -2.07    5.00
  50192.744     3.964    -3.64    4.84
  50567.726     2.289    -4.47    4.08
  50942.802     0.893    -3.72    2.54
  51317.972     0.163    -1.95    0.65
  51693.237     0.171     0.02    0.73
  52068.595     0.077    -0.25    0.38
  52444.048     0.392     0.84    1.34
  52819.595     2.234     4.90    3.67
  53195.237     4.122     5.03    4.22
  53570.974     6.052     5.14    3.92
  53946.804     6.938     2.36    3.64
  54322.730     6.644    -0.78    3.86
  54698.750     6.225    -1.11    4.02
  55074.865     5.790    -1.16    4.00
  55451.075     5.164    -1.66    4.01
  55827.380     4.114    -2.79    4.05
  56203.780     2.860    -3.33    3.78
  56580.275     1.394    -3.89    2.88
  56956.865     0.233    -3.08    0.94
  57333.551    -0.001    -0.62    0.00
  57710.331     0.036     0.10    0.27
  58087.207     0.904     2.30    2.14
  58464.179     1.669     2.03    2.67
  58841.246     1.799     0.35    2.52
  59218.409     1.824     0.07    2.48
  59595.667     1.464    -0.95    2.17
  59973.021     1.335    -0.34    2.20
  60350.471     1.427     0.24    2.41
  60728.016     1.704     0.73    3.00
  61105.658     2.475     2.04    4.46
  61483.396     2.948     1.25    5.47
  61861.229     2.813    -0.35    5.52
  62239.159     1.727    -2.87    3.75
  62617.185     0.947    -2.06    2.08
  62995.308     0.539    -1.08    1.33
  63373.527     0.321    -0.58    0.95
  63751.842     0.180    -0.37    0.73
  64130.254     0.068    -0.30    0.52
  64508.763    -0.001    -0.18    0.00
  64887.368     0.208     0.55    0.82
  65266.070     0.955     1.97    2.06
  65644.868     2.460     3.97    3.17
  66023.764     3.477     2.69    3.27
  66402.757     4.196     1.90    3.00
  66781.846     3.669    -1.39    3.16
  67161.033     2.706    -2.54    2.90
  67540.317     1.764    -2.48    2.40
  67919.698     0.854    -2.40    1.88
  68299.177     1.434     1.53    2.91
  68678.753     1.751     0.84    3.93
  69058.426     1.843     0.24    4.15
  69438.197     1.330    -1.35    3.56
  69818.066     0.464    -2.28    1.72
  70198.032     0.121    -0.90    0.76
  70578.097    -0.001    -0.32    0.00
  70958.259    -0.001     0.00    0.00
  71338.519    -0.001     0.00    0.00
  71718.877    -0.001     0.00    0.00
  72099.333    -0.001     0.00    0.00
  72479.887    -0.001     0.00    0.00
  72860.539    -0.001     0.00    0.00
  73241.290    -0.001     0.00    0.00
  73622.139    -0.001     0.00    0.00
  74003.087    -0.001     0.00    0.00
  74384.133     0.147     0.39    0.75
  74765.278     0.617     1.23    2.08
  75146.522     0.516    -0.26    1.84
  75527.864     0.256    -0.68    1.08
  75909.305     0.163    -0.24    0.77
  76290.845     0.424     0.68    1.22
  76672.484     0.991     1.48    1.99
  77054.222     1.318     0.86    2.16
  77436.060     1.806     1.28    3.20
  77817.996     2.625     2.14    4.56
  78200.032     3.796     3.06    4.66
  78582.167     5.375     4.13    4.90
  78964.402     6.982     4.20    5.48
  79346.736     7.456     1.24    5.79
  79715.781     7.641     0.50    6.52
  80079.549     8.698     2.90    7.75
  80443.405    10.275     4.34    8.15
  80807.349    12.027     4.81    7.84
  81171.381    15.615     9.86    7.58
  81535.501    19.113     9.61    8.39
  81899.709    21.778     7.32    8.46
  82264.005    25.999    11.59    8.02
  82628.389    28.008     5.51    7.66
  82992.861    27.327    -1.87    7.26
  83357.422    25.712    -4.43    7.26
  83722.071    22.164    -9.73    6.67
  84086.808    18.284   -10.64    4.93
  84451.634    15.578    -7.42    2.75
  84816.548    15.105    -1.30    2.01
  85181.551    15.931     2.26    3.55
  85546.642    18.621     7.37    5.80
  85911.823    22.069     9.44    5.91
  86277.092    23.521     3.97    4.91
  86642.450    22.825    -1.90    4.78
  87007.896    19.127   -10.12    6.03
  87373.432    16.327    -7.66    5.09
  87739.057    14.477    -5.06    3.71
  88104.771    14.256    -0.61    3.33
  88470.574    16.125     5.11    4.79
  88836.466    18.643     6.88    6.81
  89202.447    21.104     6.72    7.26
  89568.518    23.114     5.49    6.40
  89934.679    23.777     1.81    5.84
  90300.929    23.434    -0.94    6.15
  90667.268    25.121     4.61    7.41
  91033.697    26.760     4.47    8.18
  91400.216    28.375     4.41    8.14
  91766.824    32.016     9.93    7.30
  92133.523    34.551     6.91    6.88
  92500.311    35.447     2.44    6.38
  92867.189    35.814     1.00    5.91
  93234.157    33.929    -5.14    7.93
  93601.215    31.310    -7.14    9.20
  93968.364    31.025    -0.78    9.16
  94335.602    29.290    -4.72    8.05
  94702.931    30.008     1.95    6.64
  95070.351    29.937    -0.19    5.81
  95437.860    30.526     1.60    7.62
  95805.461    33.672     8.56    8.66
  96173.151    35.590     5.22    7.24
  96540.933    34.068    -4.14    7.93
  96908.805    31.111    -8.04    9.04
  97276.768    26.185   -13.39    7.46
  97644.821    23.694    -6.77    5.77
  98012.966    23.383    -0.84    5.83
  98381.201    24.715     3.62    6.18
  98749.528    24.801     0.23    5.58
  99117.945    23.919    -2.39    6.71
  99486.454    23.827    -0.25    6.58
  99855.054    23.534    -0.79    6.44
 100223.745    26.221     7.29    8.74
 100592.528    29.666     9.34    7.88
 100961.402    29.898     0.63    8.13
 101330.368    25.247   -12.61   11.18
 101699.425    21.361   -10.53   10.46
 102068.574    21.425     0.17   10.29
 102437.814    24.370     7.98   10.67
 102807.146    26.636     6.13    9.52
 103176.570    27.897     3.41    7.20
 103546.086    26.939    -2.59    7.59
 103915.694    23.008   -10.64    6.87
 104285.394    18.706   -11.64    4.96
 104655.187    16.311    -6.48    3.47
 105025.071    16.247    -0.17    3.47
 105395.047    17.258     2.73    4.25
 105765.116    19.896     7.13    5.26
 106135.278    21.709     4.90    4.27
 106505.531    22.472     2.06    3.85
 106875.878    21.948    -1.42    3.80
 107246.316    20.422    -4.12    2.50
 107616.848    19.619    -2.17    1.62
 107987.472    19.461    -0.42    1.35
 108358.189    19.590     0.35    1.54
 108728.999    19.948     0.97    1.59
 109099.902    20.162     0.57    1.85
 109470.898    20.840     1.83    2.24
 109841.987    21.135     0.79    2.05
 110213.169    20.807    -0.88    2.52
 110584.444    19.491    -3.54    3.21
 110955.813    17.947    -4.16    2.93
 111327.275    16.840    -2.98    2.41
 111698.830    16.601    -0.64    2.51
 112070.479    17.281     1.83    2.94
 112442.221    17.948     1.79    3.37
 112814.058    18.758     2.18    3.39
 113185.987    19.896     3.06    3.36
 113558.011    19.922     0.07    3.50
 113930.128    20.383     1.24    3.83
 114302.340    20.179    -0.55    3.98
 114674.645    19.689    -1.32    3.95
 115047.045    18.861    -2.22    3.37
 115419.538    18.461    -1.08    3.13
 115792.126    19.263     2.15    3.56
 116164.808    21.796     6.80    5.69
 116537.585    24.490     7.23    5.64
 116910.455    26.773     6.12    4.92
 117283.421    27.999     3.29    5.07
 117656.481    29.955     5.24    5.55
 118029.635    32.347     6.41    5.56
 118402.884    35.214     7.68    4.72
 118776.228    37.499     6.12    4.29
 119149.667    38.889     3.72    4.84
 119523.201    39.236     0.93    5.50
 119896.830    39.932     1.86    5.02
 120270.554    39.690    -0.65    3.78
 120644.373    39.473    -0.58    2.92
 121018.287    40.290     2.18    3.48
 121392.297    41.258     2.59    3.90
 121766.401    42.789     4.09    5.43
 122140.602    45.627     7.58    6.87
 122514.898    51.347    15.28   10.19
 122889.289    57.060    15.26   11.22
 123263.776    62.864    15.50   11.38
 123638.359    66.758    10.40   11.53
 124013.037    68.562     4.81   12.07
 124387.812    67.084    -3.94   12.12
 124762.682    65.035    -5.47   10.50
 125137.648    65.313     0.74   10.40
 125512.711    71.654    16.91   13.44
 125887.870    80.999    24.91   12.11
 126263.124    86.302    14.13   10.21
 126638.476    88.336     5.42   10.47
 127013.923    89.529     3.18   10.71
 127389.467    92.965     9.15   10.61
 127765.108    99.688    17.90   11.58
 128140.845   104.059    11.63    9.83
 128516.679   103.895    -0.44    8.96
 128892.609    98.949   -13.16   11.39
 129268.637    90.477   -22.53   10.41
 129644.761    81.508   -23.85   10.46
 130020.982    71.601   -26.33   13.03
 130397.301    60.162   -30.40   14.48
 130773.716    51.135   -23.98   12.93
 131150.229    42.782   -22.19    7.38
 131526.839    39.966    -7.48    3.27
 131903.546    39.712    -0.67    3.30
 132280.351    39.470    -0.64    3.83
 132657.253    37.801    -4.43    4.39
 133034.253    34.794    -7.98    4.37
 133411.350    32.445    -6.23    3.88
 133788.545    30.948    -3.97    3.59
 134165.838    30.705    -0.64    4.16
 134543.229    31.150     1.18    6.08
 134920.718    32.999     4.90    7.41
 135298.305    33.521     1.38    7.27
 135675.990    31.444    -5.50    8.08
 136053.773    27.727    -9.84    9.11
 136431.654    23.629   -10.85    6.82
 136809.634    21.226    -6.36    3.37
 137187.712    21.306     0.21    3.18
 137565.889    21.629     0.86    4.03
 137944.164    21.827     0.52    4.99
 138322.537    22.686     2.27    5.92
 138701.010    22.429    -0.68    6.02
 139079.581    22.861     1.14    4.84
 139458.251    22.941     0.21    3.56
 139837.021    22.630    -0.82    2.95
 140215.889    23.224     1.57    3.38
 140594.856    23.104    -0.32    3.71
 140973.922    22.347    -2.00    4.11
 141353.088    21.991    -0.94    3.45
 141732.353    22.008     0.04    3.31
 142111.717    24.074     5.45    4.19
 142491.181    27.099     7.97    3.55
 142870.745    28.033     2.46    3.05
 143250.408    27.821    -0.56    3.65
 143630.171    26.093    -4.55    4.13
 144010.033    23.655    -6.42    3.47
 144389.996    22.618    -2.73    4.04
 144770.058    22.529    -0.23    4.94
 145150.221    23.078     1.45    5.11
 145530.483    24.619     4.05    4.59
 145910.846    27.381     7.26    3.23
 146291.309    29.355     5.19    3.87
 146671.873    31.822     6.48    4.04
 147052.536    33.355     4.03    4.18
 147433.301    33.428     0.19    4.37
 147814.166    32.872    -1.46    4.51
 148195.131    31.666    -3.17    4.39
 148576.197    29.490    -5.71    3.50
 148957.365    27.917    -4.13    4.41
 149338.633    27.690    -0.59    4.56
 149720.002    28.892     3.15    5.93
 150101.472    31.955     8.03    6.85
 150483.043    36.059    10.76    5.81
 150864.715    37.251     3.13    5.22
 151246.489    35.601    -4.32    7.46
 151628.364    34.266    -3.50    6.87
 152010.341    33.371    -2.34    6.29
 152392.419    35.545     5.69    6.29
 152774.599    36.454     2.38    4.27
 153156.880    34.603    -4.84    6.05
 153539.263    35.634     2.70    7.32
 153921.748    37.321     4.41    8.18
 154298.607    37.680     0.95    8.37
 154662.135    34.118    -9.80    9.86
 155025.752    28.841   -14.51    7.36
 155389.458    27.092    -4.81    6.81
 155753.254    31.101    11.02   11.82
 156117.139    38.082    19.19   12.39
 156481.114    42.803    12.97    8.69
 156845.179    43.999     3.29    6.83
 157209.333    40.266   -10.25    7.56
 157573.578    35.099   -14.19    6.59
 157937.912    30.686   -12.12    8.95
 158302.337    26.479   -11.55    8.95
 158666.851    22.754   -10.22    7.67
 159031.456    21.372    -3.79    6.76
 159396.150    20.277    -3.00    5.47
 159760.935    18.689    -4.35    5.22
 160125.811    16.925    -4.83    4.83
 160490.776    15.239    -4.62    4.29
 160855.833    16.296     2.90    5.17
 161220.979    19.884     9.83    7.18
 161586.217    25.900    16.47    8.40
 161951.545    33.881    21.85   10.16
 162316.963    42.106    22.51   10.97
 162682.473    52.552    28.58   11.20
 163048.073    63.739    30.60   14.11
 163413.765    73.186    25.84   12.28
 163779.547    77.808    12.64    8.29
 164145.421    74.635    -8.67   10.56
 164511.385    66.654   -21.81   12.31
 164877.441    55.576   -30.27   12.07
 165243.588    47.057   -23.27   11.20
 165609.827    41.526   -15.11   10.23
 165976.157    37.776   -10.24   10.17
 166342.578    35.791    -5.42   10.02
 166709.091    33.121    -7.29    9.59
 167075.695    34.834     4.67    8.52
 167442.392    37.567     7.45    6.69
 167809.180    39.017     3.95    6.87
 168176.060    41.286     6.19    6.55
 168543.031    42.302     2.77    5.63
 168910.095    38.168   -11.26    8.90
