-161506.383    22.157     0.00   15.68
-161130.049    14.084   -21.45   13.23
-160753.638     6.581   -19.93    8.31
-160377.148     3.933    -7.03    6.67
-160000.580     1.381    -6.78    3.82
-159623.933     0.136    -3.31    0.80
-159247.208    -0.016    -0.40    0.00
-158870.405    -0.016     0.00    0.00
-158493.523    -0.016     0.00    0.00
-158116.563    -0.016     0.00    0.00
-157739.524    -0.016     0.00    0.00
-157362.407    -0.016     0.00    0.00
-156985.211    -0.016     0.00    0.00
-156607.936    -0.016     0.00    0.00
-156230.583     0.373     1.03    1.51
-155853.150     3.123     7.29    6.43
-155475.639     9.273    16.29   12.48
-155098.049    15.801    17.29   14.38
-154720.380    22.522    17.79   13.13
-154342.632    25.382     7.57   11.09
-153964.805    25.647     0.70   10.45
-153586.899    23.446    -5.82    9.25
-153208.913    20.234    -8.50    7.72
-152830.849    16.446   -10.02    4.91
-152452.705    14.016    -6.42    3.64
-152074.482    12.338    -4.44    3.25
-151696.180    11.345    -2.62    1.89
-151317.798    11.335    -0.03    2.14
-150939.337    10.763    -1.51    1.86
-150560.796    10.883     0.32    2.01
-150182.176    11.303     1.11    2.08
-149803.476    11.984     1.80    2.13
-149424.696    12.822     2.21    1.80
-149045.837    13.165     0.91    1.85
-148666.898    12.665    -1.32    2.02
-148287.879    12.106    -1.47    1.57
-147908.781    11.835    -0.72    1.84
-147529.602    12.302     1.23    1.99
-147150.344    12.941     1.68    2.12
-146771.006    13.039     0.26    2.12
-146391.587    12.658    -1.00    2.00
-146012.089    13.050     1.03    2.16
-145632.510    12.739    -0.82    2.35
-145252.851    12.905     0.44    2.20
-144873.112    12.260    -1.70    3.16
-144493.293     9.722    -6.68    5.03
-144113.393     6.317    -8.96    6.05
-143733.413     2.844    -9.14    4.74
-143353.352     0.650    -5.77    2.11
-142973.211    -0.016    -1.75    0.00
-142592.990    -0.016     0.00    0.00
-142212.688    -0.016     0.00    0.00
-141832.305    -0.016     0.00    0.00
-141451.841     0.325     0.90    1.12
-141071.297    11.047    28.17   19.11
-140690.672    25.773    38.68   25.06
-140309.966    41.640    41.67   22.29
-139929.179    55.728    36.99   10.03
-139548.312    62.110    16.75    8.08
-139178.105    64.373     6.11    7.29
-138812.561    65.310     2.56    7.14
-138446.944    65.489     0.49    6.93
-138081.253    63.650    -5.03    6.49
-137715.488    61.701    -5.33    5.72
-137349.650    59.409    -6.26    4.75
-136983.738    58.771    -1.74    5.31
-136617.753    58.451    -0.87    5.55
-136251.693    58.080    -1.01    5.11
-135885.560    58.861     2.13    4.44
-135519.353    58.921     0.16    4.54
-135153.072    60.836     5.23    4.61
-134786.717    61.215     1.04    4.75
-134420.287    59.390    -4.98    7.44
-134053.784    55.889    -9.55    8.24
-133687.207    54.962    -2.53    8.65
-133320.555    52.962    -5.45    8.07
-132953.830    54.547     4.32    8.34
-132587.030    54.467    -0.22    8.31
-132220.155    53.154    -3.58    8.61
-131853.207    53.773     1.69    8.49
-131486.184    53.707    -0.18    8.92
-131119.086    52.928    -2.12    8.76
-130751.914    54.260     3.63    9.21
-130384.668    52.511    -4.76    9.74
-130017.347    50.672    -5.01    9.17
-129649.951    51.252     1.58    9.41
-129282.481    52.158     2.46    9.54
-128914.936    54.123     5.35    9.27
-128547.316    59.163    13.71    8.58
-128179.621    60.682     4.13    8.82
-127811.852    62.120     3.91    8.13
-127444.008    62.605     1.32    7.11
-127076.088    61.116    -4.05    7.08
-126708.094    61.478     0.99    7.05
-126340.025    58.382    -8.41    6.93
-125971.881    57.037    -3.65    7.33
-125603.661    54.510    -6.86    8.77
-125235.367    51.581    -7.95   11.42
-124866.997    45.920   -15.37   14.61
-124498.552    41.018   -13.31   13.58
-124130.031    37.536    -9.45   11.86
-123761.436    33.928    -9.79   10.57
-123392.765    35.274     3.65   12.07
-123024.018    41.522    16.94   14.14
-122655.196    47.186    15.35   13.44
-122286.299    51.665    12.14    9.57
-121917.326    51.190    -1.29    9.13
-121548.277    42.473   -23.62   16.67
-121179.153    30.761   -31.73   19.30
-120809.953    20.984   -26.48   18.03
-120440.677    10.291   -28.95    8.32
-120071.325     7.447    -7.70    1.84
-119701.898     7.347    -0.27    1.53
-119332.394     7.143    -0.55    1.39
-118962.815     7.427     0.77    1.31
-118593.160     7.689     0.71    1.29
-118223.428     7.654    -0.09    1.22
-117853.621     7.984     0.89    1.27
-117483.737     7.962    -0.06    1.88
-117113.778     7.175    -2.13    3.50
-116743.742     6.101    -2.90    4.24
-116373.630     4.704    -3.77    4.46
-116003.441     3.654    -2.84    4.41
-115633.176     2.687    -2.61    4.14
-115262.835     1.845    -2.27    3.64
-114892.417     1.112    -1.98    2.84
-114521.923     0.403    -1.91    1.56
-114151.352     0.225    -0.48    1.18
-113780.705     0.005    -0.59    0.21
-113409.981    -0.016    -0.06    0.00
-113039.180    -0.016     0.00    0.00
-112668.302    -0.016     0.00    0.00
-112297.348    -0.016     0.00    0.00
-111926.317    -0.016     0.00    0.00
-111555.209    -0.016     0.00    0.00
-111184.024    -0.016     0.00    0.00
-110812.762    -0.016     0.00    0.00
-110441.424    -0.016     0.00    0.00
-110070.008    -0.016     0.00    0.00
-109698.515    -0.016     0.00    0.00
-109326.944    -0.016     0.00    0.00
-108955.297    -0.016     0.00    0.00
-108583.572    -0.016     0.00    0.00
-108211.770    -0.016     0.00    0.00
-107839.891    -0.016     0.00    0.00
-107467.934    -0.016     0.00    0.00
-107095.900    -0.016     0.00    0.00
-106723.788    -0.016     0.00    0.00
-106351.599     0.186     0.54    1.23
-105979.332     2.186     5.37    6.08
-105606.988     4.430     6.03    7.69
-105234.565     6.494     5.54    7.47
-104862.066     8.611     5.68    6.93
-104489.488    12.801    11.24    6.41
-104116.832    15.089     6.14    4.87
-103744.099    16.071     2.63    3.81
-103371.288    16.720     1.74    4.05
-102998.398    17.961     3.33    4.58
-102625.431    21.848    10.42    7.10
-102252.385    26.595    12.72    8.35
-101879.262    31.437    12.98    7.07
-101506.060    33.350     5.13    6.64
-101132.780    33.668     0.85    7.39
-100759.422    32.984    -1.83    9.02
-100385.986    32.005    -2.62    8.87
-100012.471    31.599    -1.09    7.63
 -99638.877    31.186    -1.11    7.01
 -99265.206    30.335    -2.28    6.81
 -98891.455    28.824    -4.04    6.96
 -98517.626    27.867    -2.56    6.12
 -98143.719    28.994     3.02    6.60
 -97769.733    30.274     3.42    7.29
 -97395.668    31.750     3.94    7.71
 -97021.524    31.547    -0.54    7.42
 -96647.302    29.899    -4.41    7.27
 -96273.001    29.331    -1.52    6.28
 -95898.621    30.081     2.00    6.39
 -95524.161    30.499     1.12    6.06
 -95149.623    32.069     4.19    4.04
 -94775.006    31.163    -2.42    4.51
 -94400.310    27.753    -9.10    5.42
 -94025.534    25.320    -6.49    6.03
 -93650.680    24.328    -2.65    6.27
 -93275.746    23.813    -1.37    6.19
 -92900.733    25.449     4.36    6.20
 -92525.640    28.952     9.34    5.13
 -92150.468    30.120     3.11    4.97
 -91775.217    26.494    -9.66    8.59
 -91399.886    21.995   -11.99    9.63
 -91024.475    16.563   -14.47    9.48
 -90648.985    10.123   -17.15    7.80
 -90273.415     5.342   -12.73    5.61
 -89897.766     3.489    -4.93    4.77
 -89522.037     4.457     2.58    7.91
 -89146.228     8.712    11.32   11.61
 -88770.339    14.619    15.71   12.05
 -88394.370    19.274    12.38   10.44
 -88018.322    23.636    11.60    7.99
 -87642.193    27.715    10.84    4.80
 -87265.984    29.342     4.32    4.20
 -86889.695    30.614     3.38    6.03
 -86513.326    33.850     8.60    7.45
 -86136.877    38.091    11.27    6.06
 -85760.348    42.228    10.99    4.46
 -85383.738    43.909     4.46    3.73
 -85007.048    45.089     3.13    3.33
 -84630.277    45.605     1.37    4.53
 -84253.426    45.394    -0.56    5.22
 -83876.495    45.282    -0.30    5.33
 -83499.483    45.016    -0.71    5.07
 -83122.390    44.299    -1.90    4.51
 -82745.217    45.131     2.20    4.27
 -82367.963    46.226     2.90    4.78
 -81990.628    47.654     3.78    4.32
 -81613.212    49.165     4.00    4.11
 -81235.716    49.909     1.97    3.90
 -80858.138    50.942     2.74    2.94
 -80480.480    50.451    -1.30    2.98
 -80102.740    49.731    -1.91    2.48
 -79724.920    48.633    -2.91    2.53
 -79347.018    47.784    -2.25    2.35
 -78969.035    46.718    -2.82    2.48
 -78590.971    45.675    -2.76    3.20
 -78212.826    45.048    -1.66    3.67
 -77834.599    44.047    -2.65    3.51
 -77456.291    44.484     1.15    3.95
 -77077.902    45.857     3.63    4.62
 -76699.431    48.037     5.76    4.57
 -76320.879    49.682     4.34    3.12
 -75942.245    50.048     0.97    2.67
 -75563.529    47.296    -7.27    5.49
 -75184.731    41.345   -15.71    8.10
 -74805.852    37.257   -10.79    7.55
 -74426.891    33.769    -9.21    5.16
 -74047.849    33.584    -0.49    5.22
 -73668.724    38.661    13.39    9.07
 -73289.517    44.920    16.51   10.27
 -72910.229    49.726    12.67    7.06
 -72530.858    48.542    -3.12    7.24
 -72151.405    43.739   -12.66    8.92
 -71771.870    38.299   -14.33    7.48
 -71392.253    34.239   -10.70    4.65
 -71012.553    34.494     0.67    5.00
 -70632.771    36.856     6.22    6.50
 -70252.907    39.525     7.03    7.41
 -69872.961    43.742    11.10    6.66
 -69492.931    46.169     6.39    5.16
 -69112.820    49.377     8.44    4.05
 -68732.626    51.335     5.15    4.44
 -68352.349    52.622     3.38    4.78
 -67971.989    54.175     4.08    3.77
 -67591.547    55.760     4.17    3.36
 -67211.022    56.899     2.99    4.76
 -66830.414    59.931     7.97    7.46
 -66449.723    63.394     9.10    8.46
 -66068.949    66.171     7.29    8.01
 -65688.092    67.994     4.79    7.26
 -65307.152    69.707     4.50    7.47
 -64926.129    70.888     3.10    6.15
 -64550.485    71.303     1.11    5.40
 -64185.172    71.005    -0.82    5.36
 -63819.783    69.736    -3.47    5.06
 -63454.318    68.088    -4.51    4.96
 -63088.779    65.647    -6.68    5.99
 -62723.164    61.412   -11.58    6.58
 -62357.473    58.571    -7.77    5.87
 -61991.707    57.984    -1.60    4.81
 -61625.866    58.815     2.27    4.40
 -61259.948    61.257     6.67    4.58
 -60893.956    62.869     4.40    4.87
 -60527.887    63.451     1.59    4.92
 -60161.743    63.805     0.97    4.59
 -59795.523    64.415     1.67    3.23
 -59429.227    65.838     3.88    3.09
 -59062.855    66.812     2.66    3.01
 -58696.407    66.932     0.33    3.44
 -58329.883    66.952     0.06    4.44
 -57963.284    66.654    -0.81    4.98
 -57596.608    66.272    -1.04    4.91
 -57229.856    66.994     1.97    4.48
 -56863.028    67.115     0.33    3.68
 -56496.123    68.269     3.15    3.23
 -56129.143    68.159    -0.30    3.14
 -55762.086    68.156    -0.01    3.64
 -55394.952    67.784    -1.01    4.40
 -55027.743    67.359    -1.16    4.44
 -54660.457    66.494    -2.35    4.67
 -54293.094    66.726     0.63    4.75
 -53925.655    67.501     2.11    4.54
 -53558.139    68.827     3.61    4.81
 -53190.546    69.739     2.48    5.33
 -52822.877    71.557     4.94    6.66
 -52455.132    73.442     5.13    7.70
 -52087.309    73.265    -0.48    7.78
 -51719.409    71.920    -3.65    7.94
 -51351.433    68.773    -8.55    7.69
 -50983.380    65.152    -9.84    4.45
 -50615.249    64.113    -2.82    3.03
 -50247.042    63.850    -0.71    3.59
 -49878.758    64.097     0.67    3.47
 -49510.396    64.815     1.95    3.93
 -49141.958    65.831     2.76    5.40
 -48773.442    67.293     3.97    5.21
 -48404.849    67.317     0.07    5.20
 -48036.178    67.647     0.89    4.71
 -47667.430    68.942     3.51    4.37
 -47298.605    71.558     7.09    5.65
 -46929.703    74.836     8.89    5.71
 -46560.722    78.081     8.79    5.20
 -46191.665    80.118     5.52    4.07
 -45822.529    80.377     0.70    3.75
 -45453.316    80.192    -0.50    3.84
 -45084.026    79.016    -3.18    4.00
 -44714.657    78.241    -2.10    3.96
 -44345.211    77.405    -2.26    4.68
 -43975.687    75.342    -5.58    4.94
 -43606.085    71.984    -9.08    5.28
 -43236.405    68.718    -8.83    5.45
 -42866.647    66.452    -6.13    5.06
 -42496.811    64.603    -5.00    4.60
 -42126.897    62.499    -5.69    3.62
 -41756.905    60.073    -6.56    3.79
 -41386.835    57.192    -7.78    4.35
 -41016.686    54.690    -6.76    4.33
 -40646.459    54.024    -1.80    4.46
 -40276.154    53.650    -1.01    4.42
 -39905.771    52.415    -3.33    4.44
 -39535.309    51.286    -3.05    3.76
 -39164.768    50.654    -1.71    3.26
 -38794.149    50.436    -0.59    3.59
 -38423.451    50.452     0.04    3.95
 -38052.675    50.198    -0.68    5.24
 -37681.820    48.861    -3.60    5.42
 -37310.887    47.771    -2.94    5.00
 -36939.874    47.284    -1.31    4.48
 -36568.783    48.286     2.70    4.65
 -36197.613    49.140     2.30    4.75
 -35826.364    51.848     7.30    6.89
 -35455.036    54.710     7.71    6.94
 -35083.629    57.868     8.50    6.04
 -34712.142    59.046     3.17    4.84
 -34340.577    58.678    -0.99    4.35
 -33968.933    56.739    -5.22    4.58
 -33597.209    53.995    -7.38    4.37
 -33225.406    50.546    -9.27    5.29
 -32853.524    45.017   -14.87    7.94
 -32481.562    39.075   -15.98    9.03
 -32109.521    35.864    -8.63    7.04
 -31737.400    35.881     0.04    5.99
 -31365.200    37.658     4.77    5.94
 -30992.921    41.463    10.22    6.77
 -30620.561    44.394     7.87    9.03
 -30248.122    47.150     7.40    9.87
 -29875.603    47.882     1.96    9.11
 -29503.005    45.426    -6.59    8.67
 -29130.327    42.066    -9.01    6.98
 -28757.568    39.786    -6.12    4.68
 -28384.730    38.520    -3.39    4.25
 -28011.812    38.547     0.07    4.84
 -27638.814    39.509     2.58    6.59
 -27265.736    40.815     3.50    8.17
 -26892.577    41.775     2.57    9.73
 -26519.339    40.885    -2.39   11.97
 -26146.020    38.759    -5.69   13.00
 -25772.621    35.867    -7.75   14.05
 -25399.141    31.351   -12.09   11.86
 -25025.581    26.377   -13.31    9.15
 -24651.941    23.159    -8.61    8.11
 -24278.220    20.489    -7.14    6.68
 -23904.419    16.494   -10.69    5.70
 -23530.537    13.871    -7.01    6.36
 -23156.574    12.247    -4.34    6.42
 -22782.531    10.025    -5.94    7.31
 -22408.407     8.777    -3.34    8.03
 -22034.202     6.901    -5.01    8.03
 -21659.916     4.342    -6.84    6.86
 -21285.550     2.973    -3.66    6.22
 -20911.102     1.291    -4.49    4.21
 -20536.573     0.382    -2.43    2.42
 -20161.964    -0.016    -1.06    0.00
 -19787.273    -0.016     0.00    0.00
 -19412.501     0.050     0.18    0.54
 -19037.648     1.066     2.71    3.12
 -18662.713     2.973     5.08    4.75
 -18287.698     6.229     8.68    5.75
 -17912.600     9.520     8.78    4.98
 -17537.422    11.619     5.59    3.41
 -17162.162    11.784     0.44    2.98
 -16786.820    12.561     2.07    2.86
 -16411.397    13.352     2.11    3.08
 -16035.892    14.685     3.55    4.32
 -15660.306    16.861     5.79    5.45
 -15284.637    17.878     2.71    5.31
 -14908.887    18.411     1.42    4.66
 -14533.055    18.984     1.52    4.34
 -14157.142    18.953    -0.08    3.80
 -13781.146    19.005     0.14    3.51
 -13405.068    18.509    -1.32    3.76
 -13028.908    18.403    -0.28    3.92
 -12652.666    18.883     1.27    3.63
 -12276.342    19.920     2.76    3.16
 -11899.936    20.838     2.44    2.50
 -11523.447    20.584    -0.68    2.57
 -11146.876    18.891    -4.50    4.88
 -10770.223    17.184    -4.53    6.14
 -10393.487    15.283    -5.05    7.45
 -10016.669    14.853    -1.14    8.76
  -9639.768    14.671    -0.48   10.54
  -9262.785    13.984    -1.82   11.25
  -8885.719    12.767    -3.23   11.28
  -8508.570     9.973    -7.41   10.67
  -8131.339     6.616    -8.90    9.07
  -7754.024     2.661   -10.48    5.70
  -7376.627     2.942     0.75    5.46
  -6999.147     6.622     9.75    8.60
  -6621.584    14.443    20.71   12.01
  -6243.938    21.199    17.89   10.83
  -5866.209    25.749    12.05    8.07
  -5488.397    27.327     4.18    8.16
  -5110.501    28.392     2.82    8.45
  -4732.522    28.484     0.24    8.02
  -4354.460    29.554     2.83    7.12
  -3976.315    28.994    -1.48    6.79
  -3598.086    24.443   -12.03   10.11
  -3219.774    18.759   -15.02   12.51
  -2841.378    12.484   -16.58   12.89
  -2462.899     6.889   -14.78   10.78
  -2084.336     2.596   -11.34    6.68
  -1705.690     0.036    -6.76    0.42
  -1326.959    -0.016    -0.14    0.00
   -948.145    -0.016     0.00    0.00
   -569.247    -0.016     0.00    0.00
   -190.266    -0.016     0.00    0.00
    188.800    -0.016     0.00    0.00
    567.950    -0.016     0.00    0.00
    947.184    -0.016     0.00    0.00
   1326.502     0.024     0.11    0.40
   1705.904     1.963     5.11    6.21
   2085.390     6.689    12.45   12.85
   2464.961    15.128    22.23   18.61
   2844.616    23.167    21.18   20.26
   3224.355    32.405    24.33   18.27
   3604.179    39.870    19.66   11.41
   3984.087    43.953    10.75    4.41
   4364.080    45.674     4.53    3.38
   4744.158    46.097     1.11    3.00
   5124.320    45.637    -1.21    2.77
   5504.567    45.509    -0.33    2.59
   5884.898    45.223    -0.75    2.86
   6265.315    44.473    -1.97    2.86
   6645.816    43.443    -2.71    3.37
   7026.402    42.015    -3.75    3.42
   7407.074    41.923    -0.24    3.74
   7787.830    42.317     1.03    3.36
   8168.672    41.952    -0.96    3.09
   8549.598    41.045    -2.38    3.97
   8930.610    39.841    -3.16    4.39
   9311.707    37.953    -4.95    4.12
   9692.890    36.682    -3.33    3.65
  10074.158    35.320    -3.57    2.98
  10439.486    34.357    -2.64    3.16
  10804.638    31.668    -7.37    4.06
  11169.868    29.075    -7.10    4.92
  11535.175    25.929    -8.61    5.19
  11900.559    23.963    -5.38    4.12
  12266.020    23.283    -1.86    3.99
  12631.559    23.494     0.58    4.52
  12997.175    25.582     5.71    5.68
  13362.868    28.390     7.68    6.48
  13728.639    29.660     3.47    6.02
  14094.487    30.434     2.12    4.54
  14460.413    28.862    -4.30    4.95
  14826.416    25.838    -8.26    4.07
  15192.497    23.882    -5.34    3.37
  15558.656    22.252    -4.45    3.58
  15924.892    21.613    -1.75    3.76
  16291.206    21.711     0.27    5.10
  16657.598    23.672     5.35    6.78
  17024.068    28.953    14.41    9.03
  17390.616    35.696    18.40   11.76
  17757.241    43.504    21.30   11.16
  18123.945    46.932     9.35    8.46
  18490.727    46.310    -1.69    8.95
  18857.587    43.688    -7.15    9.79
  19224.525    38.494   -14.15    9.56
  19591.541    34.221   -11.64    7.83
  19958.635    31.060    -8.61    5.62
  20325.808    29.973    -2.96    5.89
  20693.059    30.213     0.65    8.96
  21060.389    29.698    -1.40   11.24
  21427.797    28.365    -3.63   12.85
  21795.284    27.046    -3.59   14.01
  22162.849    26.344    -1.91   14.34
  22530.493    25.500    -2.30   14.98
  22898.215    23.754    -4.75   14.84
  23266.016    23.184    -1.55   14.79
  23633.896    23.514     0.90   14.00
  24001.855    23.817     0.82   11.82
  24369.892    23.820     0.01   10.89
  24738.009    24.749     2.52    9.38
  25106.204    27.850     8.42    8.94
  25474.478    30.923     8.35    8.85
  25842.832    32.940     5.48    7.78
  26211.265    31.443    -4.06    9.36
  26579.776    29.747    -4.60   10.61
  26948.367    28.943    -2.18   10.89
  27317.038    28.701    -0.66   11.89
  27685.787    29.272     1.55   12.76
  28054.616    27.347    -5.22   13.19
  28423.524    25.355    -5.40   11.99
  28792.512    23.539    -4.92    9.32
  29161.580    22.665    -2.37    7.17
  29530.726    21.024    -4.44    6.38
  29899.953    21.505     1.30    7.92
  30269.259    22.841     3.62   10.63
  30638.645    25.598     7.47   12.13
  31008.111    28.780     8.61   10.95
  31377.656    30.711     5.23    9.07
  31747.282    30.384    -0.89    7.27
  32116.987    31.782     3.78    7.65
  32486.772    32.386     1.63    7.25
  32856.638    32.614     0.62    6.64
  33226.583    32.782     0.45    6.10
  33596.609    33.534     2.03    6.21
  33966.714    33.726     0.52    6.33
  34336.900    34.208     1.30    6.16
  34707.167    33.554    -1.77    5.59
  35077.513    33.444    -0.30    6.58
  35447.940    35.065     4.38    8.91
  35818.447    36.299     3.33   11.17
  36189.035    39.124     7.62   11.73
  36559.704    41.212     5.63   10.60
  36930.453    41.344     0.36    8.11
  37301.283    41.723     1.02    7.25
  37672.193    40.493    -3.32    6.15
  38043.184    39.259    -3.33    5.61
  38414.256    37.412    -4.98    6.10
  38785.409    36.474    -2.53    6.39
  39156.643    37.539     2.87    7.54
  39527.958    40.473     7.90    8.94
  39899.353    44.417    10.62    9.79
  40270.830    49.736    14.32    8.29
  40642.388    52.516     7.48    6.73
  41014.027    54.564     5.51    6.32
  41385.747    55.489     2.49    5.85
  41757.549    53.778    -4.60    5.83
  42129.432    51.448    -6.27    6.12
  42501.396    48.398    -8.20    5.53
  42873.442    46.284    -5.68    3.90
  43245.569    45.994    -0.78    3.53
  43617.778    45.984    -0.03    2.87
  43990.068    46.365     1.02    2.84
  44362.440    46.034    -0.89    4.18
  44734.894    42.070   -10.64   10.05
  45107.430    38.360    -9.96   13.66
  45480.047    40.446     5.60   20.08
  45852.746    51.244    28.97   26.34
  46225.527    65.932    39.40   21.56
  46598.390    73.994    21.62   10.49
  46971.335    71.388    -6.99   11.37
  47344.362    62.044   -25.05   14.55
  47717.472    50.643   -30.56   15.00
  48090.663    40.484   -27.22   11.27
  48463.937    35.774   -12.62    5.87
  48837.293    35.726    -0.13    4.79
  49210.731    37.893     5.80    5.30
  49584.252    39.411     4.06    5.04
  49957.855    40.063     1.75    5.41
  50331.540    41.071     2.70    6.34
  50705.309    40.944    -0.34    6.02
  51079.159    41.657     1.91    5.67
  51453.093    42.954     3.47    6.15
  51827.109    45.994     8.13    6.34
  52201.208    48.350     6.30    5.18
  52575.390    49.514     3.11    5.89
  52949.655    49.509    -0.01    6.37
  53324.002    51.214     4.55    6.31
  53698.433    51.213    -0.00    5.82
  54072.947    50.144    -2.85    4.89
  54447.544    50.637     1.32    7.84
  54822.223    53.065     6.48   10.03
  55196.987    57.819    12.68   10.67
  55571.833    61.684    10.31   10.26
  55946.763    63.255     4.19    7.42
  56321.776    59.644    -9.63    9.70
  56696.872    56.515    -8.34    8.90
  57072.053    54.954    -4.16    6.83
  57447.316    55.110     0.42    5.19
  57822.663    57.124     5.37    4.49
  58198.094    57.499     1.00    4.45
  58573.609    58.300     2.13    3.84
  58949.207    58.934     1.69    4.13
  59324.889    59.196     0.70    4.04
  59700.655    60.574     3.67    5.80
  60076.505    64.434    10.27    8.48
  60452.439    68.584    11.04    9.40
  60828.457    73.421    12.87    8.99
  61204.559    77.249    10.18    8.14
  61580.745    79.749     6.65    7.16
  61957.015    80.384     1.69    6.66
  62333.370    77.757    -6.98    8.55
  62709.809    74.155    -9.57    9.20
  63086.332    70.853    -8.77    7.71
  63462.940    67.251    -9.57    6.19
  63839.632    64.515    -7.26    7.08
  64216.409    61.854    -7.06    7.99
  64593.270    60.277    -4.18    7.56
  64970.216    62.281     5.32    7.98
  65347.247    66.046     9.99    9.18
  65724.363    69.254     8.51    6.86
  66101.563    70.536     3.40    6.17
  66478.848    69.234    -3.45    6.88
  66856.218    67.365    -4.95    6.06
  67233.673    66.479    -2.35    4.78
  67611.214    66.534     0.15    3.77
  67988.839    68.418     4.99    4.72
  68366.549    71.861     9.12    5.22
  68744.345    72.489     1.66    5.69
  69122.226    72.174    -0.83    6.29
  69500.192    72.354     0.48    6.43
  69878.244    73.214     2.27    5.91
  70256.381    72.691    -1.38    5.37
  70634.603    72.354    -0.89    4.57
  71012.912    71.953    -1.06    5.17
  71391.305    71.691    -0.69    5.31
  71769.785    71.974     0.75    4.52
  72148.350    71.634    -0.90    3.94
  72527.001    72.208     1.52    3.75
  72905.738    72.914     1.86    4.75
  73284.560    73.231     0.84    4.96
  73663.469    73.340     0.29    4.80
  74042.464    72.826    -1.36    5.30
  74421.545    72.825    -0.00    5.13
  74800.712    72.421    -1.07    4.88
  75179.965    71.034    -3.66    4.30
  75559.304    69.940    -2.88    3.33
  75938.730    69.503    -1.15    3.58
  76318.242    69.890     1.02    4.27
  76697.840    68.419    -3.87    6.98
  77077.525    67.995    -1.12    8.17
  77457.297    66.474    -4.00    8.35
  77837.155    64.807    -4.39    7.40
  78217.099    64.518    -0.76    5.38
  78597.131    64.478    -0.11    3.67
  78977.249    67.013     6.67    5.32
  79357.454    70.877    10.16    6.54
  79737.746    75.340    11.74    7.04
  80118.125    79.611    11.23    5.40
  80498.591    81.697     5.48    6.35
  80879.144    85.516    10.04    8.36
  81259.784    88.439     7.68    8.96
  81640.511    91.056     6.87    9.54
  82021.326    93.934     7.56    8.05
  82402.228    95.699     4.63    7.29
  82783.217    97.796     5.50    6.20
  83164.293   100.334     6.66    5.02
  83545.457   104.429    10.75    6.94
  83926.709   108.327    10.23    8.57
  84308.048   113.024    12.32   10.53
  84689.475   116.034     7.89   12.42
  85060.694   118.390     6.35   13.53
  85425.609   118.064    -0.89   13.81
  85790.602   116.664    -3.84   13.81
  86155.674   111.112   -15.21   14.39
  86520.825   105.780   -14.61   13.77
  86886.055   100.346   -14.88    9.17
  87251.365    98.310    -5.57    4.89
  87616.753    98.657     0.95    4.67
  87982.220    99.399     2.03    5.89
  88347.767   101.239     5.03    6.71
  88713.393   103.291     5.61    8.47
  89079.098   107.408    11.26   10.59
  89444.883   110.281     7.86   11.19
  89810.747   112.184     5.20   10.34
  90176.691   111.804    -1.04    8.59
  90542.714   110.574    -3.36    6.05
  90908.816   110.075    -1.36    4.13
  91274.999   110.479     1.10    4.29
  91641.261   111.661     3.23    5.55
  92007.602   116.182    12.34    8.81
  92374.024   121.398    14.24    9.91
  92740.525   127.824    17.53    8.56
  93107.106   133.192    14.64    7.02
  93473.767   138.180    13.60    6.43
  93840.508   140.518     6.38    6.50
  94207.329   139.397    -3.06    7.59
  94574.231   133.454   -16.20   10.62
  94941.212   129.654   -10.36    9.04
  95308.273   131.784     5.80    9.92
  95675.415   138.924    19.45   12.06
  96042.637   148.044    24.84   10.76
  96409.940   155.043    19.06    8.29
  96777.322   161.208    16.78    5.52
  97144.786   165.003    10.33    4.15
  97512.329   167.341     6.36    2.43
  97879.954   168.271     2.53    2.61
  98247.659   168.399     0.35    2.95
  98615.444   168.085    -0.86    3.05
  98983.311   167.886    -0.54    2.75
  99351.258   168.092     0.56    2.60
  99719.286   168.925     2.26    3.29
 100087.394   168.484    -1.20    4.17
 100455.584   166.885    -4.34    5.24
 100823.855   165.324    -4.24    5.29
 101192.207   163.132    -5.95    3.84
 101560.639   161.637    -4.06    2.23
 101929.153   160.842    -2.16    1.90
 102297.748   160.654    -0.51    2.22
 102666.425   159.876    -2.11    2.55
 103035.182   158.670    -3.27    3.51
 103404.021   157.575    -2.97    4.50
 103772.942   157.003    -1.55    5.25
 104141.944   159.558     6.92    8.04
 104511.027   165.691    16.62   10.37
 104880.192   173.650    21.56   10.56
 105249.439   180.838    19.47    9.06
 105618.767   186.003    13.99    6.80
 105988.177   188.015     5.44    5.19
 106357.669   186.993    -2.76    5.18
 106727.242   185.914    -2.92    6.08
 107096.898   184.324    -4.30    6.37
 107466.635   181.310    -8.15    6.76
 107836.455   176.499   -13.01    9.70
 108206.356   169.702   -18.38   10.34
 108576.340   162.810   -18.63    8.20
 108946.405   157.631   -14.00    5.58
 109316.553   153.176   -12.04    4.40
 109686.783   147.317   -15.83    7.85
 110057.096   138.284   -24.40   14.18
 110427.491   125.112   -35.56   17.04
 110797.968   116.211   -24.03   13.95
 111168.528   110.924   -14.27    8.41
 111539.170   111.091     0.45    7.73
 111909.895   117.554    17.43   13.07
 112280.703   130.062    33.74   18.53
 112651.593   142.138    32.56   15.73
 113022.566   151.003    23.90    7.99
 113393.622   154.114     8.38    3.62
 113764.761   153.724    -1.05    4.25
 114135.982   152.670    -2.84    4.53
 114507.287   152.105    -1.52    4.86
 114878.674   152.111     0.02    4.80
 115250.145   151.667    -1.19    4.48
 115621.699   153.343     4.51    5.21
 115993.336   156.386     8.19    6.46
 116365.056   159.935     9.55    6.22
 116736.860   162.314     6.40    5.53
 117108.747   162.751     1.18    6.13
 117480.717   162.993     0.65    7.12
 117852.771   163.277     0.76    8.72
 118224.908   165.199     5.17   10.01
 118597.129   166.942     4.68    9.81
 118969.434   168.291     3.62    7.96
 119341.822   169.004     1.92    6.43
 119714.294   167.072    -5.19    6.70
 120086.850   162.448   -12.41    8.86
 120459.490   157.307   -13.80    8.14
 120832.214   153.834    -9.32    5.94
 121205.021   150.359    -9.32    6.16
 121577.913   148.817    -4.13    8.33
 121950.889   148.226    -1.58    9.04
 122323.948   147.395    -2.23    8.29
 122697.092   147.452     0.15    7.68
 123070.321   144.766    -7.20    8.43
 123443.633   136.229   -22.87   13.36
 123817.030   124.243   -32.10   15.65
 124190.512   116.417   -20.96   11.77
 124564.078   116.101    -0.84    9.92
 124937.728   117.924     4.88    9.11
 125311.463   119.333     3.77    7.75
 125685.283   118.508    -2.21    7.57
 126059.187   117.804    -1.89    6.32
 126433.176   120.307     6.69    6.10
 126807.250   124.974    12.48    4.19
 127181.409   126.498     4.08    3.07
 127555.653   126.729     0.62    3.48
 127929.982   124.382    -6.27    4.79
 128304.396   120.973    -9.10    4.89
 128678.895   117.150   -10.21    4.78
 129053.479   113.540    -9.64    4.56
 129428.148   111.121    -6.46    4.01
 129802.903   109.370    -4.67    3.11
 130177.743   107.395    -5.27    3.13
 130552.668   105.568    -4.88    3.23
 130927.679   104.846    -1.92    4.25
 131302.775   104.285    -1.50    4.65
 131677.957   104.132    -0.41    4.84
 132053.225   105.248     2.97    5.37
 132428.578   108.190     7.84    5.32
 132804.017   112.195    10.67    6.35
 133179.541   116.799    12.26    5.45
 133555.152   121.013    11.22    5.30
 133930.848   123.883     7.64    4.39
 134306.631   126.611     7.26    4.18
 134682.499   128.694     5.54    4.17
 135058.454   129.101     1.08    3.83
 135434.495   128.846    -0.68    3.75
 135810.622   127.885    -2.56    3.71
 136186.835   127.141    -1.98    3.35
 136563.134   127.690     1.46    3.72
 136939.520   128.778     2.89    3.46
 137315.993   130.782     5.32    3.98
 137692.552   133.542     7.33    5.09
 138069.197   136.839     8.75    5.24
 138445.929   138.859     5.36    4.49
 138822.748   139.994     3.01    3.37
 139199.653   137.984    -5.33    3.82
 139576.645   135.223    -7.32    3.96
 139953.724   132.272    -7.83    3.66
 140330.890   129.289    -7.91    3.27
 140708.143   125.955    -8.84    4.62
 141085.483   122.984    -7.87    5.29
 141462.911   121.327    -4.39    6.91
 141840.425   120.409    -2.43    8.66
 142218.026   119.132    -3.38    9.66
 142595.715   117.160    -5.22    9.00
 142973.491   118.419     3.33    8.95
 143351.354   120.464     5.41    9.40
 143729.305   123.719     8.61    9.06
 144107.344   125.197     3.91    7.70
 144485.470   126.064     2.29    4.80
 144863.683   124.317    -4.62    5.08
 145241.985   120.014   -11.38    7.24
 145620.374   113.945   -16.04    9.29
 145998.850   106.558   -19.52    9.21
 146377.415    99.945   -17.47    9.01
 146756.068    92.839   -18.77    8.23
 147134.808    84.926   -20.90   11.25
 147513.637    78.048   -18.16   12.27
 147892.554    69.955   -21.36   13.57
 148271.559    61.157   -23.21   12.12
 148650.652    55.789   -14.16    9.67
 149029.833    50.974   -12.70    5.00
 149409.103    51.580     1.60    5.67
 149788.461    56.216    12.22    9.16
 150167.908    63.699    19.72   10.73
 150547.443    69.664    15.72    7.68
 150927.067    73.139     9.16    4.81
 151306.780    73.716     1.52    4.14
 151686.581    72.780    -2.47    4.01
 152066.471    72.356    -1.12    4.30
 152446.450    71.409    -2.49    4.04
 152826.518    70.797    -1.61    3.79
 153206.674    71.111     0.83    3.49
 153586.920    69.741    -3.60    3.97
 153967.255    66.197    -9.32    4.50
 154347.679    63.605    -6.81    4.25
 154728.192    61.935    -4.39    3.18
 155108.794    61.690    -0.65    2.84
 155489.486    62.291     1.58    2.18
 155870.267    63.426     2.98    2.52
 156251.138    64.353     2.43    3.56
 156632.098    64.527     0.46    4.84
 157013.148    64.489    -0.10    5.59
 157394.287    63.147    -3.52    5.56
 157775.516    61.044    -5.52    4.14
 158156.835    59.591    -3.81    4.85
 158538.244    58.448    -3.00    6.75
 158919.742    56.878    -4.12    7.83
 159301.331    54.261    -6.86    7.05
 159678.912    51.484    -7.36    5.16
 160043.581    51.167    -0.87    4.79
 160408.332    54.455     9.01    9.47
 160773.163    56.954     6.85   12.13
 161138.074    61.513    12.49   12.49
 161503.067    64.445     8.03   11.40
 161868.140    67.739     9.02    7.81
 162233.294    68.615     2.40    5.57
 162598.530    69.014     1.09    4.36
 162963.846    69.149     0.37    4.18
 163329.243    69.178     0.08    4.07
 163694.721    69.684     1.38    3.50
 164060.281    70.384     1.92    3.09
 164425.922    70.912     1.45    2.93
 164791.643    70.314    -1.64    2.68
 165157.447    69.770    -1.49    1.92
 165523.332    71.121     3.69    3.37
 165889.298    72.849     4.72    3.78
 166255.345    74.363     4.14    3.25
 166621.474    74.916     1.51    2.43
 166987.685    74.634    -0.77    2.68
 167353.978    73.003    -4.45    3.55
 167720.352    71.089    -5.22    4.32
 168086.807    69.538    -4.23    4.53
 168453.345    68.647    -2.43    4.47
 168819.965    66.820    -4.98    3.22
 169186.666    66.109    -1.94    2.60
 169553.450    66.003    -0.29    2.53
 169920.315    66.925     2.51    4.14
 170287.263    68.378     3.96    5.18
 170654.292    70.254     5.11    5.88
 171021.404    71.593     3.65    6.18
 171388.598    71.145    -1.22    6.38
 171755.875    69.307    -5.00    6.60
 172123.233    66.877    -6.62    6.19
 172490.675    63.484    -9.24    5.00
 172858.198    60.897    -7.04    4.24
 173225.804    58.137    -7.51    2.91
 173593.493    55.945    -5.96    2.88
 173961.264    54.617    -3.61    3.02
 174329.119    54.638     0.05    3.31
 174697.055    56.333     4.61    4.52
 175065.075    59.896     9.68    4.75
 175433.177    62.676     7.55    3.64
 175801.363    64.015     3.64    3.09
 176169.631    63.899    -0.32    2.71
 176537.982    63.578    -0.87    2.38
 176906.417    63.727     0.40    2.72
 177274.934    64.336     1.65    3.41
 177643.535    65.828     4.05    3.69
 178012.219    67.157     3.60    3.95
 178380.986    68.351     3.24    4.27
 178749.837    68.795     1.20    4.83
 179118.771    67.964    -2.25    5.17
 179487.789    66.089    -5.08    5.06
 179856.890    63.644    -6.63    5.21
 180226.074    60.780    -7.76    4.38
 180595.342    58.521    -6.12    3.42
 180964.694    56.994    -4.14    2.76
 181334.130    56.353    -1.74    2.39
 181703.650    56.744     1.06    3.44
 182073.253    56.320    -1.15    4.07
 182442.940    54.809    -4.09    4.84
 182812.711    52.993    -4.91    4.63
 183182.567    51.695    -3.51    4.28
 183552.506    50.083    -4.36    5.23
 183922.530    49.343    -2.00    5.51
 184292.637    48.841    -1.36    6.08
 184662.829    49.786     2.55    7.22
 185033.105    51.178     3.76    7.72
 185403.466    53.788     7.05    7.19
 185773.911    55.615     4.93    6.26
 186144.441    57.364     4.72    5.86
 186515.055    57.165    -0.54    5.84
 186885.754    56.892    -0.74    4.97
 187256.537    53.907    -8.05    5.34
 187627.405    50.350    -9.59    6.51
 187998.358    46.536   -10.28    6.06
 188369.396    44.541    -5.38    5.20
 188740.518    44.120    -1.14    5.17
 189111.726    45.088     2.61    6.17
 189483.018    48.013     7.88    7.16
 189854.396    51.201     8.58    6.91
 190225.858    53.334     5.74    7.81
 190597.406    53.464     0.35    8.18
 190969.039    53.702     0.64    7.51
 191340.758    53.917     0.58    5.55
 191712.561    53.412    -1.36    4.11
 192084.451    54.285     2.35    3.76
 192456.425    55.786     4.04    4.38
 192828.485    57.984     5.91    5.02
 193200.631    60.469     6.68    4.29
 193572.863    61.903     3.85    3.48
 193945.180    62.593     1.85    3.40
 194317.582    62.469    -0.33    3.51
 194690.071    60.615    -4.98    4.57
 195062.646    58.595    -5.42    5.05
 195435.306    56.705    -5.07    4.80
 195808.053    55.191    -4.06    4.20
 196180.885    55.964     2.07    3.59
 196553.804    57.355     3.73    3.67
 196926.808    58.494     3.05    3.34
 197299.899    59.603     2.97    2.81
 197673.077    60.285     1.83    2.67
 198046.340    60.532     0.66    2.79
 198419.690    60.109    -1.13    2.84
 198793.127    61.120     2.71    2.81
 199166.650    61.288     0.45    3.03
 199540.260    61.333     0.12    3.01
 199913.956    61.078    -0.68    3.22
 200287.739    59.861    -3.26    4.07
 200661.609    58.888    -2.60    5.16
 201035.565    58.842    -0.12    5.77
 201409.609    59.852     2.70    6.02
 201783.739    59.513    -0.91    6.74
 202157.956    57.455    -5.50    7.77
 202532.261    54.955    -6.68    7.50
 202906.653    50.925   -10.76    6.04
 203281.131    47.186    -9.99    6.06
 203655.697    44.131    -8.16    6.61
 204030.351    43.412    -1.92    6.68
 204405.091    42.627    -2.10    8.06
 204779.919    41.763    -2.31   11.27
 205154.835    39.519    -5.98   14.57
 205529.838    35.419   -10.94   15.24
 205904.929    32.513    -7.75   14.09
 206280.107    30.040    -6.59   13.33
 206655.373    27.412    -7.00   12.35
 207030.727    27.546     0.36   12.44
 207406.169    31.907    11.62   13.50
 207781.699    38.846    18.48   11.85
 208157.316    42.172     8.86    9.96
 208533.022    41.812    -0.96   12.22
 208908.816    36.757   -13.45   14.43
 209284.698    29.535   -19.22   13.13
 209660.668    24.212   -14.16   10.73
 210036.726    21.533    -7.13    7.75
 210412.873    23.717     5.81    9.94
 210789.108    28.753    13.39   12.30
 211165.432    35.842    18.84   10.99
 211541.844    40.814    13.21    8.52
 211918.345    44.455     9.67    7.85
 212294.934    46.412     5.20    6.73
 212671.612    48.809     6.36    4.64
 213048.379    50.147     3.55    4.12
 213425.235    50.014    -0.35    4.81
 213802.179    50.530     1.37    5.12
 214179.213    50.063    -1.24    5.42
 214556.335    49.888    -0.46    5.43
