# NaN NaN NaN ;Mean Elev.(m), Avg Gradient(m/km), RMS Gradient(m/km) - SRTM1     
#    1.539   0.441   1.987 ;Mean Elev.(m), Avg Gradient(m/km), RMS Gradient(m/km) - ASTER GDEM
#    0.009   0.074   8.938 ;Mean Elev.(m), Avg Gradient(m/km), RMS Gradient(m/km) - GMTED2010 
  6     3.843 52438.25653651 27.79  83.170453  70.853039 36.083
  6     3.906 52438.25653716 19.70  83.165673  70.850079 36.083
  6     2.451 52438.25653780 18.50  83.160893  70.847119 36.083
  6     1.733 52438.25653844 17.52  83.156113  70.844159 36.083
  6     2.429 52438.25653909 18.13  83.151323  70.841209 36.083
  7     6.191 52473.25653653 18.45  83.170728  70.852353 17.086
  7     4.813 52473.25653717 15.21  83.165948  70.849393 17.086
  7     3.186 52473.25653782 15.14  83.161168  70.846433 17.086
  7     2.358 52473.25653846 15.17  83.156388  70.843473 17.086
  7     2.551 52473.25653911 17.32  83.151608  70.840523 17.086
  7     3.204 52473.25653975 18.09  83.146828  70.837563 17.086
  8     0.222 52508.25650615 33.64  83.170410  70.853013 21.640
  8     2.993 52508.25650679 18.31  83.165630  70.850063 21.640
  8     0.626 52508.25650744 18.37  83.160850  70.847103 21.640
  8    -0.327 52508.25650808 20.35  83.156070  70.844143 21.640
  8     2.266 52508.25650872 17.96  83.151290  70.841183 21.640
  9     0.018 52543.25649415 20.04  83.179754  70.839154 10.648
  9    -0.354 52543.25649479 20.24  83.174972  70.836196 12.743
  9    -0.247 52543.25649544 19.41  83.170202  70.833236 12.743
  9    -0.743 52543.25649608 19.44  83.165422  70.830286 12.743
  9     2.047 52543.25649673 17.87  83.160642  70.827326 12.743
  9     2.499 52543.25649737 17.66  83.155872  70.824366 12.743
  9     3.085 52543.25649802 17.96  83.151092  70.821406 12.743
  9     3.681 52543.25649866 18.73  83.146322  70.818446 12.743
  9     4.069 52543.25649931 23.49  83.141552  70.815496 12.743
 11    -0.191 52613.25650663 17.64  83.164015  70.853371  2.417
 11    -0.018 52613.25650727 17.46  83.159235  70.850411  2.417
 11    -0.083 52613.25650792 18.38  83.154455  70.847451  2.417
 11    -0.073 52613.25650856 18.19  83.149675  70.844491  2.417
 12     0.045 52648.25649012 15.05  83.174720  70.845569  2.261
 12     0.087 52648.25649077 15.19  83.169940  70.842609  2.261
 12     0.110 52648.25649141 15.35  83.165160  70.839649  2.261
 12    -0.043 52648.25649206 15.61  83.160380  70.836689  2.261
 12    -0.003 52648.25649270 15.31  83.155600  70.833739  2.261
 12     0.034 52648.25649335 15.45  83.150830  70.830779  2.261
 12    -0.012 52648.25649399 15.52  83.146050  70.827819  2.261
 12    -0.113 52648.25649464 15.67  83.141280  70.824859  2.261
 13     0.428 52683.25646538 11.84  83.169733  70.849379  1.798
 13     0.446 52683.25646602 11.89  83.164953  70.846429  1.798
 13     0.413 52683.25646667 11.84  83.160173  70.843469  1.798
 13     0.336 52683.25646731 12.29  83.155393  70.840509  1.798
 13     0.267 52683.25646796 11.94  83.150623  70.837549  1.798
 13     0.216 52683.25646860 11.91  83.145848  70.834594  2.008
 13     0.186 52683.25646925 12.28  83.141068  70.831634  2.008
 14     0.140 52718.25652159 10.30  83.174095  70.848953  1.763
 14     0.171 52718.25652223 10.50  83.169315  70.845993  1.763
 14     0.112 52718.25652288 10.65  83.164535  70.843043  1.763
 14     0.011 52718.25652352 10.51  83.159755  70.840083  1.763
 14     0.156 52718.25652417 10.52  83.154975  70.837123  1.763
 14     0.136 52718.25652481 10.46  83.150195  70.834163  1.763
 14     0.134 52718.25652546 10.53  83.145425  70.831203  1.763
 14    -0.047 52718.25652610 10.28  83.140645  70.828253  1.763
 15     0.261 52753.25654517  9.51  83.162015  70.858753  1.838
 15     0.372 52753.25654582  9.43  83.157235  70.855803  1.838
 15     0.251 52753.25654646  9.73  83.152445  70.852843  1.838
 15     0.216 52753.25654711  9.52  83.147665  70.849883  1.838
 15     0.295 52753.25654775  9.59  83.142885  70.846923  1.838
 15     0.229 52753.25654840  9.48  83.138105  70.843973  1.838
 15     0.235 52753.25654904  9.41  83.133335  70.841013  1.838
 16     1.180 52788.25649425 20.47  83.176889  70.838816  8.493
 16     0.929 52788.25649489 21.61  83.172109  70.835856  8.493
 16     0.847 52788.25649554 21.26  83.167329  70.832896  8.493
 16     0.886 52788.25649618 21.26  83.162549  70.829946  8.493
 16     1.008 52788.25649683 21.78  83.157777  70.826982 12.842
 16     1.264 52788.25649747 20.70  83.152997  70.824032 12.842
 16     1.377 52788.25649812 22.89  83.148217  70.821072 12.842
 16     1.386 52788.25649876 28.17  83.143447  70.818112 12.842
 17     3.207 52823.25656506 13.26  83.177154  70.842835 23.617
 17     2.705 52823.25656571 12.34  83.172364  70.839875 23.617
 17     1.510 52823.25656635 12.37  83.167584  70.836925 23.617
 17     2.231 52823.25656700 11.90  83.162804  70.833965 23.617
 17     2.888 52823.25656764 12.40  83.158034  70.831005 23.617
 17     3.258 52823.25656829 13.74  83.153254  70.828045 23.617
 17     3.752 52823.25656893 15.55  83.148475  70.825095 22.288
 17     3.911 52823.25656958 20.43  83.143705  70.822135 22.288
 18     3.199 52858.25661180 13.42  83.175222  70.842293 20.382
 18     1.353 52858.25661245 13.04  83.170442  70.839343 20.382
 18     1.717 52858.25661309 13.10  83.165662  70.836383 20.382
 18     2.124 52858.25661374 14.21  83.160882  70.833423 20.382
 18     2.754 52858.25661438 16.37  83.156102  70.830463 20.382
 18     3.372 52858.25661503 14.97  83.151332  70.827503 20.382
 18     3.784 52858.25661567 17.09  83.146560  70.824552 22.034
 18     4.060 52858.25661632 22.93  83.141780  70.821592 22.034
 19     3.685 52893.25664177 25.29  83.173154  70.852632 19.483
 19     3.699 52893.25664241 18.97  83.168374  70.849682 19.483
 19    -0.199 52893.25664306 20.10  83.163594  70.846722 19.483
 19     1.075 52893.25664370 19.00  83.158814  70.843762 19.483
 19     1.984 52893.25664435 19.16  83.154034  70.840802 19.483
 19     2.597 52893.25664499 19.65  83.149254  70.837852 19.483
 20     0.134 52928.25659192 49.37  83.163457  70.858658 29.734
 20     0.265 52928.25659256 53.15  83.158677  70.855698 29.734
 20     0.229 52928.25659321 46.26  83.153897  70.852738 29.734
 20     0.128 52928.25659385 45.22  83.149117  70.849778 29.734
 20     0.294 52928.25659450 51.01  83.144337  70.846818 29.734
 20     0.184 52928.25659514 51.36  83.139557  70.843868 29.734
 20     0.215 52928.25659578 48.61  83.134787  70.840908 29.734
 21    -0.016 52963.25657314 19.92  83.177590  70.838356  2.568
 21    -0.028 52963.25657378 19.86  83.172810  70.835396  2.568
 21    -0.077 52963.25657443 19.94  83.168030  70.832446  2.568
 21    -0.233 52963.25657507 19.68  83.163250  70.829486  2.568
 21    -0.232 52963.25657572 19.46  83.158470  70.826526  2.568
 21    -0.270 52963.25657636 19.55  83.153700  70.823566  2.568
 21    -0.193 52963.25657700 19.00  83.148930  70.820616  2.568
 21    -0.435 52963.25657765 18.89  83.144150  70.817656  2.568
 22    -0.123 52998.25660977 13.39  83.171481  70.851931  1.924
 22    -0.053 52998.25661042 13.35  83.166701  70.848971  1.924
 22     0.007 52998.25661106 13.64  83.161911  70.846011  1.924
 22    -0.026 52998.25661171 13.76  83.157131  70.843051  1.924
 22     0.076 52998.25661235 13.31  83.152351  70.840101  1.924
 22     0.110 52998.25661300 13.50  83.147575  70.837135  1.967
 23     0.074 53033.25656371 11.21  83.164991  70.857458  1.915
 23     0.267 53033.25656435 11.18  83.160211  70.854508  1.915
 23     0.209 53033.25656499 11.34  83.155431  70.851548  1.915
 23     0.136 53033.25656564 11.11  83.150651  70.848588  1.915
 23     0.011 53033.25656628 11.40  83.145871  70.845628  1.915
 23     0.160 53033.25656693 11.34  83.141091  70.842668  1.915
 23     0.034 53033.25656757 11.33  83.136321  70.839718  1.915
 24    -0.498 53068.25657839  9.49  83.177310  70.848596  1.922
 24    -0.393 53068.25657903  9.45  83.172530  70.845636  1.922
 24    -0.432 53068.25657968  9.26  83.167750  70.842676  1.922
 24    -0.412 53068.25658032  9.51  83.162970  70.839716  1.922
 24    -0.351 53068.25658097  9.36  83.158190  70.836766  1.922
 24    -0.197 53068.25658161  9.28  83.153419  70.833809  1.996
 24    -0.209 53068.25658226  9.79  83.148639  70.830849  1.996
 24    -0.481 53068.25658290  9.63  83.143859  70.827889  1.996
 24    -0.974 53068.25658354  9.54  83.139089  70.824929  1.996
 25     0.015 53103.25656560  7.84  83.162761  70.859146  1.961
 25    -0.117 53103.25656624  7.63  83.157981  70.856186  1.961
 25    -0.078 53103.25656689  7.73  83.153201  70.853226  1.961
 25     0.039 53103.25656753  7.70  83.148421  70.850266  1.961
 25    -0.062 53103.25656818  7.91  83.143641  70.847316  1.961
 25    -0.176 53103.25656882  7.97  83.138861  70.844356  1.961
 25    -0.055 53103.25656947  7.92  83.134081  70.841396  1.961
 26    -0.257 53138.25658315  9.06  83.175103  70.843670  1.924
 26    -0.237 53138.25658380  8.85  83.170323  70.840720  1.924
 26    -0.299 53138.25658444  8.80  83.165543  70.837760  1.924
 26    -0.006 53138.25658509  8.68  83.160765  70.834795  2.035
 26    -0.089 53138.25658573  8.77  83.155985  70.831845  2.035
 26    -0.231 53138.25658638  8.80  83.151215  70.828885  2.035
 26    -0.331 53138.25658702  8.63  83.146435  70.825925  2.035
 26    -0.195 53138.25658767  8.68  83.141665  70.822965  2.035
 27     3.738 53173.25662545 26.77  83.172742  70.847726 36.344
 27     2.343 53173.25662609 29.05  83.167962  70.844766 36.344
 27     2.193 53173.25662674 27.73  83.163172  70.841806 36.344
 27     1.989 53173.25662738 28.44  83.158402  70.838846 36.344
 27     2.568 53173.25662803 25.17  83.153622  70.835896 36.344
 27     2.882 53173.25662867 28.54  83.148842  70.832936 36.344
 27     3.047 53173.25662932 32.71  83.144062  70.829976 36.344
 27     3.622 53173.25662996 31.30  83.139292  70.827016 36.344
 28     3.454 53208.25664038 22.80  83.172267  70.852647 13.742
 28     3.082 53208.25664103 18.36  83.167477  70.849687 13.742
 28     2.418 53208.25664167 14.42  83.162697  70.846727 13.742
 28     1.862 53208.25664232 14.10  83.157917  70.843767 13.742
 28     2.202 53208.25664296 13.97  83.153137  70.840817 13.742
 28     2.675 53208.25664361 16.96  83.148357  70.837857 13.742
 29    -1.514 53243.25660842 26.20  83.167956  70.851152 11.646
 29    -1.219 53243.25660907 25.16  83.163176  70.848192 11.646
 29    -0.870 53243.25660971 24.79  83.158396  70.845232 11.646
 29    -0.502 53243.25661036 24.67  83.153616  70.842282 11.646
 29    -0.363 53243.25661100 29.32  83.148846  70.839322 11.646
 30    -0.303 53278.25658618 23.05  83.178614  70.840550 11.210
 30    -0.812 53278.25658682 24.25  83.173834  70.837590 11.210
 30    -0.815 53278.25658747 23.12  83.169050  70.834632 10.467
 30    -0.633 53278.25658811 24.05  83.164280  70.831672 10.467
 30    -0.666 53278.25658876 26.38  83.159500  70.828722 10.467
 30    -0.584 53278.25658940 26.12  83.154720  70.825762 10.467
 30    -0.229 53278.25659005 26.31  83.149950  70.822802 10.467
 30    -0.198 53278.25659069 27.57  83.145170  70.819842 10.467
 31    -0.279 53313.25661423 19.96  83.174499  70.849906  2.847
 31    -0.183 53313.25661487 20.02  83.169719  70.846946  2.847
 31    -0.166 53313.25661552 20.64  83.164939  70.843996  2.847
 31    -0.390 53313.25661616 20.80  83.160159  70.841036  2.847
 31    -0.350 53313.25661681 20.99  83.155379  70.838076  2.847
 31    -0.285 53313.25661745 21.21  83.150599  70.835116  2.847
 31    -0.250 53313.25661810 19.46  83.145819  70.832166  2.847
 31    -0.312 53313.25661874 19.16  83.141049  70.829206  2.847
 32    -0.391 53348.25658008 14.72  83.169622  70.850120  2.337
 32    -0.200 53348.25658072 15.09  83.164842  70.847170  2.337
 32    -0.096 53348.25658137 14.65  83.160062  70.844210  2.337
 32    -0.262 53348.25658201 15.21  83.155282  70.841250  2.337
 32    -0.189 53348.25658266 15.27  83.150502  70.838290  2.337
 32    -0.037 53348.25658330 14.47  83.145732  70.835340  2.337
 33    -0.488 53383.25655023 12.01  83.176818  70.840294  2.309
 33    -0.592 53383.25655087 12.03  83.172038  70.837334  2.309
 33    -0.313 53383.25655151 12.05  83.167258  70.834374  2.309
 33    -0.255 53383.25655216 12.01  83.162478  70.831414  2.309
 33    -0.238 53383.25655280 11.75  83.157698  70.828464  2.309
 33    -0.427 53383.25655345 11.52  83.152928  70.825504  2.309
 33    -1.144 53383.25655409 11.61  83.148148  70.822544  2.309
 33    -1.354 53383.25655474 11.27  83.143378  70.819584  2.309
 34    -1.036 53418.25655945 11.22  83.177819  70.848847  2.227
 34    -0.684 53418.25656009 11.58  83.173039  70.845887  2.227
 34    -0.668 53418.25656074 12.04  83.168259  70.842937  2.227
 34    -0.163 53418.25656138 11.36  83.163479  70.839977  2.227
 34    -0.027 53418.25656203 10.99  83.158699  70.837017  2.227
 34     0.121 53418.25656267 11.07  83.153929  70.834057  2.227
 34    -0.055 53418.25656332 11.10  83.149149  70.831107  2.227
 34    -0.025 53418.25656396 11.04  83.144379  70.828147  2.227
 34    -0.505 53418.25656461 11.12  83.139599  70.825187  2.227
 35    -0.855 53453.25656429 10.11  83.182434  70.838916  2.227
 35    -0.552 53453.25656493 10.46  83.177654  70.835956  2.227
 35    -0.683 53453.25656558 10.51  83.172874  70.832996  2.227
 35    -0.518 53453.25656622 10.55  83.168094  70.830036  2.227
 35    -0.772 53453.25656686 10.16  83.163314  70.827086  2.227
 35    -0.936 53453.25656751 10.17  83.158544  70.824126  2.227
 35    -1.697 53453.25656815 10.13  83.153764  70.821166  2.227
 35    -1.589 53453.25656880  9.67  83.148994  70.818206  2.227
 35    -1.429 53453.25656944  9.50  83.144224  70.815256  2.227
 36     0.224 53488.25664784  8.64  83.169502  70.850463  1.950
 36     0.215 53488.25664848  8.86  83.164722  70.847513  1.950
 36     0.330 53488.25664913  8.70  83.159942  70.844553  1.950
 36     0.139 53488.25664977  8.73  83.155162  70.841593  1.950
 36     0.263 53488.25665042  9.09  83.150382  70.838633  1.950
 37     1.634 53523.25663694 39.63  83.172929  70.848222 31.133
 37     1.811 53523.25663758 41.96  83.168149  70.845272 31.133
 37     1.783 53523.25663823 43.43  83.163369  70.842312 31.133
 37     1.771 53523.25663887 44.24  83.158589  70.839352 31.133
 37     1.720 53523.25663952 42.66  83.153809  70.836392 31.133
 37     1.877 53523.25664016 43.24  83.149039  70.833442 31.133
 37     1.735 53523.25664081 39.94  83.144259  70.830482 31.133
 37     1.691 53523.25664145 38.29  83.139489  70.827522 31.133
 38     3.626 53558.25666235 23.04  83.166342  70.852745 16.621
 38     3.277 53558.25666299 21.47  83.161562  70.849795 16.621
 38     2.510 53558.25666363 21.01  83.156782  70.846835 16.621
 38     1.714 53558.25666428 20.31  83.152002  70.843875 16.621
 39     3.289 53593.25659956 21.90  83.170053  70.852800 17.521
 39     2.988 53593.25660021 18.92  83.165273  70.849850 17.521
 39    -0.453 53593.25660085 19.24  83.160493  70.846890 17.521
 39     1.142 53593.25660149 18.48  83.155713  70.843930 17.521
 39    -0.242 53593.25660214 21.61  83.150933  70.840970 17.521
 40    -0.620 53628.25659276 23.56  83.176823  70.840761 13.536
 40    -0.715 53628.25659340 22.44  83.172033  70.837801 13.536
 40    -1.004 53628.25659405 23.45  83.167253  70.834841 13.536
 40    -0.603 53628.25659469 20.85  83.162473  70.831891 13.536
 40    -0.484 53628.25659534 20.18  83.157703  70.828931 13.536
 40    -0.202 53628.25659598 20.59  83.152923  70.825971 13.536
 40     3.686 53628.25659663 20.49  83.148143  70.823011 13.536
 40     3.743 53628.25659727 25.74  83.143373  70.820051 13.536
 41    -0.665 53663.25661586 39.78  83.175151  70.850605 17.202
 41    -0.697 53663.25661650 42.05  83.170361  70.847645 17.202
 41    -0.540 53663.25661715 38.00  83.165581  70.844695 17.202
 41    -0.661 53663.25661779 37.98  83.160801  70.841735 17.202
 41    -0.710 53663.25661844 38.60  83.156021  70.838775 17.202
 41    -0.801 53663.25661908 35.34  83.151241  70.835815 17.202
 41    -0.873 53663.25661973 31.14  83.146461  70.832865 17.202
 41    -0.597 53663.25662037 27.23  83.141691  70.829905 17.202
 41    -0.708 53663.25662102 28.70  83.136921  70.826945 17.202
 42    -0.033 53698.25657745 15.69  83.170301  70.853641  3.517
 42     0.058 53698.25657810 15.49  83.165521  70.850681  3.517
 42    -0.059 53698.25657874 15.46  83.160741  70.847731  3.517
 42     0.014 53698.25657938 15.53  83.155961  70.844771  3.517
 42     0.131 53698.25658003 15.95  83.151181  70.841811  3.517
 43    -0.268 53733.25649996 12.15  83.163802  70.854374  2.483
 43    -1.035 53733.25650060 13.11  83.159022  70.851424  2.483
 43    -0.472 53733.25650124 12.72  83.154242  70.848464  2.483
 43    -0.057 53733.25650189 12.37  83.149472  70.845504  2.483
 44    -0.357 53768.25648096 12.46  83.176485  70.844275  2.556
 44    -0.281 53768.25648160 12.41  83.171705  70.841325  2.556
 44    -0.299 53768.25648225 12.08  83.166925  70.838365  2.556
 44    -0.182 53768.25648289 12.59  83.162145  70.835405  2.556
 44     0.160 53768.25648354 12.26  83.157375  70.832445  2.556
 44     0.091 53768.25648418 12.41  83.152595  70.829495  2.556
 44    -0.215 53768.25648483 12.39  83.147825  70.826535  2.556
 44    -0.383 53768.25648547 12.36  83.143055  70.823575  2.556
 45    -0.614 53803.25647724  9.25  83.170473  70.854767  2.070
 45     0.235 53803.25647788  9.06  83.165683  70.851807  2.070
 45    -0.111 53803.25647853  9.16  83.160903  70.848857  2.070
 45    -0.133 53803.25647917  9.09  83.156123  70.845897  2.070
 45    -0.113 53803.25647982  9.05  83.151353  70.842937  2.070
 46    -0.184 53838.25649460  7.81  83.178324  70.842043  2.135
 46    -0.438 53838.25649525  8.08  83.173544  70.839083  2.135
 46    -0.488 53838.25649589  8.70  83.168764  70.836123  2.135
 46    -0.402 53838.25649654  8.50  83.163984  70.833163  2.135
 46    -0.026 53838.25649718  8.53  83.159204  70.830213  2.135
 46    -0.391 53838.25649782  8.87  83.154424  70.827253  2.135
 46    -1.624 53838.25649847  9.18  83.149654  70.824293  2.135
 46    -0.603 53838.25649911  8.45  83.144874  70.821333  2.135
 47     0.758 53873.25654323  4.78  83.174804  70.847725  1.849
 47     0.635 53873.25654387  4.97  83.170024  70.844775  1.849
 47     0.614 53873.25654452  4.88  83.165244  70.841815  1.849
 47     0.563 53873.25654516  5.00  83.160464  70.838855  1.849
 47     1.125 53873.25654581  4.88  83.155684  70.835895  1.849
 47     0.655 53873.25654645  5.13  83.150914  70.832945  1.849
 47     0.499 53873.25654710  5.11  83.146134  70.829985  1.849
 47     0.322 53873.25654774  5.13  83.141364  70.827025  1.849
 48     3.774 53908.25658516 37.16  83.175221  70.850601 23.532
 48     3.801 53908.25658580 24.40  83.170441  70.847641 23.532
 48     3.365 53908.25658645 16.29  83.165651  70.844691 23.532
 48     2.779 53908.25658709 17.45  83.160871  70.841731 23.532
 48     2.511 53908.25658774 18.24  83.156091  70.838771 23.532
 48     2.940 53908.25658838 19.20  83.151311  70.835811 23.532
 48     3.290 53908.25658903 22.04  83.146541  70.832861 23.532
 48     3.667 53908.25658967 25.29  83.141761  70.829901 23.532
 48     3.990 53908.25659031 28.68  83.136991  70.826941 23.532
 49     2.896 53943.25660958 23.98  83.168257  70.853985 13.665
 49    -0.262 53943.25661022 23.69  83.163477  70.851025 13.665
 49    -0.054 53943.25661086 23.50  83.158697  70.848065 13.665
 49     0.157 53943.25661151 23.58  83.153907  70.845115 13.665
 49     0.276 53943.25661215 24.07  83.149127  70.842155 13.665
 50    -0.089 53978.25656066 32.13  83.165935  70.856581 12.275
 50     0.062 53978.25656131 41.06  83.161147  70.853617 26.135
 50     0.054 53978.25656195 41.39  83.156367  70.850667 26.135
 50    -0.002 53978.25656260 39.70  83.151587  70.847707 26.135
 50     0.076 53978.25656324 41.64  83.146807  70.844747 26.135
 50    -0.068 53978.25656453 44.55  83.137247  70.838827 26.135
 51    -0.127 54013.25657333 21.37  83.178183  70.837842 19.331
 51    -1.000 54013.25657398 22.35  83.173403  70.834882 19.331
 51    -0.823 54013.25657462 23.42  83.168623  70.831922 19.331
 51    -0.474 54013.25657527 23.76  83.163843  70.828962 19.331
 51    -0.043 54013.25657591 24.29  83.159063  70.826012 19.331
 51     0.147 54013.25657656 28.13  83.154293  70.823052 19.331
 51     0.323 54013.25657720 31.86  83.149513  70.820092 19.331
 51     0.436 54013.25657785 44.18  83.144743  70.817132 19.331
 52    -0.089 54048.25658052 23.12  83.176236  70.846106  3.229
 52    -0.139 54048.25658117 23.35  83.171446  70.843146  3.229
 52     0.018 54048.25658181 23.09  83.166666  70.840196  3.229
 52    -0.016 54048.25658246 23.10  83.161896  70.837236  3.229
 52    -0.093 54048.25658310 23.40  83.157116  70.834276  3.229
 52    -0.123 54048.25658374 23.16  83.152336  70.831316  3.229
 52    -0.146 54048.25658439 22.77  83.147566  70.828366  3.229
 52    -0.193 54048.25658503 22.15  83.142796  70.825406  3.229
 54     0.162 54118.25650156 13.24  83.161544  70.858118  1.555
 54     0.114 54118.25650220 13.37  83.156761  70.855150  2.099
 54     0.081 54118.25650285 13.89  83.151981  70.852200  2.099
 54     0.161 54118.25650349 13.78  83.147201  70.849240  2.099
 54     0.193 54118.25650414 13.72  83.142421  70.846280  2.099
 54     0.135 54118.25650478 13.41  83.137651  70.843320  2.099
 54     1.664 54118.25650543 13.53  83.132871  70.840360  2.099
 55    -0.575 54153.25652675 12.28  83.170724  70.849353  2.176
 55    -0.258 54153.25652739 12.27  83.165944  70.846393  2.176
 55    -0.307 54153.25652804 12.07  83.161164  70.843443  2.176
 55    -0.255 54153.25652868 12.23  83.156384  70.840483  2.176
 55     0.155 54153.25652933 12.26  83.151604  70.837523  2.176
 55    -0.292 54153.25652997 12.56  83.146834  70.834563  2.176
 55    -0.145 54153.25653061 12.51  83.142054  70.831613  2.176
 55    -0.175 54153.25653126 12.44  83.137284  70.828653  2.176
 57     0.718 54223.25653678  7.53  83.175613  70.848063  1.874
 57     0.558 54223.25653743  7.60  83.170833  70.845103  1.874
 57     0.575 54223.25653807  7.79  83.166053  70.842153  1.874
 57     0.599 54223.25653872  7.76  83.161273  70.839193  1.874
 57     0.783 54223.25653936  7.63  83.156493  70.836233  1.874
 57     0.477 54223.25654000  8.02  83.151713  70.833273  1.874
 57     0.650 54223.25654065  7.75  83.146943  70.830313  1.874
 57     0.302 54223.25654129  7.82  83.142163  70.827363  1.874
 58     2.722 54258.25655835 24.78  83.171232  70.849208 26.742
 58     2.372 54258.25655899 30.57  83.166452  70.846248 26.742
 58     2.545 54258.25655964 33.41  83.161672  70.843288 26.742
 58     2.522 54258.25656028 31.52  83.156892  70.840338 26.742
 58     2.392 54258.25656092 30.99  83.152112  70.837378 26.742
 58     2.380 54258.25656157 30.77  83.147342  70.834418 26.742
 58     2.400 54258.25656221 30.48  83.142562  70.831458 26.742
 58     2.424 54258.25656286 28.74  83.137792  70.828498 26.742
 59     3.352 54293.25656140 19.90  83.171633  70.848094 21.123
 59     2.442 54293.25656205 14.04  83.166853  70.845134 21.123
 59     1.418 54293.25656269 13.92  83.162063  70.842174 21.123
 59     2.007 54293.25656334 13.19  83.157293  70.839224 21.123
 59     2.624 54293.25656398 14.55  83.152513  70.836264 21.123
 59     3.065 54293.25656463 15.05  83.147733  70.833304 21.123
 59     3.485 54293.25656527 18.79  83.142963  70.830344 21.123
 59     3.709 54293.25656592 22.09  83.138183  70.827384 21.123
 60     3.438 54328.25655604 21.44  83.170282  70.851318 19.097
 60    -1.231 54328.25655668 21.86  83.165502  70.848358 19.097
 60    -0.556 54328.25655733 20.17  83.160722  70.845398 19.097
 60    -0.249 54328.25655797 19.94  83.155942  70.842448 19.097
 60     1.983 54328.25655862 20.74  83.151162  70.839488 19.097
 60     0.145 54328.25655926 24.16  83.146392  70.836528 19.097
 61     3.248 54363.25650300 27.42  83.165182  70.858460 20.054
 61    -0.473 54363.25650365 24.26  83.160402  70.855500 20.054
 61    -1.091 54363.25650429 26.05  83.155612  70.852540 20.054
 61    -0.789 54363.25650494 22.47  83.150832  70.849580 20.054
 61    -0.393 54363.25650558 22.98  83.146062  70.846620 20.054
 61    -0.204 54363.25650622 23.77  83.141282  70.843670 20.054
 61    -0.044 54363.25650687 26.69  83.136502  70.840710 20.054
 62     0.836 54398.25649618 35.76  83.176821  70.848989 10.699
 62     0.843 54398.25649682 32.75  83.172041  70.846029 10.699
 62     0.606 54398.25649746 28.66  83.167261  70.843079 10.699
 62     0.530 54398.25649811 27.58  83.162481  70.840119 10.699
 62     0.519 54398.25649875 25.99  83.157701  70.837159 10.699
 62     0.664 54398.25649940 25.93  83.152921  70.834199 10.699
 62     0.620 54398.25650004 28.92  83.148151  70.831239 10.699
 62     0.659 54398.25650069 28.53  83.143371  70.828289 10.699
 62     0.636 54398.25650133 28.89  83.138601  70.825329 10.699
 63    -0.042 54433.25645359 14.82  83.166585  70.854465  2.214
 63     0.106 54433.25645423 14.87  83.161805  70.851505  2.214
 63    -0.001 54433.25645487 15.16  83.157025  70.848555  2.214
 63     0.036 54433.25645552 15.48  83.152245  70.845595  2.214
 64    -0.658 54468.25647916 13.01  83.178761  70.845522  2.359
 64    -0.172 54468.25647981 12.57  83.173981  70.842572  2.359
 64    -0.176 54468.25648045 12.80  83.169201  70.839612  2.359
 64    -0.102 54468.25648109 12.39  83.164421  70.836652  2.359
 64    -0.055 54468.25648174 12.19  83.159641  70.833692  2.359
 64    -0.111 54468.25648238 12.23  83.154871  70.830742  2.359
 64    -0.211 54468.25648303 12.47  83.150091  70.827782  2.359
 64    -0.412 54468.25648367 11.71  83.145321  70.824822  2.359
 64    -0.324 54468.25648432 11.75  83.140541  70.821862  2.359
 65     0.395 54503.25646994 11.56  83.165355  70.852155  2.144
 65     0.398 54503.25647058 11.37  83.160575  70.849195  2.144
 65     0.274 54503.25647123 11.59  83.155795  70.846235  2.144
 65     0.312 54503.25647187 11.57  83.151025  70.843275  2.144
 66    -0.759 54538.25649396  9.83  83.173833  70.850711  1.892
 66    -0.740 54538.25649460 10.15  83.169053  70.847751  1.892
 66    -0.397 54538.25649525 10.01  83.164273  70.844791  1.892
 66    -0.445 54538.25649589 10.27  83.159493  70.841831  1.892
 66    -0.446 54538.25649654 10.61  83.154713  70.838881  1.892
 66    -0.828 54538.25649718 10.22  83.149934  70.835921  2.053
 66    -0.617 54538.25649783 10.03  83.145164  70.832961  2.053
 66    -0.609 54538.25649847 10.02  83.140384  70.830001  2.053
 67    -0.389 54573.25647060  9.58  83.163923  70.853872  2.006
 67    -0.069 54573.25647124  9.64  83.159143  70.850912  2.006
 67    -0.039 54573.25647189  9.69  83.154363  70.847952  2.006
 67    -0.080 54573.25647253  9.59  83.149583  70.844992  2.006
 68     2.574 54608.25648698  5.72  83.174178  70.850448  1.841
 68     1.042 54608.25648763  5.92  83.169398  70.847498  1.841
 68     0.892 54608.25648827  5.75  83.164618  70.844538  1.841
 68     1.022 54608.25648892  5.89  83.159838  70.841578  1.841
 68     1.206 54608.25648956  5.85  83.155058  70.838618  1.841
 68     0.943 54608.25649021  5.79  83.150278  70.835658  1.841
 68     0.815 54608.25649085  5.64  83.145499  70.832706  2.142
 68     0.745 54608.25649149  5.53  83.140729  70.829746  2.142
 68     0.617 54608.25649214  5.45  83.135959  70.826786  2.142
 69     3.779 54643.25649543 32.11  83.170734  70.851323 31.508
 69     3.697 54643.25649608 24.01  83.165954  70.848363 31.508
 69     2.215 54643.25649672 21.28  83.161174  70.845413 31.508
 69     3.031 54643.25649737 17.73  83.156394  70.842453 31.508
 69     2.947 54643.25649801 19.05  83.151614  70.839493 31.508
 69     3.260 54643.25649866 21.90  83.146844  70.836533 31.508
 70     0.519 54678.25649741 38.88  83.170441  70.849672 16.428
 70     0.263 54678.25649805 27.73  83.165661  70.846712 16.428
 70    -0.314 54678.25649870 19.14  83.160881  70.843762 16.428
 70    -0.238 54678.25649934 18.63  83.156101  70.840802 16.428
 70     2.329 54678.25649999 17.12  83.151321  70.837842 16.428
 70     2.894 54678.25650063 17.77  83.146551  70.834882 16.428
 70     3.344 54678.25650127 21.48  83.141774  70.831929 20.354
 70     3.377 54678.25650192 26.86  83.137004  70.828969 20.354
 71     3.890 54713.25644944 22.62  83.164892  70.855802 11.079
 71    -0.353 54713.25645008 21.68  83.160112  70.852852 11.079
 71    -0.051 54713.25645073 20.62  83.155332  70.849892 11.079
 71     0.266 54713.25645137 22.68  83.150552  70.846932 11.079
 71     2.595 54713.25645331 27.89  83.136222  70.838052 11.079
 72     0.090 54748.25646671 37.48  83.175656  70.848561 11.977
 72    -0.218 54748.25646736 27.59  83.170876  70.845611 11.977
 72    -0.616 54748.25646800 28.71  83.166096  70.842651 11.977
 72    -0.651 54748.25646865 30.34  83.161316  70.839691 11.977
 72    -0.354 54748.25646929 29.37  83.156536  70.836731 11.977
 72    -0.219 54748.25646994 28.43  83.151756  70.833781 11.977
 72    -0.140 54748.25647058 30.08  83.146986  70.830821 11.977
 72    -0.143 54748.25647123 27.74  83.142206  70.827861 11.977
 73    -0.368 54783.25643715 17.42  83.169908  70.852101  2.920
 73    -0.257 54783.25643780 18.07  83.165128  70.849141  2.920
 73    -0.075 54783.25643844 18.14  83.160348  70.846191  2.920
 73     0.040 54783.25643909 18.30  83.155568  70.843231  2.920
 73    -0.060 54783.25643973 18.40  83.150788  70.840271  2.920
 74    -1.502 54818.25645951 13.47  83.175225  70.847088  2.268
 74    -0.878 54818.25646016 13.60  83.170445  70.844128  2.268
 74    -0.733 54818.25646080 13.71  83.165665  70.841168  2.268
 74    -0.723 54818.25646145 14.03  83.160885  70.838208  2.268
 74    -0.573 54818.25646209 14.05  83.156105  70.835258  2.268
 74    -0.563 54818.25646274 13.41  83.151331  70.832300  2.488
 74    -1.149 54818.25646338 14.10  83.146561  70.829340  2.488
 74    -1.663 54818.25646403 13.93  83.141781  70.826380  2.488
 75    -0.191 54853.25643430 10.68  83.168133  70.851790  1.925
 75     0.095 54853.25643495 11.29  83.163353  70.848830  1.925
 75     0.183 54853.25643559 11.05  83.158573  70.845870  1.925
 75     0.260 54853.25643624 10.76  83.153793  70.842920  1.925
 75     0.531 54853.25643688 10.84  83.149013  70.839960  1.925
 76     0.140 54888.25646369 10.29  83.172844  70.850728  1.799
 76     0.133 54888.25646433 10.45  83.168064  70.847768  1.799
 76     0.234 54888.25646498 10.29  83.163284  70.844808  1.799
 76     0.133 54888.25646562 10.15  83.158504  70.841848  1.799
 76     0.292 54888.25646627  9.91  83.153724  70.838898  1.799
 76     0.304 54888.25646691 10.41  83.148951  70.835941  2.007
 76     0.248 54888.25646756 10.12  83.144171  70.832981  2.007
 76     0.060 54888.25646820 10.16  83.139401  70.830021  2.007
 77     0.177 54923.25643372  8.87  83.160184  70.857014  1.915
 77    -0.032 54923.25643436  8.76  83.155404  70.854064  1.915
 77     0.047 54923.25643500  9.00  83.150624  70.851104  1.915
 77     0.003 54923.25643565  8.86  83.145844  70.848144  1.915
 77     0.139 54923.25643629  8.58  83.141064  70.845184  1.915
 77     0.077 54923.25643694  9.10  83.136284  70.842234  1.915
 78     0.474 54958.25646077  7.40  83.175683  70.847900  1.780
 78     0.507 54958.25646142  7.36  83.170903  70.844940  1.780
 78     0.414 54958.25646206  7.73  83.166123  70.841980  1.780
 78     0.270 54958.25646271  7.84  83.161343  70.839020  1.780
 78     0.392 54958.25646335  7.72  83.156563  70.836060  1.780
 78     0.344 54958.25646400  7.74  83.151787  70.833111  1.707
 78     0.323 54958.25646464  7.49  83.147007  70.830151  1.707
 78     0.179 54958.25646528  7.34  83.142237  70.827191  1.707
 79     3.840 54993.25648270 30.35  83.173128  70.852279 34.377
 79     2.853 54993.25648334 25.70  83.168348  70.849319 34.377
 79     2.615 54993.25648399 22.60  83.163558  70.846369 34.377
 79     2.685 54993.25648463 25.67  83.158778  70.843409 34.377
 79     2.610 54993.25648527 21.70  83.153998  70.840449 34.377
 79     2.691 54993.25648592 23.35  83.149228  70.837489 34.377
 80     3.493 55028.25647301 23.23  83.172058  70.852580 15.608
 80     2.901 55028.25647365 22.04  83.167278  70.849630 15.608
 80     2.247 55028.25647430 20.70  83.162498  70.846670 15.608
 80     0.987 55028.25647494 17.58  83.157718  70.843710 15.608
 80     1.916 55028.25647559 18.31  83.152938  70.840750 15.608
 80     2.618 55028.25647623 18.83  83.148158  70.837790 15.608
 81     3.544 55063.25646510 22.57  83.172925  70.851942 10.728
 81     3.325 55063.25646575 17.35  83.168145  70.848982 10.728
 81    -0.155 55063.25646639 16.80  83.163365  70.846022 10.728
 81     1.091 55063.25646704 16.58  83.158585  70.843072 10.728
 81     1.843 55063.25646768 17.01  83.153805  70.840112 10.728
 81     2.663 55063.25646832 16.28  83.149025  70.837152 10.728
 82     3.091 55098.25641049 29.34  83.164001  70.859769 16.490
 82    -0.108 55098.25641114 26.50  83.159221  70.856809 16.490
 82    -0.723 55098.25641178 24.08  83.154431  70.853859 16.490
 82    -0.868 55098.25641243 23.13  83.149651  70.850899 16.490
 82    -0.302 55098.25641307 21.95  83.144871  70.847939 16.490
 82    -0.140 55098.25641372 25.10  83.140101  70.844979 16.490
 82    -0.108 55098.25641436 28.57  83.135321  70.842019 16.490
 83    -0.072 55133.25640947 32.56  83.176493  70.849324  9.375
 83     0.131 55133.25641012 35.94  83.171713  70.846364  9.375
 83     0.181 55133.25641076 36.41  83.166933  70.843404  9.375
 83     0.167 55133.25641141 35.69  83.162153  70.840444  9.375
 83     0.078 55133.25641205 32.72  83.157373  70.837494  9.375
 83     0.097 55133.25641270 30.37  83.152597  70.834528  3.734
 83    -0.013 55133.25641334 27.45  83.147817  70.831578  3.734
 83    -0.055 55133.25641399 26.11  83.143047  70.828618  3.734
 83    -0.168 55133.25641463 25.35  83.138267  70.825658  3.734
 84    -0.548 55168.25637390 14.02  83.170482  70.854012  2.101
 84    -0.407 55168.25637454 14.13  83.165692  70.851052  2.101
 84    -0.379 55168.25637519 14.26  83.160912  70.848092  2.101
 84    -0.226 55168.25637583 14.67  83.156142  70.845132  2.101
 84    -0.125 55168.25637648 14.74  83.151362  70.842172  2.101
 85    -0.185 55203.25640237 11.73  83.173225  70.847332  1.877
 85    -0.164 55203.25640302 11.75  83.168435  70.844372  1.877
 85    -0.199 55203.25640366 12.17  83.163655  70.841412  1.877
 85    -0.201 55203.25640430 12.39  83.158875  70.838452  1.877
 85    -0.214 55203.25640495 12.38  83.154105  70.835502  1.877
 85    -0.237 55203.25640559 12.52  83.149325  70.832534  2.158
 85    -0.245 55203.25640624 13.17  83.144545  70.829584  2.158
 85    -0.270 55203.25640688 12.89  83.139775  70.826624  2.158
 86    -0.396 55238.25638183 13.65  83.164339  70.853734  3.142
 86    -0.326 55238.25638247 14.26  83.159559  70.850774  3.142
 86    -0.194 55238.25638312 14.06  83.154779  70.847814  3.142
 86     0.092 55238.25638376 14.41  83.149999  70.844864  3.142
 86     0.616 55238.25638570 15.19  83.135669  70.835984  3.142
 87    -0.022 55273.25639542 10.25  83.172449  70.852037  1.990
 87     0.090 55273.25639607  9.89  83.167669  70.849077  1.990
 87    -0.025 55273.25639671 10.22  83.162889  70.846127  1.990
 87     0.014 55273.25639736 10.51  83.158109  70.843167  1.990
 87     0.210 55273.25639800 10.48  83.153329  70.840207  1.990
 87     0.337 55273.25639865 10.84  83.148549  70.837247  1.990
 88     0.483 55308.25636394  9.94  83.164505  70.855983  1.833
 88     0.575 55308.25636459  9.96  83.159725  70.853023  1.833
 88     0.481 55308.25636523 10.06  83.154945  70.850063  1.833
 88     0.640 55308.25636588 10.02  83.150165  70.847103  1.833
 88     0.567 55308.25636781 10.36  83.135835  70.838233  1.833
 89     0.445 55343.25636493  7.81  83.172267  70.849059  1.850
 89     0.449 55343.25636557  7.54  83.167487  70.846099  1.850
 89     0.478 55343.25636622  7.74  83.162707  70.843139  1.850
 89     0.466 55343.25636686  7.64  83.157927  70.840189  1.850
 89     0.562 55343.25636751  8.19  83.153147  70.837229  1.850
 89     0.550 55343.25636815  7.99  83.148377  70.834269  1.850
 89     0.409 55343.25636880  8.15  83.143597  70.831309  1.850
 89     0.357 55343.25636944  8.12  83.138821  70.828353  1.877
 90     3.596 55378.25635890 30.21  83.168339  70.852328 29.452
 90     3.574 55378.25635955 21.89  83.163559  70.849378 29.452
 90     3.189 55378.25636019 19.19  83.158779  70.846418 29.452
 90     3.174 55378.25636084 18.94  83.153999  70.843458 29.452
 90     3.571 55378.25636148 19.79  83.149219  70.840498 29.452
 91     3.736 55413.25638363 30.69  83.177781  70.848473 24.521
 91     3.214 55413.25638427 19.41  83.173001  70.845513 24.521
 91    -0.274 55413.25638491 19.24  83.168221  70.842553 24.521
 91    -0.560 55413.25638556 19.76  83.163441  70.839593 24.521
 91     1.516 55413.25638620 20.40  83.158661  70.836633 24.521
 91     2.548 55413.25638685 18.80  83.153883  70.833685 25.744
 91     3.095 55413.25638749 20.58  83.149103  70.830725 25.744
 91     3.442 55413.25638814 24.03  83.144333  70.827765 25.744
 91     3.942 55413.25638878 25.28  83.139553  70.824805 25.744
 92     3.552 55448.25637266 19.78  83.169212  70.851442 21.612
 92     3.176 55448.25637331 15.94  83.164432  70.848482 21.612
 92     2.438 55448.25637395 14.18  83.159652  70.845522 21.612
 92     2.358 55448.25637459 13.66  83.154872  70.842562 21.612
 92     2.669 55448.25637524 14.24  83.150092  70.839612 21.612
 93    -0.831 55483.25630011 43.09  83.161784  70.858021 17.294
 93    -0.909 55483.25630075 41.76  83.157004  70.855061 17.294
 93    -0.798 55483.25630140 42.55  83.152224  70.852101 17.294
 93    -0.842 55483.25630204 40.23  83.147444  70.849151 17.294
 93    -0.924 55483.25630269 39.25  83.142664  70.846191 17.294
 93    -1.091 55483.25630333 36.45  83.137884  70.843231 17.294
 93    -0.924 55483.25630398 34.14  83.133114  70.840271 17.294
