# NaN NaN NaN ;Mean Elev.(m), Avg Gradient(m/km), RMS Gradient(m/km) - SRTM1     
#  -58.648  -0.862  15.213 ;Mean Elev.(m), Avg Gradient(m/km), RMS Gradient(m/km) - ASTER GDEM
#    1.115  -1.154   9.637 ;Mean Elev.(m), Avg Gradient(m/km), RMS Gradient(m/km) - GMTED2010 
  7  85.930609  68.793312    39.590    40.369 11 52461.24098174 11.670
  8  85.926626  68.797091    37.998    37.802 10 52496.24098226 12.779
  9  85.932870  68.786092    32.950    37.281  9 52531.24096994 13.466
 10  85.933650  68.789012    41.062    40.942 10 52566.24099050 15.034
 11  85.926479  68.805194    38.659    39.020  8 52601.24100243  9.716
 12  85.932137  68.791637    41.028    41.054 10 52636.24096775  5.429
 13  85.925009  68.797400    38.987    38.881 11 52671.24097286  4.405
 14  85.932959  68.790627    41.383    41.307 10 52706.24097006  3.719
 15  85.923539  68.799356    39.045    39.056 11 52741.24100211  3.151
 16  85.930686  68.809389    38.028    38.599  4 52776.24094435 12.559
 17  85.934186  68.792170     5.903     5.841 10 52811.24102413 45.693
 18  85.932953  68.790303    16.799     4.051 10 52846.24107979 13.986
 19  85.927463  68.796876    38.540    38.269 10 52881.24111591 13.497
 20  85.921486  68.797825    35.794    35.727 11 52916.24107317 16.016
 21  85.940600  68.787433    42.899    43.081 10 52951.24103504 14.986
 22  85.931606  68.791492    40.859    40.877 10 52986.24105383  8.517
 23  85.924851  68.797304    38.873    38.738 11 53021.24104269  7.454
 24  85.935226  68.790442    41.524    41.533 10 53056.24103294  7.249
 25  85.917818  68.804758    36.902    36.773 11 53091.24106872  6.176
 26  85.932818  68.789123    40.493    40.584 10 53126.24104147  5.072
 27  85.922825  68.794812    12.894    12.855 10 53161.24110287 34.609
 28  85.934817  68.799559    21.440    22.361  7 53196.24109964 19.422
 29  85.927222  68.794147    38.790    39.690 10 53231.24108408  9.613
 30  85.916908  68.804829    36.808    36.930 12 53266.24105236 11.049
 31  85.938621  68.803539    41.802    41.787  6 53301.24110247 13.456
 32  85.925759  68.797052    39.790    39.866 10 53336.24107460  4.620
 33  85.919485  68.802326    37.701    37.788 11 53371.24101096  4.904
 35  85.919619  68.802357    37.882    37.801 12 53441.24103275  3.583
 36  85.927802  68.793970    40.693    40.769 11 53476.24110108  3.694
 38  85.924038  68.800544    37.793    37.961 11 53546.24113104 13.334
 39  85.923656  68.798987    37.489    37.817 11 53581.24110466 14.017
 40  85.917210  68.803523     0.572     0.620 12 53616.24105900 40.832
 41  85.932438  68.793306    37.961    37.960 10 53651.24107446 13.081
 42  85.933335  68.805113    40.207    40.136  7 53686.24107911  9.410
 43  85.925454  68.804507    38.722    38.732  8 53721.24100535  4.938
 44  85.938191  68.788285    42.081    41.968 10 53756.24093664  4.058
 45  85.927118  68.795505    39.356    39.316 11 53791.24096269  3.734
 46  85.940282  68.787219    42.700    42.621 10 53826.24092444  3.749
 47  85.929097  68.793739    40.436    40.138 11 53861.24101416  2.114
 48  85.928950  68.791796    12.067    12.079 10 53896.24103437 50.514
 49  85.920888  68.799591    36.918    36.781 11 53931.24108420 11.328
 50  85.921029  68.800888    35.508    35.954 11 53966.24106034 12.802
 51  85.939876  68.785569     9.713     1.672  9 54001.24102327 22.286
 52  85.931119  68.791903    40.802    40.783 11 54036.24106332  8.765
 53  85.927671  68.795949    39.560    39.639 11 54071.24105710  7.485
 54  85.919583  68.805084    37.075    37.319 11 54106.24100766  6.377
 55  85.930131  68.791620    40.556    40.463 10 54141.24099088  3.428
 56  85.920372  68.798976    38.151    38.162 11 54176.24098986  3.583
 57  85.928428  68.792365    39.981    39.882 10 54211.24099775  8.042
 58  85.929181  68.795409     9.635     9.640 11 54246.24102686 32.563
 60  85.927094  68.797230    37.884    37.514 11 54316.24103596 14.285
 61  85.923318  68.801397    37.202    37.252 11 54351.24100263 13.222
 62  85.929737  68.793248    37.951    37.469 11 54386.24097567 17.492
 63  85.924011  68.800688    38.359    38.505 10 54421.24095257  8.334
 64  85.936102  68.790193    42.156    42.225 10 54456.24094877  5.132
 65  85.926405  68.799251    39.501    39.574 11 54491.24095414  3.116
 66  85.932114  68.792680    41.643    41.523 10 54526.24096131  2.249
 67  85.921761  68.799899    39.879    40.020 11 54561.24096256  2.749
 68  85.927269  68.795738    40.547    40.296 11 54596.24095658  3.548
 69  85.927138  68.796424     8.408     8.415 11 54631.24097031 51.735
 70  85.926486  68.796620    38.752    39.046 10 54666.24097648 10.823
 71  85.929507  68.806058    36.308    36.899  7 54701.24094325 14.224
 72  85.932015  68.790788    40.083    40.166 10 54736.24093706 11.558
 73  85.932368  68.803184    22.601    28.200  7 54771.24092449 35.754
 74  85.932587  68.792208    40.841    40.872 10 54806.24093059 10.116
 75  85.927301  68.796656    39.608    39.579 11 54841.24092137  6.342
 76  85.928472  68.793600    39.658    39.752 11 54876.24093178  4.819
 77  85.921060  68.801814    37.905    38.007 11 54911.24092609  4.791
 78  85.942108  68.802715    41.444    43.375  5 54946.24092227  1.390
 79  85.926589  68.796717     6.465     6.413 11 54981.24094992 34.167
 80  85.926178  68.795385     2.520     2.517 10 55016.24095141 51.914
 81  85.927909  68.796999     1.246     1.210 11 55051.24094560 27.407
 82  85.919581  68.802131    37.361    37.581 11 55086.24091008 11.531
 83  85.930340  68.790279    38.738    39.030 10 55121.24088083 14.824
 84  85.924939  68.800741    38.582    38.570 11 55156.24087041 12.344
 85  85.932672  68.791672    40.861    40.951 10 55191.24086988  7.651
 86  85.924129  68.798990    38.274    38.193 11 55226.24087130  6.537
 87  85.928948  68.794987    39.533    39.417 11 55261.24086520  5.255
 88  85.920351  68.799135    37.385    37.563 11 55296.24085640  5.885
 89  85.924613  68.795958    31.642    32.792  3 55331.24084549  6.781
 90  85.924452  68.797894    37.921    38.277 11 55366.24083835 13.374
 91  85.931953  68.791618    39.765    40.731 10 55401.24085214 11.331
 92  85.927153  68.797593    38.729    38.721 10 55436.24085541 11.736
 93  85.923527  68.805186    36.836    37.098 10 55471.24080604 12.633
