# NaN NaN NaN ;Mean Elev.(m), Avg Gradient(m/km), RMS Gradient(m/km) - SRTM1     
#   26.721  -4.090  16.105 ;Mean Elev.(m), Avg Gradient(m/km), RMS Gradient(m/km) - ASTER GDEM
#   33.888  -4.602  16.787 ;Mean Elev.(m), Avg Gradient(m/km), RMS Gradient(m/km) - GMTED2010 
  7    84.823 52475.62309984  0.22  89.795870  61.401804  4.263
  7    52.238 52475.62310048  6.15  89.793500  61.404954  4.263
  7    52.156 52475.62310113  6.63  89.791120  61.408114  4.263
  7    52.993 52475.62310177  6.79  89.788750  61.411264  4.263
  7    32.008 52475.62310371 29.58  89.781631  61.420733  4.143
  8    62.258 52510.62305474  6.21  89.813424  61.400784  5.302
  8    61.977 52510.62305538  4.64  89.811054  61.403944  5.302
  8    51.103 52510.62305667  7.27  89.806314  61.410254  5.302
  8    52.093 52510.62305732  7.27  89.803934  61.413404  5.302
  8    51.648 52510.62305796  8.14  89.801564  61.416564  5.302
  8    60.623 52510.62305861  3.99  89.799194  61.419724  5.302
  8    31.416 52510.62305990 24.16  89.794439  61.426025  3.766
  9    89.168 52545.62306972  0.32  89.794889  61.401022  3.608
  9    84.350 52545.62307037  0.67  89.792509  61.404182  3.608
  9    51.771 52545.62307230  8.29  89.785389  61.413642  3.608
  9    51.373 52545.62307294  6.70  89.783009  61.416802  3.608
  9    48.247 52545.62307359 10.38  89.780639  61.419952  3.608
 10    52.031 52580.62309711 12.52  89.796435  61.402882  4.478
 10    31.325 52580.62309904 36.39  89.789314  61.412350  7.415
 10    30.478 52580.62309968 42.16  89.786934  61.415500  7.415
 10    31.234 52580.62310033 41.16  89.784564  61.418660  7.415
 10    30.458 52580.62310097 41.16  89.782184  61.421810  7.415
 11    33.685 52615.62306578 13.27  89.805906  61.402719 10.326
 11    33.748 52615.62306642 19.81  89.803526  61.405869 10.326
 11    33.925 52615.62306706 20.66  89.801156  61.409029 10.326
 11    32.781 52615.62306771 17.82  89.798786  61.412179 10.326
 11    32.416 52615.62306835 18.36  89.796416  61.415339 10.326
 11    32.285 52615.62306900 17.50  89.794036  61.418489 10.326
 11    32.601 52615.62306964 15.94  89.791666  61.421649 10.326
 11    32.243 52615.62307029 15.15  89.789296  61.424799 10.326
 12    34.600 52650.62304405  9.83  89.800360  61.403953  3.227
 12    39.662 52650.62304469 11.70  89.797990  61.407103  3.227
 12    34.136 52650.62304534 12.36  89.795612  61.410261  6.663
 12    33.532 52650.62304598 11.04  89.793242  61.413421  6.663
 12    33.042 52650.62304663 10.17  89.790872  61.416571  6.663
 12    33.112 52650.62304727  9.30  89.788492  61.419731  6.663
 12    33.110 52650.62304791  8.25  89.786112  61.422881  6.663
 13    34.298 52685.62303210 10.59  89.808373  61.407237  8.319
 13    33.107 52685.62303274 18.10  89.806003  61.410397  8.319
 13    41.499 52685.62303339 17.34  89.803623  61.413547  8.319
 13    32.698 52685.62303403 14.74  89.801253  61.416707  8.319
 13    32.826 52685.62303468 14.40  89.798883  61.419857  8.319
 13    33.221 52685.62303532 12.82  89.796503  61.423017  8.319
 13    33.375 52685.62303597 11.72  89.794133  61.426167  8.319
 14    33.142 52720.62308228 15.01  89.798097  61.402772  3.862
 14    32.779 52720.62308293 13.90  89.795717  61.405922  3.862
 14    32.633 52720.62308357 14.64  89.793347  61.409082  3.862
 14    32.655 52720.62308421 12.72  89.790977  61.412232  3.862
 14    32.483 52720.62308486 13.29  89.788597  61.415392  3.862
 14    32.439 52720.62308550 12.15  89.786227  61.418542  3.862
 14    32.608 52720.62308615 10.83  89.783847  61.421702  3.862
 15    37.368 52755.62310900  2.24  89.785356  61.416940  5.548
 15    33.483 52755.62310964 11.37  89.782986  61.420090  5.548
 16    55.569 52790.62305521 12.17  89.788943  61.401918  5.060
 16    35.200 52790.62305650 33.47  89.784193  61.408228  5.060
 16    34.818 52790.62305715 34.58  89.781823  61.411388  5.060
 16    35.360 52790.62305779 33.04  89.779443  61.414538  5.060
 16    35.598 52790.62305844 33.04  89.777073  61.417698  5.060
 16    35.645 52790.62305908 32.14  89.774693  61.420848  5.060
 17    33.178 52825.62312471 31.50  89.794434  61.402830 11.933
 17    33.620 52825.62312536 32.36  89.792064  61.405980 11.933
 17    33.372 52825.62312600 36.33  89.789694  61.409140 11.933
 17    32.615 52825.62312665 38.34  89.787314  61.412290 11.933
 17    33.567 52825.62312729 31.40  89.784944  61.415450 11.933
 17    33.110 52825.62312794 29.32  89.782564  61.418600 11.933
 17    32.448 52825.62312858 29.35  89.780184  61.421760 11.933
 18    51.940 52860.62317009 12.07  89.798320  61.401311  5.846
 18    51.455 52860.62317073 13.54  89.795940  61.404471  5.846
 18    52.442 52860.62317138 12.73  89.793570  61.407621  5.846
 18    30.423 52860.62317267 38.54  89.788820  61.413931  5.846
 18    28.893 52860.62317331 38.47  89.786450  61.417091  5.846
 18    32.149 52860.62317396 29.31  89.784070  61.420241  5.846
 19    78.033 52895.62320077  4.08  89.800687  61.402603  6.350
 19    51.904 52895.62320206 13.67  89.795937  61.408913  6.350
 19    51.749 52895.62320270 16.73  89.793567  61.412073  6.350
 19    50.682 52895.62320335 17.47  89.791187  61.415223  6.350
 19    30.921 52895.62320464 27.93  89.786437  61.421533  6.350
 20    62.904 52930.62314877  7.30  89.810762  61.401416  5.378
 20    65.415 52930.62314942  5.67  89.808392  61.404566  5.378
 20    68.332 52930.62315006  4.76  89.806022  61.407726  5.378
 20    50.889 52930.62315135 17.39  89.801275  61.414031  4.942
 20    51.070 52930.62315199 17.54  89.798905  61.417191  4.942
 20    51.197 52930.62315264  9.76  89.796535  61.420341  4.942
 20    30.784 52930.62315328 30.25  89.794155  61.423501  4.942
 20    30.574 52930.62315393 34.18  89.791785  61.426651  4.942
 21    33.086 52965.62314317 10.91  89.793084  61.403356 12.037
 21    32.376 52965.62314382 17.94  89.790704  61.406516 12.037
 21    37.937 52965.62314446 17.35  89.788334  61.409666 12.037
 21    32.850 52965.62314511 20.39  89.785954  61.412826 12.037
 21    33.127 52965.62314575 20.04  89.783584  61.415976 12.037
 21    33.379 52965.62314640 18.87  89.781204  61.419136 12.037
 23    35.251 53035.62312386 13.89  89.810801  61.399462  6.287
 23    33.856 53035.62312450 15.30  89.808431  61.402612  6.287
 23    33.170 53035.62312515 16.37  89.806061  61.405772  6.287
 23    33.540 53035.62312579 16.11  89.803691  61.408922  6.287
 24    34.739 53070.62314435 12.70  89.801643  61.400355  9.003
 24    33.843 53070.62314500 13.90  89.799273  61.403515  9.003
 24    34.190 53070.62314564 14.37  89.796893  61.406665  9.003
 26    83.488 53140.62315134  0.34  89.797700  61.400493  8.827
 26    78.323 53140.62315199  2.35  89.795330  61.403653  8.827
 26    36.592 53140.62315327 19.93  89.790580  61.409963  8.827
 26    36.248 53140.62315392 28.48  89.788210  61.413113  8.827
 26    34.925 53140.62315456 32.59  89.785830  61.416273  8.827
 26    34.641 53140.62315521 33.43  89.783460  61.419423  8.827
 26    36.536 53140.62315585 27.78  89.781080  61.422583  8.827
 27    79.112 53175.62318350  7.90  89.800379  61.400892  4.559
 27    66.834 53175.62318415  8.18  89.798009  61.404042  4.559
 27    74.825 53175.62318479  3.69  89.795629  61.407202  4.559
 27    80.615 53175.62318544  0.69  89.793259  61.410352  4.559
 27    53.041 53175.62318608 10.02  89.790879  61.413512  4.559
 27    52.841 53175.62318673  9.27  89.788509  61.416662  4.559
 27    61.141 53175.62318737  9.34  89.786129  61.419822  4.559
 27    42.814 53175.62318802 17.11  89.783759  61.422972  4.559
 28    51.980 53210.62320214  5.56  89.800616  61.402510  4.330
 28    52.137 53210.62320279  3.08  89.798246  61.405660  4.330
 28    52.791 53210.62320343  2.83  89.795876  61.408820  4.330
 28    51.431 53210.62320407  3.58  89.793496  61.411970  4.330
 28    31.214 53210.62320536 25.01  89.788756  61.418280  4.330
 28    31.257 53210.62320601 23.36  89.786376  61.421440  4.330
 29    64.220 53245.62316936  4.96  89.809969  61.399585  5.017
 29    79.935 53245.62317001  2.65  89.807599  61.402745  5.017
 29    51.387 53245.62317130 12.27  89.802859  61.409055  5.017
 29    52.532 53245.62317194 15.26  89.800479  61.412205  5.017
 29    51.542 53245.62317259 18.82  89.798109  61.415365  5.017
 29    51.181 53245.62317323 11.22  89.795739  61.418515  5.017
 29    30.887 53245.62317387 29.49  89.793359  61.421675  5.017
 29    30.221 53245.62317452 30.03  89.790989  61.424825  5.017
 31    52.216 53315.62316877 15.70  89.798524  61.402489  8.413
 31    51.717 53315.62316942 19.56  89.796154  61.405639  8.413
 31    31.535 53315.62317135 42.03  89.789034  61.415109  8.413
 31    31.701 53315.62317199 42.19  89.786654  61.418259  8.413
 31    31.781 53315.62317264 42.74  89.784284  61.421419  8.413
 32    32.238 53350.62313642 13.00  89.801027  61.413559  9.226
 32    35.332 53350.62313706 19.46  89.798647  61.416719  9.226
 32    37.056 53350.62313771 20.54  89.796277  61.419869  9.226
 32    32.834 53350.62313835 18.47  89.793897  61.423029  9.226
 32    33.008 53350.62313900 16.95  89.791527  61.426179  9.226
 34    35.806 53420.62311987 17.05  89.811070  61.400505  5.953
 34    35.211 53420.62312052 17.05  89.808700  61.403665  5.953
 35    33.084 53455.62312909 11.18  89.781547  61.415560  2.657
 35    33.369 53455.62312973 12.64  89.779177  61.418720  2.657
 36    34.255 53490.62321261 15.33  89.788087  61.406834  8.315
 36    33.995 53490.62321325 18.66  89.785717  61.409994  8.315
 36    34.323 53490.62321390 19.56  89.783347  61.413144  8.315
 36    34.642 53490.62321454 16.48  89.780967  61.416304  8.315
 36    35.249 53490.62321519 17.07  89.778597  61.419454  8.315
 37    96.851 53525.62319481  5.20  89.805985  61.400519  9.827
 37    92.751 53525.62319546  4.81  89.803615  61.403679  9.827
 38    76.266 53560.62322381  2.09  89.795366  61.405764  4.187
 38    52.827 53560.62322446  9.69  89.792996  61.408924  4.187
 38    52.629 53560.62322510 10.44  89.790616  61.412074  4.187
 38    52.478 53560.62322575  8.82  89.788246  61.415234  4.187
 38    60.904 53560.62322639  7.77  89.785876  61.418384  4.187
 39    81.323 53595.62316073  3.21  89.816235  61.400834  5.968
 39    91.865 53595.62316137  0.15  89.813865  61.403994  5.968
 39    51.578 53595.62316266  8.76  89.809115  61.410304  5.968
 39    52.976 53595.62316330  8.44  89.806745  61.413454  5.968
 39    52.473 53595.62316395 14.24  89.804375  61.416614  5.968
 39    31.871 53595.62316524 30.00  89.799625  61.422924  5.968
 39    29.992 53595.62316588 36.32  89.797255  61.426074  5.968
 41    78.758 53665.62317835  5.48  89.796561  61.401364  5.009
 41    80.234 53665.62317900  1.21  89.794181  61.404514  5.009
 41    52.822 53665.62318029 15.31  89.789441  61.410824  5.009
 41    51.304 53665.62318093 13.51  89.787061  61.413984  5.009
 41    51.937 53665.62318158  9.29  89.784691  61.417134  5.009
 41    31.918 53665.62318222 29.78  89.782311  61.420294  5.009
 42    30.813 53700.62313298 38.64  89.801898  61.411488  7.416
 42    30.941 53700.62313362 36.53  89.799518  61.414648  7.416
 42    31.929 53700.62313427 34.91  89.797148  61.417798  7.416
 42    31.582 53700.62313491 37.75  89.794778  61.420958  7.416
 42    31.029 53700.62313556 38.63  89.792398  61.424108  7.416
 43    37.727 53735.62305240 16.81  89.822049  61.400458  6.860
 43    36.964 53735.62305305 16.94  89.819679  61.403618  6.860
 43    35.408 53735.62305369 16.39  89.817309  61.406774  4.836
 43    34.681 53735.62305434 17.17  89.814929  61.409924  4.836
 44    32.791 53770.62304673  8.64  89.790926  61.419089  5.906
 44    33.063 53770.62304738 10.77  89.788546  61.422239  5.906
 45    43.687 53805.62303537 13.65  89.815344  61.400907  9.435
 45    36.683 53805.62303602 12.70  89.812974  61.404057  9.435
 45    34.351 53805.62303666 12.75  89.810604  61.407217  9.435
 45    34.065 53805.62303731 12.25  89.808234  61.410367  9.435
 45    33.425 53805.62303795 12.37  89.805864  61.413527  9.435
 45    33.257 53805.62303860 11.24  89.803484  61.416677  9.435
 45    33.292 53805.62303924 10.73  89.801114  61.419837  9.435
 45    32.671 53805.62303989 10.53  89.798744  61.422987  9.435
 45    32.349 53805.62304053  9.60  89.796364  61.426147  9.435
 47    87.809 53875.62310323  7.13  89.799855  61.402167  7.288
 47    68.850 53875.62310387 12.23  89.797475  61.405317  7.288
 47    61.176 53875.62310452 12.20  89.795105  61.408477  7.288
 47    67.542 53875.62310516  9.97  89.792735  61.411627  7.288
 47    39.060 53875.62310710 36.32  89.785605  61.421097  7.288
 48    30.985 53910.62315094 31.88  89.792685  61.401365  8.372
 48    33.337 53910.62315159 26.09  89.790314  61.404526  7.208
 48    33.164 53910.62315223 25.44  89.787934  61.407676  7.208
 48    32.703 53910.62315287 25.18  89.785564  61.410836  7.208
 48    32.539 53910.62315352 24.42  89.783184  61.413986  7.208
 48    32.310 53910.62315416 24.87  89.780814  61.417146  7.208
 48    32.423 53910.62315481 23.91  89.778434  61.420296  7.208
 49    35.932 53945.62317052 33.04  89.794500  61.402375  8.998
 49    35.753 53945.62317116 31.79  89.792130  61.405535  8.998
 49    35.387 53945.62317181 32.76  89.789753  61.408688  8.022
 49    35.596 53945.62317245 32.00  89.787383  61.411838  8.022
 49    35.187 53945.62317310 31.20  89.785013  61.414998  8.022
 49    35.408 53945.62317374 31.09  89.782633  61.418148  8.022
 49    34.826 53945.62317439 30.18  89.780263  61.421308  8.022
 50    32.026 53980.62311864 13.04  89.799970  61.413392  6.018
 50    32.464 53980.62311928 12.73  89.797598  61.416544  2.426
 50    32.500 53980.62311992 12.71  89.795218  61.419694  2.426
 50    32.391 53980.62312057 11.87  89.792848  61.422854  2.426
 50    32.647 53980.62312121 10.81  89.790468  61.426004  2.426
 51    51.427 54015.62313667  7.81  89.790873  61.402741  6.137
 51    73.453 54015.62313731  2.70  89.788497  61.405898  6.394
 51    31.560 54015.62313860 24.51  89.783747  61.412208  6.394
 51    30.763 54015.62313925 24.20  89.781367  61.415368  6.394
 51    31.502 54015.62313989 22.46  89.778997  61.418518  6.394
 52    33.027 54050.62313693 31.38  89.808806  61.401115 11.840
 52    32.067 54050.62313758 39.44  89.806436  61.404275 11.840
 52    31.354 54050.62313822 42.58  89.804056  61.407425 11.840
 52    31.615 54050.62313886 38.81  89.801686  61.410585 11.840
 52    33.050 54050.62313951 33.95  89.799316  61.413735 11.840
 52    33.064 54050.62314015 35.41  89.796939  61.416893  8.108
 52    34.766 54050.62314080 37.76  89.794559  61.420043  8.108
 52    34.577 54050.62314144 38.43  89.792189  61.423203  8.108
 52    32.812 54050.62314209 36.59  89.789809  61.426353  8.108
 53    35.829 54085.62312886 16.75  89.808869  61.399709  7.091
 53    35.350 54085.62312950 18.19  89.806499  61.402869  7.091
 53    36.103 54085.62313015 17.01  89.804129  61.406019  7.091
 53    37.128 54085.62313079 18.71  89.801759  61.409179  7.091
 53    37.055 54085.62313143 18.35  89.799379  61.412329  7.091
 53    37.001 54085.62313208 16.79  89.797011  61.415489  5.956
 53    36.420 54085.62313272 17.87  89.794641  61.418639  5.956
 53    35.075 54085.62313337 18.66  89.792261  61.421799  5.956
 53    34.683 54085.62313401 17.31  89.789891  61.424949  5.956
 56    34.593 54190.62305647 13.51  89.800972  61.419970  2.849
 56    33.992 54190.62305711 16.98  89.798602  61.423130  2.849
 56    34.331 54190.62305776 16.34  89.796232  61.426280  2.849
 57    60.009 54225.62309925  9.70  89.797510  61.402641  7.956
 57    84.514 54225.62309989  5.08  89.795140  61.405791  7.956
 57    71.224 54225.62310054  5.12  89.792760  61.408951  7.956
 57    39.407 54225.62310247 34.86  89.785640  61.418411  7.956
 57    39.165 54225.62310312 43.39  89.783260  61.421571  7.956
 58    90.140 54260.62311889  6.22  89.802740  61.400117  4.213
 58    79.833 54260.62311954  7.85  89.800370  61.403267  4.213
 58    76.855 54260.62312018  7.83  89.798000  61.406427  4.213
 58    68.578 54260.62312083 11.63  89.795630  61.409577  4.213
 59    51.941 54295.62312285 12.15  89.803888  61.400964  5.651
 59    51.892 54295.62312350  9.50  89.801518  61.404124  5.651
 59    51.997 54295.62312414  6.99  89.799148  61.407274  5.651
 59    32.419 54295.62312543 27.43  89.794398  61.413584  5.651
 59    31.371 54295.62312608 28.54  89.792028  61.416744  5.651
 59    32.149 54295.62312672 26.69  89.789648  61.419894  5.651
 59    31.545 54295.62312736 26.21  89.787278  61.423054  5.651
 60    68.232 54330.62311506  5.82  89.809718  61.400991  5.336
 60    62.013 54330.62311570  6.07  89.807348  61.404141  5.336
 60    52.216 54330.62311699 11.45  89.802608  61.410451  5.336
 60    52.122 54330.62311764 15.26  89.800228  61.413611  5.336
 60    51.866 54330.62311828 10.34  89.797858  61.416761  5.336
 60    60.992 54330.62311893  6.07  89.795488  61.419921  5.336
 60    29.964 54330.62312022 28.75  89.790738  61.426231  5.336
 61    92.466 54365.62305942  5.36  89.813842  61.402585  6.192
 61    79.178 54365.62306007  5.17  89.811462  61.405745  6.192
 61    76.057 54365.62306071  5.11  89.809092  61.408895  6.192
 61    51.129 54365.62306329 10.08  89.799602  61.421515  6.192
 61    51.388 54365.62306394  9.30  89.797232  61.424675  6.192
 61    63.070 54365.62306458  7.05  89.794852  61.427825  6.192
 62    51.623 54400.62305697 10.76  89.804045  61.401528  6.364
 62    50.893 54400.62305762 10.42  89.801675  61.404678  6.364
 62    51.334 54400.62305826  7.93  89.799295  61.407838  6.364
 62    31.863 54400.62305891 27.60  89.796925  61.410988  6.364
 62    31.079 54400.62305955 33.62  89.794555  61.414148  6.364
 62    31.681 54400.62306020 32.16  89.792175  61.417298  6.364
 62    31.810 54400.62306084 30.19  89.789805  61.420458  6.364
 62    32.149 54400.62306149 28.79  89.787425  61.423608  6.364
 63    53.440 54435.62301375  2.49  89.813023  61.399708  8.415
 63    42.566 54435.62301440  4.02  89.810653  61.402868  8.415
 63    32.676 54435.62301569 19.44  89.805903  61.409178  8.415
 63    33.101 54435.62301633 20.63  89.803533  61.412328  8.415
 63    33.014 54435.62301698 21.20  89.801163  61.415488  8.415
 63    33.156 54435.62301762 19.59  89.798793  61.418638  8.415
 63    33.153 54435.62301826 18.32  89.796413  61.421798  8.415
 63    32.905 54435.62301891 17.57  89.794043  61.424948  8.415
 64    42.759 54470.62304163  1.41  89.796696  61.404387  4.272
 64    33.033 54470.62304227 14.58  89.794316  61.407547  4.272
 64    32.672 54470.62304292 15.47  89.791946  61.410697  4.272
 64    32.731 54470.62304356 13.67  89.789576  61.413857  4.272
 64    32.225 54470.62304421 11.99  89.787196  61.417007  4.272
 64    31.955 54470.62304485 11.04  89.784816  61.420167  4.272
 64    31.634 54470.62304550  9.68  89.782446  61.423317  4.272
 65    36.849 54505.62302732 13.05  89.813294  61.400645 10.429
 65    35.873 54505.62302797 15.32  89.810924  61.403795 10.429
 65    35.622 54505.62302861 14.35  89.808544  61.406955 10.429
 65    35.511 54505.62302926 12.78  89.806174  61.410105 10.429
 65    35.321 54505.62302990 11.87  89.803804  61.413265 10.429
 65    34.708 54505.62303054 11.97  89.801434  61.416415 10.429
 65    34.767 54505.62303119 11.90  89.799054  61.419575 10.429
 65    35.284 54505.62303183 10.25  89.796684  61.422725 10.429
 65    34.293 54505.62303248  9.52  89.794314  61.425885 10.429
 66    40.451 54540.62305739  5.18  89.799030  61.409382  3.230
 66    33.534 54540.62305803 12.92  89.796660  61.412542  3.230
 66    33.372 54540.62305868 15.40  89.794290  61.415692  3.230
 66    33.226 54540.62305932 14.42  89.791910  61.418852  3.230
 66    33.400 54540.62305997 13.42  89.789540  61.422002  3.230
 66    33.242 54540.62306061 12.86  89.787160  61.425162  3.230
 68    91.364 54610.62304763  5.21  89.804805  61.399928  5.389
 68    89.208 54610.62304828  4.58  89.802435  61.403088  5.389
 68    86.812 54610.62304892  2.72  89.800055  61.406238  5.389
 68    84.094 54610.62304957  2.42  89.797685  61.409398  5.389
 68    81.142 54610.62305021  2.90  89.795315  61.412548  5.389
 68    66.258 54610.62305086  6.45  89.792935  61.415708  5.389
 68    63.605 54610.62305150  7.07  89.790565  61.418858  5.389
 68    64.299 54610.62305215  8.29  89.788185  61.422018  5.389
 69    50.515 54645.62305775  3.03  89.794101  61.413270  4.433
 69    45.390 54645.62305839  4.56  89.791721  61.416430  4.433
 69    41.753 54645.62305904 12.63  89.789351  61.419580  4.433
 69    41.381 54645.62305968 17.98  89.786971  61.422740  4.433
 70    61.360 54680.62305940  3.51  89.793900  61.414977  3.681
 70    63.457 54680.62306004  2.88  89.791520  61.418137  3.681
 70    31.632 54680.62306133 17.40  89.786770  61.424447  3.681
 71    83.573 54715.62300621  4.32  89.816669  61.400397  8.604
 71    64.816 54715.62300686  6.41  89.814299  61.403547  8.604
 71    61.795 54715.62300750  7.90  89.811929  61.406707  8.604
 71    51.281 54715.62300879 14.21  89.807179  61.413017  8.604
 71    51.316 54715.62300944 13.92  89.804809  61.416167  8.604
 71    51.301 54715.62301008  8.33  89.802439  61.419327  8.604
 71    29.803 54715.62301137 34.77  89.797689  61.425637  8.604
 72    83.220 54750.62302746  4.99  89.798246  61.400925  5.711
 72    84.537 54750.62302810  3.88  89.795866  61.404075  5.711
 72    82.863 54750.62302875  2.80  89.793496  61.407235  5.711
 72    62.829 54750.62302939  9.82  89.791126  61.410385  5.711
 72    66.658 54750.62303003  7.39  89.788746  61.413545  5.711
 72    68.517 54750.62303068  2.06  89.786376  61.416695  5.711
 72    63.903 54750.62303132  4.50  89.783996  61.419855  5.711
 73    33.575 54785.62299534 26.09  89.810239  61.401193 10.380
 73    32.948 54785.62299598 29.51  89.807869  61.404343 10.380
 73    33.876 54785.62299663 28.35  89.805489  61.407503 10.380
 73    32.699 54785.62299727 37.26  89.803119  61.410653 10.380
 73    33.825 54785.62299792 34.37  89.800749  61.413813 10.380
 73    34.381 54785.62299856 34.09  89.798369  61.416963 10.380
 75    35.311 54855.62299552 16.29  89.796698  61.419154  4.275
 75    33.783 54855.62299616 21.35  89.794318  61.422314  4.275
 75    34.711 54855.62299681 15.44  89.791948  61.425464  4.275
 76    35.541 54890.62302462 13.74  89.802597  61.402194  8.390
 76    35.827 54890.62302527 13.50  89.800227  61.405344  8.390
 77    35.255 54925.62299274 13.93  89.806468  61.411532 12.996
 77    45.227 54925.62299338 19.92  89.804098  61.414682 12.996
 77    41.437 54925.62299403 29.26  89.801728  61.417842 12.996
 77    35.484 54925.62299467 19.39  89.799348  61.420992 12.996
 77    35.289 54925.62299532 16.78  89.796978  61.424152 12.996
 77    35.398 54925.62299596 12.09  89.794608  61.427302 12.996
 78    38.284 54960.62302466 27.87  89.792493  61.408847  8.987
 78    38.152 54960.62302530 28.92  89.790113  61.412007  8.987
 78    39.446 54960.62302595 26.53  89.787743  61.415157  8.987
 78    39.446 54960.62302659 27.41  89.785363  61.418317  8.987
 78    39.919 54960.62302724 28.08  89.782993  61.421467  8.987
 79    89.453 54995.62304439  0.79  89.801597  61.400896  5.313
 79    78.626 54995.62304503  4.26  89.799227  61.404046  5.313
 79    72.758 54995.62304568  7.49  89.796857  61.407206  5.313
 79    54.221 54995.62304632  8.88  89.794487  61.410356  5.313
 79    53.930 54995.62304697  8.90  89.792107  61.413516  5.313
 79    54.692 54995.62304761  8.67  89.789737  61.416666  5.313
 79    52.262 54995.62304826 11.76  89.787357  61.419826  5.313
 80    52.173 55030.62303422 12.07  89.803676  61.401808  5.358
 80    51.643 55030.62303486 10.93  89.801306  61.404958  5.358
 80    52.198 55030.62303551 10.82  89.798936  61.408118  5.358
 80    31.385 55030.62303680 36.19  89.794186  61.414428  5.358
 80    30.923 55030.62303744 32.92  89.791816  61.417578  5.358
 80    30.951 55030.62303809 28.74  89.789436  61.420738  5.358
 80    30.136 55030.62303873 27.41  89.787066  61.423888  5.358
 81    32.277 55065.62302440 43.79  89.808124  61.401047 14.179
 81    33.589 55065.62302504 36.26  89.805754  61.404197 14.179
 81    33.632 55065.62302569 36.10  89.803384  61.407357 14.179
 81    33.088 55065.62302633 37.89  89.801004  61.410507 14.179
 81    33.595 55065.62302698 39.58  89.798634  61.413667 14.179
 81    33.505 55065.62302762 34.45  89.796264  61.416817 14.179
 81    32.611 55065.62302827 30.93  89.793884  61.419977 14.179
 81    32.064 55065.62302891 28.84  89.791514  61.423127 14.179
 82    81.433 55100.62296703  4.71  89.813645  61.403525  4.765
 82    88.617 55100.62296768  2.69  89.811275  61.406675  4.765
 82    87.114 55100.62296832  0.85  89.808905  61.409835  4.765
 82    52.483 55100.62296961 11.44  89.804155  61.416145  4.765
 82    51.337 55100.62297026  9.56  89.801785  61.419295  4.765
 82    53.125 55100.62297090  6.90  89.799415  61.422455  4.765
 83    51.884 55135.62296986 12.22  89.799314  61.401678  8.182
 83    51.719 55135.62297050 15.31  89.796934  61.404828  8.182
 83    51.722 55135.62297115 16.60  89.794564  61.407988  8.182
 83    31.142 55135.62297244 34.82  89.789814  61.414298  8.182
 83    30.912 55135.62297308 39.95  89.787444  61.417448  8.182
 83    31.371 55135.62297373 38.48  89.785064  61.420608  8.182
 84    34.662 55170.62293389 20.36  89.807382  61.407460  6.391
 84    34.702 55170.62293454 17.90  89.805012  61.410610  6.391
 84    35.033 55170.62293518 18.13  89.802642  61.413770  6.391
 84    35.205 55170.62293583 16.90  89.800262  61.416920  6.391
 84    35.260 55170.62293647 16.64  89.797892  61.420080  6.391
 84    35.569 55170.62293712 16.50  89.795522  61.423230  6.391
 84    35.316 55170.62293776 15.96  89.793142  61.426390  6.391
 85    36.883 55205.62296323 11.53  89.799164  61.400965  4.903
 85    36.459 55205.62296388 10.38  89.796784  61.404115  4.903
 87    36.488 55275.62295691 10.10  89.806300  61.400827  7.841
 87    44.774 55275.62295755 10.47  89.803930  61.403977  7.841
 87    35.260 55275.62295819 10.57  89.801560  61.407137  7.841
 87    34.905 55275.62295884 10.63  89.799180  61.410287  7.841
 87    35.163 55275.62295948  9.25  89.796810  61.413447  7.841
 87    35.219 55275.62296013  8.52  89.794440  61.416597  7.841
 87    35.376 55275.62296077  8.18  89.792060  61.419757  7.841
 87    35.221 55275.62296142  7.90  89.789690  61.422907  7.841
 89    89.640 55345.62292619  2.46  89.805117  61.401685  4.011
 89    88.130 55345.62292683  1.50  89.802747  61.404845  4.011
 89    84.959 55345.62292748  1.52  89.800367  61.407995  4.011
 89    77.079 55345.62292812  2.42  89.797997  61.411155  4.011
 89    72.465 55345.62292877  3.57  89.795627  61.414305  4.011
 89    66.794 55345.62292941  4.29  89.793247  61.417465  4.011
 89    63.175 55345.62293006  7.28  89.790877  61.420615  4.011
 89    63.253 55345.62293070  9.78  89.788498  61.423774  5.752
 90    53.041 55380.62291958 13.37  89.806284  61.404007  5.541
 90    53.320 55380.62292023 11.10  89.803914  61.407157  5.541
 90    32.763 55380.62292152 28.94  89.799164  61.413467  5.541
 90    32.799 55380.62292216 30.56  89.796794  61.416627  5.541
 90    32.155 55380.62292281 30.62  89.794424  61.419777  5.541
 90    32.055 55380.62292345 28.55  89.792044  61.422937  5.541
 90    31.840 55380.62292410 27.68  89.789674  61.426087  5.541
 91    31.799 55415.62294601 37.27  89.797566  61.402119 13.094
 91    33.177 55415.62294666 29.50  89.795196  61.405279 13.094
 91    32.113 55415.62294730 28.38  89.792826  61.408429 13.094
 91    32.812 55415.62294795 25.09  89.790446  61.411589 13.094
 91    32.294 55415.62294859 24.45  89.788076  61.414739 13.094
 91    31.767 55415.62294924 24.58  89.785696  61.417899 13.094
 91    31.342 55415.62294988 23.59  89.783326  61.421049 13.094
 92    82.677 55450.62293044  5.86  89.811066  61.400443  4.935
 92    81.230 55450.62293109  4.99  89.808696  61.403603  4.935
 92    87.585 55450.62293173  2.37  89.806326  61.406753  4.935
 92    62.750 55450.62293238  6.21  89.803956  61.409913  4.935
 92    52.285 55450.62293302 14.74  89.801576  61.413063  4.935
 92    51.581 55450.62293366 17.69  89.799206  61.416223  4.935
 92    50.762 55450.62293431 12.71  89.796836  61.419373  4.935
 92    50.986 55450.62293495  7.82  89.794456  61.422533  4.935
 92    31.729 55450.62293560 27.41  89.792086  61.425683  4.935
 93    62.140 55485.62285908  4.74  89.802586  61.422542  3.785
 93    41.918 55485.62285973  9.76  89.800216  61.425692  3.785
 93    62.898 55485.62286037  7.21  89.797836  61.428852  3.785
