-148840.174    14.739     0.00    1.65
-148465.234    14.321    -1.11    1.25
-148090.385    13.885    -1.16    0.00
-147715.627    13.885     0.00    0.00
-147340.960    13.885     0.00    0.00
-146966.385    13.885     0.00    0.00
-146591.901    13.885     0.00    0.00
-146217.507    13.885     0.00    0.00
-145843.205    13.885     0.00    0.00
-145468.993    13.885     0.00    0.00
-145094.872    13.885     0.00    0.00
-144720.842    13.885     0.00    0.00
-144346.903    13.885     0.00    0.00
-143973.054    13.885     0.00    0.00
-143599.296    13.885     0.00    0.00
-143225.628    13.885     0.00    0.00
-142852.051    13.885     0.00    0.00
-142478.564    13.885     0.00    0.00
-142105.167    13.885     0.00    0.00
-141731.860    13.885     0.00    0.00
-141358.644    13.885     0.00    0.00
-140985.518    13.885     0.00    0.00
-140612.481    13.885     0.00    0.00
-140239.535    13.885     0.00    0.00
-139866.679    13.885     0.00    0.00
-139493.912    13.894     0.02    0.10
-139121.235    15.128     3.31    3.38
-138748.648    19.362    11.37    8.46
-138376.151    25.224    15.74    9.74
-138003.743    29.630    11.83    8.00
-137631.424    32.511     7.74    6.43
-137259.195    30.155    -6.33    7.44
-136887.056    27.508    -7.11    7.27
-136515.005    25.209    -6.18    7.14
-136143.044    23.452    -4.72    6.66
-135771.172    21.149    -6.19    6.11
-135399.390    19.540    -4.33    5.83
-135027.696    18.187    -3.64    5.76
-134656.091    16.070    -5.70    4.52
-134284.576    14.421    -4.44    1.91
-133913.149    15.249     2.23    3.59
-133541.811    18.297     8.21    5.94
-133170.561    21.875     9.64    6.05
-132799.401    25.710    10.33    4.35
-132428.329    28.348     7.11    3.74
-132057.345    29.912     4.22    5.87
-131686.450    30.968     2.85    6.85
-131315.644    30.913    -0.15    7.11
-130944.925    30.524    -1.05    7.07
-130574.296    30.865     0.92    7.13
-130203.754    30.822    -0.12    6.49
-129833.301    31.763     2.54    5.95
-129462.935    34.490     7.36    6.37
-129092.658    38.257    10.17    6.53
-128722.469    41.951     9.98    4.90
-128352.367    44.348     6.48    4.42
-127982.354    45.313     2.61    5.10
-127612.428    45.931     1.67    5.24
-127242.590    46.334     1.09    4.62
-126872.840    44.829    -4.07    4.82
-126503.177    43.993    -2.26    4.84
-126133.602    43.837    -0.42    5.37
-125764.115    44.619     2.12    5.60
-125394.714    47.253     7.13    6.44
-125025.402    49.366     5.72    7.70
-124656.176    53.335    10.75    8.46
-124287.038    56.932     9.74    9.21
-123917.987    59.321     6.47    9.11
-123549.023    61.456     5.79    8.67
-123180.146    64.949     9.47    8.88
-122811.356    68.801    10.45    6.90
-122442.653    72.417     9.81    4.51
-122074.037    74.903     6.74    5.15
-121705.508    76.260     3.68    7.43
-121337.066    76.876     1.67    7.33
-120968.710    77.274     1.08    6.40
-120600.441    78.246     2.64    6.51
-120232.259    79.712     3.98    6.56
-119864.163    81.577     5.07    6.24
-119496.153    81.148    -1.16    6.45
-119128.230    78.885    -6.15    7.07
-118760.393    74.398   -12.20    7.56
-118392.643    70.070   -11.77    7.96
-118024.978    65.798   -11.62    5.60
-117657.400    66.303     1.37    7.34
-117289.908    69.982    10.01   10.02
-116922.502    76.187    16.89    9.17
-116555.182    80.802    12.56    6.43
-116187.948    83.810     8.19    5.91
-115820.800    85.050     3.38    6.36
-115453.737    86.433     3.77    7.23
-115086.761    88.848     6.58    7.48
-114719.870    92.311     9.44    7.05
-114353.064    95.949     9.92    5.89
-113986.344    99.227     8.94    5.37
-113619.710   101.779     6.96    5.88
-113253.161   103.245     4.00    5.99
-112886.698   103.545     0.82    5.88
-112520.319   101.894    -4.51    5.40
-112154.026   101.197    -1.90    4.02
-111787.819   100.272    -2.52    3.08
-111421.696    99.655    -1.69    3.50
-111055.659    99.576    -0.22    3.99
-110689.706    99.579     0.01    3.90
-110323.839    98.921    -1.80    4.19
-109958.056    96.317    -7.12    4.75
-109592.358    93.802    -6.88    5.40
-109226.745    90.726    -8.41    5.17
-108861.217    87.524    -8.76    4.55
-108495.773    85.162    -6.46    4.69
-108130.414    83.087    -5.68    4.81
-107765.140    80.499    -7.08    7.06
-107399.950    79.394    -3.03    8.92
-107034.845    78.642    -2.06    9.75
-106669.824    77.692    -2.60    8.83
-106304.887    76.320    -3.76    7.26
-105940.034    73.619    -7.41    6.90
-105575.266    70.791    -7.75    5.23
-105210.582    69.707    -2.97    4.12
-104845.982    70.261     1.52    4.79
-104481.466    72.185     5.28    5.46
-104117.034    72.166    -0.05    5.77
-103752.686    71.109    -2.90    6.67
-103377.573    69.333    -4.73    5.86
-102995.565    68.486    -2.22    5.41
-102613.650    68.033    -1.19    5.06
-102231.831    67.648    -1.01    4.32
-101850.105    67.658     0.03    4.50
-101468.473    67.582    -0.20    4.86
-101086.935    67.771     0.50    5.14
-100705.491    66.707    -2.79    6.11
-100324.142    63.608    -8.13    6.19
 -99942.885    62.499    -2.91    5.38
 -99561.723    62.302    -0.52    5.22
 -99180.654    64.457     5.66    6.14
 -98799.679    68.756    11.28    6.47
 -98418.798    74.307    14.57    9.83
 -98038.009    79.865    14.60    9.47
 -97657.315    86.041    16.22    8.71
 -97276.713    90.704    12.25    6.37
 -96896.205    90.567    -0.36    7.64
 -96515.790    89.539    -2.70    9.27
 -96135.468    90.782     3.27   10.59
 -95755.239    90.062    -1.89   12.02
 -95375.104    91.986     5.06   14.57
 -94995.061    94.829     7.48   15.74
 -94615.111    96.913     5.48   17.48
 -94235.253    99.655     7.22   16.89
 -93855.489    98.685    -2.56   15.93
 -93475.817    90.922   -20.45   17.44
 -93096.238    85.656   -13.87   15.15
 -92716.751    84.242    -3.73   13.02
 -92337.357    86.010     4.66   13.75
 -91958.055    95.625    25.35   11.11
 -91578.845   102.192    17.32    6.58
 -91199.728    99.174    -7.96   10.70
 -90820.703    92.281   -18.19   15.51
 -90441.770    85.616   -17.59   15.00
 -90062.929    80.829   -12.64   13.43
 -89684.180    78.283    -6.72   12.94
 -89305.523    77.866    -1.10   13.08
 -88926.957    81.389     9.31   15.99
 -88548.484    86.301    12.98   17.04
 -88170.102    93.466    18.94   16.43
 -87791.812    99.242    15.27   16.39
 -87413.614   103.350    10.86   13.57
 -87035.507   105.051     4.50    9.24
 -86657.492   106.272     3.23    6.37
 -86279.568   105.394    -2.32    5.44
 -85901.735   106.166     2.04    5.02
 -85523.993   104.564    -4.24    6.38
 -85146.343   102.215    -6.22    7.93
 -84768.784    99.978    -5.92    8.02
 -84391.316    98.679    -3.44    6.36
 -84013.939    97.268    -3.74    6.33
 -83636.653    96.529    -1.96    5.30
 -83259.458    97.460     2.47    3.88
 -82882.353    97.912     1.20    3.18
 -82505.340    96.785    -2.99    3.46
 -82128.417    95.227    -4.13    3.80
 -81751.584    92.507    -7.22    5.24
 -81374.843    88.857    -9.69    5.90
 -80998.191    84.409   -11.81    6.87
 -80621.630    81.736    -7.10    5.56
 -80245.160    79.551    -5.80    6.32
 -79868.780    77.679    -4.97    5.36
 -79492.490    78.130     1.20    6.40
 -79116.290    77.933    -0.52    6.43
 -78740.180    77.181    -2.00    7.23
 -78364.160    74.326    -7.59    8.77
 -77988.231    68.353   -15.89   12.87
 -77612.391    64.122   -11.26   13.39
 -77236.641    64.940     2.18   12.42
 -76860.981    69.356    11.76   11.07
 -76485.410    76.716    19.60    9.36
 -76109.930    80.215     9.32    8.92
 -75734.538    82.782     6.84    7.90
 -75359.237    81.987    -2.12    7.82
 -74984.025    79.192    -7.45    7.89
 -74608.902    75.473    -9.91    7.95
 -74233.868    71.758    -9.91    7.32
 -73858.924    68.625    -8.36    8.08
 -73484.069    65.652    -7.93    9.67
 -73109.304    65.202    -1.20   10.74
 -72734.627    65.202    -0.00   11.39
 -72360.039    67.408     5.89   10.15
 -71985.541    68.399     2.65    7.11
 -71611.131    62.243   -16.44   14.55
 -71236.810    51.792   -27.92   18.56
 -70862.578    41.856   -26.55   16.36
 -70488.434    38.061   -10.14   12.90
 -70114.379    38.163     0.28   12.46
 -69740.413    42.837    12.50   11.78
 -69366.536    44.313     3.95   12.06
 -68992.746    41.153    -8.45   13.15
 -68619.045    37.356   -10.16   13.14
 -68245.433    30.979   -17.07   13.49
 -67871.909    26.162   -12.90   11.46
 -67498.473    23.694    -6.61    8.75
 -67125.125    26.950     8.72   10.06
 -66751.865    31.817    13.04   10.33
 -66378.694    33.791     5.29    8.65
 -66005.610    35.038     3.34    6.43
 -65632.614    31.389    -9.78    9.37
 -65259.706    24.997   -17.14   11.98
 -64886.886    17.999   -18.77   13.19
 -64514.154    13.184   -12.92   10.40
 -64141.509    13.487     0.81    9.61
 -63768.952    17.644    11.16    8.81
 -63396.482    21.132     9.37    5.42
 -63024.100    21.253     0.32    3.11
 -62651.805    20.408    -2.27    3.46
 -62279.598    19.688    -1.93    3.73
 -61907.478    20.007     0.86    3.77
 -61535.445    19.807    -0.54    4.04
 -61163.499    20.062     0.69    4.10
 -60791.641    18.915    -3.09    3.16
 -60419.869    18.662    -0.68    2.88
 -60048.185    18.740     0.21    2.71
 -59676.587    19.224     1.30    3.09
 -59305.077    18.545    -1.83    3.41
 -58933.653    17.732    -2.19    2.96
 -58562.316    16.726    -2.71    1.92
 -58191.065    16.283    -1.19    1.72
 -57819.902    16.586     0.82    1.97
 -57448.825    16.548    -0.10    2.16
 -57077.834    16.274    -0.74    2.17
 -56706.930    16.599     0.88    2.53
 -56336.112    19.151     6.88    6.48
 -55965.380    25.660    17.56   11.59
 -55594.735    36.934    30.42   15.73
 -55224.176    47.789    29.30   14.18
 -54853.703    58.456    28.79    9.71
 -54483.317    64.086    15.20    7.02
 -54113.016    67.066     8.05    7.82
 -53742.801    71.027    10.70   11.30
 -53372.672    72.801     4.79   12.23
 -53002.629    73.277     1.29   12.73
 -52632.672    70.592    -7.26   10.79
 -52262.801    70.201    -1.06    9.65
 -51893.015    68.441    -4.76    8.88
 -51523.315    65.885    -6.92    7.78
 -51153.701    59.705   -16.72   12.40
 -50784.172    52.904   -18.41   11.58
 -50414.728    52.120    -2.12   14.63
 -50045.370    59.125    18.97   19.80
 -49676.097    68.041    24.15   17.91
 -49306.910    74.118    16.46   12.37
 -48937.807    74.837     1.95    8.94
 -48568.790    70.751   -11.07    8.87
 -48199.858    66.422   -11.73    9.30
 -47831.011    59.671   -18.30    8.17
 -47462.249    53.125   -17.75   10.34
 -47093.572    45.106   -21.75   10.09
 -46724.979    39.337   -15.65    7.02
 -46356.472    39.351     0.04    7.13
 -45988.049    45.856    17.66   12.51
 -45619.711    53.743    21.41   12.60
 -45251.457    60.228    17.61    8.82
 -44883.289    63.149     7.93    7.45
 -44515.204    63.779     1.71    6.23
 -44147.204    61.441    -6.35    6.31
 -43779.289    61.904     1.26    8.00
 -43411.458    63.914     5.47    9.72
 -43043.711    67.523     9.81    9.85
 -42676.048    72.579    13.75    6.29
 -42308.470    73.389     2.21    6.13
 -41940.975    74.096     1.92    6.48
 -41573.565    71.570    -6.87    7.31
 -41206.239    69.436    -5.81    7.27
 -40838.997    67.385    -5.59    6.66
 -40471.838    67.451     0.18    7.47
 -40104.763    68.991     4.20    8.03
 -39737.773    69.056     0.18    8.81
 -39370.865    67.351    -4.65   10.05
 -39004.042    64.040    -9.03   10.32
 -38637.302    60.727    -9.03    9.36
 -38270.646    57.736    -8.16    8.67
 -37904.073    56.630    -3.02    9.48
 -37537.584    55.019    -4.39    8.45
 -37171.177    54.798    -0.60    7.99
 -36804.855    53.451    -3.68    6.94
 -36438.615    52.805    -1.76    6.31
 -36072.459    50.294    -6.86    6.13
 -35706.386    47.144    -8.60    5.09
 -35340.396    45.413    -4.73    4.63
 -34974.489    44.328    -2.97    4.36
 -34608.665    46.289     5.36    8.82
 -34242.924    52.999    18.35   17.68
 -33877.266    60.013    19.18   19.82
 -33511.690    66.885    18.80   17.53
 -33146.198    69.545     7.28   14.17
 -32780.788    71.581     5.57    8.73
 -32415.460    69.081    -6.84    7.84
 -32050.216    65.689    -9.29    7.06
 -31685.053    66.507     2.24    8.29
 -31319.974    66.260    -0.68    8.21
 -30954.976    66.331     0.20    8.27
 -30590.062    65.687    -1.77    7.66
 -30225.229    62.738    -8.08    6.98
 -29860.479    59.932    -7.69    6.84
 -29495.810    56.798    -8.59    7.92
 -29131.224    55.288    -4.14    8.99
 -28761.805    54.704    -1.58    9.19
 -28379.965    53.541    -3.04    7.47
 -27998.218    52.658    -2.31    6.74
 -27616.563    46.693   -15.63    9.31
 -27234.999    36.611   -26.42   14.29
 -26853.527    29.262   -19.26   12.95
 -26472.147    27.342    -5.04   10.71
 -26090.858    26.864    -1.25   10.42
 -25709.661    29.447     6.77    9.82
 -25328.555    31.823     6.24    8.43
 -24947.541    35.026     8.41    7.29
 -24566.618    38.775     9.84    4.45
 -24185.786    39.998     3.21    3.30
 -23805.046    40.522     1.38    2.81
 -23424.396    40.479    -0.11    2.24
 -23043.838    39.875    -1.59    2.56
 -22663.371    39.399    -1.25    3.03
 -22282.995    38.702    -1.83    3.91
 -21902.709    36.047    -6.98    6.30
 -21522.515    32.038   -10.54    7.71
 -21142.411    27.394   -12.22    6.65
 -20762.398    24.779    -6.88    4.80
 -20382.476    24.375    -1.06    4.20
 -20002.644    25.620     3.28    4.35
 -19622.902    27.827     5.81    4.09
 -19243.252    29.856     5.34    3.74
 -18863.691    32.982     8.24    5.38
 -18484.221    37.199    11.11    6.84
 -18104.841    41.718    11.91    5.66
 -17725.551    43.742     5.34    4.26
 -17346.352    44.806     2.81    3.46
 -16967.242    43.951    -2.26    2.79
 -16588.223    43.854    -0.26    2.63
 -16209.293    43.894     0.11    2.79
 -15830.453    43.017    -2.31    3.24
 -15451.703    40.370    -6.99    4.59
 -15073.043    36.435   -10.39    5.77
 -14694.473    34.470    -5.19    5.99
 -14315.992    33.681    -2.08    5.75
 -13937.600    34.513     2.20    4.96
 -13559.299    36.414     5.02    5.59
 -13181.086    38.740     6.15    7.27
 -12802.963    40.516     4.70    7.79
 -12424.930    39.477    -2.75    9.43
 -12046.985    34.721   -12.58   12.19
 -11669.130    26.740   -21.12   12.40
 -11291.364    19.036   -20.40   10.85
 -10913.687    13.746   -14.01    8.79
 -10536.099    11.109    -6.98    5.89
 -10158.600    12.201     2.89    6.40
  -9781.189    18.021    15.42    8.08
  -9403.868    24.517    17.22    7.60
  -9026.635    28.762    11.25    5.90
  -8649.491    32.285     9.34    4.72
  -8272.436    35.677     9.00    5.93
  -7895.469    39.340     9.72    7.51
  -7518.591    43.269    10.43    7.50
  -7141.801    46.618     8.89    6.52
  -6765.100    49.456     7.53    6.63
  -6388.487    51.618     5.74    7.37
  -6011.962    52.506     2.36    8.60
  -5635.525    50.999    -4.00    8.82
  -5259.177    48.316    -7.13    8.55
  -4882.916    44.817    -9.30    7.23
  -4506.744    39.955   -12.92    7.32
  -4130.659    36.258    -9.83    8.23
  -3754.663    31.390   -12.95    9.94
  -3378.754    24.875   -17.33   11.76
  -3002.933    18.459   -17.07   12.13
  -2627.200    13.536   -13.10   10.80
  -2251.554    10.302    -8.61   10.04
  -1875.996     7.399    -7.73    9.76
  -1500.526     4.427    -7.91    8.28
  -1125.143     1.584    -7.58    4.84
   -749.847    -0.049    -4.35    0.52
   -374.639    -0.115    -0.18    0.00
      0.482    -0.115     0.00    0.00
    375.516    -0.115     0.00    0.00
    750.462    -0.115     0.00    0.00
   1125.322    -0.115     0.00    0.00
   1500.094    -0.030     0.23    0.44
   1874.780     1.943     5.26    5.11
   2249.378     6.389    11.87    8.95
   2623.890    11.673    14.11   11.31
   2998.314    20.000    22.24   13.50
   3372.652    27.856    20.99   12.21
   3746.904    33.805    15.90   10.88
   4121.068    36.151     6.27    8.86
   4495.147    37.683     4.09    5.24
   4869.138    36.069    -4.31    3.82
   5243.043    34.201    -5.00    2.50
   5616.862    31.375    -7.56    4.41
   5990.594    27.555   -10.22    5.91
   6364.241    22.837   -12.63    5.50
   6737.801    19.519    -8.88    4.17
   7111.274    16.661    -7.65    3.75
   7484.662    14.516    -5.75    3.24
   7857.964    12.595    -5.15    3.23
   8231.179    11.038    -4.17    2.80
   8604.309    10.864    -0.47    3.18
   8977.353    13.224     6.33    6.29
   9350.311    15.102     5.04    7.23
   9723.183    15.809     1.90    7.13
  10095.970    15.302    -1.36    6.00
  10468.671    16.443     3.06    6.62
  10841.286    18.983     6.81    8.25
  11213.816    22.255     8.78    7.69
  11586.260    25.471     8.64    5.72
  11958.619    29.262    10.18    5.82
  12330.893    35.021    15.47    8.47
  12703.082    39.079    10.90    7.09
  13075.185    39.951     2.34    5.38
  13447.203    37.826    -5.71    5.26
  13819.136    34.147    -9.89    3.92
  14190.983    32.215    -5.20    3.86
  14562.746    32.045    -0.46    4.26
  14934.424    33.240     3.22    5.76
  15306.017    35.572     6.27    6.84
  15677.525    40.215    12.50    5.83
  16048.949    43.293     8.29    4.41
  16420.288    43.485     0.52    3.82
  16791.542    41.244    -6.04    4.96
  17162.711    37.198   -10.90    5.91
  17533.796    34.845    -6.34    4.88
  17904.797    34.135    -1.92    4.31
  18275.713    34.894     2.05    4.26
  18646.544    36.354     3.94    3.49
  19017.292    35.389    -2.60    3.76
  19387.955    34.340    -2.83    2.99
  19758.534    34.828     1.32    3.34
  20129.028    35.228     1.08    3.57
  20499.439    36.234     2.72    3.19
  20869.766    36.473     0.64    3.12
  21240.009    36.449    -0.06    3.22
  21610.167    36.942     1.33    3.72
  21980.242    36.640    -0.82    3.76
  22350.234    36.661     0.06    3.51
  22720.141    36.548    -0.31    3.23
  23089.965    35.269    -3.46    3.33
  23459.705    35.198    -0.19    3.51
  23829.361    35.865     1.80    3.25
  24198.934    37.163     3.51    3.27
  24568.424    39.660     6.76    4.64
  24937.830    44.059    11.91    6.25
  25307.153    50.132    16.44    8.44
  25676.392    58.500    22.66    9.59
  26045.549    65.787    19.74    9.47
  26414.622    74.011    22.28    7.66
  26783.612    78.983    13.47    6.45
  27152.518    83.323    11.77    5.76
  27521.342    86.283     8.02    5.12
  27890.083    86.632     0.95    5.11
  28258.741    86.467    -0.45    4.52
  28627.316    86.571     0.28    4.20
  28995.809    85.933    -1.73    4.04
  29364.218    87.787     5.03    4.44
  29732.545    89.364     4.28    4.71
  30100.790    88.227    -3.09    5.09
  30468.951    86.915    -3.56    4.08
  30837.031    85.205    -4.65    3.06
  31205.027    84.424    -2.12    1.95
  31572.942    84.508     0.23    1.86
  31940.774    84.457    -0.14    1.88
  32308.523    83.946    -1.39    1.82
  32676.191    83.347    -1.63    3.35
  33043.776    83.036    -0.85    3.87
  33411.279    82.302    -2.00    3.82
  33778.700    81.561    -2.02    4.13
  34146.039    80.518    -2.84    3.57
  34513.296    78.962    -4.24    3.36
  34880.471    77.551    -3.84    2.13
  35247.565    78.285     2.00    2.54
  35614.576    78.813     1.44    2.60
  35981.506    78.739    -0.20    2.46
  36348.354    78.789     0.14    2.07
  36715.120    78.584    -0.56    2.04
  37081.805    79.827     3.39    2.98
  37448.408    82.087     6.16    3.63
  37814.930    84.525     6.65    4.36
  38181.370    87.405     7.86    4.11
  38547.729    90.448     8.31    3.95
  38914.007    93.294     7.77    4.12
  39280.203    95.132     5.02    4.44
  39646.318    95.247     0.31    5.70
  40012.352    94.161    -2.96    6.21
  40378.305    93.561    -1.64    6.59
  40744.177    92.845    -1.96    6.84
  41109.967    92.100    -2.04    6.83
  41475.677    89.302    -7.65    7.07
  41841.306    86.662    -7.22    6.21
  42206.854    86.700     0.10    5.50
  42572.322    89.538     7.76    7.21
  42937.708    94.924    14.74    8.29
  43303.014    98.766    10.52    9.30
  43668.239    99.924     3.17   10.63
  44033.384    97.630    -6.28   10.29
  44398.448    95.058    -7.04    7.00
  44763.432    96.195     3.12    5.80
  45128.335    98.247     5.62    6.62
  45493.158   100.492     6.15    6.82
  45857.901    99.173    -3.62    9.66
  46238.975    96.965    -5.80   11.92
  46620.551    95.186    -4.66   12.26
  47002.038    93.075    -5.53   10.92
  47383.435    90.277    -7.34   10.60
  47764.743    85.935   -11.39   10.11
  48145.962    83.933    -5.25   10.98
  48527.091    84.192     0.68   11.82
  48908.131    88.739    11.93   11.52
  49289.082    96.188    19.55    8.60
  49669.943   102.623    16.89    7.98
  50050.716   109.495    18.05    8.26
  50431.400   113.256     9.88    8.34
  50811.995   115.630     6.24    7.38
  51192.501   114.766    -2.27    6.84
  51572.918   112.772    -5.24    5.30
  51953.246   112.768    -0.01    4.21
  52333.486   113.591     2.16    3.21
  52713.637   114.661     2.82    3.37
  53093.700   114.803     0.37    3.41
  53473.674   113.479    -3.49    3.52
  53853.559   111.987    -3.93    2.42
  54233.357   112.490     1.33    3.34
  54613.066   113.070     1.53    3.95
  54992.686   114.613     4.06    4.19
  55372.219   115.965     3.56    3.38
  55751.663   115.708    -0.68    3.07
  56131.020   115.221    -1.28    3.85
  56510.288   113.747    -3.89    4.34
  56889.469   111.905    -4.86    3.64
  57268.561   111.390    -1.36    2.83
  57647.566   111.545     0.41    2.52
  58026.483   111.837     0.77    2.39
  58405.312   111.251    -1.55    2.81
  58784.054   109.162    -5.52    3.35
  59162.708   108.944    -0.58    3.59
  59541.274   108.973     0.08    4.11
  59919.753   110.179     3.19    4.41
  60298.145   112.003     4.82    3.90
  60676.449   112.600     1.58    4.41
  61054.666   115.662     8.10    5.89
  61432.796   119.512    10.18    7.49
  61810.838   124.812    14.02    6.44
  62188.794   128.413     9.53    4.94
  62566.662   130.334     5.08    4.30
  62944.443   129.263    -2.83    4.81
  63322.138   127.218    -5.42    4.78
  63699.745   124.683    -6.71    4.06
  64077.266   122.725    -5.19    3.06
  64454.700   120.894    -4.85    3.94
  64832.048   117.518    -8.95    5.91
  65209.308   112.002   -14.62    8.60
  65586.483   104.885   -18.87   10.12
  65963.570    96.757   -21.55    9.05
  66340.571    91.355   -14.33    6.94
  66717.486    90.030    -3.51    6.82
  67094.314    91.647     4.29    9.86
  67471.057    96.075    11.75   12.20
  67847.713    99.305     8.58   12.43
  68224.282   100.345     2.76   14.05
  68600.766   101.807     3.88   17.20
  68977.163   102.904     2.92   20.34
  69353.475   100.081    -7.50   20.45
  69729.701    94.406   -15.08   21.23
  70105.840    86.467   -21.10   17.26
  70481.894    80.666   -15.43   11.71
  70857.863    79.954    -1.89   10.38
  71233.745    83.854    10.38   13.45
  71609.542    85.826     5.25   13.31
  71985.253    88.390     6.82   14.73
  72360.879    89.277     2.36   16.26
  72736.419    90.245     2.58   16.09
  73111.874    90.166    -0.21   15.32
  73487.243    93.063     7.72   15.44
  73862.527   102.142    24.19   16.49
  74237.726   112.132    26.62   14.56
  74612.840   121.097    23.90   11.28
  74987.869   126.434    14.23    9.62
  75362.812   129.783     8.93    9.50
  75737.671   131.571     4.77    7.86
  76112.444   131.689     0.32    7.41
  76487.133   129.698    -5.31   10.60
  76861.737   127.701    -5.33   12.77
  77236.256   124.924    -7.41   14.85
  77610.690   121.742    -8.50   17.47
  77985.040   115.620   -16.35   19.28
  78359.305   112.745    -7.68   19.03
  78733.485   108.617   -11.03   18.37
  79107.581   105.306    -8.85   17.88
  79481.593   101.285   -10.75   15.36
  79855.520   101.914     1.68   13.02
  80229.363   103.293     3.69   13.48
  80603.121   108.215    13.17   15.91
  80976.795   114.313    16.32   16.19
  81350.386   119.555    14.03   12.91
  81723.892   124.121    12.23   10.83
  82097.313   128.571    11.92    9.77
  82470.651   132.701    11.06    7.73
  82843.905   134.459     4.71    6.70
  83217.076   133.605    -2.29    7.20
  83590.162   131.355    -6.03    7.48
  83963.164   129.439    -5.14    6.70
  84336.083   126.691    -7.37    5.31
  84708.918   122.102   -12.31    7.96
  85081.670   115.812   -16.88    9.25
  85454.338   111.690   -11.06    8.11
  85826.922   110.336    -3.63    6.74
  86199.423   110.218    -0.32    7.90
  86571.841   112.479     6.07    9.82
  86944.175   113.555     2.89   11.62
  87316.426   113.805     0.67   12.92
  87688.594   112.955    -2.29   13.04
  88060.679   112.022    -2.51   12.41
  88432.680   108.459    -9.58   11.81
  88804.599   105.895    -6.89   10.74
  89176.434   103.465    -6.53    7.50
  89548.187   103.963     1.34    6.10
  89919.857   106.083     5.70    6.86
  90291.444   110.489    11.86    6.71
  90662.948   113.609     8.40    6.25
  91034.369   114.508     2.42    5.82
  91405.708   112.165    -6.31    7.24
  91776.964   107.585   -12.34    7.99
  92148.137   104.277    -8.91    5.71
  92519.228   101.410    -7.72    2.73
  92890.237   100.041    -3.69    3.56
  93261.163    98.938    -2.98    4.45
  93632.006    97.607    -3.59    4.20
  94002.768    96.854    -2.03    4.55
  94373.447    96.845    -0.02    4.71
  94744.044    97.350     1.36    4.40
  95114.559    96.715    -1.71    5.20
  95484.992    95.855    -2.32    5.24
  95855.343    95.007    -2.29    4.07
  96225.612    95.071     0.17    3.54
  96595.799    97.196     5.74    3.58
  96965.904    98.201     2.72    3.15
  97335.927    98.359     0.43    3.52
  97705.869    98.785     1.15    3.40
  98075.729    99.175     1.05    3.31
  98445.507   100.945     4.79    3.60
  98815.203   104.192     8.78    4.57
  99184.819   107.652     9.36    6.77
  99554.352   112.152    12.18    8.55
  99923.804   117.787    15.25    8.17
 100293.175   121.093     8.95    5.09
 100662.465   121.489     1.07    4.58
 101031.673   118.369    -8.45    6.86
 101400.800   112.895   -14.83    7.97
 101769.846   106.995   -15.99    7.40
 102138.810   102.399   -12.45    6.22
 102507.694    99.006    -9.20    4.50
 102876.497    97.689    -3.57    4.01
 103245.218    97.917     0.62    5.04
 103613.859    99.855     5.26    6.15
 103982.419   100.521     1.81    7.11
 104350.898    99.924    -1.62    7.29
 104719.296    98.135    -4.86    7.38
 105087.614    95.745    -6.49    6.85
 105455.851    94.419    -3.60    7.10
 105824.008    91.530    -7.85    7.32
 106192.084    89.120    -6.55    6.29
 106560.079    87.990    -3.07    4.87
 106927.994    89.733     4.74    6.79
 107295.829    92.946     8.74    7.48
 107663.583    94.825     5.11    6.78
 108031.257    93.796    -2.80    7.42
 108398.851    89.740   -11.03    7.07
 108766.365    86.033   -10.09    6.04
 109133.798    83.468    -6.98    3.09
 109501.152    84.953     4.04    4.35
 109868.425    86.733     4.85    4.69
 110235.619    88.625     5.15    4.28
 110602.732    90.145     4.14    3.61
 110969.766    91.048     2.46    3.31
 111336.720    92.434     3.78    2.95
 111703.594    94.608     5.93    3.14
 112070.389    95.845     3.37    3.83
 112437.104    96.558     1.94    4.57
 112803.739    96.785     0.62    4.66
 113170.294    96.495    -0.79    4.02
 113536.771    97.915     3.88    3.77
 113903.167   100.188     6.20    3.70
 114269.485   102.591     6.56    3.68
 114635.723   104.291     4.64    2.75
 115001.882   104.462     0.47    2.43
 115367.961   102.535    -5.26    3.92
 115733.961   100.395    -5.85    3.85
 116099.882    98.099    -6.27    3.89
 116465.724    95.541    -6.99    4.41
 116831.487    92.874    -7.29    4.61
 117197.172    91.085    -4.89    3.22
 117562.777    91.150     0.18    3.71
 117928.303    91.925     2.12    3.71
 118293.750    92.984     2.90    3.60
 118659.119    94.843     5.09    4.88
 119024.409    99.291    12.17    7.10
 119389.620   105.627    17.35    8.03
 119754.752   114.255    23.63   11.65
 120119.806   123.027    24.03   12.02
 120484.782   131.415    22.98   10.07
 120860.544   139.015    20.22    8.20
 121241.952   143.421    11.55    7.30
 121623.273   144.695     3.34    6.11
 122004.507   143.706    -2.59    5.59
 122385.653   141.198    -6.58    4.65
 122766.713   137.272   -10.30    4.63
 123147.685   133.015   -11.18    7.42
 123528.570   127.885   -13.47    7.34
 123909.369   123.248   -12.17    5.91
 124290.081   119.048   -11.03    5.00
 124670.706   116.824    -5.84    5.17
 125051.244   117.305     1.26    5.30
 125431.696   118.855     4.07    5.34
 125812.061   120.262     3.70    5.31
 126192.339   120.087    -0.46    5.76
 126572.531   117.642    -6.43    7.21
 126952.637   115.105    -6.68    7.23
 127332.656   112.415    -7.08    6.95
 127712.589   110.895    -4.00    5.78
 128092.435   108.824    -5.45    5.21
 128472.196   105.835    -7.87    6.00
 128851.870   102.709    -8.23    6.75
 129231.459    98.521   -11.03    6.19
 129610.961    93.730   -12.62    6.54
 129990.377    87.655   -16.01   10.61
 130369.707    77.225   -27.49   14.96
 130748.952    65.195   -31.72   16.73
 131128.111    55.632   -25.22   11.38
 131507.184    58.685     8.05   16.61
 131886.171    69.779    29.27   21.54
 132265.073    82.235    32.87   18.86
 132643.889    93.048    28.54    7.39
 133022.620    96.440     8.96    7.01
 133401.265    98.687     5.93   10.18
 133779.825   105.685    18.48   12.21
 134158.300   113.787    21.41    9.86
 134536.689   119.786    15.85    8.32
 134914.993   121.958     5.74    6.20
 135293.212   119.495    -6.51    6.87
 135671.346   115.341   -10.98    7.49
 136049.394   109.521   -15.39    8.08
 136427.358   100.211   -24.63   13.38
 136805.237    90.450   -25.83   15.88
 137183.031    82.906   -19.97   14.46
 137560.740    78.855   -10.72   11.17
 137938.364    79.268     1.09   10.03
 138315.904    82.774     9.29    9.30
 138693.359    86.130     8.89   10.39
 139070.729    91.652    14.63   11.73
 139448.015    96.155    11.93   10.13
 139825.217    99.345     8.45    7.70
 140202.334   100.975     4.32    7.39
 140579.366   100.287    -1.82    8.93
 140956.315    96.087   -11.14   11.73
 141333.179    89.622   -17.15   15.87
 141709.958    82.385   -19.21   18.05
 142086.654    76.030   -16.87   15.77
 142463.266    72.344    -9.79   14.52
 142839.793    69.497    -7.56   13.77
 143216.237    67.575    -5.11   11.50
 143592.596    66.485    -2.90    9.06
 143968.872    68.068     4.21    9.03
 144345.064    74.276    16.50   10.84
 144721.172    82.385    21.56    9.80
 145097.197    90.458    21.47    7.33
 145473.137    96.099    15.00    5.73
 145848.995   100.439    11.55    5.14
 146224.768   103.945     9.33    4.26
 146600.458   106.761     7.49    3.45
 146976.065   109.095     6.21    2.40
 147351.589   110.266     3.12    2.16
 147727.029   110.875     1.62    1.84
 148102.385   111.344     1.25    2.01
 148477.659   111.936     1.58    2.29
 148852.849   111.642    -0.78    2.80
 149227.957   109.468    -5.80    5.93
 149602.981   105.006   -11.90    7.87
 149977.922   100.487   -12.05    6.53
 150352.781    98.119    -6.31    3.74
 150727.556    97.864    -0.68    2.71
 151102.249    97.505    -0.96    2.57
 151476.859    95.648    -4.96    3.30
 151851.386    93.320    -6.21    3.75
 152225.830    92.091    -3.28    3.96
 152600.192    95.255     8.45    8.01
 152974.471   100.459    13.90   10.73
 153348.668   103.703     8.67    9.91
 153722.782   101.132    -6.87   12.63
 154096.814    93.541   -20.29   14.91
 154470.764    84.187   -25.01   12.07
 154844.631    76.487   -20.59    4.71
 155218.416    73.048    -9.20    4.49
 155592.119    69.476    -9.56    4.27
 155965.740    66.339    -8.40    4.56
 156339.278    63.060    -8.78    2.86
 156712.735    61.395    -4.46    2.43
 157086.109    59.603    -4.80    2.20
 157459.402    58.208    -3.74    2.31
 157832.613    56.385    -4.88    2.90
 158205.742    53.555    -7.58    3.70
 158578.789    51.004    -6.84    3.32
 158951.755    49.035    -5.28    3.41
 159324.639    45.318    -9.97    5.99
 159697.441    40.344   -13.34    8.36
 160070.162    37.132    -8.62    7.66
 160442.801    34.150    -8.00    4.27
 160815.359    33.056    -2.94    3.25
 161187.836    33.821     2.05    3.46
 161560.231    36.683     7.68    6.68
 161932.544    42.270    15.01    9.35
 162304.777    46.986    12.67    7.66
 162676.929    48.433     3.89    6.43
 163048.999    44.966    -9.32    8.33
 163420.988    41.132   -10.31    6.75
 163792.896    40.299    -2.24    4.86
 164164.723    40.452     0.41    4.98
 164536.470    40.763     0.84    5.08
 164908.135    40.155    -1.64    4.61
 165279.720    39.497    -1.77    3.62
 165651.224    40.762     3.41    4.97
 166022.647    45.400    12.49    8.14
 166393.989    51.997    17.76   10.18
 166765.251    58.757    18.21    8.66
 167136.433    60.262     4.05    7.04
 167507.534    59.172    -2.94    7.31
 167878.554    56.374    -7.54    6.12
 168249.494    56.353    -0.06    5.61
 168620.354    58.395     5.51    6.68
 168991.133    60.572     5.87    6.41
 169361.832    63.323     7.42    4.17
 169732.451    64.793     3.96    3.71
 170102.990    67.000     5.96    5.20
 170473.449    70.735    10.08    6.30
 170843.827    74.264     9.53    5.21
 171214.126    75.784     4.10    4.04
 171584.345    75.526    -0.70    4.53
 171954.484    75.763     0.64    4.74
 172324.543    77.179     3.83    5.38
 172694.522    80.742     9.63    5.77
 173064.422    83.572     7.65    4.36
 173434.241    84.772     3.25    4.14
 173803.982    85.864     2.95    2.55
 174173.642    85.266    -1.62    2.79
 174543.223    83.258    -5.43    3.76
 174912.725    79.602    -9.89    4.90
 175282.147    75.945    -9.90    5.22
 175651.490    72.678    -8.84    3.88
 176020.754    70.245    -6.59    2.58
 176389.938    68.603    -4.45    3.52
 176759.043    65.630    -8.06    4.63
 177128.069    63.895    -4.70    3.90
 177497.016    62.958    -2.54    3.74
 177865.883    63.235     0.75    4.10
 178234.672    65.443     5.99    4.68
 178603.382    66.986     4.18    4.54
 178972.012    67.732     2.03    4.32
 179340.564    67.521    -0.57    4.28
 179709.037    65.576    -5.28    3.52
 180077.432    64.201    -3.73    2.75
 180445.747    63.803    -1.08    3.58
 180813.984    62.374    -3.88    4.02
 181182.142    61.436    -2.55    4.76
 181550.222    61.193    -0.66    5.86
 181918.223    59.595    -4.34    6.80
 182286.146    56.940    -7.22    8.88
 182653.990    52.835   -11.16    8.23
 183021.756    48.478   -11.84    4.41
 183389.444    48.596     0.32    4.88
 183757.053    50.802     6.00    5.15
 184124.584    54.228     9.32    7.58
 184492.037    60.462    16.96   11.01
 184859.412    67.319    18.66   11.59
 185226.709    73.245    16.13    9.51
 185593.927    75.325     5.66    6.23
 185961.068    73.364    -5.34    6.41
 186328.131    70.068    -8.98    5.82
 186695.116    64.689   -14.66    7.67
 187062.023    60.079   -12.56    9.42
 187428.852    58.572    -4.11    8.93
 187795.604    63.323    12.95   11.90
 188162.278    71.489    22.27   12.01
 188528.874    74.670     8.68    8.41
 188895.393    74.301    -1.01    7.33
 189261.834    73.606    -1.90    7.25
 189628.198    72.476    -3.08    6.56
 189994.484    72.379    -0.26    5.79
 190360.693    74.173     4.90    6.58
 190726.824    74.548     1.02    6.00
 191092.879    76.503     5.34    6.12
 191458.856    76.917     1.13    6.28
 191824.755    72.109   -13.14    9.26
 192190.578    65.673   -17.59   12.04
 192556.324    58.264   -20.25   11.63
 192921.992    54.772    -9.55    9.39
 193287.584    54.395    -1.03   12.23
 193653.098    57.450     8.36   16.04
 194018.536    60.003     6.98   17.09
 194383.896    58.323    -4.60   15.23
 194749.180    57.011    -3.59   13.22
 195114.388    57.916     2.48   11.78
 195485.241    61.599     9.93   11.52
 195866.479    70.093    22.28   13.44
 196247.633    76.762    17.50   12.77
 196628.702    83.446    17.54    8.10
 197009.686    86.081     6.91    6.40
 197390.585    84.760    -3.47    5.15
 197771.400    82.640    -5.57    5.55
 198152.129    80.478    -5.68    5.76
 198532.774    78.708    -4.65    4.02
 198913.335    78.793     0.22    5.02
 199293.811    78.668    -0.33    6.82
 199674.202    76.520    -5.65    7.72
 200054.509    74.221    -6.04    6.83
 200434.732    70.091   -10.86    6.44
 200814.870    66.443    -9.60    7.54
 201194.924    61.895   -11.96    7.29
 201574.894    58.514    -8.90    5.23
 201954.780    62.593    10.74   11.59
 202334.582    70.854    21.75   15.06
 202714.299    82.297    30.13   14.09
 203093.933    91.221    23.50    6.82
 203473.483    94.844     9.54    4.46
 203852.949    96.431     4.18    4.57
 204232.331    95.593    -2.21    5.59
 204611.629    92.507    -8.13    8.26
 204990.844    88.472   -10.64    8.30
 205369.974    85.072    -8.97    5.64
 205749.022    84.017    -2.78    3.97
 206127.986    84.967     2.51    3.39
 206506.866    85.316     0.92    3.25
 206885.663    86.150     2.20    4.64
 207264.376    87.821     4.41    4.90
 207643.006    90.843     7.98    4.82
 208021.553    93.130     6.04    3.69
 208400.017    92.999    -0.34    3.43
 208778.397    92.285    -1.89    4.64
 209156.695    89.864    -6.40    5.51
 209534.909    87.193    -7.06    6.70
 209913.040    84.020    -8.39    7.93
 210291.089    79.497   -11.96    7.94
 210669.054    75.967    -9.34    5.47
 211046.937    75.153    -2.15    4.33
 211424.737    76.619     3.88    4.83
 211802.454    79.046     6.42    4.08
 212180.088    79.201     0.41    3.44
 212557.640    76.937    -6.00    4.44
 212935.110    74.020    -7.73    4.51
 213312.496    70.562    -9.16    3.82
 213689.801    68.266    -6.08    2.59
 214067.022    66.632    -4.33    2.64
 214444.162    64.895    -4.61    2.90
 214821.219    64.243    -1.73    3.17
 215198.194    66.077     4.86    5.40
 215575.087    69.928    10.22    7.98
 215951.897    77.977    21.36   10.39
 216328.626    83.974    15.91    8.01
 216705.272    87.173     8.49    5.11
 217081.837    88.559     3.68    3.53
 217458.319    86.925    -4.34    4.50
 217834.720    84.341    -6.86    5.62
 218211.039    79.079   -13.98    7.38
 218587.276    72.874   -16.49    7.30
 218963.431    66.565   -16.77    6.62
 219339.505    64.014    -6.78    4.80
 219715.497    65.603     4.23    6.31
 220091.407    70.062    11.86    7.70
 220467.236    76.163    16.23    6.45
 220842.984    79.608     9.17    4.08
 221218.650    84.627    13.36    6.38
 221594.234    90.211    14.87    9.60
 221969.738    97.822    20.27   11.58
 222345.160   105.150    19.52   10.45
 222720.501   113.937    23.41   11.23
 223095.761   120.437    17.32    9.90
 223470.939   126.020    14.88    9.16
 223846.037   127.194     3.13    8.51
 224221.054   122.948   -11.32   11.05
 224595.989   115.701   -19.33   13.51
 224970.844   104.939   -28.71   12.88
 225345.618    95.926   -24.05   10.89
 225720.311    88.390   -20.11    7.84
 226094.924    82.163   -16.62    5.89
 226469.456    78.917    -8.66    3.90
 226843.907    76.544    -6.34    3.44
 227218.277    75.440    -2.95    2.23
 227592.567    75.516     0.20    2.33
 227966.777    74.618    -2.40    2.67
 228340.906    73.334    -3.43    3.22
 228714.955    71.906    -3.82    2.25
 229088.923    71.106    -2.14    1.79
 229462.811    70.485    -1.66    2.34
 229836.619    69.885    -1.60    2.79
 230210.347    69.769    -0.31    2.88
 230583.994    70.666     2.40    3.54
 230957.562    71.619     2.55    3.23
 231331.049    72.065     1.20    2.59
 231704.457    72.135     0.19    2.35
 232077.785    71.960    -0.47    2.53
 232451.032    72.099     0.37    3.44
 232824.200    71.108    -2.65    3.82
 233197.289    70.823    -0.76    3.36
 233570.297    70.962     0.37    2.99
 233943.226    71.678     1.92    3.13
 234316.075    72.851     3.14    2.73
 234688.845    72.447    -1.08    3.33
 235061.535    71.533    -2.45    3.69
 235434.145    70.739    -2.13    4.01
 235806.677    70.437    -0.81    3.99
 236179.129    70.822     1.03    3.95
 236551.501    71.395     1.54    3.38
 236923.794    70.843    -1.48    3.07
 237296.008    67.091   -10.08    6.97
 237668.143    61.116   -16.05    9.53
 238040.199    56.400   -12.67    8.77
 238412.176    51.113   -14.21    4.93
 238784.074    47.228   -10.44    5.59
 239155.892    44.440    -7.50    5.44
 239527.632    42.770    -4.49    3.98
 239899.293    43.667     2.41    4.48
 240270.875    48.956    14.23    7.91
 240642.379    53.960    13.47    8.78
 241013.803    59.782    15.67    8.88
 241385.149    64.385    12.39    7.20
 241756.417    66.489     5.67    5.72
 242127.606    66.225    -0.71    5.09
 242498.716    64.821    -3.78    3.81
 242869.748    61.416    -9.18    6.44
 243240.701    55.012   -17.26   10.06
 243611.576    48.436   -17.73   10.49
 243982.373    41.482   -18.75    5.86
 244353.091    38.742    -7.39    2.05
 244723.732    38.417    -0.88    1.79
 245094.294    41.187     7.47    5.33
 245464.778    46.764    15.05    9.86
 245835.183    55.565    23.76   12.77
 246205.511    63.512    21.46   10.92
 246575.761    71.541    21.68    6.23
 246945.933    74.569     8.18    3.98
 247316.027    73.979    -1.59    4.80
 247686.043    70.969    -8.13    6.14
 248055.982    66.580   -11.86    4.86
 248425.842    63.452    -8.46    4.17
 248795.625    60.874    -6.97    4.00
 249165.331    59.097    -4.81    3.37
 249534.958    58.074    -2.77    2.25
 249904.509    58.322     0.67    2.01
 250273.981    58.776     1.23    1.73
 250643.377    59.268     1.33    1.62
 251012.694    59.736     1.27    2.01
 251381.935    60.558     2.23    2.75
 251751.098    62.395     4.97    4.06
 252120.184    64.678     6.18    3.98
 252489.193    64.895     0.59    3.52
 252858.125    63.716    -3.19    4.36
 253226.979    61.008    -7.34    4.48
 253595.756    59.069    -5.26    3.03
 253964.457    59.832     2.07    3.14
 254333.080    60.584     2.04    2.87
 254701.627    60.395    -0.51    2.43
 255070.097    59.980    -1.13    2.14
 255438.489    59.070    -2.47    1.40
 255806.805    58.916    -0.42    1.28
 256175.045    59.091     0.48    1.20
 256543.207    58.999    -0.25    1.46
 256911.293    59.586     1.59    2.63
 257279.303    60.512     2.52    3.59
 257647.236    61.786     3.46    3.71
 258015.092    61.833     0.13    3.53
 258382.872    61.544    -0.79    2.93
 258750.576    60.400    -3.11    3.28
 259118.203    57.749    -7.21    4.33
 259485.754    55.100    -7.21    5.17
 259853.228    52.780    -6.31    4.76
 260220.627    50.396    -6.49    3.14
 260587.949    49.056    -3.65    2.48
 260955.195    48.362    -1.89    2.70
 261322.366    47.166    -3.26    3.80
 261689.460    46.183    -2.68    4.25
 262056.478    44.087    -5.71    4.55
 262423.420    42.020    -5.63    4.42
 262790.286    40.304    -4.68    3.53
 263157.077    39.364    -2.56    2.87
 263523.791    38.885    -1.31    2.35
 263890.430    39.704     2.23    2.18
 264256.994    40.816     3.03    2.39
 264623.481    41.012     0.53    2.70
 264989.893    40.455    -1.52    2.68
 265356.230    42.343     5.15    5.07
 265722.491    45.065     7.43    6.85
 266088.676    48.121     8.34    7.13
 266454.786    49.600     4.04    5.64
 266820.821    48.940    -1.80    4.92
 267186.780    46.323    -7.15    3.85
 267552.664    44.895    -3.90    2.66
 267918.473    45.379     1.32    3.29
 268284.207    47.800     6.62    5.03
 268649.865    50.316     6.88    5.88
 269015.449    52.800     6.79    5.93
 269380.957    53.958     3.17    5.32
 269746.391    54.655     1.91    5.39
 270112.711    55.040     1.05    4.97
 270493.781    55.097     0.15    5.22
 270874.768    53.586    -3.97    5.82
 271255.672    53.161    -1.11    5.41
 271636.494    52.480    -1.79    4.33
 272017.233    52.780     0.79    2.73
 272397.889    52.685    -0.25    2.25
 272778.463    52.443    -0.64    2.17
 273158.955    52.293    -0.39    2.01
 273539.364    52.708     1.09    2.28
 273919.691    53.423     1.88    2.21
 274299.935    53.447     0.06    2.14
 274680.098    53.247    -0.53    2.36
 275060.178    52.947    -0.79    2.69
 275440.176    52.439    -1.34    2.85
 275820.092    51.916    -1.38    3.01
 276199.926    51.906    -0.03    2.77
 276579.678    52.685     2.05    2.28
 276959.348    53.530     2.23    1.84
 277338.936    53.906     0.99    1.60
 277718.442    54.745     2.21    1.72
 278097.867    55.232     1.28    1.86
 278477.210    55.725     1.30    1.92
 278856.471    54.980    -1.96    2.20
 279235.650    53.959    -2.69    2.71
 279614.748    53.225    -1.94    2.99
 279993.765    53.002    -0.59    2.57
 280372.700    52.306    -1.84    3.07
 280751.554    51.048    -3.32    3.74
 281130.326    49.197    -4.88    3.67
 281509.017    47.091    -5.56    2.17
 281887.627    45.643    -3.83    3.56
 282266.156    42.948    -7.12    4.44
 282644.603    40.161    -7.36    4.72
 283022.970    37.746    -6.38    3.15
 283401.255    38.565     2.16    4.22
 283779.460    41.183     6.92    5.67
 284157.583    43.831     7.00    5.25
 284535.626    44.980     3.04    4.77
 284913.588    44.748    -0.62    5.06
 285291.469    42.689    -5.45    5.49
 285669.269    40.558    -5.64    5.24
 286046.988    37.962    -6.87    3.94
 286424.627    37.537    -1.12    3.47
 286802.186    37.412    -0.33    2.92
 287179.664    37.129    -0.75    2.31
 287557.061    36.672    -1.21    1.69
 287934.378    36.172    -1.32    1.70
 288311.615    36.121    -0.13    1.94
 288688.771    35.790    -0.88    2.05
 289065.847    35.659    -0.35    2.03
 289442.843    35.757     0.26    2.28
 289819.758    35.243    -1.36    2.93
 290196.594    34.464    -2.07    3.51
 290573.349    33.193    -3.37    4.44
 290950.025    31.597    -4.24    4.30
 291326.620    30.412    -3.15    3.94
 291703.136    30.172    -0.64    3.53
 292079.572    31.665     3.97    3.35
 292455.927    34.333     7.09    4.36
 292832.204    36.458     5.65    4.62
 293208.400    37.725     3.37    3.66
 293584.517    38.816     2.90    3.06
 293960.554    39.643     2.20    2.85
 294336.511    40.629     2.62    2.86
 294712.389    41.204     1.53    2.56
 295088.188    42.071     2.31    2.59
 295463.907    43.544     3.92    2.83
 295839.547    44.551     2.68    2.93
 296215.107    45.706     3.07    2.85
 296590.588    47.101     3.71    2.20
 296965.990    47.321     0.59    2.16
 297341.313    47.714     1.05    1.98
 297716.557    47.895     0.48    1.91
 298091.721    47.753    -0.38    2.48
 298466.807    45.246    -6.68    4.70
 298841.813    42.951    -6.12    5.05
 299216.741    40.885    -5.51    4.45
 299591.590    39.059    -4.87    3.14
 299966.360    38.527    -1.42    2.09
 300341.051    38.418    -0.29    1.71
 300715.664    38.400    -0.05    2.24
 301090.197    38.584     0.49    2.57
 301464.653    38.984     1.07    2.49
 301839.029    38.258    -1.94    2.49
 302213.327    38.898     1.71    2.55
 302587.547    39.294     1.06    2.27
 302961.688    38.808    -1.30    2.33
