# NaN NaN NaN ;Mean Elev.(m), Avg Gradient(m/km), RMS Gradient(m/km) - SRTM1     
#  -37.621  -0.438  36.734 ;Mean Elev.(m), Avg Gradient(m/km), RMS Gradient(m/km) - ASTER GDEM
#    1.166  -2.551   4.962 ;Mean Elev.(m), Avg Gradient(m/km), RMS Gradient(m/km) - GMTED2010 
  8  85.901977  68.942640     1.621     1.467  3 52485.61467543 34.932
  9  85.905562  68.944913     8.101    10.683  3 52520.61464136 17.883
 10  85.890186  68.935868     0.599     0.622  3 52555.61469133 43.800
 11  85.900723  68.940293     1.062     0.709  3 52590.61468121 17.704
 12  85.912564  68.945466     1.399     1.399  2 52625.61460917 12.578
 13  85.898396  68.942239    38.436    35.531  3 52660.61464697  8.722
 14  85.889268  68.935611    46.588    50.402  3 52695.61462546  5.946
 15  85.903460  68.942834    36.647    35.186  3 52730.61465576  6.681
 16  85.907191  68.943626    38.153    37.364  3 52765.61466597  7.851
 17  85.891517  68.935270    10.308    10.317  3 52800.61465886 49.853
 18  85.895622  68.936494     1.084     1.087  3 52835.61472640 45.952
 19  85.899312  68.940578     8.824    12.150  3 52870.61476820 21.922
 20  85.903675  68.942100     7.663     5.515  3 52905.61476828 17.596
 21  85.888660  68.935599     0.727     0.776  3 52940.61469942 32.398
 23  85.900134  68.939764    41.610    44.660  3 53010.61475059  9.684
 24  85.890833  68.936212    45.307    46.831  3 53045.61471320  8.337
 25  85.898282  68.941096    46.387    47.869  3 53080.61474794  6.915
 26  85.890626  68.933678    44.507    44.676  3 53115.61471742  6.194
 28  85.901378  68.942685     5.907     4.919  3 53185.61475511 23.651
 29  85.903459  68.942144     5.696     3.408  3 53220.61478084 22.007
 30  85.905641  68.944547     1.222     1.194  3 53255.61475792 49.834
 32  85.904346  68.942327     4.505     3.100  3 53325.61474338 12.456
 33  85.907238  68.946804    27.843    26.665  3 53360.61470307  8.424
 34  85.890990  68.937272    40.226    38.240  3 53395.61472089  7.331
 35  85.907899  68.945459    29.063    26.269  3 53430.61471442  8.069
 36  85.890567  68.936931    35.800    36.349  3 53465.61474222  6.857
 37  85.895619  68.938446    39.703    39.413  3 53500.61480241  4.353
 38  85.903349  68.942298    11.972    11.783  3 53535.61479129 20.296
 39  85.900010  68.939533    12.634    12.787  3 53570.61480064 19.152
 40  85.910226  68.946411     8.589    11.513  3 53605.61474917 16.354
 41  85.888515  68.936259    12.071    12.122  3 53640.61474759 15.544
 42  85.897168  68.937716     1.405     1.438  3 53675.61476722 26.476
 43  85.910768  68.946881     1.039     1.039  2 53710.61469837 11.811
 44  85.888805  68.934883    32.432    30.648  3 53745.61460655 10.114
 45  85.901503  68.942961    22.691    25.911  3 53780.61463898  9.412
 46  85.915450  68.948445     1.154     1.084  3 53815.61460895 10.243
 47  85.891248  68.934731    33.511    36.193  3 53850.61467326  7.743
 48  85.902000  68.942662     5.150     5.161  3 53885.61468452 30.875
 49  85.895291  68.936486    10.694    10.548  3 53920.61475246 21.172
 50  85.897100  68.938517    13.073    12.967  3 53955.61475083 14.140
 51  85.914894  68.947549     1.105     1.047  3 53990.61467071 45.447
 52  85.892411  68.936796     1.411     1.411  2 54025.61473467 39.329
 53  85.902809  68.943181     1.864     1.313  3 54060.61472862 14.319
 54  85.908446  68.945596     5.901     5.901  2 54095.61470344 10.662
 55  85.890932  68.935227    38.114    36.575  3 54130.61464802  6.342
 56  85.903435  68.942784    33.310    33.744  3 54165.61467482  7.503
 57  85.891887  68.937900    10.424    12.253  3 54200.61465139 11.266
 59  85.901097  68.941952    10.625    12.129  3 54270.61470991 18.964
 60  85.899034  68.941066     0.920     0.975  3 54305.61471254 25.392
 61  85.904171  68.944913     1.820     1.751  3 54340.61469542 36.322
 62  85.897083  68.938126    11.641    11.770  3 54375.61464646 20.331
 63  85.900436  68.941821     1.792     1.874  3 54410.61464138 22.689
 64  85.891448  68.935576    39.412    37.428  3 54445.61460971  9.403
 65  85.900962  68.941222    40.932    40.932  2 54480.61463243  6.819
 66  85.891203  68.937366    38.340    36.289  3 54515.61462432  6.000
 67  85.903553  68.945024    48.774    47.932  3 54550.61464616  2.813
 68  85.898471  68.939784    39.492    39.825  3 54585.61462035  3.308
 69  85.899609  68.940690    12.180    12.180  2 54620.61463965 22.605
 70  85.898650  68.941428    12.284    12.340  3 54655.61465021 18.715
 71  85.902160  68.943367     5.241     1.984  3 54690.61463614 19.092
 72  85.891873  68.937738     2.966     3.057  3 54725.61460045 32.450
 73  85.901361  68.940677     0.880     0.937  3 54760.61461219 40.468
 74  85.888414  68.935692     0.194     0.297  3 54795.61459339 18.262
 75  85.900609  68.940322    25.859    32.845  3 54830.61461233 10.927
 76  85.892719  68.937022    30.813    30.813  2 54865.61458848 10.199
 77  85.904004  68.941791    29.335    29.145  3 54900.61461146  9.313
 78  85.894344  68.939734    37.842    36.103  3 54935.61458047  7.155
 80  85.899070  68.940466    12.327    12.220  3 55005.61463272 19.596
 81  85.899319  68.942247     7.972     9.935  3 55040.61462091 18.572
 82  85.904797  68.943208     6.436     6.436  2 55075.61460298 18.322
 83  85.895171  68.937343    12.871    12.877  3 55110.61455263 16.491
 85  85.890452  68.935614    31.814    31.814  2 55180.61452937 11.977
 86  85.903328  68.940905    16.111     6.808  3 55215.61455025 11.484
 87  85.894001  68.938833    38.100    34.688  3 55250.61452670  8.973
 88  85.904400  68.943143    33.225    33.646  3 55285.61454442  8.901
 89  85.899839  68.940860    35.737    35.555  3 55320.61451751  5.912
 90  85.902228  68.940725    11.542    11.350  3 55355.61451795 45.154
 91  85.893690  68.937679     1.705     1.705  2 55390.61451789 52.263
 92  85.900540  68.941061     6.574     6.574  2 55425.61453499 24.582
 93  85.905663  68.945387     1.871     1.385  3 55460.61450378 20.622
