-172518.631   427.788     0.00    4.43
-172151.596   429.531     4.75    5.24
-171784.489   431.729     5.99    5.79
-171417.312   433.512     4.86    6.12
-171050.065   434.888     3.75    5.05
-170682.746   438.748    10.51    5.63
-170315.356   441.756     8.19    4.82
-169947.896   445.549    10.32    5.72
-169580.364   449.246    10.06    4.62
-169212.762   452.502     8.86    5.27
-168845.088   454.368     5.07    6.11
-168477.344   453.435    -2.54    6.46
-168109.528   452.534    -2.45    6.82
-167741.641   451.437    -2.98    7.41
-167373.683   451.535     0.27    8.16
-167005.653   455.956    12.01   12.19
-166637.553   460.334    11.89   11.92
-166269.380   462.362     5.51   10.90
-165901.137   461.412    -2.58   11.20
-165532.822   457.019   -11.93    9.10
-165164.436   451.367   -15.34   10.08
-164795.978   447.210   -11.28   11.70
-164427.449   441.848   -14.55   13.40
-164058.848   436.567   -14.33   11.55
-163690.175   435.911    -1.78   10.42
-163321.431   435.376    -1.45    9.26
-162952.615   438.244     7.77    8.07
-162583.728   440.822     6.99    7.24
-162214.768   442.199     3.73    6.16
-161845.737   442.058    -0.38    4.37
-161476.634   439.915    -5.81    5.60
-161107.458   437.237    -7.25    4.93
-160738.211   435.384    -5.02    4.61
-160368.892   434.042    -3.63    4.56
-159999.501   433.512    -1.43    4.05
-159630.038   434.959     3.92    5.44
-159260.503   437.234     6.15    6.25
-158890.895   442.705    14.80   11.85
-158521.216   447.507    12.99   13.12
-158151.464   449.671     5.85   13.42
-157781.639   448.638    -2.79   13.44
-157411.743   442.929   -15.43   11.83
-157041.774   437.845   -13.74    6.77
-156671.733   435.362    -6.71    3.33
-156301.619   434.515    -2.29    3.12
-155931.432   434.992     1.29    3.03
-155561.173   435.702     1.92    3.31
-155190.842   438.526     7.63    5.21
-154820.438   442.120     9.70    6.47
-154449.961   445.649     9.52    6.77
-154079.412   446.315     1.80    8.97
-153708.789   442.749    -9.62   14.46
-153338.094   432.783   -26.88   17.50
-152967.326   420.513   -33.09   16.09
-152596.485   409.208   -30.48   16.53
-152225.572   395.968   -35.69   18.92
-151854.585   383.428   -33.80   24.93
-151483.525   370.627   -34.50   27.63
-151112.393   356.896   -36.99   27.99
-150741.187   343.241   -36.78   31.66
-150369.908   326.749   -44.41   34.30
-149998.555   304.041   -61.14   38.16
-149627.130   275.671   -76.37   36.84
-149255.631   248.870   -72.13   30.34
-148884.059   227.237   -58.22   23.24
-148512.414   211.339   -42.77   16.63
-148140.695   200.081   -30.28   13.04
-147768.903   190.437   -25.94   11.89
-147397.037   182.092   -22.44   11.93
-147025.098   173.843   -22.18   10.96
-146653.085   163.704   -27.25   11.88
-146280.998   153.615   -27.11   13.34
-145908.838   143.296   -27.72   12.53
-145536.604   134.424   -23.83   14.00
-145164.297   124.092   -27.75   15.59
-144791.915   116.615   -20.08   13.35
-144419.460   117.845     3.30   16.68
-144046.931   125.659    20.97   21.57
-143674.328   136.255    28.43   19.82
-143301.651   145.076    23.67    9.63
-142928.900   144.842    -0.63    8.39
-142556.075   136.087   -23.48   13.94
-142183.176   127.580   -22.81   13.46
-141810.202   125.492    -5.60   14.58
-141437.155   128.722     8.66   18.86
-141064.033   138.233    25.49   21.56
-140690.837   146.686    22.65   17.16
-140317.567   150.804    11.03   14.02
-139944.222   151.544     1.98   14.03
-139570.803   149.109    -6.52   12.57
-139197.309   146.960    -5.75   12.37
-138823.741   143.208   -10.04   12.12
-138450.099   138.734   -11.97   10.70
-138076.382   134.999    -9.99    8.39
-137702.590   133.132    -5.00    7.37
-137328.723   132.365    -2.05    5.12
-136954.782   132.387     0.06    4.50
-136580.766   133.977     4.25    4.60
-136206.675   136.501     6.75    5.30
-135832.510   138.450     5.21    5.74
-135458.269   138.396    -0.14    6.81
-135083.954   136.889    -4.03    7.99
-134709.563   133.649    -8.65    7.98
-134335.098   129.259   -11.72    5.99
-133960.557   126.035    -8.61    4.67
-133585.942   124.015    -5.39    2.56
-133211.251   124.454     1.17    2.82
-132836.485   126.779     6.21    4.01
-132461.644   129.178     6.40    4.68
-132086.727   131.660     6.62    4.50
-131711.735   133.822     5.76    3.34
-131336.668   131.626    -5.85    5.42
-130961.525   128.348    -8.74    6.85
-130586.307   125.748    -6.93    6.71
-130211.013   123.787    -5.23    6.12
-129835.644   122.904    -2.35    6.22
-129460.199   123.158     0.68    6.96
-129084.679   121.926    -3.28    6.87
-128709.082   120.199    -4.60    5.65
-128333.410   118.526    -4.45    4.17
-127957.662   117.274    -3.33    3.32
-127581.839   114.505    -7.37    3.86
-127205.939   112.035    -6.57    3.70
-126829.964   110.392    -4.37    3.57
-126453.912   109.637    -2.01    3.30
-126077.785   110.801     3.10    3.94
-125701.581   112.783     5.27    5.30
-125325.302   116.480     9.82    5.95
-124948.946   118.974     6.63    5.03
-124572.514   119.483     1.35    4.68
-124196.006   117.853    -4.33    5.09
-123819.421   114.848    -7.98    5.32
-123442.760   112.649    -5.84    4.88
-123066.023   110.459    -5.81    4.62
-122689.209   110.417    -0.11    5.06
-122312.319   109.526    -2.36    5.53
-121935.352   108.335    -3.16    5.31
-121558.309   107.759    -1.53    5.16
-121181.189   108.744     2.61    6.44
-120803.992   111.992     8.61    7.26
-120426.719   114.778     7.38    6.69
-120049.369   116.219     3.82    7.51
-119671.942   115.681    -1.42    7.95
-119294.438   114.348    -3.53    7.42
-118916.858   113.063    -3.40    5.90
-118539.200   112.065    -2.64    4.21
-118161.466   112.557     1.30    3.44
-117783.654   114.054     3.96    3.32
-117405.765   115.327     3.37    2.89
-117027.799   116.337     2.67    2.68
-116649.757   117.387     2.78    3.67
-116271.636   118.781     3.69    4.13
-115893.439   120.568     4.72    4.09
-115515.164   121.937     3.62    2.80
-115136.812   122.068     0.35    2.35
-114758.382   122.310     0.64    2.41
-114379.875   122.615     0.80    3.24
-114001.291   123.367     1.99    3.16
-113622.629   123.697     0.87    2.92
-113243.889   122.889    -2.13    3.10
-112865.072   122.894     0.01    3.65
-112486.177   123.875     2.59    4.77
-112107.204   126.870     7.90    6.39
-111728.153   131.832    13.09    6.86
-111349.025   135.545     9.79    6.26
-110969.819   139.039     9.21    4.74
-110590.534   141.812     7.31    5.13
-110211.172   144.680     7.56    6.39
-109831.732   147.626     7.76    5.98
-109452.214   151.310     9.71    5.06
-109072.617   152.670     3.58    4.34
-108692.943   153.307     1.68    4.21
-108313.190   154.019     1.88    3.96
-107933.359   153.484    -1.41    3.60
-107553.450   152.293    -3.14    3.02
-107173.462   152.526     0.61    2.83
-106793.396   153.353     2.18    2.75
-106413.251   153.746     1.03    2.45
-106033.028   153.715    -0.08    2.75
-105652.726   152.933    -2.05    3.14
-105272.346   150.470    -6.47    4.99
-104891.887   147.905    -6.74    7.19
-104511.350   143.815   -10.75    7.20
-104130.733   140.443    -8.86    7.02
-103750.038   134.559   -15.45    9.60
-103375.818   128.125   -17.19   11.69
-103010.060   122.215   -16.16    9.37
-102644.230   118.941    -8.95    5.70
-102278.329   118.456    -1.33    4.94
-101912.355   118.977     1.43    4.89
-101546.310   121.132     5.89    5.21
-101180.192   124.314     8.69    7.88
-100814.003   127.250     8.02    9.18
-100447.741   129.410     5.90    8.73
-100081.408   129.873     1.26    6.93
 -99715.002   129.843    -0.08    5.06
 -99348.524   129.404    -1.20    4.71
 -98981.974   130.070     1.82    5.47
 -98615.352   132.472     6.55    7.08
 -98248.657   135.831     9.16    8.79
 -97881.890   140.395    12.44   10.12
 -97515.050   145.743    14.58    8.69
 -97148.138   148.169     6.61    6.97
 -96781.154   150.150     5.40    5.92
 -96414.097   152.892     7.47    5.17
 -96046.967   155.347     6.69    5.51
 -95679.765   157.131     4.86    5.53
 -95312.490   158.978     5.03    5.11
 -94945.143   160.175     3.26    5.48
 -94577.723   161.692     4.13    5.43
 -94210.230   162.335     1.75    5.92
 -93842.664   161.615    -1.96    5.84
 -93475.025   159.337    -6.20    6.72
 -93107.313   155.854    -9.47    7.62
 -92739.529   151.045   -13.07    7.56
 -92371.671   144.354   -18.19   10.92
 -92003.740   138.728   -15.29   10.93
 -91635.737   134.131   -12.49    9.15
 -91267.660   131.926    -5.99    7.16
 -90899.510   130.810    -3.03    7.65
 -90531.287   131.337     1.43    8.26
 -90162.990   132.992     4.49    7.00
 -89794.620   134.136     3.11    7.02
 -89426.177   135.404     3.44    7.62
 -89057.660   136.147     2.02    7.34
 -88689.071   136.410     0.71    7.45
 -88320.407   135.701    -1.92    8.20
 -87951.670   134.533    -3.17    8.33
 -87582.859   132.228    -6.25    9.26
 -87213.975   129.296    -7.95   11.12
 -86845.018   124.865   -12.01   12.20
 -86475.986   121.757    -8.42   11.48
 -86106.881   118.966    -7.56    8.84
 -85737.702   118.636    -0.89    7.26
 -85368.449   119.559     2.50    6.99
 -84999.122   122.625     8.30    9.52
 -84629.721   126.376    10.15   10.59
 -84260.247   129.340     8.02    9.62
 -83890.698   130.990     4.46    9.76
 -83521.076   133.430     6.60   10.08
 -83151.379   134.870     3.90   10.42
 -82781.608   135.941     2.89    9.65
 -82411.763   136.522     1.57    7.45
 -82041.844   134.999    -4.12    7.22
 -81671.850   132.580    -6.54    9.94
 -81301.782   127.234   -14.45   12.54
 -80931.640   121.376   -15.83   13.28
 -80561.423   116.851   -12.22   11.26
 -80191.132   112.649   -11.35    8.80
 -79820.767   108.539   -11.10    8.78
 -79450.327   103.270   -14.22    8.35
 -79079.812    98.711   -12.30    7.95
 -78709.223    95.351    -9.07    8.08
 -78338.559    93.329    -5.45    8.65
 -77967.820    93.051    -0.75    7.35
 -77597.006    94.603     4.19    5.65
 -77226.118    96.658     5.54    6.43
 -76855.155    99.301     7.12    8.13
 -76484.117   101.636     6.29    9.03
 -76113.004   103.126     4.01   10.10
 -75741.816   103.169     0.12   10.39
 -75370.553   101.799    -3.69    9.77
 -74999.215   100.412    -3.73    8.53
 -74627.802   100.703     0.78    7.19
 -74256.314   101.756     2.84    7.18
 -73884.750   102.432     1.82    8.33
 -73513.111   102.037    -1.06    8.91
 -73141.397   103.174     3.06   10.08
 -72769.608   105.781     7.01   12.86
 -72397.743   110.351    12.29   14.50
 -72025.803   116.751    17.21   14.64
 -71653.787   119.744     8.04   14.59
 -71281.696   121.660     5.15   16.21
 -70909.529   118.862    -7.52   20.90
 -70537.286   114.132   -12.71   24.18
 -70164.968   107.919   -16.69   24.51
 -69792.574    99.944   -21.41   24.56
 -69420.105    93.778   -16.55   21.27
 -69047.559    88.373   -14.51   22.08
 -68674.938    81.980   -17.16   21.15
 -68302.241    76.166   -15.60   19.85
 -67929.468    68.604   -20.29   15.24
 -67556.619    65.063    -9.50   10.60
 -67183.694    63.453    -4.32    5.96
 -66810.692    64.069     1.65    4.96
 -66437.615    64.496     1.14    4.54
 -66064.462    62.918    -4.23    7.55
 -65691.232    52.615   -27.60   18.97
 -65317.926    39.274   -35.74   25.05
 -64944.544    22.264   -45.55   23.24
 -64571.085    12.304   -26.67   15.50
 -64197.550    15.976     9.83   19.13
 -63823.939    24.736    23.44   21.72
 -63450.251    37.875    35.16   19.82
 -63076.486    49.756    31.78   12.76
 -62702.645    56.517    18.08    8.71
 -62328.727    59.789     8.75    7.04
 -61954.733    61.292     4.02    6.48
 -61580.662    62.560     3.39    6.13
 -61206.514    63.714     3.08    5.25
 -60832.289    65.441     4.62    3.40
 -60457.987    66.170     1.95    3.19
 -60083.609    66.441     0.72    3.48
 -59709.153    65.660    -2.09    3.86
 -59334.621    65.299    -0.96    4.22
 -58960.011    64.365    -2.50    4.71
 -58585.325    62.712    -4.41    4.83
 -58210.561    61.309    -3.75    4.50
 -57835.720    61.840     1.42    4.26
 -57460.802    61.959     0.32    3.73
 -57085.806    61.711    -0.66    3.28
 -56710.733    59.856    -4.95    3.83
 -56335.583    57.335    -6.72    4.84
 -55960.355    55.660    -4.46    4.77
 -55585.050    55.930     0.72    4.91
 -55209.667    58.444     6.70    5.43
 -54834.207    60.615     5.78    4.90
 -54458.669    62.217     4.27    3.83
 -54083.054    63.147     2.48    4.69
 -53707.360    63.948     2.13    5.74
 -53331.589    63.518    -1.14    6.27
 -52955.740    62.808    -1.89    6.75
 -52579.814    61.991    -2.17    6.08
 -52203.809    59.839    -5.72    6.26
 -51827.726    54.462   -14.30    8.22
 -51451.566    46.929   -20.03   12.06
 -51075.327    35.441   -30.53   14.85
 -50699.010    25.248   -27.08   15.67
 -50322.615    16.462   -23.34   14.82
 -49946.142     9.337   -18.93   12.47
 -49569.591     3.734   -14.88    7.05
 -49192.961     0.581    -8.37    2.95
 -48816.253    -0.385    -2.57    0.00
 -48439.467    -0.385     0.00    0.00
 -48062.602    -0.385     0.00    0.00
 -47685.659    -0.385     0.00    0.00
 -47308.637    -0.385     0.00    0.00
 -46931.536    -0.385     0.00    0.00
 -46554.357    -0.385     0.00    0.00
 -46177.100    -0.385     0.00    0.00
 -45799.763    -0.342     0.11    0.33
 -45422.348     0.746     2.88    3.10
 -45044.854     5.051    11.40    9.40
 -44667.281    11.054    15.90   13.49
 -44289.629    18.508    19.74   14.48
 -43911.898    23.148    12.28   12.14
 -43534.088    25.973     7.48   10.81
 -43156.199    24.526    -3.83   10.13
 -42778.231    21.952    -6.81    8.68
 -42400.184    18.582    -8.91    6.84
 -42022.057    14.930    -9.66    3.66
 -41643.852    13.004    -5.09    3.76
 -41265.566    11.507    -3.96    2.61
 -40887.202    10.967    -1.43    1.98
 -40508.758    10.797    -0.45    2.09
 -40130.235    10.367    -1.14    1.94
 -39751.632    10.678     0.82    2.05
 -39372.950    11.087     1.08    2.14
 -38994.188    12.023     2.47    1.93
 -38615.346    12.792     2.03    1.71
 -38236.424    12.658    -0.36    1.96
 -37857.423    11.862    -2.10    1.87
 -37478.342    11.593    -0.71    1.58
 -37099.181    11.534    -0.16    1.95
 -36719.941    12.338     2.12    2.08
 -36340.620    12.879     1.43    2.10
 -35961.219    12.421    -1.21    2.11
 -35581.738    12.336    -0.23    2.09
 -35202.178    12.464     0.34    2.37
 -34822.536    12.231    -0.61    2.37
 -34442.815    12.517     0.75    2.12
 -34063.014    11.498    -2.68    3.57
 -33683.132     8.034    -9.12    5.62
 -33303.170     4.879    -8.30    6.01
 -32923.127     1.817    -8.06    4.27
 -32543.004    -0.352    -5.70    0.18
 -32162.800    -0.385    -0.09    0.00
 -31782.516    -0.385     0.00    0.00
 -31402.151    -0.385     0.00    0.00
 -31021.706    -0.244     0.37    0.86
 -30641.180     3.455     9.72   10.80
 -30260.573    16.615    34.57   22.62
 -29879.885    31.412    38.87   25.14
 -29499.116    47.399    41.98   18.39
 -29118.267    57.668    26.96    9.63
 -28738.785    62.992    14.03    7.67
 -28373.256    64.168     3.22    7.09
 -28007.654    65.059     2.44    7.17
 -27641.979    63.955    -3.02    6.95
 -27276.229    62.592    -3.73    5.89
 -26910.406    60.189    -6.57    5.17
 -26544.510    58.889    -3.55    5.04
 -26178.539    58.104    -2.15    5.45
 -25812.495    58.217     0.31    5.39
 -25446.377    58.435     0.60    4.99
 -25080.186    58.891     1.25    4.61
 -24713.920    59.104     0.58    4.63
 -24347.580    60.870     4.82    4.36
 -23981.166    61.109     0.65    5.11
 -23614.678    57.785    -9.07    7.75
 -23248.117    54.527    -8.89    8.46
 -22881.481    54.152    -1.02    8.54
 -22514.770    53.423    -1.99    8.09
 -22147.986    54.234     2.21    8.19
 -21781.127    53.561    -1.83    8.32
 -21414.194    52.704    -2.34    8.16
 -21047.187    53.794     2.97    8.83
 -20680.105    53.159    -1.73    8.40
 -20312.948    53.130    -0.08    9.02
 -19945.718    53.660     1.44    9.22
 -19578.412    51.604    -5.60    9.46
 -19211.032    50.206    -3.80    8.89
 -18843.578    52.104     5.16    9.96
 -18476.049    51.881    -0.61    8.90
 -18108.445    56.221    11.81    8.81
 -17740.766    59.446     8.77    8.57
 -17373.012    60.768     3.60    8.88
 -17005.184    61.836     2.90    7.58
 -16637.280    61.604    -0.63    7.01
 -16269.302    60.923    -1.85    7.00
 -15901.249    60.237    -1.86    6.25
 -15533.120    57.657    -7.01    7.03
 -15164.917    55.912    -4.74    7.47
 -14796.638    53.669    -6.09    9.45
 -14428.285    48.443   -14.19   13.29
 -14059.856    44.165   -11.61   14.03
 -13691.351    39.412   -12.90   12.62
 -13322.772    35.937    -9.43   11.26
 -12954.117    33.341    -7.04   10.22
 -12585.387    36.910     9.68   13.44
 -12216.581    43.232    17.14   13.89
 -11847.699    49.353    16.59   11.47
 -11478.743    52.204     7.73    8.04
 -11109.710    47.851   -11.80   12.35
 -10740.602    36.486   -30.79   18.30
 -10371.418    26.795   -26.25   19.30
 -10002.159    15.023   -31.88   14.36
  -9632.823     8.141   -18.63    3.63
  -9263.412     6.873    -3.43    1.66
  -8893.925     6.891     0.05    1.36
  -8524.362     6.822    -0.19    1.43
  -8154.724     7.157     0.91    1.30
  -7785.009     7.324     0.45    1.32
  -7415.218     7.444     0.33    1.20
  -7045.351     7.781     0.91    1.26
  -6675.408     7.306    -1.28    2.60
  -6305.388     6.464    -2.28    3.78
  -5935.293     5.168    -3.50    4.32
  -5565.121     3.984    -3.20    4.45
  -5194.872     2.787    -3.23    4.21
  -4824.548     2.051    -1.99    3.99
  -4454.147     1.245    -2.18    3.39
  -4083.669     0.400    -2.28    2.26
  -3713.115    -0.030    -1.16    1.37
  -3342.484    -0.301    -0.73    0.65
  -2971.777    -0.363    -0.17    0.21
  -2600.993    -0.385    -0.06    0.00
  -2230.133    -0.385     0.00    0.00
  -1859.195    -0.385     0.00    0.00
  -1488.181    -0.385     0.00    0.00
  -1117.090    -0.385     0.00    0.00
   -745.922    -0.385     0.00    0.00
   -374.677    -0.385     0.00    0.00
     -3.355    -0.385     0.00    0.00
    368.044    -0.385     0.00    0.00
    739.520    -0.385     0.00    0.00
   1111.073    -0.385     0.00    0.00
   1482.703    -0.385     0.00    0.00
   1854.411    -0.385     0.00    0.00
   2226.196    -0.385     0.00    0.00
   2598.058    -0.385     0.00    0.00
   2969.998    -0.385     0.00    0.00
   3342.015    -0.385     0.00    0.00
   3714.109    -0.385     0.00    0.00
   4086.281    -0.385     0.00    0.00
   4458.531     0.615     2.69    4.04
   4830.858     2.767     5.78    7.17
   5203.263     4.966     5.90    7.57
   5575.745     6.881     5.14    7.22
   5948.306     9.888     8.07    6.96
   6320.944    13.402     9.43    6.23
   6693.660    15.487     5.59    3.64
   7066.454    16.008     1.40    4.14
   7439.326    16.658     1.74    4.10
   7812.275    19.173     6.74    5.85
   8185.303    23.061    10.43    7.77
   8558.409    28.425    14.38    8.12
   8931.594    32.384    10.61    6.28
   9304.856    33.183     2.14    6.80
   9678.196    32.833    -0.94    8.24
  10051.615    32.423    -1.10    8.98
  10425.113    31.452    -2.60    8.80
  10798.688    31.338    -0.30    7.65
  11172.342    30.661    -1.81    6.73
  11546.075    29.478    -3.16    6.89
  11919.886    27.812    -4.46    6.57
  12293.776    27.825     0.03    6.27
  12667.744    28.668     2.25    6.78
  13041.791    30.930     6.05    7.45
  13415.917    31.163     0.62    7.80
  13790.121    30.519    -1.72    7.53
  14164.404    28.998    -4.06    6.85
  14538.767    29.232     0.63    6.35
  14913.208    29.678     1.19    6.51
  15287.728    30.764     2.90    5.41
  15662.327    31.604     2.24    4.11
  16037.005    29.242    -6.30    5.07
  16411.763    26.383    -7.63    5.88
  16786.599    24.464    -5.12    6.17
  17161.515    23.573    -2.38    6.13
  17536.510    23.582     0.02    6.48
  17911.584    26.783     8.54    5.73
  18286.738    29.337     6.81    4.72
  18661.971    28.208    -3.01    6.69
  19037.284    24.648    -9.49    9.06
  19412.676    19.872   -12.72    9.83
  19788.148    13.315   -17.47    8.88
  20163.699     7.708   -14.93    7.20
  20539.330     3.526   -11.14    4.67
  20915.041     3.066    -1.22    5.35
  21290.832     5.603     6.75   10.02
  21666.702    10.391    12.74   11.96
  22042.652    16.063    15.09   11.71
  22418.682    20.667    12.24    9.59
  22794.793    24.779    10.93    6.37
  23170.983    28.309     9.38    4.17
  23547.253    29.221     2.42    4.89
  23923.603    31.530     6.14    6.83
  24300.034    35.274     9.95    6.85
  24676.545    39.721    11.81    5.29
  25053.136    42.647     7.77    4.17
  25429.807    44.125     3.92    3.39
  25806.559    44.626     1.33    3.70
  26183.391    45.302     1.80    4.82
  26560.304    44.905    -1.05    5.24
  26937.297    44.994     0.24    5.21
  27314.371    44.281    -1.89    4.83
  27691.526    44.067    -0.57    4.33
  28068.761    45.040     2.58    4.46
  28446.077    46.109     2.83    4.77
  28823.473    47.934     4.83    4.20
  29200.951    49.183     3.31    4.09
  29578.509    50.151     2.57    3.47
  29956.149    50.656     1.34    2.93
  30333.869    49.859    -2.11    2.65
  30711.670    48.976    -2.34    2.40
  31089.553    47.909    -2.82    2.49
  31467.517    47.037    -2.31    2.27
  31845.561    45.941    -2.90    2.86
  32223.688    45.125    -2.16    3.35
  32601.895    44.264    -2.28    3.58
  32980.184    43.615    -1.72    3.57
  33358.554    44.425     2.14    4.03
  33737.006    46.604     5.76    4.49
  34115.539    48.327     4.55    4.12
  34494.153    49.795     3.88    2.67
  34872.850    49.204    -1.56    3.16
  35251.628    44.594   -12.17    6.74
  35630.487    39.225   -14.17    8.20
  36009.429    35.083   -10.93    6.57
  36388.452    32.838    -5.92    4.28
  36767.557    34.865     5.35    7.03
  37146.744    40.646    15.25    9.77
  37526.014    47.151    17.15    9.21
  37905.365    49.178     5.34    6.52
  38284.798    46.742    -6.42    8.18
  38664.313    41.625   -13.48    8.89
  39043.911    35.872   -15.16    6.28
  39423.591    33.604    -5.97    4.59
  39803.353    35.008     3.70    5.54
  40183.197    37.221     5.83    6.85
  40563.124    41.359    10.89    7.20
  40943.133    44.168     7.39    6.16
  41323.225    47.232     8.06    4.58
  41703.399    50.045     7.40    4.25
  42083.656    51.396     3.55    4.54
  42463.996    53.008     4.24    4.41
  42844.418    54.490     3.89    2.92
  43224.923    55.830     3.52    3.58
  43605.511    57.573     4.58    5.84
  43986.182    60.779     8.42    7.76
  44366.936    64.718    10.34    8.59
  44747.773    66.745     5.32    7.47
  45128.692    68.240     3.92    7.30
  45509.695    69.604     3.58    6.71
  45890.781    70.762     3.04    5.46
  46260.137    70.948     0.50    5.36
  46625.509    70.391    -1.52    5.30
  46990.957    68.448    -5.32    4.95
  47356.479    67.162    -3.52    5.32
  47722.077    63.740    -9.36    6.23
  48087.751    59.515   -11.55    6.44
  48453.500    57.742    -4.85    5.30
  48819.324    57.615    -0.35    4.26
  49185.224    59.323     4.67    4.66
  49551.200    61.572     6.15    4.98
  49917.252    62.732     3.17    4.78
  50283.379    63.446     1.95    4.98
  50649.582    63.615     0.46    4.24
  51015.860    64.542     2.53    3.36
  51382.215    66.070     4.17    3.09
  51748.646    66.676     1.65    3.02
  52115.152    66.404    -0.74    3.77
  52481.734    66.948     1.48    4.66
  52848.393    65.955    -2.71    4.95
  53215.128    66.162     0.56    4.83
  53581.938    66.436     0.75    4.08
  53948.825    67.238     2.19    3.29
  54315.789    67.903     1.81    3.15
  54682.828    67.456    -1.22    3.01
  55049.944    67.854     1.09    3.86
  55417.136    67.245    -1.66    4.57
  55784.405    66.667    -1.57    4.52
  56151.750    66.330    -0.92    4.76
  56519.171    66.762     1.17    4.61
  56886.670    67.470     1.93    4.54
  57254.244    69.034     4.25    4.96
  57621.896    70.130     2.98    5.38
  57989.624    71.886     4.78    6.74
  58357.429    73.305     3.86    7.58
  58725.311    72.658    -1.76    7.72
  59093.269    70.354    -6.26    7.98
  59461.305    66.583   -10.25    6.40
  59829.417    63.994    -7.03    3.46
  60197.607    63.625    -1.00    3.32
  60565.873    63.615    -0.03    3.52
  60934.217    63.927     0.85    3.48
  61302.638    64.415     1.32    3.98
  61671.136    66.198     4.84    5.76
  62039.711    67.125     2.52    5.16
  62408.363    67.236     0.30    5.11
  62777.093    67.625     1.06    4.30
  63145.900    69.656     5.51    4.79
  63514.785    72.563     7.88    6.03
  63883.747    75.930     9.13    5.69
  64252.786    78.903     8.06    4.51
  64621.904    80.125     3.31    3.98
  64991.099    80.040    -0.23    3.73
  65360.371    79.259    -2.12    3.78
  65729.721    78.223    -2.81    3.95
  66099.149    77.785    -1.19    4.17
  66468.655    76.194    -4.31    4.95
  66838.239    73.667    -6.84    4.98
  67207.900    70.341    -9.00    5.29
  67577.640    67.522    -7.62    5.40
  67947.457    64.990    -6.85    4.61
  68317.353    63.254    -4.69    4.26
  68687.327    61.147    -5.69    3.43
  69057.379    58.720    -6.56    4.00
  69427.509    55.770    -7.97    4.36
  69797.717    54.202    -4.24    4.47
  70168.004    53.498    -1.90    4.52
  70538.369    52.815    -1.84    4.48
  70908.812    51.530    -3.47    4.35
  71279.334    50.625    -2.44    3.22
  71649.935    50.267    -0.97    3.46
  72020.614    50.021    -0.66    3.64
  72391.371    50.268     0.67    4.38
  72762.208    49.375    -2.41    5.43
  73133.123    48.052    -3.57    5.34
  73504.116    46.966    -2.93    4.97
  73875.189    47.264     0.80    4.43
  74246.340    48.343     2.91    4.71
  74617.570    49.914     4.23    5.91
  74988.880    52.194     6.14    7.20
  75360.268    55.872     9.91    6.76
  75731.735    58.015     5.77    5.56
  76103.281    58.927     2.46    4.57
  76474.907    57.615    -3.53    4.37
  76846.612    55.467    -5.78    4.73
  77218.395    52.229    -8.71    4.67
  77590.259    47.934   -11.55    6.11
  77962.201    42.073   -15.76    9.11
  78334.223    36.870   -13.99    8.43
  78706.325    35.419    -3.90    6.45
  79078.506    36.126     1.90    5.80
  79450.766    38.689     6.89    5.69
  79823.106    41.911     8.65    6.99
  80195.526    45.584     9.86    9.95
  80568.026    47.833     6.04    9.40
  80940.605    46.677    -3.10    9.09
  81313.264    43.541    -8.42    8.23
  81686.003    40.771    -7.43    5.82
  82058.822    38.813    -5.25    4.09
  82431.721    37.815    -2.68    4.52
  82804.699    38.584     2.06    5.54
  83177.758    39.668     2.91    7.24
  83550.897    40.737     2.87    8.83
  83924.116    41.338     1.61   10.58
  84297.416    39.880    -3.91   12.24
  84670.795    37.419    -6.59   13.77
  85044.255    33.502   -10.49   13.04
  85417.795    29.417   -10.94   11.08
  85791.416    24.450   -13.30    8.42
  86165.117    21.830    -7.01    8.06
  86538.899    18.479    -8.96    5.94
  86912.761    15.000    -9.31    6.00
  87286.704    12.757    -6.00    6.30
  87660.728    10.751    -5.36    7.06
  88034.832     9.104    -4.40    7.59
  88409.017     7.906    -3.20    8.21
  88783.283     5.183    -7.28    7.45
  89157.630     3.635    -4.14    6.86
  89532.057     2.141    -3.99    5.76
  89906.566     0.574    -4.18    3.73
  90281.156    -0.302    -2.34    0.82
  90655.827    -0.385    -0.22    0.00
  91030.578    -0.385     0.00    0.00
  91405.412     0.006     1.05    1.92
  91780.326     1.392     3.70    3.92
  92155.322     3.955     6.83    5.46
  92530.399     7.136     8.48    5.52
  92905.557    10.211     8.19    4.18
  93280.797    11.115     2.41    3.43
  93656.119    11.635     1.39    3.09
  94031.521    12.453     2.18    2.79
  94407.006    13.625     3.12    3.70
  94782.572    15.223     4.26    4.95
  95158.220    17.173     5.19    5.40
  95533.950    17.646     1.26    5.16
  95909.762    18.385     1.97    4.47
  96285.655    18.899     1.37    4.15
  96661.630    18.656    -0.65    3.43
  97037.688    18.309    -0.92    3.73
  97413.827    18.141    -0.45    4.00
  97790.048    18.240     0.26    3.75
  98166.352    18.958     1.91    3.32
  98542.738    19.914     2.54    2.91
  98919.206    20.698     2.08    2.26
  99295.756    19.512    -3.15    3.59
  99672.389    17.785    -4.58    5.44
 100049.104    15.982    -4.79    6.81
 100425.902    14.202    -4.72    8.11
 100802.782    14.177    -0.07    9.53
 101179.744    14.000    -0.47   11.08
 101556.789    13.319    -1.81   11.20
 101933.917    11.781    -4.08   11.27
 102311.128     8.462    -8.80   10.46
 102688.421     4.343   -10.92    7.51
 103065.798     2.685    -4.39    5.59
 103443.257     3.017     0.88    6.11
 103820.799     9.188    16.35   10.47
 104198.424    16.859    20.32   11.55
 104576.132    22.908    16.01    9.71
 104953.923    26.343     9.09    7.85
 105331.798    27.615     3.37    8.24
 105709.755    28.186     1.51    8.38
 106087.796    28.441     0.67    7.85
 106465.920    29.604     3.07    6.64
 106844.128    27.237    -6.26    7.87
 107222.419    21.434   -15.34   11.41
 107600.793    16.074   -14.17   12.93
 107979.251    10.443   -14.88   12.48
 108357.793     4.635   -15.34    9.39
 108736.418     0.688   -10.42    3.95
 109115.127    -0.385    -2.84    0.00
 109493.920    -0.385     0.00    0.00
 109872.796    -0.385     0.00    0.00
 110251.757    -0.385     0.00    0.00
 110630.801    -0.385     0.00    0.00
 111009.929    -0.385     0.00    0.00
 111389.142    -0.385     0.00    0.00
 111768.438    -0.385     0.00    0.00
 112147.819    -0.008     1.00    2.04
 112527.283     2.657     7.02    7.79
 112906.832     9.594    18.28   15.89
 113286.466    17.316    20.34   19.74
 113666.183    27.140    25.88   19.93
 114045.985    34.994    20.68   16.16
 114425.872    41.170    16.26    8.78
 114805.843    44.583     8.98    3.92
 115185.899    45.553     2.55    3.06
 115566.039    45.431    -0.32    3.02
 115946.264    44.982    -1.18    2.57
 116326.574    45.299     0.83    2.59
 116706.968    44.217    -2.85    2.82
 117087.448    43.740    -1.25    3.10
 117468.012    42.479    -3.31    3.40
 117848.661    41.563    -2.41    3.65
 118229.395    41.492    -0.19    3.53
 118610.215    41.795     0.80    3.09
 118991.119    41.053    -1.95    3.51
 119372.109    40.378    -1.77    3.90
 119753.184    38.645    -4.55    4.48
 120134.345    36.973    -4.39    3.90
 120515.590    35.948    -2.69    3.72
 120890.644    34.490    -3.89    3.17
 121255.778    33.053    -3.93    3.47
 121620.989    30.513    -6.96    4.36
 121986.277    27.208    -9.05    5.26
 122351.643    24.737    -6.76    4.77
 122717.085    23.071    -4.56    3.82
 123082.605    22.786    -0.78    3.92
 123448.202    23.529     2.03    4.86
 123813.877    26.274     7.51    6.37
 124179.629    28.615     6.40    6.42
 124545.458    29.657     2.85    5.49
 124911.365    29.553    -0.28    4.61
 125277.349    27.158    -6.55    4.67
 125643.411    24.615    -6.95    3.54
 126009.551    23.008    -4.39    3.33
 126375.768    21.342    -4.55    3.64
 126742.063    20.845    -1.36    4.09
 127108.436    21.994     3.14    5.86
 127474.886    25.099     8.48    7.67
 127841.415    31.071    16.29   10.25
 128208.021    38.585    20.50   12.37
 128574.706    45.004    17.51    9.82
 128941.468    46.665     4.53    8.39
 129308.309    45.448    -3.32    9.49
 129675.228    41.229   -11.50    9.67
 130042.225    36.564   -12.71    9.04
 130409.300    32.698   -10.53    7.15
 130776.453    30.261    -6.64    4.94
 131143.685    29.669    -1.61    7.11
 131510.995    29.705     0.10   10.02
 131878.384    29.194    -1.39   11.83
 132245.851    27.362    -4.98   13.62
 132613.397    26.441    -2.51   14.24
 132981.021    25.013    -3.89   15.00
 133348.724    23.986    -2.79   14.85
 133716.505    23.028    -2.61   14.78
 134084.366    23.135     0.29   14.49
 134452.305    23.443     0.84   13.25
 134820.323    23.514     0.19   11.06
 135188.419    23.288    -0.61   10.26
 135556.595    25.491     5.98    8.78
 135924.850    28.756     8.87    8.84
 136293.183    31.841     8.38    8.15
 136661.596    31.706    -0.37    8.78
 137030.088    30.285    -3.86   10.35
 137398.659    28.877    -3.82   10.63
 137767.310    28.221    -1.78   11.05
 138136.039    28.819     1.62   12.30
 138504.848    27.792    -2.78   13.30
 138873.737    26.370    -3.86   12.92
 139242.705    24.281    -5.66   10.83
 139611.752    22.530    -4.74    8.28
 139980.879    20.928    -4.34    6.57
 140350.085    20.952     0.06    6.57
 140719.372    21.325     1.01    9.02
 141088.737    23.394     5.60   11.68
 141458.183    26.595     8.67   11.95
 141827.708    29.563     8.03   10.27
 142197.313    29.934     1.00    8.22
 142566.999    30.935     2.71    7.68
 142936.764    31.900     2.61    7.72
 143306.609    32.094     0.52    6.82
 143676.534    32.271     0.48    6.32
 144046.539    32.685     1.12    6.03
 144416.624    33.419     1.98    6.47
 144786.790    33.674     0.69    6.20
 145157.036    33.883     0.56    5.74
 145527.362    32.805    -2.91    5.86
 145897.769    33.427     1.68    7.32
 146268.255    35.375     5.26   10.06
 146638.823    37.235     5.02   11.70
 147009.471    40.120     7.78   11.59
 147380.199    41.281     3.13    9.60
 147751.008    40.873    -1.10    7.75
 148121.898    41.145     0.73    6.85
 148492.869    39.367    -4.79    5.67
 148863.920    38.110    -3.39    5.90
 149235.052    36.800    -3.53    6.28
 149606.265    35.955    -2.28    6.65
 149977.559    37.771     4.89    7.91
 150348.934    41.408     9.80    9.31
 150720.390    46.574    13.91    9.23
 151091.927    50.982    11.86    7.38
 151463.545    52.897     5.15    6.63
 151835.245    54.679     4.79    6.16
 152207.025    54.726     0.13    5.61
 152578.887    52.926    -4.84    5.85
 152950.831    49.847    -8.28    6.01
 153322.855    46.965    -7.75    4.71
 153694.962    45.605    -3.66    3.59
 154067.149    45.542    -0.17    3.17
 154439.419    45.433    -0.29    2.83
 154811.770    45.921     1.31    2.82
 155184.202    44.237    -4.52    6.40
 155556.716    39.011   -14.03   12.00
 155929.312    38.667    -0.92   15.96
 156301.990    44.238    14.95   23.14
 156674.750    57.744    36.23   25.45
 157047.592    70.215    33.45   15.95
 157420.516    73.690     9.32   10.07
 157793.521    67.875   -15.59   12.84
 158166.609    57.281   -28.40   15.44
 158539.779    45.706   -31.02   13.89
 158913.032    37.766   -21.28    9.30
 159286.366    34.655    -8.34    4.56
 159659.783    36.094     3.86    5.32
 160033.282    38.411     6.20    5.19
 160406.864    39.159     2.00    5.31
 160780.528    39.962     2.15    5.83
 161154.274    40.645     1.83    6.26
 161528.104    40.926     0.75    5.72
 161902.015    41.755     2.22    5.93
 162276.010    43.486     4.63    6.44
 162650.087    46.516     8.10    6.04
 163024.247    48.962     6.54    5.21
 163398.490    48.991     0.08    6.33
 163772.816    49.872     2.36    6.51
 164147.225    51.150     3.41    5.88
 164521.717    50.362    -2.10    5.71
 164896.292    49.433    -2.48    5.39
 165270.950    50.655     3.26    8.81
 165645.691    54.421    10.05   10.39
 166020.515    59.185    12.71   10.73
 166395.423    62.390     8.55    9.39
 166770.414    61.453    -2.50    8.42
 167145.489    58.233    -8.59    9.59
 167520.647    55.753    -6.61    8.13
 167895.888    54.142    -4.30    6.13
 168271.213    55.367     3.27    5.02
 168646.622    56.636     3.38    4.63
 169022.114    57.446     2.16    3.97
 169397.690    58.359     2.43    3.84
 169773.350    58.685     0.87    3.96
 170149.094    59.316     1.68    4.63
 170524.921    61.722     6.40    6.84
 170900.833    66.013    11.41    9.43
 171276.828    70.445    11.79    9.12
 171652.908    74.200     9.99    8.93
 172029.072    78.059    10.26    8.10
 172405.319    79.825     4.69    6.64
 172781.652    79.635    -0.50    7.12
 173158.068    75.935    -9.83    9.03
 173534.569    72.115   -10.15    8.89
 173911.154    69.039    -8.17    6.67
 174287.824    65.500    -9.40    6.46
 174664.578    62.825    -7.10    7.82
 175041.416    60.804    -5.36    8.01
 175418.340    60.555    -0.66    7.50
 175795.348    62.875     6.15    8.45
 176172.440    67.405    12.01    8.36
 176549.618    70.115     7.19    5.72
 176926.880    69.644    -1.25    6.80
 177304.227    67.760    -4.99    6.85
 177681.660    66.185    -4.18    5.40
 178059.177    65.962    -0.59    4.26
 178436.779    66.645     1.81    3.98
 178814.467    69.470     7.48    5.24
 179192.239    72.089     6.93    5.17
 179570.097    72.288     0.53    5.85
 179948.040    72.125    -0.43    6.47
 180326.069    72.370     0.65    6.34
 180704.183    72.372     0.01    6.01
 181082.382    72.325    -0.13    5.03
 181460.667    71.685    -1.69    4.88
 181839.038    71.421    -0.70    5.24
 182217.494    71.564     0.38    5.04
 182596.036    71.465    -0.26    4.40
 182974.664    71.275    -0.50    3.52
 183353.377    72.305     2.72    4.18
 183732.176    72.749     1.17    4.72
 184111.062    73.045     0.78    4.74
 184490.033    72.890    -0.41    5.10
 184869.090    72.382    -1.34    5.39
 185248.234    72.288    -0.25    5.10
 185627.463    71.322    -2.55    4.70
 186006.779    70.370    -2.51    3.91
 186386.181    69.175    -3.15    3.08
 186765.669    69.349     0.46    3.63
 187145.244    68.714    -1.67    5.34
 187524.906    67.698    -2.68    7.58
 187904.653    67.308    -1.03    8.46
 188284.488    64.924    -6.28    8.05
 188664.409    63.795    -2.97    6.72
 189044.416    64.057     0.69    4.34
 189424.511    65.110     2.77    4.45
 189804.692    68.072     7.79    5.82
 190184.960    72.070    10.51    6.73
 190565.315    77.093    13.21    6.58
 190945.757    79.938     7.48    5.84
 191326.286    83.040     8.15    7.44
 191706.902    86.318     8.61    8.53
 192087.605    89.542     8.47    9.74
 192468.395    91.852     6.07    8.90
 192849.273    94.528     7.03    7.77
 193230.238    95.961     3.76    6.94
 193611.291    97.594     4.29    5.71
 193992.430   101.585    10.47    5.67
 194373.658   105.354     9.89    7.09
 194754.973   110.060    12.34    9.46
 195136.375   113.217     8.28   10.88
 195517.593   117.275    10.65   13.17
 195882.487   117.951     1.86   13.80
 196247.460   117.585    -1.00   13.68
 196612.512   114.125    -9.48   14.27
 196977.642   108.978   -14.10   14.51
 197342.852   102.991   -16.40   12.09
 197708.140    98.821   -11.42    7.13
 198073.508    98.149    -1.84    4.37
 198438.955    98.574     1.16    5.00
 198804.481    99.763     3.25    6.28
 199170.086   101.745     5.42    7.20
 199535.771   104.534     7.63    9.39
 199901.535   107.995     9.46   10.93
 200267.378   111.000     8.22   11.04
 200633.301   111.928     2.54    9.70
 200999.303   111.217    -1.94    7.76
 201365.385   109.806    -3.85    4.57
 201731.546   110.561     2.06    4.31
